2064,5000
2935
2911
2932
2924
2918
2927
2910
2927
2919
2925
2941
2904
2933
2904
2925
2944
2901
2940
2923
2926
2926
2911
2937
2919
2928
2922
2907
2937
2917
2921
2935
2906
2935
2915
2916
2928
2913
2944
2913
2924
2917
2915
2944
2915
2926
2919
2915
2948
2905
2931
2919
2915
2933
2903
2926
2922
2924
2941
2917
2926
2919
2932
2931
2913
2935
2909
2920
2938
2909
2938
2924
2923
2930
2907
2929
2917
2926
2936
2910
2942
2907
2944
2926
2911
2935
2909
2927
2928
2913
2943
2919
2920
2930
2899
2944
2921
2924
2925
2919
2934
2915
2921
2925
2915
2942
2910
2925
2921
2919
2937
2920
2925
2918
2911
2939
2912
2931
2921
2926
2935
2910
2939
2918
2925
2937
2903
2934
2916
2927
2936
2913
2937
2915
2921
2937
2910
2938
2926
2920
2935
2905
2937
2920
2929
2925
2902
2948
2914
2926
2943
2906
2938
2913
2915
2926
2916
2938
2917
2922
2934
2901
2942
2915
2927
2919
2912
2940
2912
2931
2921
2919
2936
2909
2922
2921
2916
2942
2921
2922
2930
2905
2939
2912
2933
2926
2907
2955
2911
2935
2915
2929
2934
2904
2926
2927
2920
2935
2912
2931
2923
2921
2938
2911
2937
2915
2926
2929
2909
2936
2919
2936
2922
2906
2932
2915
2941
2924
2917
2935
2913
2923
2926
2914
2941
2912
2916
2923
2916
2943
2909
2933
2915
2910
2938
2903
2925
2923
2925
2940
2911
2925
2921
2922
2950
2899
2930
2929
2911
2938
2909
2936
2913
2933
2921
2908
2943
2912
2928
2932
2912
2931
2921
2928
2937
2913
2927
2917
2929
2931
2912
2938
2913
2920
2926
2910
2946
2911
2928
2932
2908
2939
2916
2927
2928
2908
2934
2918
2927
2922
2919
2945
2906
2919
2919
2912
2942
2917
2926
2922
2914
2939
2911
2934
2921
2916
2942
2907
2926
2917
2925
2942
2908
2928
2916
2916
2938
2907
2936
2921
2926
2924
2913
2936
2920
2922
2932
2913
2935
2918
2933
2931
2915
2930
2911
2923
2932
2915
2936
2919
2925
2938
2907
2946
2912
2926
2925
2910
2938
2915
2932
2922
2912
2937
2906
2932
2931
2911
2957
2922
2929
2922
2917
2946
2912
2922
2920
2912
2945
2904
2933
2925
2919
2929
2904
2933
2918
2926
2938
2915
2938
2916
2925
2941
2905
2937
2910
2936
2942
2904
2945
2915
2924
2924
2901
2937
2916
2926
2929
2914
2933
2918
2930
2932
2913
2943
2911
2924
2926
2917
2940
2915
2922
2919
2913
2939
2914
2928
2918
2917
2941
2909
2929
2928
2917
2955
2928
2931
2924
2917
2942
2912
2944
2922
2919
2931
2910
2934
2923
2929
2936
2914
2930
2911
2937
2926
2922
2945
2914
2925
2942
2912
2934
2915
2917
2934
2908
2948
2913
2929
2924
2911
2947
2919
2933
2918
2911
2945
2912
2925
2923
2921
2943
2911
2914
2926
2910
2941
2914
2929
2916
2916
2941
2914
2924
2911
2918
2937
2916
2925
2923
2922
2938
2900
2929
2920
2923
2934
2916
2934
2929
2916
2942
2920
2931
2917
2919
2939
2903
2937
2928
2922
2934
2907
2933
2914
2925
2930
2906
2940
2923
2918
2934
2909
2946
2911
2920
2928
2917
2938
2917
2928
2925
2908
2935
2914
2933
2918
2935
2943
2915
2926
2926
2924
2941
2909
2924
2918
2920
2936
2920
2927
2912
2915
2931
2911
2933
2924
2921
2947
2900
2927
2921
2924
2945
2901
2930
2931
2916
2934
2913
2933
2917
2912
2930
2906
2935
2924
2928
2932
2910
2935
2916
2932
2940
2903
2938
2909
2928
2923
2912
2946
2908
2916
2924
2923
2934
2917
2920
2927
2922
2934
2918
2937
2916
2917
2932
2913
2924
2921
2917
2943
2906
2922
2926
2909
2945
2906
2932
2925
2916
2934
2915
2933
2919
2917
2931
2916
2928
2920
2930
2932
2908
2928
2923
2922
2935
2909
2937
2917
2930
2932
2908
2947
2915
2924
2929
2909
2939
2921
2939
2924
2909
2938
2903
2921
2926
2920
2938
2920
2918
2925
2909
2946
2916
2921
2925
2906
2946
2906
2930
2923
2904
2939
2899
2930
2917
2922
2948
2909
2929
2918
2926
2939
2912
2923
2912
2925
2930
2913
2936
2929
2911
2928
2901
2933
2920
2923
2935
2918
2928
2921
2925
2935
2914
2933
2918
2926
2933
2902
2945
2917
2919
2925
2908
2947
2910
2932
2920
2919
2933
2914
2919
2929
2923
2936
2908
2924
2930
2908
2944
2920
2922
2912
2916
2936
2914
2926
2915
2918
2938
2916
2924
2925
2930
2930
2910
2926
2920
2919
2940
2913
2934
2908
2923
2936
2909
2941
2917
2927
2931
2905
2934
2919
2936
2922
2902
2938
2925
2929
2933
2923
2926
2917
2928
2924
2916
2936
2916
2924
2924
2913
2941
2922
2925
2918
2920
2930
2911
2925
2924
2920
2933
2916
2912
2920
2918
2949
2908
2928
2914
2913
2940
2913
2938
2910
2912
2940
2910
2925
2927
2921
2940
2896
2927
2923
2929
2943
2910
2937
2922
2924
2937
2914
2935
2926
2914
2934
2909
2936
2918
2941
2921
2905
2936
2916
2929
2937
2921
2934
2931
2920
2931
2913
2943
2911
2918
2921
2917
2934
2919
2922
2919
2912
2937
2908
2930
2919
2915
2944
2917
2917
2919
2914
2945
2906
2928
2927
2915
2943
2917
2931
2921
2918
2930
2909
2943
2912
2931
2932
2909
2926
2921
2928
2938
2904
2930
2916
2926
2930
2923
2932
2911
2925
2923
2915
2947
2913
2929
2924
2912
2942
2924
2921
2935
2919
2929
2905
2931
2919
2917
2941
2908
2921
2918
2914
2943
2915
2927
2926
2919
2943
2914
2930
2923
2908
2941
2909
2934
2914
2920
2946
2916
2921
2923
2911
2936
2909
2934
2932
2912
2937
2906
2945
2915
2935
2945
2905
2939
2923
2931
2937
2908
2928
2923
2918
2937
2905
2937
2922
2921
2928
2911
2949
2911
2927
2918
2919
2933
2913
2929
2930
2911
2940
2904
2929
2929
2917
2941
2919
2925
2921
2921
2941
2915
2923
2912
2919
2948
2904
2933
2920
2915
2935
2909
2925
2920
2924
2946
2908
2933
2921
2930
2931
2917
2939
2911
2920
2935
2908
2944
2925
2928
2921
2908
2935
2920
2931
2933
2909
2940
2920
2921
2935
2917
2931
2918
2923
2932
2916
2940
2917
2937
2913
2908
2943
2911
2926
2924
2915
2941
2910
2932
2921
2926
2939
2907
2935
2912
2921
2942
2922
2919
2917
2906
2949
2902
2932
2923
2920
2939
2907
2931
2926
2933
2935
2901
2935
2929
2916
2938
2910
2929
2911
2920
2931
2914
2935
2921
2927
2932
2916
2931
2919
2930
2928
2903
2945
2908
2928
2923
2917
2945
2907
2919
2928
2912
2938
2913
2937
2916
2915
2942
2915
2925
2919
2913
2948
2903
2926
2927
2929
2932
2910
2924
2919
2915
2947
2910
2927
2918
2921
2944
2913
2940
2914
2920
2934
2914
2927
2921
2928
2930
2898
2932
2911
2927
2947
2902
2936
2916
2925
2936
2911
2940
2921
2918
2930
2916
2931
2920
2929
2926
2906
2945
2908
2924
2930
2916
2948
2917
2925
2921
2919
2943
2907
2920
2924
2910
2937
2915
2929
2915
2919
2929
2928
2926
2916
2922
2940
2908
2928
2918
2923
2941
2909
2933
2914
2919
2938
2910
2937
2913
2927
2921
2915
2930
2920
2926
2937
2910
2929
2928
2923
2941
2899
2933
2916
2928
2933
2914
2942
2908
2919
2926
2906
2940
2917
2926
2931
2913
2936
2912
2930
2927
2911
2936
2910
2924
2920
2925
2936
2911
2921
2918
2907
2942
2912
2931
2926
2913
2939
2908
2930
2922
2913
2936
2910
2940
2911
2922
2942
2900
2928
2912
2918
2940
2917
2931
2922
2918
2934
2910
2943
2920
2922
2928
2909
2940
2921
2928
2935
2906
2929
2913
2921
2932
2921
2933
2917
2927
2925
2913
2944
2914
2922
2920
2914
2945
2903
2932
2921
2912
2936
2907
2927
2921
2920
2938
2915
2927
2917
2918
2943
2910
2927
2908
2927
2932
2910
2932
2923
2919
2932
2907
2928
2922
2927
2941
2906
2934
2926
2919
2937
2909
2929
2917
2923
2933
2907
2943
2915
2928
2924
2909
2939
2916
2933
2936
2907
2937
2916
2924
2930
2914
2935
2908
2924
2927
2912
2945
2925
2915
2920
2921
2932
2917
2924
2919
2916
2938
2912
2922
2924
2914
2939
2917
2922
2916
2915
2944
2917
2927
2924
2906
2941
2908
2933
2920
2925
2935
2918
2926
2924
2928
2929
2904
2933
2920
2926
2938
2912
2932
2915
2927
2928
2908
2950
2909
2939
2930
2915
2933
2928
2920
2925
2905
2939
2915
2920
2932
2924
2928
2911
2918
2928
2915
2940
2911
2928
2927
2906
2946
2913
2926
2925
2911
2944
2908
2935
2913
2920
2936
2907
2927
2921
2924
2941
2910
2941
2911
2921
2934
2926
2951
2919
2917
2935
2906
2945
2912
2929
2924
2905
2931
2919
2934
2944
2905
2945
2910
2927
2944
2903
2940
2913
2920
2932
2903
2953
2917
2927
2925
2907
2933
2912
2926
2927
2915
2946
2911
2930
2917
2921
2944
2916
2923
2922
2915
2950
2904
2928
2915
2911
2939
2907
2929
2921
2923
2937
2912
2928
2920
2925
2944
2912
2928
2924
2918
2936
2911
2935
2918
2918
2929
2909
2940
2912
2929
2929
2908
2935
2922
2930
2936
2903
2935
2918
2922
2930
2916
2938
2915
2914
2926
2903
2943
2908
2930
2938
2910
2938
2913
2927
2930
2903
2944
2905
2926
2927
2917
2944
2913
2924
2912
2916
2942
2916
2932
2922
2920
2935
2918
2939
2922
2920
2935
2914
2922
2923
2937
2934
2908
2925
2921
2917
2940
2904
2934
2921
2935
2924
2910
2940
2927
2922
2938
2901
2938
2914
2932
2934
2905
2939
2904
2931
2923
2913
2942
2917
2927
2922
2914
2945
2912
2927
2919
2913
2943
2913
2930
2919
2916
2940
2910
2924
2922
2917
2944
2909
2928
2914
2920
2940
2922
2917
2919
2917
2937
2908
2933
2925
2925
2924
2902
2931
2924
2921
2941
2908
2940
2908
2931
2932
2908
2931
2917
2933
2928
2909
2947
2915
2926
2933
2897
2937
2914
2926
2932
2922
2931
2917
2932
2927
2913
2934
2909
2925
2923
2914
2944
2909
2922
2926
2902
2944
2910
2936
2912
2917
2940
2907
2925
2918
2923
2938
2909
2929
2917
2919
2941
2910
2929
2911
2921
2931
2915
2928
2934
2915
2938
2901
2935
2924
2932
2926
2907
2935
2926
2919
2943
2902
2933
2916
2918
2930
2909
2941
2919
2934
2924
2910
2936
2921
2928
2938
2906
2943
2910
2929
2930
2916
2931
2911
2914
2923
2917
2939
2911
2925
2916
2910
2945
2909
2932
2905
2915
2938
2911
2931
2916
2922
2935
2907
2916
2921
2917
2937
2914
2940
2915
2923
2935
2912
2934
2913
2921
2936
2908
2932
2918
2927
2932
2900
2925
2922
2933
2930
2914
2939
2924
2914
2937
2907
2943
2910
2917
2927
2912
2936
2919
2937
2914
2906
2933
2925
2930
2922
2914
2945
2902
2922
2927
2913
2942
2904
2926
2919
2916
2937
2922
2922
2916
2918
2935
2910
2929
2922
2915
2944
2899
2928
2924
2924
2940
2899
2930
2922
2924
2938
2910
2943
2909
2922
2927
2911
2931
2922
2926
2944
2905
2935
2922
2932
2934
2905
2936
2923
2932
2920
2912
2942
2911
2917
2917
2909
2941
2915
2924
2927
2917
2940
2923
2925
2924
2909
2936
2919
2915
2921
2916
2945
2913
2920
2930
2925
2933
2912
2928
2921
2912
2939
2909
2932
2924
2919
2931
2918
2922
2919
2923
2938
2907
2922
2919
2918
2937
2906
2939
2913
2928
2931
2906
2938
2919
2925
2931
2910
2933
2915
2927
2934
2900
2936
2902
2923
2935
2905
2942
2908
2925
2920
2917
2945
2931
2930
2931
2909
2943
2910
2930
2919
2911
2935
2900
2924
2918
2920
2939
2911
2927
2917
2923
2938
2911
2929
2912
2919
2937
2906
2940
2913
2924
2924
2906
2930
2919
2924
2934
2908
2933
2913
2930
2932
2909
2929
2914
2926
2931
2912
2939
2931
2913
2925
2902
2938
2918
2922
2927
2912
2939
2911
2923
2930
2910
2936
2906
2919
2925
2910
2943
2915
2921
2918
2910
2938
2913
2923
2922
2912
2939
2909
2929
2917
2922
2933
2907
2926
2918
2919
2942
2922
2919
2915
2913
2935
2907
2937
2918
2925
2928
2908
2940
2919
2927
2930
2904
2935
2914
2926
2937
2908
2934
2904
2922
2932
2916
2931
2918
2929
2927
2906
2943
2919
2924
2924
2914
2938
2920
2916
2932
2912
2938
2903
2920
2919
2915
2942
2912
2924
2927
2912
2938
2914
2927
2915
2915
2940
2908
2924
2921
2922
2938
2905
2928
2918
2930
2930
2912
2934
2924
2919
2934
2912
2935
2916
2921
2933
2909
2930
2917
2931
2933
2899
2930
2928
2920
2938
2906
2938
2918
2924
2930
2913
2942
2921
2911
2927
2909
2940
2918
2928
2924
2910
2934
2920
2918
2923
2925
2938
2913
2915
2922
2918
2940
2905
2920
2911
2919
2949
2907
2942
2912
2915
2929
2912
2930
2923
2916
2936
2907
2932
2914
2930
2938
2906
2935
2918
2925
2936
2911
2938
2916
2929
2919
2910
2931
2921
2929
2943
2901
2942
2912
2930
2936
2900
2936
2915
2921
2925
2921
2936
2912
2917
2921
2912
2940
2911
2928
2921
2914
2949
2901
2927
2922
2915
2934
2912
2934
2910
2924
2936
2907
2924
2914
2913
2938
2905
2933
2918
2922
2934
2910
2934
2920
2920
2932
2911
2930
2924
2918
2936
2912
2923
2916
2924
2933
2917
2931
2920
2934
2922
2913
2946
2919
2924
2925
2906
2946
2906
2930
2926
2907
2934
2909
2924
2928
2913
2945
2911
2925
2932
2911
2946
2914
2920
2920
2909
2947
2904
2931
2923
2917
2935
2907
2933
2920
2920
2955
2905
2928
2918
2920
2942
2909
2927
2925
2914
2937
2911
2930
2926
2913
2932
2903
2934
2920
2932
2939
2910
2936
2918
2926
2939
2920
2927
2915
2928
2934
2903
2940
2917
2924
2924
2916
2934
2915
2932
2936
2910
2942
2915
2924
2934
2914
2944
2902
2928
2925
2910
2945
2917
2925
2925
2907
2946
2911
2930
2918
2918
2941
2905
2931
2932
2919
2937
2920
2924
2925
2921
2945
2908
2933
2914
2917
2941
2905
2938
2925
2927
2938
2910
2932
2928
2937
2925
2915
2933
2920
2924
2933
2913
2936
2916
2919
2934
2911
2948
2912
2930
2930
2910
2942
2922
2934
2921
2913
2942
2913
2926
2928
2928
2932
2911
2917
2923
2917
2938
2911
2928
2917
2913
2942
2906
2930
2915
2916
2936
2910
2922
2933
2917
2935
2900
2925
2917
2925
2932
2907
2930
2920
2916
2935
2909
2940
2909
2925
2933
2913
2935
2924
2921
2928
2906
2927
2915
2923
2932
2911
2941
2917
2922
2939
2913
2942
2914
2918
2927
2917
2932
2920
2924
2917
2911
2936
2916
2922
2931
2914
2945
2923
2921
2920
2919
2945
2907
2923
2919
2909
2939
2916
2925
2916
2906
2933
2901
2930
2921
2918
2932
2904
2924
2913
2921
2932
2896
2933
2904
2924
2934
2903
2931
2912
2915
2924
2913
2929
2921
2921
2940
2900
2933
2918
2926
2925
2911
2932
2919
2920
2926
2918
2943
2911
2921
2922
2919
2947
2923
2935
2931
2926
2944
2924
2937
2932
2931
2938
2922
2931
2939
2922
2951
2919
2942
2918
2935
2957
2929
2946
2940
2931
2952
2922
2947
2934
2934
2948
2917
2948
2934
2946
2951
2929
2941
2939
2935
2946
2923
2946
2934
2944
2938
2925
2948
2929
2932
2934
2926
2951
2932
2933
2939
2922
2941
2915
2930
2931
2927
2951
2919
2933
2918
2922
2954
2916
2927
2928
2916
2946
2915
2936
2925
2910
2939
2911
2930
2925
2916
2944
2910
2944
2929
2924
2943
2915
2929
2936
2936
2930
2912
2934
2921
2923
2923
2905
2935
2921
2926
2939
2915
2941
2920
2934
2937
2912
2942
2908
2928
2923
2911
2940
2918
2918
2923
2911
2947
2912
2924
2936
2907
2940
2910
2927
2928
2912
2938
2909
2929
2923
2910
2946
2909
2920
2915
2913
2937
2913
2934
2930
2914
2942
2904
2933
2918
2923
2936
2898
2932
2915
2920
2936
2911
2931
2913
2921
2927
2910
2930
2916
2925
2935
2899
2940
2916
2935
2926
2904
2935
2912
2924
2930
2926
2942
2900
2916
2923
2908
2940
2914
2924
2924
2911
2946
2907
2924
2922
2906
