2178,5000
3186
3164
3163
3170
3133
3169
3166
3168
3193
3143
3180
3157
3167
3182
3131
3188
3154
3167
3182
3135
3177
3148
3180
3166
3134
3175
3146
3171
3180
3147
3191
3144
3167
3169
3158
3188
3133
3175
3180
3152
3196
3138
3183
3163
3150
3176
3140
3183
3169
3155
3180
3130
3174
3171
3178
3180
3138
3178
3156
3160
3175
3127
3186
3151
3162
3179
3128
3187
3158
3168
3182
3141
3183
3160
3178
3192
3135
3176
3156
3168
3180
3148
3187
3139
3166
3178
3147
3190
3159
3173
3181
3148
3179
3142
3173
3169
3146
3188
3142
3177
3171
3155
3181
3150
3165
3159
3156
3190
3145
3178
3162
3168
3184
3134
3176
3164
3166
3178
3142
3179
3163
3179
3188
3128
3182
3168
3175
3182
3132
3177
3153
3164
3172
3142
3181
3163
3175
3173
3135
3181
3163
3179
3175
3137
3190
3141
3183
3171
3154
3182
3138
3171
3167
3149
3194
3147
3166
3171
3153
3199
3135
3173
3176
3161
3182
3149
3178
3177
3163
3190
3135
3173
3174
3161
3184
3142
3175
3155
3170
3178
3126
3182
3157
3160
3169
3123
3177
3165
3169
3176
3138
3176
3154
3179
3175
3144
3186
3162
3181
3170
3142
3179
3146
3178
3168
3147
3189
3142
3172
3179
3161
3184
3143
3181
3170
3161
3182
3145
3170
3182
3153
3196
3145
3177
3158
3160
3182
3142
3192
3177
3170
3180
3142
3179
3161
3163
3174
3125
3193
3158
3162
3176
3141
3182
3159
3179
3180
3138
3186
3157
3169
3181
3136
3179
3163
3174
3170
3132
3188
3156
3171
3173
3140
3177
3147
3170
3178
3152
3196
3145
3181
3169
3163
3192
3141
3171
3173
3151
3190
3146
3171
3175
3166
3194
3140
3169
3162
3157
3182
3145
3182
3170
3160
3182
3139
3184
3165
3157
3176
3136
3179
3167
3172
3181
3126
3183
3158
3167
3185
3129
3181
3162
3166
3173
3135
3183
3154
3170
3174
3142
3189
3150
3183
3180
3149
3178
3140
3180
3170
3157
3185
3136
3179
3177
3150
3194
3150
3170
3176
3154
3198
3146
3180
3169
3154
3184
3138
3182
3164
3168
3177
3142
3175
3170
3168
3178
3128
3184
3156
3164
3193
3128
3184
3152
3173
3179
3125
3189
3160
3175
3181
3133
3193
3162
3175
3172
3133
3179
3144
3181
3171
3143
3194
3140
3177
3167
3162
3184
3159
3174
3181
3150
3181
3147
3177
3170
3148
3188
3142
3178
3171
3166
3182
3132
3179
3165
3155
3181
3134
3175
3171
3179
3181
3140
3187
3170
3170
3179
3131
3177
3159
3177
3179
3123
3181
3165
3178
3175
3138
3186
3163
3172
3177
3146
3189
3150
3177
3177
3143
3189
3147
3184
3178
3147
3176
3145
3176
3170
3147
3182
3158
3179
3171
3157
3191
3144
3167
3170
3162
3190
3139
3173
3183
3170
3183
3145
3177
3169
3157
3179
3148
3178
3168
3165
3188
3134
3184
3163
3165
3186
3129
3179
3167
3161
3181
3128
3180
3163
3186
3176
3133
3180
3146
3172
3174
3139
3178
3160
3175
3171
3143
3192
3147
3177
3172
3141
3182
3139
3172
3180
3152
3201
3136
3182
3175
3152
3187
3138
3172
3164
3164
3194
3153
3171
3158
3156
3187
3134
3184
3162
3161
3176
3139
3180
3160
3164
3174
3135
3192
3158
3170
3174
3128
3180
3158
3168
3170
3143
3181
3153
3180
3176
3145
3197
3150
3184
3169
3155
3178
3142
3171
3183
3150
3177
3136
3169
3171
3157
3185
3137
3183
3170
3157
3188
3136
3177
3169
3149
3183
3133
3183
3172
3160
3184
3131
3181
3159
3164
3179
3135
3184
3156
3162
3185
3138
3191
3153
3161
3182
3124
3191
3157
3168
3172
3134
3174
3151
3178
3173
3143
3185
3156
3173
3173
3139
3181
3144
3177
3176
3141
3194
3150
3178
3173
3146
3182
3139
3180
3184
3163
3188
3133
3171
3175
3168
3183
3132
3186
3166
3156
3181
3136
3186
3164
3161
3190
3135
3175
3160
3163
3186
3139
3178
3168
3175
3187
3131
3175
3156
3166
3184
3146
3197
3154
3167
3179
3136
3192
3157
3175
3184
3142
3178
3145
3186
3174
3146
3180
3141
3179
3182
3148
3182
3147
3174
3166
3161
3192
3142
3173
3179
3158
3199
3139
3182
3185
3171
3179
3133
3172
3163
3170
3182
3146
3171
3154
3173
3178
3141
3181
3159
3180
3176
3149
3182
3164
3172
3190
3127
3186
3170
3176
3174
3129
3176
3156
3181
3183
3137
3191
3148
3185
3170
3149
3187
3144
3180
3169
3143
3182
3150
3177
3180
3144
3188
3136
3182
3170
3164
3185
3136
3170
3164
3165
3183
3145
3176
3168
3157
3178
3134
3187
3167
3167
3184
3144
3186
3162
3164
3176
3128
3177
3156
3167
3178
3129
3186
3154
3178
3184
3133
3182
3154
3170
3184
3133
3178
3150
3174
3171
3151
3191
3144
3172
3173
3155
3181
3148
3175
3167
3147
3183
3140
3167
3167
3156
3197
3150
3174
3182
3167
3187
3132
3172
3176
3164
3176
3137
3192
3162
3159
3190
3138
3182
3158
3158
3179
3129
3189
3158
3174
3179
3133
3185
3156
3178
3190
3136
3184
3152
3185
3176
3144
3189
3158
3181
3180
3144
3189
3158
3176
3189
3152
3183
3155
3176
3170
3155
3183
3141
3180
3172
3162
3184
3139
3176
3171
3152
3195
3135
3191
3167
3157
3190
3145
3179
3170
3157
3176
3141
3184
3165
3163
3181
3125
3181
3162
3168
3185
3143
3180
3166
3169
3190
3129
3179
3154
3165
3183
3133
3178
3162
3185
3170
3140
3178
3147
3186
3173
3141
3185
3158
3171
3172
3165
3191
3142
3169
3179
3151
3182
3148
3180
3172
3161
3181
3135
3181
3175
3160
3180
3144
3180
3163
3179
3196
3133
3172
3170
3173
3177
3141
3177
3158
3167
3190
3130
3176
3167
3182
3188
3127
3187
3158
3181
3177
3141
3187
3155
3170
3174
3136
3192
3150
3177
3173
3140
3183
3150
3172
3180
3141
3181
3142
3174
3176
3146
3180
3147
3178
3166
3156
3186
3144
3169
3173
3156
3199
3134
3184
3165
3157
3192
3134
3177
3182
3167
3177
3141
3188
3162
3164
3188
3137
3182
3155
3164
3177
3138
3179
3160
3167
3173
3142
3183
3157
3166
3181
3143
3181
3149
3183
3184
3140
3177
3154
3175
3181
3144
3183
3155
3180
3186
3159
3189
3159
3175
3173
3149
3182
3136
3177
3177
3156
3181
3130
3174
3166
3166
3184
3151
3177
3160
3163
3182
3145
3182
3159
3171
3188
3137
3193
3164
3160
3171
3135
3180
3169
3168
3175
3140
3181
3164
3173
3174
3151
3177
3148
3180
3179
3147
3190
3152
3172
3180
3135
3179
3147
3181
3170
3145
3182
3157
3175
3179
3149
3190
3140
3180
3177
3154
3196
3141
3169
3173
3161
3177
3146
3181
3163
3171
3180
3136
3174
3170
3162
3174
3143
3178
3178
3162
3178
3131
3174
3154
3162
3187
3138
3178
3157
3171
3181
3138
3187
3165
3178
3170
3136
3186
3148
3181
3174
3154
3196
3148
3176
3174
3153
3193
3149
3184
3175
3145
3184
3150
3177
3174
3148
3183
3143
3172
3183
3156
3177
3130
3180
3178
3162
3186
3135
3185
3177
3167
3181
3136
3177
3156
3170
3180
3141
3183
3167
3170
3173
3133
3172
3155
3177
3194
3140
3198
3160
3167
3177
3137
3185
3146
3175
3180
3146
3195
3156
3172
3184
3139
3179
3142
3174
3180
3166
3185
3150
3175
3169
3150
3189
3132
3169
3178
3154
3179
3145
3192
3165
3171
3186
3133
3185
3166
3169
3188
3136
3189
3163
3165
3183
3138
3178
3156
3164
3177
3142
3186
3153
3172
3186
3133
3188
3172
3177
3173
3141
3187
3150
3183
3182
3143
3179
3150
3180
3176
3149
3189
3146
3176
3170
3144
3191
3140
3176
3179
3161
3181
3146
3188
3171
3159
3193
3140
3169
3167
3168
3185
3134
3179
3160
3169
3198
3133
3176
3159
3170
3179
3144
3186
3179
3167
3181
3129
3185
3169
3186
3179
3130
3173
3151
3179
3178
3145
3180
3153
3180
3172
3135
3195
3151
3182
3170
3138
3181
3143
3176
3172
3143
3186
3137
3174
3173
3149
3202
3140
3172
3177
3155
3188
3137
3173
3161
3156
3190
3139
3184
3173
3153
3177
3136
3175
3163
3180
3179
3138
3178
3158
3172
3192
3136
3173
3153
3174
3178
3126
3181
3174
3177
3169
3133
3189
3156
3184
3173
3134
3193
3154
3171
3184
3143
3180
3142
3172
3178
3141
3185
3144
3168
3176
3149
3181
3159
3178
3174
3160
3182
3145
3179
3167
3157
3187
3136
3182
3167
3167
3186
3144
3185
3166
3163
3185
3131
3195
3164
3162
3179
3135
3186
3168
3165
3183
3127
3180
3155
3172
3182
3128
3178
3161
3168
3175
3143
3184
3150
3185
3190
3140
3179
3157
3185
3170
3139
3179
3154
3180
3174
3151
3179
3136
3185
3169
3151
3189
3146
3174
3168
3154
3191
3143
3179
3161
3164
3183
3140
3171
3163
3163
3176
3136
3180
3162
3164
3188
3136
3177
3159
3165
3187
3148
3189
3160
3171
3174
3128
3186
3169
3171
3180
3136
3181
3157
3172
3183
3156
3191
3165
3181
3181
3146
3182
3151
3175
3169
3156
3188
3158
3186
3169
3144
3179
3138
3182
3185
3159
3183
3139
3178
3180
3164
3182
3142
3173
3162
3157
3189
3137
3181
3160
3158
3183
3134
3180
3176
3174
3184
3131
3176
3174
3176
3180
3124
3193
3166
3175
3188
3133
3181
3158
3174
3167
3133
3179
3161
3173
3174
3147
3180
3155
3179
3181
3148
3189
3141
3182
3170
3153
3185
3147
3170
3172
3160
3183
3147
3185
3167
3160
3178
3137
3175
3174
3159
3180
3144
3176
3171
3174
3183
3134
3170
3156
3172
3182
3145
3181
3160
3164
3175
3132
3192
3168
3168
3171
3137
3181
3163
3174
3174
3128
3187
3150
3173
3180
3155
3191
3148
3183
3170
3158
3187
3146
3181
3175
3144
3179
3150
3179
3181
3162
3189
3139
3180
3176
3166
3190
3150
3175
3162
3158
3186
3146
3169
3159
3167
3179
3132
3179
3173
3162
3174
3139
3175
3161
3174
3186
3136
3177
3164
3171
3185
3137
3174
3151
3178
3185
3135
3192
3156
3175
3179
3135
3182
3148
3182
3177
3138
3192
3151
3175
3172
3154
3179
3141
3173
3180
3148
3191
3146
3177
3182
3147
3192
3137
3182
3174
3154
3189
3135
3176
3173
3163
3180
3137
3185
3165
3168
3186
3143
3180
3162
3163
3177
3143
3178
3170
3169
3185
3129
3191
3158
3185
3171
3137
3181
3158
3169
3173
3151
3179
3154
3172
3180
3145
3190
3156
3185
3190
3151
3194
3163
3192
3173
3141
3184
3152
3175
3186
3163
3190
3142
3167
3175
3164
3184
3145
3178
3166
3154
3189
3135
3185
3160
3165
3187
3142
3191
3172
3172
3182
3132
3178
3159
3176
3184
3128
3190
3168
3163
3175
3140
3184
3151
3174
3173
3134
3191
3155
3175
3172
3141
3195
3153
3171
3176
3151
3181
3143
3186
3175
3145
3192
3137
3178
3177
3153
3187
3152
3173
3165
3157
3184
3144
3187
3179
3162
3183
3134
3172
3165
3172
3183
3141
3176
3166
3178
3184
3143
3183
3157
3160
3172
3128
3187
3158
3168
3177
3129
3186
3154
3174
3189
3127
3185
3171
3183
3178
3135
3183
3146
3178
3169
3142
3199
3150
3182
3179
3144
3199
3151
3191
3184
3162
3185
3158
3171
3168
3170
3189
3136
3179
3165
3162
3199
3146
3182
3167
3175
3178
3135
3176
3163
3157
3188
3135
3192
3167
3164
3195
3139
3180
3154
3169
3179
3128
3198
3162
3177
3182
3139
3187
3165
3173
3169
3135
3180
3158
3172
3175
3145
3180
3145
3185
3179
3141
3180
3152
3176
3169
3147
3184
3142
3180
3185
3159
3182
3145
3189
3183
3156
3186
3136
3190
3167
3167
3190
3145
3173
3169
3159
3192
3151
3183
3161
3166
3186
3132
3182
3159
3174
3174
3125
3188
3156
3178
3184
3128
3190
3165
3170
3175
3134
3188
3152
3171
3174
3147
3183
3150
3181
3176
3136
3182
3145
3175
3179
3157
3183
3149
3177
3182
3151
3199
3142
3172
3167
3153
3192
3146
3180
3163
3163
3198
3147
3179
3172
3172
3178
3134
3193
3163
3172
3176
3139
3185
3172
3167
3178
3140
3186
3153
3166
3173
3130
3182
3166
3170
3180
3135
3182
3163
3184
3175
3131
3179
3156
3171
3173
3140
3186
3161
3178
3181
3148
3196
3154
3182
3173
3144
3182
3149
3178
3163
3161
3195
3147
3177
3167
3159
3189
3141
3173
3172
3176
3183
3134
3188
3167
3168
3183
3143
3196
3167
3162
3179
3131
3192
3162
3180
3189
3129
3187
3156
3187
3174
3133
3181
3163
3174
3172
3135
3198
3155
3186
3175
3144
3179
3153
3185
3175
3142
3192
3155
3176
3169
3149
3187
3138
3189
3172
3153
3184
3134
3172
3168
3165
3185
3137
3185
3161
3155
3194
3138
3173
3164
3160
3189
3142
3176
3168
3165
3179
3138
3193
3157
3171
3183
3141
3191
3154
3176
3173
3141
3187
3154
3181
3184
3135
3196
3161
3176
3174
3132
3176
3148
3171
3183
3151
3182
3140
3168
3165
3154
3185
3141
3175
3171
3148
3189
3146
3174
3177
3150
3179
3143
3171
3164
3167
3182
3143
3172
3169
3161
3188
3151
3177
3170
3169
3174
3144
3185
3158
3172
3184
3132
3190
3159
3187
3180
3126
3176
3166
3169
3173
3131
3179
3162
3169
3181
3144
3182
3161
3171
3177
3152
3192
3147
3187
3175
3146
3185
3138
3184
3172
3152
3184
3148
3183
3181
3163
3197
3141
3175
3171
3159
3197
3140
3181
3176
3168
3185
3134
3174
3161
3163
3179
3143
3179
3168
3170
3183
3132
3175
3169
3185
3179
3126
3185
3155
3169
3179
3124
3187
3163
3171
3173
3145
3180
3149
3176
3190
3141
3187
3147
3183
3174
3151
3182
3144
3190
3165
3154
3185
3149
3184
3175
3162
3193
3138
3184
3171
3172
3194
3136
3188
3171
3172
3186
3136
3181
3160
3166
3181
3144
3197
3170
3173
3176
3134
3187
3174
3174
3171
3129
3178
3157
3168
3177
3142
3182
3162
3170
3183
3152
3180
3153
3184
3176
3134
3193
3162
3192
3171
3147
3181
3151
3185
3174
3150
3192
3137
3179
3172
3151
3200
3143
3174
3166
3152
3182
3137
3185
3169
3166
3186
3133
3173
3166
3164
3185
3145
3173
3162
3164
3178
3133
3188
3176
3163
3178
3132
3181
3155
3177
3179
3126
3189
3157
3182
3181
3132
3183
3159
3181
3186
3143
3179
3149
3181
3177
3154
3197
3151
3181
3177
3155
3192
3148
3185
3168
3145
3187
3152
3180
3177
3161
3182
3136
3182
3174
3157
3185
3149
3177
3170
3158
3183
3149
3193
3167
3177
3178
3133
3183
3159
3177
3182
3132
3177
3167
3172
3187
3130
3176
3153
3179
3182
3151
3186
3149
3168
3179
3149
3199
3156
3185
3177
3139
3177
3154
3180
3183
3147
3178
3145
3183
3186
3160
3183
3136
3172
3176
3171
3191
3137
3183
3174
3158
3187
3141
3179
3174
3155
3195
3141
3183
3170
3172
3179
3147
3176
3155
3166
3180
3135
3182
3159
3183
3174
3142
3183
3167
3166
3174
3140
3183
3153
3176
3175
3144
3179
3159
3176
3176
3139
3187
3150
3186
3172
3146
3194
3150
3182
3171
3159
3195
3146
3188
3175
3161
3184
3146
3182
3167
3158
3200
3142
3191
3166
3163
3202
3150
3180
3161
3164
3200
3143
3179
3174
3168
3187
3132
3184
3172
3179
3178
3134
3200
3158
3175
3188
3145
3190
3163
3194
3178
3146
3190
3162
3176
3184
3143
3185
3165
3182
3187
3158
3193
3147
3197
3179
3157
3187
3161
3193
3186
3164
3200
3161
3184
3175
3173
3192
3151
3182
3172
3175
3184
3146
3191
3171
3172
3179
3144
3187
3180
3167
3183
3154
3180
3165
3162
3176
3143
3199
3170
3179
3185
3131
3193
3164
3193
3188
3135
3181
3160
3183
3182
3138
3177
3155
3170
3179
3155
3185
3149
3186
3187
3148
3192
3159
3180
3176
3149
3193
3157
3173
3179
3155
3181
3132
3181
3165
3156
3193
3141
3176
3167
3161
3187
3149
3183
3157
3171
3188
3141
3186
3169
3165
3173
3137
3186
3157
3168
3174
3140
3197
3157
3179
3175
3142
3183
3158
3177
3170
3146
3190
3161
3180
3176
3134
3179
3144
3177
3169
3155
3195
3151
3174
3169
3159
3182
3136
3183
3172
3161
3186
3137
3181
3174
3154
3186
3147
3175
3164
3168
3184
3150
3174
3161
3175
3191
3139
3184
3169
3165
3192
3134
3198
3153
3178
3178
3132
3189
3160
3168
3176
3139
3185
3162
3174
3175
3131
3180
3167
3181
3174
3151
3182
3140
3178
3165
3153
3183
3145
3183
3174
3144
3188
3146
3174
3170
