2244,5000
957,1692,24716,20315
964,1756,25013,20654
969,1713,24981,20547
965,1713,24950,20524
961,1723,24881,20532
957,1689,24696,20289
964,1751,24994,20621
973,1714,25080,20647
966,1731,24936,20548
960,1729,24833,20475
960,1699,24809,20435
963,1737,24989,20606
957,1711,24778,20376
962,1734,24916,20532
960,1723,24892,20539
959,1715,24775,20402
963,1744,24970,20634
957,1687,24728,20320
961,1738,24935,20553
959,1725,24844,20449
958,1715,24798,20410
963,1752,24982,20622
957,1695,24704,20321
961,1723,24859,20478
960,1736,24861,20512
960,1697,24855,20440
962,1746,24988,20634
957,1674,24685,20285
965,1736,24967,20618
958,1731,24780,20450
961,1720,24881,20509
963,1744,24998,20644
957,1697,24754,20347
960,1733,24894,20497
959,1697,24787,20399
960,1728,24810,20450
963,1753,24971,20614
960,1701,24834,20370
961,1731,24916,20521
958,1720,24801,20424
960,1713,24833,20433
962,1749,24981,20620
956,1681,24653,20275
962,1732,24914,20543
957,1722,24770,20416
959,1727,24831,20451
962,1746,24959,20590
957,1711,24717,20341
964,1744,24970,20602
960,1704,24783,20416
960,1717,24832,20442
960,1730,24894,20553
958,1695,24779,20357
963,1744,25026,20627
960,1707,24812,20420
960,1720,24838,20453
959,1731,24833,20481
956,1692,24683,20287
964,1742,25047,20646
959,1723,24814,20452
959,1730,24830,20470
961,1734,24896,20511
955,1676,24653,20285
962,1741,24951,20600
959,1718,24793,20427
963,1740,24928,20541
965,1716,24900,20488
954,1694,24683,20311
963,1740,24940,20562
961,1715,24840,20481
962,1715,24917,20504
961,1742,24913,20541
958,1675,24719,20309
963,1743,25031,20617
958,1725,24786,20440
960,1733,24886,20530
964,1719,24931,20527
959,1715,24792,20395
963,1743,25001,20596
958,1701,24735,20348
962,1731,24894,20505
961,1724,24875,20500
958,1703,24761,20372
963,1755,24989,20649
958,1684,24674,20275
962,1736,24965,20558
961,1720,24897,20509
959,1696,24796,20406
962,1750,24963,20594
957,1686,24684,20305
963,1712,24905,20472
958,1725,24852,20482
961,1721,24858,20477
963,1748,25023,20628
957,1693,24699,20309
961,1731,24870,20496
958,1712,24774,20419
959,1724,24852,20457
964,1748,25040,20663
953,1697,24658,20294
961,1737,24913,20533
962,1705,24821,20414
959,1731,24808,20456
963,1747,24998,20643
958,1685,24705,20318
961,1729,24901,20503
962,1705,24852,20436
958,1714,24791,20446
961,1745,24930,20557
957,1690,24720,20347
963,1736,24961,20573
959,1710,24837,20443
959,1725,24820,20447
963,1740,24986,20576
957,1696,24681,20307
964,1747,25002,20645
959,1700,24780,20405
959,1714,24836,20456
963,1728,24974,20583
964,1674,24790,20369
962,1742,24985,20602
960,1702,24792,20396
961,1728,24870,20496
959,1712,24832,20458
958,1695,24703,20323
963,1738,25003,20614
959,1708,24805,20420
959,1732,24806,20457
961,1741,24900,20525
962,1683,24739,20322
962,1744,24965,20576
970,1696,24991,20530
962,1729,24923,20533
964,1735,24981,20517
959,1676,24710,20285
962,1741,24935,20567
960,1720,24814,20442
961,1727,24950,20553
963,1711,24907,20491
959,1691,24732,20344
965,1748,25058,20665
961,1711,24793,20391
962,1728,24882,20501
961,1719,24879,20521
959,1728,24783,20416
963,1742,25001,20598
958,1692,24746,20355
964,1742,24914,20537
962,1720,24910,20530
961,1714,24802,20416
962,1747,24971,20591
953,1699,24686,20280
960,1727,24911,20520
960,1716,24885,20446
960,1715,24824,20452
969,1733,25067,20645
957,1690,24689,20304
962,1733,24967,20588
967,1711,24973,20535
959,1727,24820,20465
964,1738,25000,20601
958,1695,24716,20320
960,1727,24854,20480
960,1722,24820,20449
959,1712,24807,20442
964,1749,25027,20642
957,1697,24735,20367
962,1725,24892,20503
958,1710,24805,20425
959,1725,24790,20450
963,1749,24995,20616
961,1688,24771,20335
964,1738,25006,20601
961,1710,24859,20419
960,1720,24823,20453
963,1738,24927,20556
958,1703,24740,20363
968,1739,25038,20632
959,1714,24818,20423
960,1709,24822,20422
960,1724,24871,20504
958,1692,24754,20375
962,1741,24951,20594
960,1727,24817,20457
959,1720,24829,20458
961,1725,24902,20506
957,1700,24708,20321
961,1740,24943,20581
960,1720,24830,20438
959,1716,24799,20442
962,1753,24966,20591
960,1684,24722,20306
963,1742,25011,20630
961,1733,24904,20515
960,1730,24840,20500
962,1726,24900,20538
962,1672,24751,20320
963,1739,24989,20602
960,1729,24863,20483
962,1733,24916,20549
961,1731,24884,20504
962,1692,24778,20341
962,1742,24939,20574
957,1716,24764,20418
960,1732,24886,20522
963,1726,24912,20512
958,1699,24759,20386
962,1746,24977,20632
957,1692,24697,20308
961,1734,24870,20519
961,1719,24910,20518
958,1727,24814,20441
963,1738,24988,20586
958,1690,24768,20326
961,1730,24872,20504
961,1725,24889,20519
959,1707,24811,20434
964,1742,25045,20663
952,1714,24720,20328
962,1736,24924,20561
959,1721,24856,20465
961,1718,24835,20462
963,1739,24960,20586
957,1698,24693,20323
962,1732,24907,20539
963,1716,24887,20464
958,1711,24807,20434
964,1735,25032,20669
957,1700,24720,20347
960,1728,24836,20485
961,1709,24825,20424
959,1703,24814,20422
963,1752,25005,20643
958,1684,24776,20357
961,1738,24896,20540
960,1699,24801,20417
958,1718,24800,20447
962,1755,24968,20595
958,1688,24744,20343
963,1736,24967,20588
959,1709,24806,20414
960,1727,24845,20489
961,1718,24883,20507
956,1694,24687,20294
963,1751,24974,20622
959,1723,24837,20440
962,1729,24905,20514
960,1715,24860,20477
958,1694,24756,20366
962,1748,24949,20596
959,1717,24812,20436
961,1715,24905,20502
965,1736,24958,20563
957,1675,24718,20285
962,1744,24988,20641
961,1714,24829,20453
961,1729,24878,20520
961,1716,24889,20468
958,1693,24759,20350
963,1727,24949,20555
960,1730,24860,20490
961,1741,24848,20514
963,1729,24880,20505
956,1692,24675,20295
963,1750,24957,20609
958,1708,24832,20415
963,1736,24983,20596
975,1744,25132,20704
964,1676,24816,20379
963,1740,24952,20581
962,1700,24771,20391
961,1732,24929,20553
960,1731,24886,20515
960,1702,24864,20445
973,1737,25135,20698
965,1695,24785,20356
963,1732,24891,20517
961,1716,24901,20533
960,1712,24847,20420
962,1727,24917,20528
957,1689,24728,20331
961,1723,24892,20517
961,1729,24871,20509
960,1723,24846,20494
962,1738,24942,20579
959,1706,24778,20380
961,1728,24896,20505
961,1720,24853,20447
961,1723,24879,20495
965,1730,24984,20603
958,1702,24754,20365
961,1735,24904,20538
959,1719,24838,20445
960,1718,24869,20477
964,1750,24972,20603
957,1698,24731,20355
966,1711,24942,20528
960,1715,24841,20447
961,1699,24860,20427
961,1740,24937,20576
959,1688,24789,20378
964,1731,24952,20567
960,1707,24809,20425
959,1715,24789,20439
961,1741,24906,20532
957,1706,24747,20353
962,1741,24972,20608
960,1695,24795,20384
960,1722,24810,20441
961,1730,24853,20496
958,1690,24729,20312
964,1756,25018,20641
959,1718,24849,20454
961,1723,24901,20495
959,1727,24830,20483
958,1689,24737,20350
969,1736,25057,20648
960,1711,24848,20450
962,1707,24903,20476
960,1723,24879,20497
962,1693,24768,20341
961,1734,24921,20563
959,1732,24802,20439
961,1734,24874,20530
961,1727,24880,20521
965,1682,24833,20359
964,1739,24972,20595
959,1710,24832,20455
962,1740,24908,20537
959,1724,24792,20430
959,1689,24798,20391
965,1734,24994,20578
959,1717,24847,20455
963,1721,24973,20539
960,1727,24848,20488
959,1693,24758,20393
963,1744,24980,20626
960,1691,24760,20328
961,1729,24924,20528
961,1727,24880,20511
960,1727,24844,20458
966,1738,25014,20632
957,1678,24699,20291
961,1740,24890,20548
971,1725,25035,20616
963,1695,24889,20434
963,1752,24986,20628
957,1687,24698,20322
962,1737,24906,20543
959,1733,24823,20477
964,1715,24905,20492
964,1759,25035,20648
957,1691,24759,20345
961,1731,24918,20516
960,1715,24840,20457
959,1728,24802,20444
963,1733,24985,20642
959,1682,24759,20328
961,1729,24908,20515
959,1725,24796,20458
960,1711,24837,20417
963,1757,24972,20637
958,1692,24720,20343
961,1733,24877,20517
958,1727,24754,20410
960,1724,24859,20457
962,1743,24965,20591
957,1707,24729,20357
962,1737,24943,20586
959,1712,24781,20411
959,1721,24802,20425
961,1737,24916,20534
957,1692,24725,20301
964,1750,25040,20641
964,1702,24861,20441
964,1726,24860,20505
959,1740,24824,20478
958,1691,24762,20374
963,1750,25025,20637
960,1717,24810,20441
960,1718,24824,20444
960,1739,24847,20503
957,1687,24702,20333
961,1741,24932,20585
960,1707,24812,20434
961,1734,24896,20517
960,1727,24877,20489
959,1675,24680,20272
962,1742,24927,20575
956,1734,24834,20473
963,1717,24932,20518
962,1721,24890,20498
957,1682,24722,20287
962,1744,24983,20595
960,1709,24801,20401
961,1746,24898,20559
960,1733,24848,20496
958,1692,24768,20372
963,1743,25014,20626
957,1717,24743,20370
962,1743,24924,20567
960,1731,24879,20514
960,1709,24811,20441
962,1737,24970,20597
957,1699,24713,20351
962,1737,24960,20580
959,1733,24861,20498
959,1717,24820,20446
962,1759,24964,20619
964,1684,24794,20363
960,1736,24891,20524
961,1739,24895,20519
964,1685,24895,20439
964,1758,25054,20645
957,1696,24674,20303
961,1732,24877,20527
959,1719,24806,20448
960,1722,24874,20493
964,1746,25032,20651
958,1701,24737,20350
961,1733,24903,20524
963,1706,24863,20447
959,1723,24830,20468
964,1744,24982,20621
958,1691,24724,20327
960,1740,24918,20526
959,1705,24834,20444
961,1725,24864,20495
964,1748,24965,20584
958,1681,24688,20307
964,1728,24958,20548
958,1714,24790,20421
961,1714,24901,20494
961,1743,24938,20560
957,1693,24709,20339
965,1728,24977,20580
959,1711,24792,20428
960,1727,24850,20470
960,1720,24894,20491
957,1687,24706,20334
963,1746,24991,20622
958,1709,24758,20391
959,1730,24864,20536
960,1730,24851,20494
957,1688,24692,20334
963,1749,25017,20647
959,1725,24824,20462
961,1738,24857,20497
961,1737,24901,20539
959,1680,24695,20283
962,1744,24967,20596
959,1696,24820,20404
962,1739,24911,20548
963,1721,24915,20477
957,1676,24681,20298
961,1742,24925,20568
959,1717,24789,20422
964,1725,24967,20544
967,1725,24979,20555
957,1702,24714,20323
966,1745,25063,20686
964,1696,24835,20417
962,1734,24920,20544
961,1725,24871,20519
960,1731,24800,20433
962,1738,24992,20589
958,1705,24760,20367
960,1734,24878,20525
962,1729,24904,20535
968,1688,24870,20404
964,1753,25023,20660
959,1676,24744,20331
961,1739,24926,20556
963,1732,24958,20553
959,1711,24796,20429
963,1757,24979,20631
959,1687,24720,20316
961,1726,24921,20530
961,1722,24910,20499
959,1721,24815,20422
962,1737,25008,20632
958,1705,24723,20340
960,1731,24872,20524
959,1739,24847,20506
960,1715,24800,20420
964,1755,25027,20653
963,1686,24792,20358
960,1726,24843,20454
960,1723,24826,20458
959,1716,24807,20440
962,1745,24967,20607
957,1700,24742,20346
963,1740,24965,20563
960,1716,24838,20441
960,1722,24818,20467
961,1748,24917,20567
957,1693,24697,20332
964,1738,25016,20622
960,1714,24836,20408
959,1712,24780,20398
960,1726,24897,20497
956,1695,24702,20336
963,1740,24967,20611
958,1670,24701,20313
958,1714,24787,20420
962,1732,24923,20531
960,1685,24733,20306
962,1750,24984,20626
961,1721,24879,20517
960,1716,24823,20471
961,1730,24889,20531
956,1690,24670,20265
964,1747,25049,20667
964,1695,24919,20466
961,1736,24913,20544
960,1723,24841,20459
957,1690,24691,20298
958,1747,24915,20569
960,1713,24843,20456
960,1740,24859,20491
961,1723,24889,20512
957,1693,24714,20333
963,1744,24966,20598
965,1714,24880,20480
961,1727,24874,20517
961,1728,24917,20529
967,1691,24883,20431
962,1739,24950,20599
957,1707,24748,20367
961,1728,24882,20536
960,1730,24860,20493
959,1714,24809,20402
962,1745,24986,20614
956,1685,24727,20307
960,1736,24893,20526
960,1737,24860,20517
960,1721,24818,20449
963,1741,25003,20627
957,1690,24716,20296
962,1735,24943,20575
961,1726,24867,20477
961,1724,24871,20515
962,1736,24973,20598
958,1687,24703,20310
961,1730,24893,20540
962,1708,24906,20484
959,1723,24826,20446
964,1753,25020,20678
959,1702,24748,20356
960,1723,24844,20465
959,1724,24831,20456
960,1725,24855,20467
963,1758,25002,20633
959,1691,24784,20348
961,1731,24865,20485
958,1720,24760,20398
959,1703,24817,20446
962,1743,24972,20595
957,1695,24727,20342
964,1738,24970,20606
959,1716,24824,20445
959,1724,24810,20450
961,1731,24905,20531
958,1697,24739,20358
964,1737,24974,20600
960,1706,24846,20425
960,1725,24836,20455
962,1741,24914,20568
959,1679,24720,20314
962,1748,24936,20593
960,1718,24824,20434
962,1724,24860,20470
962,1728,24906,20510
963,1680,24811,20323
962,1742,24957,20601
959,1728,24804,20459
961,1723,24876,20506
960,1715,24879,20498
957,1691,24708,20293
960,1694,24877,20519
958,1706,24825,20446
960,1727,24880,20498
960,1734,24862,20512
957,1696,24695,20305
963,1745,24965,20625
960,1706,24873,20452
961,1733,24864,20484
961,1719,24865,20489
957,1695,24707,20323
963,1744,24961,20609
960,1704,24824,20410
963,1729,24948,20552
967,1726,25016,20563
961,1697,24831,20408
963,1740,24954,20587
956,1696,24686,20314
961,1737,24903,20553
957,1731,24864,20481
960,1721,24871,20481
960,1749,24916,20581
958,1686,24725,20306
960,1733,24889,20512
960,1734,24833,20482
960,1717,24809,20421
963,1736,24996,20641
957,1679,24717,20306
963,1736,24936,20564
962,1727,24848,20480
960,1730,24821,20468
963,1750,24989,20652
960,1677,24755,20325
961,1729,24885,20500
961,1716,24865,20442
961,1731,24883,20475
963,1735,24980,20614
959,1694,24730,20337
960,1731,24858,20497
959,1711,24844,20438
961,1693,24845,20413
963,1746,25006,20640
962,1688,24776,20345
963,1733,24940,20565
972,1766,25044,20616
960,1718,24794,20425
962,1746,24954,20595
957,1702,24730,20326
963,1743,24969,20613
959,1708,24776,20396
960,1712,24825,20429
964,1721,24900,20527
957,1688,24729,20325
962,1747,24963,20595
959,1706,24836,20456
961,1728,24924,20516
961,1734,24897,20531
956,1676,24653,20278
962,1712,24954,20605
961,1702,24836,20432
961,1727,24902,20500
961,1724,24856,20466
958,1687,24715,20317
964,1749,25012,20654
958,1709,24780,20404
961,1730,24841,20501
960,1719,24847,20497
958,1683,24741,20319
962,1746,24958,20594
960,1714,24802,20412
961,1726,24894,20521
961,1730,24829,20482
955,1680,24657,20248
963,1752,25003,20636
960,1731,24859,20485
962,1733,24978,20565
960,1746,24880,20528
959,1690,24734,20354
963,1732,24962,20577
957,1701,24746,20348
962,1733,24917,20528
966,1717,24972,20551
959,1716,24803,20423
963,1738,24942,20576
957,1680,24690,20279
961,1745,24885,20541
961,1727,24894,20538
963,1708,24878,20440
963,1744,24970,20611
957,1696,24712,20342
961,1733,24876,20519
959,1725,24840,20470
960,1713,24849,20468
963,1752,24989,20605
958,1699,24777,20367
961,1727,24920,20517
958,1713,24806,20436
959,1720,24808,20462
962,1737,24966,20602
959,1712,24772,20379
960,1734,24894,20515
962,1732,24870,20506
972,1728,25081,20631
969,1739,25054,20665
959,1690,24740,20357
960,1720,24860,20490
961,1719,24801,20423
960,1718,24849,20446
964,1741,25005,20634
964,1688,24807,20385
963,1734,24944,20554
959,1717,24783,20417
959,1724,24824,20452
961,1739,24936,20562
958,1683,24763,20319
963,1743,24994,20604
960,1710,24790,20409
961,1719,24806,20424
960,1732,24877,20524
957,1681,24721,20318
969,1754,25172,20711
965,1701,24872,20445
962,1728,24899,20513
960,1739,24875,20509
956,1695,24673,20298
964,1746,25008,20644
971,1715,25006,20569
960,1714,24897,20492
962,1733,24923,20531
959,1686,24690,20298
962,1744,24949,20595
962,1706,24810,20431
960,1742,24902,20528
964,1728,24894,20499
958,1694,24764,20354
976,1750,25232,20781
967,1706,24932,20510
961,1734,24860,20501
965,1749,24974,20578
958,1693,24745,20344
962,1745,24992,20607
956,1711,24742,20384
962,1730,24937,20575
960,1720,24873,20506
958,1710,24751,20393
964,1740,24991,20630
958,1680,24699,20290
963,1745,24994,20607
963,1715,24909,20506
960,1704,24810,20423
962,1738,24949,20590
956,1681,24682,20306
962,1738,24940,20560
967,1711,24960,20532
960,1714,24866,20469
964,1745,25035,20604
957,1697,24708,20325
968,1718,24974,20559
960,1720,24819,20434
960,1725,24870,20484
962,1736,24997,20610
957,1691,24720,20338
960,1728,24858,20496
959,1707,24827,20451
960,1713,24821,20443
962,1740,24951,20620
958,1694,24748,20387
961,1741,24926,20529
959,1711,24799,20420
961,1728,24863,20486
966,1736,25002,20603
957,1697,24727,20367
958,1738,24868,20507
958,1726,24808,20443
961,1700,24837,20430
962,1727,24991,20576
960,1698,24737,20336
959,1747,24924,20639
967,1701,24912,20468
962,1707,24838,20437
961,1718,24928,20522
963,1676,24802,20386
964,1748,25010,20634
959,1705,24791,20395
959,1710,24811,20420
961,1735,24891,20537
957,1693,24718,20363
964,1747,25046,20661
960,1707,24819,20449
960,1735,24840,20478
960,1740,24843,20485
956,1689,24649,20296
963,1744,25006,20636
959,1704,24824,20440
961,1724,24878,20484
960,1713,24887,20468
956,1687,24688,20309
962,1747,24952,20612
959,1723,24824,20463
962,1724,24951,20544
965,1721,24953,20522
958,1687,24720,20318
962,1747,24967,20581
959,1718,24804,20428
958,1736,24834,20540
963,1728,24887,20496
962,1679,24786,20373
963,1745,25012,20614
960,1687,24761,20328
962,1741,24930,20575
961,1738,24892,20520
959,1713,24774,20400
963,1744,24986,20627
957,1690,24736,20344
961,1740,24936,20547
962,1735,24951,20544
960,1708,24803,20415
962,1734,24953,20591
957,1683,24680,20293
962,1726,24925,20519
959,1725,24866,20483
959,1723,24830,20461
966,1740,25028,20612
957,1693,24711,20323
960,1726,24866,20499
958,1728,24818,20451
960,1726,24810,20453
965,1740,25028,20622
958,1690,24741,20336
963,1724,24887,20493
960,1706,24801,20412
959,1712,24788,20402
963,1737,24981,20613
957,1699,24745,20341
967,1735,24985,20576
961,1725,24881,20485
960,1717,24834,20451
961,1737,24925,20582
957,1705,24752,20392
963,1742,24979,20590
960,1715,24856,20443
958,1736,24783,20443
962,1745,24953,20583
957,1693,24681,20295
963,1743,24956,20589
959,1719,24799,20436
959,1715,24791,20428
961,1732,24907,20512
963,1688,24808,20365
962,1741,24951,20597
960,1710,24819,20442
960,1707,24797,20424
961,1738,24877,20514
958,1679,24710,20316
963,1742,25016,20618
959,1726,24844,20446
960,1720,24867,20508
960,1727,24895,20545
957,1699,24680,20321
963,1747,24993,20634
960,1714,24878,20486
960,1723,24878,20510
962,1720,24886,20480
957,1682,24718,20337
961,1746,24932,20591
959,1711,24826,20467
962,1749,24935,20582
960,1730,24885,20505
957,1682,24709,20326
964,1746,25000,20636
957,1705,24733,20363
961,1740,24884,20547
963,1728,24922,20508
959,1710,24772,20380
964,1743,25024,20615
960,1678,24797,20333
962,1733,24902,20535
960,1713,24873,20472
959,1731,24803,20443
964,1753,24989,20595
960,1671,24760,20318
960,1737,24870,20499
961,1723,24880,20487
960,1712,24844,20476
962,1749,24946,20587
958,1710,24723,20374
961,1725,24873,20499
958,1729,24836,20462
959,1723,24825,20473
963,1740,25011,20635
959,1723,24773,20404
959,1728,24836,20487
960,1707,24847,20459
960,1724,24833,20438
963,1741,25000,20625
958,1690,24787,20359
960,1726,24876,20497
963,1695,24858,20448
960,1717,24804,20438
967,1743,25022,20611
958,1672,24792,20325
967,1724,24987,20565
959,1721,24822,20440
960,1707,24790,20416
962,1736,24931,20571
957,1691,24696,20314
962,1740,24943,20579
959,1709,24817,20405
961,1722,24868,20494
963,1718,24920,20570
959,1714,24769,20398
964,1747,24969,20619
960,1711,24826,20437
961,1729,24886,20494
961,1730,24909,20518
957,1690,24730,20333
964,1750,25033,20664
971,1718,25001,20579
962,1707,24862,20452
960,1741,24897,20519
957,1684,24721,20315
963,1731,24974,20591
964,1708,24881,20446
961,1729,24851,20490
961,1739,24901,20543
957,1687,24654,20258
962,1738,24943,20600
960,1726,24873,20479
963,1742,24967,20594
976,1764,25232,20816
959,1696,24728,20362
963,1750,24963,20600
958,1722,24791,20415
961,1728,24944,20556
961,1736,24876,20489
960,1704,24847,20418
962,1743,24949,20588
957,1701,24713,20353
960,1740,24886,20530
963,1713,24934,20505
960,1714,24845,20444
961,1744,24923,20575
957,1693,24750,20357
960,1742,24875,20533
962,1724,24895,20547
967,1708,24919,20479
962,1735,24952,20594
959,1697,24746,20328
962,1726,24903,20512
960,1727,24850,20459
960,1720,24848,20487
963,1747,24998,20647
964,1683,24801,20361
959,1729,24812,20449
960,1723,24903,20492
960,1714,24864,20442
964,1757,25007,20677
957,1697,24718,20336
960,1735,24858,20513
958,1703,24815,20410
961,1729,24886,20489
963,1754,24981,20615
957,1695,24733,20350
962,1778,24948,20589
959,1722,24798,20452
962,1694,24843,20438
963,1744,24975,20625
963,1690,24796,20365
964,1741,24991,20609
970,1726,25006,20574
960,1704,24805,20414
960,1728,24871,20522
966,1681,24848,20380
963,1744,24984,20616
966,1690,24933,20465
960,1732,24879,20463
960,1721,24922,20520
957,1679,24706,20310
964,1747,24992,20627
962,1701,24851,20421
963,1725,24935,20550
960,1741,24854,20501
957,1701,24711,20325
962,1740,24972,20621
958,1720,24768,20418
959,1740,24833,20492
961,1718,24872,20501
958,1690,24741,20328
962,1739,24956,20598
962,1722,24870,20505
961,1734,24912,20550
961,1723,24829,20464
967,1701,24866,20411
963,1742,24971,20587
959,1715,24821,20417
960,1741,24936,20541
961,1742,24871,20510
962,1690,24774,20348
962,1754,24966,20620
962,1693,24813,20381
962,1736,24923,20529
962,1719,24900,20507
959,1693,24800,20382
963,1740,24967,20612
958,1697,24719,20328
960,1738,24849,20511
961,1735,24889,20530
961,1703,24845,20421
963,1740,24986,20624
957,1703,24720,20343
960,1732,24894,20516
959,1730,24838,20481
960,1713,24852,20446
962,1741,24974,20598
958,1690,24770,20363
962,1733,24950,20544
959,1713,24789,20395
960,1716,24832,20450
963,1740,24968,20608
958,1698,24738,20308
962,1725,24912,20511
958,1712,24777,20418
960,1713,24845,20468
968,1753,25070,20677
957,1688,24725,20345
961,1726,24886,20531
960,1713,24810,20433
960,1717,24879,20480
958,1751,24847,20541
959,1703,24740,20364
963,1730,24929,20541
958,1708,24765,20413
960,1732,24834,20468
962,1737,24963,20580
961,1686,24770,20332
964,1745,25038,20635
959,1716,24816,20435
959,1712,24755,20398
960,1722,24859,20500
957,1699,24742,20344
965,1753,25064,20664
960,1706,24794,20409
965,1716,24969,20508
970,1710,25005,20580
958,1687,24714,20331
962,1744,24942,20584
960,1707,24794,20418
967,1705,24987,20518
960,1727,24843,20464
957,1687,24704,20309
962,1735,24952,20576
961,1720,24872,20468
961,1727,24903,20505
960,1716,24882,20491
957,1694,24714,20292
964,1744,25019,20625
960,1710,24835,20436
961,1741,24858,20512
962,1720,24895,20522
957,1684,24735,20321
965,1752,25050,20666
960,1703,24786,20407
962,1732,24923,20531
961,1731,24866,20488
959,1700,24774,20403
966,1727,24975,20572
957,1699,24710,20343
962,1727,24932,20534
961,1735,24894,20517
967,1706,24902,20489
962,1744,24952,20597
956,1696,24682,20302
961,1734,24908,20532
961,1720,24901,20497
961,1720,24879,20472
962,1748,25001,20614
957,1678,24692,20308
960,1740,24879,20523
959,1737,24810,20467
962,1727,24908,20509
965,1750,25035,20618
953,1716,24668,20319
962,1731,24935,20550
966,1698,24885,20463
960,1724,24827,20468
962,1725,24938,20560
959,1711,24758,20377
965,1708,24942,20499
959,1711,24820,20427
960,1733,24836,20475
964,1743,25031,20632
957,1690,24724,20355
965,1720,24933,20506
959,1717,24813,20423
962,1708,24871,20432
962,1756,24991,20605
957,1693,24703,20339
961,1743,24929,20590
959,1725,24808,20449
963,1701,24865,20473
962,1734,24959,20577
956,1688,24684,20301
964,1745,25014,20640
961,1693,24811,20403
960,1714,24811,20435
960,1727,24857,20513
958,1705,24744,20368
964,1748,25030,20634
961,1714,24882,20495
960,1721,24860,20466
963,1711,24857,20475
957,1676,24660,20288
965,1742,25011,20616
959,1704,24788,20405
961,1732,24869,20499
960,1730,24908,20492
960,1684,24722,20286
961,1739,24927,20575
959,1733,24808,20456
963,1731,24930,20540
962,1727,24910,20518
956,1690,24675,20293
963,1745,24983,20610
959,1728,24825,20464
961,1725,24914,20537
960,1730,24829,20470
959,1705,24758,20377
962,1738,24982,20585
957,1712,24744,20377
962,1736,24949,20572
961,1737,24885,20530
959,1696,24737,20361
964,1746,25012,20637
961,1684,24782,20340
961,1733,24932,20542
961,1740,24927,20540
960,1714,24834,20457
963,1748,24938,20563
958,1701,24752,20371
961,1724,24915,20501
962,1725,24899,20486
960,1699,24823,20430
963,1744,25000,20623
957,1692,24693,20331
961,1732,24878,20528
959,1719,24818,20443
959,1719,24818,20450
959,1749,24980,20633
957,1711,24700,20327
961,1732,24883,20525
958,1728,24790,20434
960,1740,24869,20531
963,1754,25009,20654
958,1714,24760,20375
962,1736,24928,20548
961,1713,24860,20465
963,1697,24826,20408
961,1748,24921,20580
959,1692,24727,20329
962,1738,24965,20565
970,1716,24990,20523
960,1702,24868,20425
962,1745,24959,20593
957,1699,24684,20307
963,1737,24980,20622
957,1709,24737,20350
960,1722,24807,20452
961,1744,24928,20544
956,1697,24712,20336
963,1752,24996,20631
964,1714,24898,20508
959,1733,24802,20458
961,1722,24890,20496
957,1675,24703,20303
963,1755,24994,20618
963,1709,24878,20447
961,1712,24881,20483
960,1740,24867,20512
958,1689,24696,20300
962,1732,24970,20572
960,1720,24857,20459
963,1718,24895,20492
960,1721,24890,20513
956,1693,24675,20322
962,1735,24933,20576
960,1729,24862,20496
960,1743,24853,20506
961,1713,24912,20505
958,1691,24730,20340
962,1747,24965,20616
957,1719,24771,20416
961,1728,24858,20503
962,1742,24946,20565
959,1698,24771,20375
962,1741,24983,20604
959,1706,24797,20384
966,1718,24977,20564
960,1735,24872,20510
958,1711,24745,20377
964,1742,25018,20635
957,1687,24719,20297
961,1734,24897,20537
961,1727,24900,20519
961,1713,24826,20428
967,1756,25050,20687
963,1676,24761,20350
961,1735,24891,20519
968,1711,24966,20544
960,1720,24855,20470
969,1741,25076,20657
957,1695,24712,20349
961,1729,24860,20488
961,1724,24876,20490
967,1704,24909,20477
963,1737,25008,20627
958,1703,24766,20366
960,1731,24859,20513
959,1713,24810,20417
960,1716,24874,20509
961,1748,24987,20619
957,1685,24752,20333
962,1730,24910,20532
960,1718,24819,20428
960,1719,24837,20453
960,1722,24890,20533
959,1710,24758,20389
972,1732,25113,20683
958,1705,24793,20385
961,1723,24851,20475
965,1718,24926,20515
958,1701,24723,20351
964,1751,25024,20690
963,1690,24859,20422
960,1719,24837,20438
960,1725,24904,20525
958,1685,24781,20337
964,1748,25012,20643
959,1704,24792,20426
961,1726,24868,20484
960,1729,24856,20482
957,1689,24714,20315
963,1744,24986,20614
961,1705,24845,20445
962,1739,24895,20548
961,1724,24828,20441
957,1694,24704,20336
962,1739,24933,20565
960,1725,24888,20478
963,1737,24933,20554
960,1723,24840,20483
957,1691,24710,20350
962,1742,24927,20578
959,1723,24836,20462
962,1730,24947,20554
962,1723,24912,20486
958,1695,24772,20346
962,1752,24965,20617
957,1702,24732,20359
961,1728,24880,20504
962,1732,24938,20546
967,1700,24944,20467
958,1739,24881,20529
956,1697,24706,20325
962,1742,24932,20590
972,1736,25063,20641
975,1732,25138,20702
977,1758,25333,20943
956,1687,24715,20306
962,1729,24931,20567
961,1713,24874,20489
959,1719,24809,20465
963,1745,24979,20626
958,1674,24719,20309
960,1733,24892,20528
960,1709,24862,20455
961,1707,24902,20485
967,1758,25044,20668
957,1702,24702,20334
963,1719,24882,20487
960,1734,24872,20487
962,1703,24861,20421
964,1739,25006,20642
965,1686,24826,20401
962,1726,24873,20497
959,1694,24754,20378
960,1701,24796,20407
962,1741,24936,20580
959,1689,24753,20322
963,1741,24941,20558
955,1735,24744,20456
961,1709,24824,20421
960,1745,24880,20543
957,1697,24729,20329
962,1743,24969,20592
960,1735,24860,20474
960,1733,24872,20486
961,1725,24888,20505
958,1692,24715,20327
965,1737,25013,20640
959,1718,24823,20419
960,1713,24843,20458
960,1719,24861,20497
966,1690,24862,20389
962,1743,24969,20603
960,1703,24813,20428
961,1729,24851,20487
960,1724,24854,20496
957,1683,24693,20304
963,1744,24990,20619
959,1734,24811,20458
962,1717,24924,20523
959,1722,24838,20496
960,1697,24787,20390
964,1731,24969,20554
961,1730,24887,20492
960,1731,24923,20522
961,1724,24870,20490
958,1685,24716,20328
964,1749,24983,20622
960,1689,24806,20386
961,1741,24920,20529
961,1750,24890,20534
960,1695,24777,20363
963,1745,24967,20609
958,1684,24704,20311
962,1736,24889,20525
967,1711,24968,20538
959,1707,24824,20425
963,1742,24990,20593
956,1688,24685,20278
961,1735,24903,20542
961,1720,24881,20484
959,1704,24807,20410
962,1742,24966,20588
958,1689,24763,20366
960,1734,24916,20513
960,1730,24861,20488
965,1701,24904,20490
963,1740,24960,20602
957,1694,24726,20326
962,1731,24941,20544
960,1713,24776,20385
960,1722,24835,20457
965,1732,24989,20609
957,1701,24702,20346
961,1719,24867,20491
966,1719,24926,20527
958,1732,24821,20439
960,1736,24961,20609
958,1683,24735,20319
961,1737,24894,20543
964,1694,24843,20434
960,1715,24827,20439
965,1726,24976,20569
959,1689,24759,20346
962,1717,24971,20574
965,1699,24932,20462
959,1701,24791,20428
962,1735,24889,20511
958,1718,24786,20409
964,1747,25051,20652
960,1698,24795,20394
962,1722,24882,20498
962,1731,24863,20480
956,1704,24669,20317
963,1749,24972,20631
960,1708,24791,20408
962,1727,24938,20530
960,1728,24853,20484
958,1689,24740,20347
962,1746,24951,20594
962,1701,24808,20424
961,1719,24926,20524
969,1718,24998,20567
959,1684,24732,20297
963,1745,24999,20604
966,1714,24915,20487
960,1728,24849,20501
961,1731,24905,20534
958,1682,24701,20275
965,1746,25057,20659
965,1699,24884,20461
961,1739,24873,20500
960,1730,24875,20505
958,1690,24742,20351
962,1740,24943,20578
957,1705,24715,20350
963,1741,24964,20575
961,1727,24893,20512
962,1728,24877,20493
967,1746,25068,20684
959,1699,24737,20364
966,1722,24975,20561
960,1736,24894,20509
957,1717,24805,20392
965,1759,25062,20665
969,1689,24944,20487
971,1732,25044,20633
959,1704,24773,20397
959,1718,24838,20444
963,1746,25012,20627
958,1685,24702,20303
960,1736,24900,20529
959,1715,24781,20402
964,1726,24898,20541
963,1756,24995,20646
956,1707,24694,20324
961,1733,24938,20558
959,1721,24807,20425
960,1730,24830,20474
963,1749,24986,20609
958,1696,24727,20339
961,1725,24874,20496
960,1696,24848,20435
960,1741,24880,20499
961,1741,24977,20591
958,1692,24730,20354
963,1743,24955,20591
958,1712,24786,20414
960,1724,24854,20467
961,1745,24928,20548
958,1703,24725,20333
963,1736,24978,20595
959,1714,24787,20415
960,1723,24821,20457
960,1723,24875,20503
958,1721,24751,20383
966,1737,25037,20623
959,1717,24831,20436
961,1732,24864,20495
961,1728,24845,20480
957,1680,24664,20296
963,1752,25008,20642
959,1713,24834,20466
963,1727,24976,20540
967,1725,24985,20524
956,1685,24687,20299
964,1746,25009,20632
962,1707,24826,20433
961,1740,24900,20523
961,1737,24923,20518
959,1689,24688,20276
966,1749,25072,20686
967,1705,24952,20524
960,1745,24852,20524
965,1723,24919,20533
959,1708,24741,20345
966,1736,25012,20597
958,1727,24809,20433
961,1735,24888,20532
961,1727,24873,20505
962,1698,24803,20432
963,1749,24986,20606
961,1688,24771,20350
963,1734,24987,20573
962,1724,24930,20506
959,1703,24788,20396
962,1748,24984,20624
957,1687,24669,20291
963,1740,24978,20601
960,1734,24882,20502
960,1713,24815,20449
964,1736,25008,20647
957,1695,24708,20325
961,1735,24874,20530
964,1712,24870,20488
960,1737,24829,20469
963,1747,25019,20616
958,1705,24762,20379
961,1732,24878,20519
970,1719,24991,20568
965,1703,24877,20471
963,1744,25008,20630
958,1683,24745,20330
961,1729,24918,20527
962,1693,24886,20446
959,1709,24808,20426
963,1743,24961,20600
958,1697,24722,20326
961,1728,24923,20529
958,1718,24812,20414
961,1731,24861,20506
961,1742,24939,20570
953,1708,24656,20344
963,1745,24950,20582
960,1709,24779,20415
960,1723,24832,20462
964,1731,24945,20540
962,1699,24845,20440
978,1766,25313,20901
974,1768,25190,20783
960,1708,24814,20433
962,1720,24920,20515
956,1702,24693,20318
962,1742,24989,20609
959,1711,24845,20424
960,1727,24852,20468
961,1727,24846,20489
957,1687,24710,20324
964,1737,24985,20577
960,1725,24860,20472
959,1730,24826,20475
961,1730,24909,20529
957,1690,24692,20315
965,1749,25026,20670
968,1706,24929,20516
960,1732,24850,20501
961,1735,24910,20523
957,1722,24742,20390
962,1734,24937,20567
960,1721,24858,20478
962,1722,24888,20523
960,1733,24892,20515
957,1691,24707,20321
963,1745,25010,20617
962,1691,24832,20388
962,1736,24927,20556
961,1727,24842,20481
958,1695,24755,20370
964,1746,25019,20643
957,1692,24730,20332
960,1731,24880,20514
961,1739,24918,20576
960,1723,24844,20474
962,1733,24948,20573
956,1700,24668,20291
960,1734,24882,20532
960,1726,24887,20490
960,1714,24828,20440
963,1741,24974,20604
958,1685,24730,20338
959,1725,24816,20455
962,1728,24907,20523
967,1699,24953,20510
964,1758,25032,20651
968,1693,24935,20475
976,1756,25239,20811
962,1731,24895,20526
970,1714,24992,20568
974,1746,25197,20741
957,1696,24717,20319
960,1722,24851,20487
959,1716,24802,20396
959,1707,24796,20420
963,1734,24949,20576
957,1691,24700,20310
963,1737,24925,20550
959,1704,24819,20417
959,1717,24845,20467
960,1742,24878,20531
958,1696,24736,20343
962,1748,24948,20597
959,1713,24786,20407
965,1739,25054,20543
967,1719,24981,20538
958,1697,24788,20363
963,1742,25010,20655
960,1699,24780,20391
959,1715,24803,20453
960,1728,24882,20493
956,1683,24727,20309
964,1747,24999,20646
961,1711,24854,20429
961,1743,24878,20512
965,1716,24901,20505
957,1693,24686,20303
961,1744,24935,20588
961,1703,24856,20441
968,1717,24986,20558
960,1712,24864,20473
957,1682,24677,20297
962,1749,24985,20639
972,1735,25047,20608
962,1726,24926,20528
961,1718,24905,20508
958,1689,24757,20350
961,1742,24918,20564
959,1727,24824,20474
960,1735,24871,20532
966,1717,24946,20521
959,1717,24808,20420
962,1743,24961,20618
958,1707,24773,20383
960,1746,24885,20538
962,1720,24866,20476
961,1718,24846,20474
963,1738,24948,20571
957,1692,24740,20321
962,1721,24897,20504
967,1707,24959,20549
958,1706,24789,20427
964,1755,25003,20640
959,1690,24736,20323
956,1738,24790,20491
960,1712,24892,20469
961,1724,24901,20500
963,1747,24982,20628
953,1697,24710,20314
960,1737,24853,20491
959,1725,24803,20429
959,1708,24834,20424
963,1743,25022,20657
959,1697,24785,20378
961,1730,24899,20534
961,1722,24826,20438
960,1714,24795,20417
963,1746,24991,20628
962,1685,24803,20345
961,1726,24882,20510
959,1712,24814,20427
958,1714,24787,20407
962,1741,24916,20567
958,1702,24730,20332
962,1745,24964,20599
960,1712,24850,20438
960,1715,24840,20435
960,1744,24895,20530
957,1687,24714,20346
962,1747,24973,20610
959,1705,24803,20402
961,1720,24878,20491
960,1731,24874,20521
957,1687,24703,20313
964,1746,24998,20638
961,1704,24818,20421
962,1717,24854,20450
959,1713,24830,20465
957,1694,24750,20331
964,1737,24976,20589
957,1708,24775,20413
962,1741,24925,20544
966,1737,24936,20560
958,1673,24711,20304
962,1743,24967,20572
960,1708,24834,20448
962,1736,24929,20532
971,1725,25030,20591
969,1706,24883,20449
974,1740,25157,20728
974,1767,25238,20806
970,1718,25032,20581
961,1688,24850,20460
958,1695,24735,20337
963,1746,24981,20623
957,1701,24737,20353
963,1760,24991,20651
961,1729,24866,20502
960,1709,24827,20399
962,1744,24965,20593
957,1688,24696,20309
962,1740,24960,20593
959,1727,24848,20496
960,1719,24817,20433
963,1747,25003,20601
958,1705,24739,20340
962,1742,24946,20564
962,1723,24851,20467
961,1714,24847,20465
974,1733,25145,20724
960,1690,24769,20327
961,1733,24913,20525
961,1707,24853,20453
960,1719,24876,20503
964,1739,24993,20618
961,1687,24736,20342
960,1727,24862,20507
959,1719,24822,20458
960,1723,24850,20447
966,1750,25094,20633
958,1694,24745,20338
961,1734,24860,20500
958,1729,24779,20436
960,1721,24876,20489
963,1736,24992,20616
957,1690,24763,20358
962,1738,24933,20537
959,1710,24801,20424
959,1718,24802,20427
964,1739,24926,20541
958,1688,24771,20369
965,1737,25019,20591
959,1716,24793,20436
964,1696,24889,20446
960,1733,24879,20500
958,1697,24743,20352
969,1732,25043,20641
958,1723,24779,20411
960,1720,24830,20439
963,1722,24904,20500
958,1693,24709,20298
963,1750,25002,20657
959,1716,24775,20412
965,1747,24961,20579
967,1705,24952,20512
957,1680,24731,20320
962,1745,24986,20605
960,1717,24835,20464
961,1729,24877,20501
956,1740,24857,20545
957,1685,24715,20306
963,1745,25004,20620
959,1718,24806,20424
961,1729,24928,20554
961,1723,24896,20505
959,1685,24700,20299
962,1737,24952,20586
959,1720,24831,20457
963,1731,24901,20501
960,1732,24871,20507
959,1709,24767,20381
962,1746,24941,20591
957,1690,24716,20342
962,1739,24898,20515
961,1727,24896,20523
960,1708,24854,20443
963,1745,25008,20627
958,1687,24748,20353
961,1733,24915,20551
960,1723,24869,20504
961,1705,24836,20433
963,1741,25008,20631
956,1694,24658,20256
961,1735,24897,20524
962,1710,24867,20470
958,1727,24789,20437
966,1795,25093,20733
966,1678,24836,20399
962,1727,24920,20503
960,1714,24805,20422
961,1717,24823,20435
962,1747,24983,20628
956,1689,24673,20319
962,1732,24929,20548
959,1708,24809,20436
959,1708,24816,20437
965,1754,25091,20689
958,1686,24708,20316
961,1718,24868,20491
960,1702,24802,20397
962,1724,24901,20499
965,1732,24995,20592
957,1700,24722,20338
962,1738,24959,20576
958,1710,24774,20414
959,1727,24815,20453
961,1740,24909,20556
961,1680,24728,20305
965,1750,25075,20683
959,1709,24763,20369
960,1712,24841,20472
967,1722,24961,20537
958,1687,24693,20314
964,1744,24996,20630
962,1707,24844,20431
961,1725,24901,20484
966,1721,24945,20511
957,1692,24759,20371
962,1735,24932,20577
960,1727,24840,20491
960,1735,24899,20506
962,1725,24879,20478
956,1697,24675,20298
962,1749,24969,20602
960,1713,24834,20450
957,1744,24814,20474
960,1722,24852,20504
955,1679,24646,20274
963,1746,25018,20625
961,1723,24832,20423
962,1724,24892,20518
959,1718,24847,20473
958,1699,24723,20368
963,1749,24983,20601
957,1699,24737,20356
961,1726,24939,20518
961,1744,24919,20540
960,1713,24815,20437
964,1736,24957,20572
963,1686,24772,20328
965,1722,24969,20551
960,1735,24889,20511
960,1717,24807,20439
962,1740,24959,20580
957,1707,24703,20339
961,1731,24866,20516
965,1727,24904,20519
960,1723,24815,20449
965,1777,25079,20669
957,1687,24724,20329
960,1733,24869,20497
961,1724,24878,20508
960,1714,24810,20438
963,1756,25005,20639
958,1705,24752,20369
961,1735,24933,20543
962,1710,24891,20445
958,1713,24806,20435
962,1755,24963,20619
957,1707,24721,20339
968,1711,24969,20534
960,1728,24823,20438
962,1694,24825,20408
962,1739,25006,20652
967,1684,24888,20446
962,1731,24876,20500
959,1711,24791,20397
958,1707,24782,20406
962,1737,24966,20584
963,1676,24801,20369
964,1746,24967,20580
959,1698,24773,20386
959,1701,24778,20395
961,1730,24908,20544
957,1697,24711,20331
964,1744,25047,20645
961,1706,24845,20406
960,1731,24838,20469
958,1733,24847,20491
957,1692,24708,20322
964,1736,24992,20604
959,1713,24829,20412
965,1727,24935,20573
960,1727,24860,20485
958,1703,24720,20337
962,1748,24938,20598
960,1719,24821,20451
967,1722,24925,20531
963,1723,24911,20483
959,1684,24746,20338
976,1745,25211,20773
973,1729,25069,20641
967,1718,24940,20545
960,1728,24887,20522
956,1682,24681,20284
962,1738,24979,20591
954,1719,24860,20472
961,1741,24871,20526
960,1734,24846,20490
958,1702,24731,20360
964,1749,25023,20643
957,1689,24741,20341
961,1739,24918,20561
965,1731,24935,20529
958,1707,24756,20384
962,1749,24962,20616
956,1696,24666,20299
960,1731,24876,20509
961,1723,24867,20479
961,1716,24862,20486
968,1731,25022,20591
957,1701,24711,20328
960,1732,24863,20515
961,1728,24889,20520
967,1702,24899,20454
963,1736,25008,20615
959,1698,24802,20386
960,1727,24852,20486
960,1724,24852,20486
958,1722,24808,20448
964,1757,25034,20657
956,1702,24713,20317
960,1718,24874,20490
959,1731,24842,20470
959,1717,24796,20450
963,1753,24997,20645
956,1701,24689,20321
963,1747,24918,20559
959,1728,24824,20438
960,1713,24856,20475
961,1739,24910,20536
956,1693,24704,20328
962,1738,24916,20553
958,1708,24793,20403
959,1725,24844,20465
963,1727,24944,20519
958,1697,24769,20339
965,1731,24984,20583
959,1730,24796,20443
959,1701,24756,20371
961,1735,24886,20498
956,1695,24732,20321
963,1747,24982,20636
959,1715,24807,20412
959,1711,24791,20428
958,1727,24846,20481
956,1683,24681,20310
963,1752,24983,20621
961,1704,24850,20419
961,1737,24860,20497
961,1730,24885,20507
956,1692,24679,20312
961,1745,24917,20563
959,1724,24804,20431
961,1715,24905,20529
961,1722,24908,20529
958,1681,24727,20310
962,1732,24927,20548
960,1727,24819,20440
959,1729,24859,20496
960,1712,24870,20490
958,1704,24769,20374
961,1742,24881,20585
958,1706,24778,20395
961,1739,24866,20490
961,1727,24910,20548
959,1691,24751,20360
958,1745,24887,20515
957,1691,24732,20316
960,1736,24890,20537
960,1728,24901,20528
958,1698,24761,20389
962,1738,24939,20608
956,1691,24686,20302
960,1728,24910,20530
960,1732,24909,20501
960,1725,24873,20455
965,1738,25044,20665
969,1680,24910,20455
960,1727,24859,20491
961,1708,24864,20453
960,1723,24868,20476
962,1752,24977,20607
971,1695,24976,20496
969,1719,24988,20561
960,1721,24788,20422
959,1718,24809,20438
962,1740,24938,20592
959,1686,24760,20309
960,1733,24884,20521
958,1722,24803,20438
959,1706,24782,20392
962,1745,24941,20627
957,1690,24730,20340
961,1736,24919,20534
960,1713,24859,20446
960,1722,24825,20425
960,1745,24886,20533
956,1693,24693,20306
962,1742,24939,20590
958,1713,24784,20395
965,1722,24933,20523
967,1722,24976,20563
958,1686,24736,20326
963,1740,24959,20588
959,1726,24797,20424
972,1702,25020,20581
969,1718,24996,20571
966,1695,24874,20413
964,1738,24979,20593
959,1721,24839,20479
959,1724,24856,20473
960,1731,24849,20487
955,1683,24667,20277
963,1747,24997,20646
962,1702,24912,20502
961,1740,24928,20523
959,1717,24805,20440
956,1681,24679,20302
963,1740,24990,20619
960,1726,24827,20433
960,1735,24882,20519
960,1731,24885,20526
955,1688,24671,20297
959,1749,24944,20598
962,1713,24825,20437
961,1729,24894,20535
960,1739,24865,20515
958,1685,24785,20361
963,1742,24952,20565
959,1689,24744,20344
960,1729,24893,20527
960,1741,24840,20490
954,1703,24716,20352
962,1750,24985,20626
956,1688,24701,20294
960,1735,24923,20535
959,1720,24829,20467
960,1716,24770,20413
962,1733,24958,20614
957,1710,24733,20348
961,1720,24905,20508
960,1722,24866,20485
959,1719,24823,20444
963,1730,24962,20602
957,1693,24696,20325
959,1732,24847,20496
958,1717,24808,20434
959,1723,24879,20471
962,1733,24950,20588
958,1704,24764,20366
960,1725,24865,20480
958,1713,24776,20418
960,1697,24824,20423
962,1735,24979,20597
958,1703,24774,20362
965,1712,24949,20511
959,1703,24799,20410
958,1726,24790,20434
961,1734,24933,20580
962,1675,24796,20357
962,1737,24943,20551
959,1713,24790,20400
958,1702,24793,20404
960,1745,24882,20542
958,1691,24727,20360
961,1742,24937,20572
958,1705,24727,20383
960,1721,24850,20457
960,1732,24876,20521
956,1680,24704,20314
962,1744,24952,20598
959,1723,24852,20495
961,1700,24832,20426
961,1724,24912,20520
961,1684,24761,20320
962,1746,24993,20597
959,1712,24789,20434
960,1726,24851,20493
958,1720,24795,20441
957,1671,24717,20294
964,1740,24972,20561
959,1707,24789,20411
960,1717,24890,20490
960,1720,24874,20499
956,1697,24658,20288
962,1738,24935,20574
958,1719,24789,20423
960,1736,24893,20526
960,1721,24865,20489
952,1692,24670,20300
962,1740,24965,20611
963,1691,24836,20437
961,1739,24875,20512
960,1715,24884,20499
962,1689,24844,20425
970,1737,25103,20665
957,1701,24719,20350
960,1734,24877,20514
955,1723,24842,20485
963,1702,24866,20424
962,1748,24975,20594
957,1692,24713,20334
963,1721,24931,20521
960,1737,24872,20497
959,1719,24813,20468
963,1738,24962,20580
958,1685,24697,20293
960,1733,24898,20502
960,1719,24823,20432
958,1724,24800,20440
963,1740,24978,20629
957,1690,24688,20306
959,1730,24860,20485
959,1724,24815,20435
963,1695,24874,20435
962,1751,25028,20615
957,1695,24697,20305
961,1727,24892,20524
959,1717,24810,20438
960,1727,24839,20467
961,1731,24993,20590
959,1699,24724,20347
969,1720,24998,20565
964,1707,24865,20441
958,1723,24800,20442
961,1730,24880,20530
962,1675,24775,20354
962,1745,24969,20596
963,1707,24813,20445
958,1711,24772,20389
960,1750,24888,20541
956,1704,24672,20324
961,1741,24949,20577
959,1726,24805,20431
959,1704,24838,20442
961,1723,24897,20498
956,1691,24675,20302
962,1739,24940,20582
958,1708,24788,20422
960,1729,24889,20490
960,1726,24867,20458
957,1671,24681,20266
967,1747,25041,20670
970,1719,25001,20565
960,1721,24824,20443
960,1728,24833,20470
956,1682,24681,20323
962,1742,24981,20580
962,1697,24839,20434
961,1733,24855,20510
960,1736,24847,20489
956,1682,24638,20250
963,1736,24972,20572
958,1709,24791,20394
961,1733,24929,20553
959,1724,24888,20482
958,1696,24722,20359
961,1743,24920,20571
956,1702,24684,20318
961,1731,24935,20542
959,1717,24836,20428
963,1721,24877,20475
968,1736,25034,20616
957,1694,24718,20321
960,1722,24874,20507
960,1729,24840,20483
960,1695,24781,20398
963,1733,25008,20622
961,1671,24723,20304
961,1734,24900,20540
962,1715,24859,20477
960,1734,24822,20471
968,1740,25036,20640
958,1684,24735,20307
960,1737,24897,20528
960,1718,24886,20478
958,1721,24812,20446
961,1736,24945,20595
957,1685,24692,20327
960,1728,24894,20509
958,1708,24818,20423
959,1721,24834,20471
962,1755,24977,20608
957,1695,24711,20352
961,1740,24880,20523
957,1708,24731,20347
960,1719,24826,20471
961,1734,24942,20557
957,1702,24740,20356
962,1739,24908,20545
960,1711,24789,20422
968,1706,24933,20496
959,1738,24871,20519
957,1692,24724,20322
968,1741,25116,20686
959,1721,24831,20418
964,1696,24874,20443
960,1732,24838,20480
961,1688,24717,20306
963,1739,24974,20583
962,1710,24848,20405
959,1737,24804,20455
961,1706,24864,20456
956,1684,24684,20276
962,1745,24950,20599
960,1699,24778,20389
961,1745,24871,20530
960,1721,24863,20477
958,1682,24713,20323
961,1738,24923,20563
959,1717,24801,20425
962,1720,24908,20537
960,1716,24852,20467
956,1679,24665,20262
963,1741,25006,20618
959,1715,24847,20441
960,1724,24888,20523
956,1725,24784,20407
958,1710,24718,20361
967,1732,25025,20611
958,1703,24797,20396
960,1736,24861,20479
958,1733,24872,20501
959,1690,24759,20364
962,1745,24918,20564
957,1695,24701,20327
960,1735,24882,20532
961,1713,24890,20485
961,1722,24846,20468
962,1744,24955,20596
956,1700,24662,20269
962,1738,24939,20581
964,1724,24927,20504
960,1733,24834,20463
963,1731,25014,20615
957,1694,24757,20337
960,1728,24861,20499
960,1706,24822,20427
959,1733,24823,20474
964,1753,25028,20643
958,1692,24757,20344
970,1718,25006,20568
958,1719,24794,20425
959,1728,24807,20452
963,1737,24953,20582
957,1693,24699,20335
961,1718,24851,20472
957,1720,24767,20387
959,1708,24798,20432
960,1740,24949,20585
957,1695,24705,20347
962,1728,24894,20524
960,1697,24811,20419
958,1715,24803,20431
961,1723,24929,20560
956,1683,24726,20327
963,1743,24966,20597
958,1714,24765,20397
959,1721,24797,20429
960,1731,24904,20525
957,1688,24720,20312
960,1748,24950,20577
960,1720,24810,20426
960,1707,24823,20462
959,1728,24844,20464
961,1701,24724,20296
962,1746,24958,20601
960,1710,24864,20427
963,1711,24887,20471
961,1734,24891,20525
965,1689,24831,20388
962,1748,24941,20612
960,1706,24818,20429
961,1722,24894,20495
960,1718,24859,20477
957,1678,24737,20301
961,1731,24899,20506
961,1724,24839,20499
963,1732,24875,20513
960,1715,24845,20443
958,1704,24748,20348
963,1731,24941,20542
960,1715,24867,20466
961,1721,24878,20495
963,1744,24940,20559
961,1686,24751,20337
961,1742,24925,20570
958,1707,24794,20383
960,1727,24890,20512
962,1740,24909,20548
959,1685,24761,20361
961,1746,24939,20606
956,1685,24683,20296
960,1732,24910,20540
960,1725,24863,20492
960,1729,24890,20472
962,1740,24950,20586
958,1675,24670,20275
961,1721,24872,20501
961,1712,24884,20462
959,1718,24836,20428
962,1739,24973,20621
957,1675,24712,20296
960,1729,24854,20485
960,1705,24813,20440
959,1715,24832,20468
962,1751,24956,20605
958,1701,24764,20385
960,1726,24874,20484
958,1717,24776,20392
959,1719,24831,20469
963,1746,24992,20654
957,1695,24739,20357
961,1723,24859,20468
959,1720,24848,20456
960,1705,24843,20419
962,1746,24962,20609
959,1691,24718,20305
963,1743,24926,20569
965,1689,24882,20453
959,1708,24832,20429
961,1746,24898,20534
957,1681,24700,20294
966,1739,25008,20607
958,1709,24776,20404
959,1721,24809,20436
960,1724,24875,20525
953,1695,24671,20272
962,1740,24970,20591
959,1726,24791,20429
960,1721,24816,20460
960,1720,24851,20508
956,1700,24686,20310
962,1744,24988,20613
959,1718,24843,20456
963,1737,24964,20570
956,1714,24785,20441
956,1679,24668,20295
962,1750,24983,20628
958,1700,24814,20422
964,1739,25040,20629
969,1710,24974,20537
957,1702,24721,20341
962,1740,24942,20589
960,1719,24812,20450
956,1730,24833,20470
963,1722,24900,20513
956,1691,24709,20315
962,1738,24962,20595
958,1715,24791,20431
961,1741,24868,20506
961,1730,24893,20527
960,1695,24816,20401
963,1741,24961,20584
958,1686,24752,20332
961,1735,24915,20523
959,1718,24836,20493
959,1707,24785,20405
962,1748,24947,20593
957,1676,24724,20300
962,1734,24970,20576
961,1726,24887,20501
959,1723,24800,20425
963,1754,24987,20632
956,1699,24695,20322
962,1736,24915,20553
963,1718,24854,20451
960,1722,24883,20483
962,1730,24954,20579
957,1697,24730,20339
961,1779,24925,20570
960,1716,24788,20418
965,1710,24900,20481
964,1744,25011,20615
959,1687,24754,20332
961,1710,24889,20457
960,1721,24842,20464
959,1709,24797,20438
961,1755,24962,20630
958,1714,24777,20390
961,1729,24893,20498
959,1717,24837,20457
958,1713,24780,20417
960,1729,24895,20542
961,1680,24781,20378
962,1740,24944,20598
959,1722,24800,20452
965,1701,24902,20467
959,1742,24857,20496
957,1676,24716,20310
962,1741,24966,20602
959,1713,24781,20418
962,1723,24886,20487
961,1744,24936,20566
957,1695,24731,20339
963,1746,25017,20633
959,1708,24810,20444
960,1722,24839,20474
954,1734,24739,20450
958,1684,24724,20329
963,1745,24975,20587
968,1703,24950,20512
956,1743,24837,20458
960,1732,24831,20476
958,1679,24711,20317
961,1744,24934,20578
959,1721,24815,20452
962,1741,24942,20577
961,1735,24867,20497
957,1695,24684,20313
962,1738,24954,20585
959,1708,24793,20414
960,1728,24887,20516
962,1737,24932,20555
958,1700,24767,20359
965,1748,25074,20671
966,1685,24857,20403
961,1730,24887,20525
961,1726,24880,20529
960,1693,24813,20394
964,1743,25006,20599
957,1698,24738,20352
965,1722,24958,20525
959,1734,24852,20506
960,1721,24813,20449
966,1726,25002,20591
957,1697,24698,20331
965,1718,24968,20531
961,1720,24862,20466
960,1719,24823,20456
962,1730,24961,20606
957,1694,24722,20348
961,1724,24881,20498
960,1716,24870,20466
960,1726,24867,20452
962,1742,24990,20601
959,1704,24776,20413
960,1722,24859,20475
960,1722,24858,20473
960,1716,24858,20462
963,1747,25010,20614
953,1710,24737,20374
962,1745,24913,20549
960,1711,24820,20425
960,1723,24823,20463
961,1748,24908,20560
957,1693,24700,20321
964,1737,24979,20576
958,1706,24783,20406
960,1721,24856,20472
966,1730,24983,20585
958,1703,24714,20335
962,1743,24980,20606
961,1703,24819,20415
960,1713,24874,20454
957,1732,24876,20489
958,1699,24724,20357
963,1752,24989,20643
959,1726,24784,20432
960,1728,24887,20516
960,1724,24915,20529
956,1689,24653,20241
963,1745,24988,20614
960,1716,24840,20449
964,1749,24965,20585
966,1723,24929,20519
954,1684,24639,20256
962,1744,24988,20605
971,1716,25030,20584
963,1742,24947,20576
962,1724,24890,20500
956,1683,24666,20289
963,1739,24981,20588
962,1714,24863,20473
963,1726,24965,20550
962,1715,24945,20504
959,1700,24777,20385
968,1735,25047,20639
957,1716,24784,20420
963,1745,24997,20607
968,1728,25014,20573
959,1715,24807,20452
964,1744,25021,20631
959,1708,24761,20376
961,1739,24922,20546
961,1740,24859,20501
960,1712,24837,20472
963,1747,25023,20631
959,1716,24774,20391
962,1735,24918,20555
962,1730,24924,20546
960,1732,24829,20482
964,1749,25019,20632
958,1698,24759,20346
963,1739,24972,20567
974,1731,25166,20681
966,1707,24927,20501
964,1748,25005,20650
964,1676,24825,20367
962,1741,24954,20561
961,1717,24930,20527
962,1720,24894,20500
964,1754,25025,20660
959,1690,24760,20387
964,1746,25003,20640
969,1720,24947,20526
961,1725,24847,20480
963,1759,25044,20682
959,1721,24777,20393
962,1734,24922,20550
962,1719,24856,20463
960,1730,24853,20483
962,1732,24969,20611
959,1700,24804,20408
963,1747,25000,20603
960,1725,24876,20464
961,1739,24893,20523
961,1734,24902,20529
960,1691,24758,20357
965,1757,25074,20695
960,1716,24865,20457
961,1748,24857,20485
964,1734,24932,20532
958,1702,24734,20351
972,1736,25111,20708
960,1706,24802,20418
960,1693,24800,20458
966,1701,24945,20500
957,1705,24707,20325
962,1738,24941,20579
961,1731,24891,20517
961,1723,24859,20494
961,1728,24890,20510
957,1695,24730,20331
963,1756,25014,20633
960,1723,24862,20474
962,1730,24972,20582
961,1731,24868,20507
956,1689,24653,20258
963,1739,24998,20609
969,1722,25036,20586
964,1751,24978,20616
963,1737,24943,20546
957,1701,24704,20334
953,1738,24551,20475
974,1720,25094,20652
972,1754,25093,20692
964,1729,25012,20619
960,1717,24875,20492
967,1746,25046,20665
959,1702,24773,20378
964,1749,24978,20635
962,1727,24946,20563
964,1738,24984,20581
965,1745,25070,20669
960,1719,24852,20457
955,1743,24660,20476
962,1745,24915,20565
963,1746,24982,20644
967,1753,25125,20747
959,1692,24817,20386
963,1747,24965,20600
960,1734,24865,20496
960,1711,24870,20514
969,1747,25046,20695
958,1714,24728,20369
958,1719,24800,20437
958,1686,24743,20326
956,1692,24686,20290
959,1749,24856,20497
953,1677,24511,20134
955,1686,24688,20313
968,1700,24932,20482
960,1705,24779,20378
964,1713,24947,20523
953,1684,24615,20175
964,1681,24822,20387
960,1684,24672,20243
949,1660,24472,20140
954,1707,24699,20343
949,1688,24488,20090
954,1716,24701,20349
951,1674,24584,20217
952,1671,24571,20203
954,1708,24679,20320
950,1690,24460,20076
958,1724,24812,20450
954,1682,24580,20154
955,1680,24683,20304
954,1693,24653,20289
951,1679,24508,20125
956,1719,24754,20412
955,1679,24633,20225
954,1707,24729,20377
959,1681,24763,20321
950,1699,24521,20116
955,1726,24751,20412
954,1681,24629,20267
954,1699,24666,20310
954,1706,24656,20294
953,1694,24578,20155
959,1713,24792,20402
955,1681,24673,20274
957,1706,24720,20363
955,1712,24700,20336
953,1685,24563,20215
957,1717,24804,20439
955,1692,24702,20308
957,1704,24777,20395
956,1703,24757,20398
957,1713,24735,20374
960,1732,24859,20509
955,1676,24639,20238
959,1725,24860,20468
962,1751,24949,20577
963,1711,24914,20479
964,1742,24989,20603
958,1698,24691,20304
963,1738,24944,20576
969,1758,25075,20657
965,1747,25043,20640
968,1758,25125,20745
966,1706,24897,20465
965,1754,25018,20656
967,1737,25048,20656
966,1756,25024,20656
969,1773,25132,20774
969,1718,25047,20568
968,1760,25140,20759
965,1746,24989,20672
969,1743,25129,20750
973,1778,25215,20846
968,1750,25120,20725
969,1755,25154,20772
969,1756,25157,20768
969,1750,25173,20772
969,1757,25213,20847
969,1742,25078,20692
982,1756,25362,20918
972,1753,25155,20725
970,1747,25166,20740
971,1774,25229,20836
971,1740,25093,20647
972,1779,25249,20882
971,1742,25119,20732
970,1763,25138,20752
971,1761,25190,20829
970,1741,25146,20713
977,1764,25348,20930
975,1759,25266,20807
970,1762,25150,20763
969,1766,25149,20790
967,1743,25033,20640
973,1761,25293,20910
967,1766,25078,20687
970,1767,25201,20810
969,1753,25134,20737
967,1747,25019,20631
972,1761,25215,20833
967,1742,25069,20657
970,1761,25140,20728
968,1762,25105,20749
965,1718,24973,20562
972,1762,25197,20791
966,1746,25027,20653
968,1751,25115,20734
967,1756,25054,20674
964,1720,24918,20501
968,1758,25150,20769
964,1747,24978,20614
966,1752,25068,20679
966,1748,25009,20633
963,1719,24910,20503
967,1749,25092,20699
962,1723,24903,20499
966,1752,25050,20627
965,1750,25009,20632
962,1718,24885,20510
965,1760,25058,20719
961,1726,24903,20509
964,1739,24997,20586
964,1739,24988,20616
962,1719,24896,20513
965,1748,25042,20668
960,1701,24773,20382
962,1735,24904,20537
963,1734,24950,20568
962,1720,24922,20533
973,1735,25112,20694
958,1699,24764,20369
962,1741,24927,20561
961,1722,24875,20515
965,1734,25026,20640
976,1759,25233,20792
963,1681,24826,20375
962,1728,24944,20535
961,1739,24864,20509
962,1773,24932,20576
965,1733,25004,20635
958,1704,24780,20380
962,1715,24939,20517
961,1736,24867,20496
960,1729,24857,20474
963,1742,24983,20627
958,1711,24752,20397
964,1745,24976,20621
961,1725,24884,20513
961,1729,24903,20512
961,1736,24924,20568
958,1681,24726,20321
964,1749,25012,20655
959,1718,24773,20425
963,1728,24922,20524
972,1737,25094,20634
960,1686,24801,20386
969,1730,25107,20638
961,1722,24862,20475
960,1719,24834,20488
961,1724,24871,20502
958,1699,24734,20330
965,1742,25029,20638
961,1727,24853,20473
961,1724,24906,20516
962,1720,24897,20517
960,1683,24770,20368
963,1751,24984,20627
960,1735,24846,20496
961,1721,24956,20537
962,1732,24917,20527
959,1695,24737,20349
964,1747,25010,20639
962,1719,24860,20481
963,1750,24968,20615
963,1735,24942,20553
961,1700,24796,20371
965,1743,25068,20656
960,1710,24813,20410
963,1739,24912,20559
963,1734,24944,20572
974,1718,25090,20614
979,1758,25329,20870
972,1752,25142,20742
961,1731,24929,20542
961,1728,24915,20543
961,1731,24845,20478
969,1746,25096,20657
958,1697,24728,20356
962,1735,24963,20564
962,1734,24912,20516
961,1718,24857,20467
964,1745,25019,20655
958,1698,24707,20335
963,1746,24976,20605
965,1723,24932,20523
962,1720,24900,20506
974,1754,25212,20747
960,1680,24759,20353
962,1728,24884,20511
962,1720,24863,20481
960,1728,24836,20453
962,1744,25037,20672
958,1702,24770,20401
963,1731,24918,20510
961,1726,24870,20487
965,1710,24902,20496
963,1763,24992,20638
959,1700,24746,20351
964,1734,24989,20572
956,1728,24802,20400
961,1732,24855,20507
962,1748,24955,20596
958,1699,24727,20352
965,1790,25064,20705
961,1728,24875,20490
960,1729,24851,20458
962,1721,24958,20546
963,1709,24885,20469
979,1772,25362,20957
967,1732,24993,20610
974,1761,25244,20824
967,1714,25005,20563
958,1701,24729,20353
969,1733,25087,20653
960,1722,24829,20467
963,1736,24932,20567
961,1727,24896,20543
961,1684,24737,20309
962,1737,24984,20596
960,1737,24835,20475
961,1752,24875,20539
962,1736,24880,20497
958,1702,24719,20356
973,1746,25154,20715
962,1719,24885,20483
963,1729,24945,20536
963,1752,24993,20580
960,1677,24729,20297
964,1756,25026,20671
961,1707,24838,20455
962,1726,24967,20544
961,1732,24917,20528
959,1697,24765,20397
961,1750,24997,20633
959,1711,24767,20391
962,1732,24918,20549
968,1724,24980,20569
960,1725,24809,20434
965,1745,25039,20634
958,1685,24750,20345
965,1732,24936,20539
962,1722,24908,20527
958,1727,24757,20454
963,1754,24997,20630
958,1682,24748,20351
965,1724,24963,20536
961,1716,24924,20507
960,1713,24845,20480
968,1749,25085,20695
957,1695,24710,20354
962,1727,24945,20541
960,1732,24924,20515
960,1718,24849,20480
964,1751,25036,20672
958,1716,24760,20385
960,1734,24864,20525
962,1719,24872,20491
966,1707,24909,20498
964,1743,25045,20643
959,1706,24784,20400
962,1734,24890,20515
955,1737,24816,20488
963,1712,24859,20469
961,1753,24950,20599
960,1691,24762,20352
964,1744,25010,20617
960,1712,24844,20443
960,1741,24848,20503
961,1729,24902,20550
958,1695,24737,20354
959,1755,24953,20659
964,1696,24907,20445
960,1720,24800,20438
961,1728,24879,20508
957,1691,24716,20337
964,1752,25016,20655
959,1727,24804,20444
960,1727,24834,20465
960,1719,24888,20502
958,1707,24728,20345
964,1747,25015,20651
961,1719,24836,20443
961,1719,24870,20511
963,1734,24943,20547
957,1698,24710,20315
963,1744,25001,20624
961,1722,24898,20477
961,1741,24910,20540
963,1736,24914,20539
961,1684,24752,20322
963,1744,25002,20611
962,1721,24907,20498
967,1729,24973,20556
963,1735,24924,20528
959,1698,24742,20351
964,1750,25035,20687
957,1716,24743,20382
962,1737,24893,20527
962,1726,24946,20529
