2226,5000
959,1692,24722,20319
969,1731,25031,20616
958,1713,24733,20381
960,1733,24847,20480
960,1716,24898,20478
959,1721,24749,20384
962,1737,24927,20552
956,1710,24735,20379
960,1736,24860,20513
967,1739,24969,20595
959,1710,24811,20432
963,1748,25001,20618
957,1687,24741,20313
962,1734,24928,20548
967,1752,24961,20554
959,1711,24797,20430
963,1743,24998,20615
958,1687,24721,20309
960,1726,24856,20497
963,1715,24862,20449
959,1715,24802,20449
962,1744,24947,20583
957,1695,24680,20301
958,1704,24793,20451
958,1710,24850,20454
960,1718,24843,20475
962,1735,24954,20603
958,1695,24734,20357
959,1730,24824,20467
958,1717,24766,20402
959,1713,24802,20424
963,1741,25020,20621
957,1686,24690,20262
962,1722,24902,20523
964,1706,24859,20440
959,1727,24784,20438
962,1743,24968,20583
956,1685,24711,20318
961,1744,24938,20597
958,1723,24821,20444
961,1702,24807,20396
961,1729,24897,20543
961,1686,24748,20330
963,1747,24960,20606
961,1692,24835,20405
960,1709,24838,20428
960,1730,24857,20499
957,1678,24690,20306
964,1748,25007,20657
960,1701,24824,20409
961,1708,24821,20432
960,1716,24870,20461
958,1699,24759,20355
962,1736,24971,20599
959,1719,24794,20438
960,1717,24852,20472
961,1734,24896,20524
957,1695,24733,20327
962,1748,24941,20598
960,1708,24837,20435
961,1741,24881,20517
961,1724,24843,20462
957,1678,24675,20304
961,1744,24938,20585
960,1724,24864,20465
962,1730,24901,20520
960,1727,24859,20491
958,1740,24739,20347
962,1742,24926,20579
967,1712,24922,20475
960,1727,24892,20516
961,1718,24872,20470
968,1689,24947,20472
962,1741,24942,20575
957,1698,24726,20360
959,1735,24842,20496
960,1708,24866,20467
957,1717,24819,20426
961,1751,24931,20591
957,1689,24701,20307
961,1736,24925,20564
959,1729,24840,20482
959,1710,24802,20446
962,1749,24934,20580
957,1688,24710,20311
965,1731,24970,20589
958,1730,24803,20453
961,1728,24856,20495
962,1745,24927,20573
960,1702,24801,20397
960,1719,24856,20459
965,1711,24921,20483
960,1726,24868,20463
968,1752,25053,20656
959,1743,24792,20423
960,1727,24847,20488
962,1724,24855,20448
959,1720,24845,20446
963,1743,24978,20602
957,1700,24701,20318
961,1730,24876,20497
959,1708,24773,20406
959,1731,24806,20462
961,1734,24908,20550
959,1705,24789,20378
962,1742,24941,20558
959,1723,24806,20436
958,1729,24790,20429
960,1746,24880,20545
958,1693,24759,20368
962,1749,24963,20602
960,1716,24844,20457
960,1697,24848,20413
962,1731,24879,20494
957,1694,24673,20293
962,1737,24932,20579
959,1721,24824,20422
960,1712,24860,20460
960,1725,24860,20463
957,1692,24704,20322
962,1738,24945,20590
959,1730,24813,20461
959,1731,24822,20476
960,1717,24834,20491
957,1698,24745,20342
962,1746,24957,20608
959,1718,24800,20427
961,1721,24916,20537
959,1725,24834,20490
958,1689,24731,20335
966,1734,25000,20587
960,1735,24872,20484
960,1734,24890,20505
962,1779,24965,20583
958,1681,24691,20303
961,1743,24926,20561
957,1710,24794,20387
963,1743,25001,20611
961,1731,24858,20495
959,1686,24786,20372
962,1751,24946,20596
957,1694,24704,20334
956,1735,24826,20454
961,1736,24866,20501
961,1703,24841,20407
963,1740,24962,20571
958,1700,24702,20308
962,1719,24867,20491
961,1729,24857,20482
959,1713,24798,20413
963,1734,24992,20596
958,1699,24778,20387
963,1724,24935,20502
959,1715,24828,20451
959,1735,24823,20467
963,1746,24978,20626
958,1685,24753,20323
960,1733,24882,20508
960,1728,24836,20473
961,1708,24839,20448
962,1744,24968,20614
958,1700,24726,20351
961,1725,24878,20496
960,1713,24827,20432
959,1720,24837,20454
963,1744,25014,20634
966,1696,24857,20428
960,1732,24843,20482
959,1722,24790,20427
965,1710,24911,20472
962,1738,24950,20591
958,1695,24774,20349
963,1747,24994,20610
959,1705,24800,20400
959,1718,24785,20406
960,1747,24904,20558
957,1686,24729,20327
965,1744,25078,20661
969,1710,24948,20516
959,1722,24798,20440
960,1738,24879,20524
957,1696,24685,20307
962,1741,24944,20582
960,1727,24850,20491
960,1708,24852,20435
961,1712,24879,20515
958,1696,24717,20317
962,1742,24952,20587
959,1730,24799,20458
960,1735,24869,20491
964,1717,24905,20506
956,1679,24712,20305
963,1736,25005,20577
960,1714,24829,20463
962,1722,24872,20511
960,1725,24829,20464
957,1703,24730,20347
962,1742,24980,20591
961,1717,24824,20430
962,1731,24943,20539
964,1720,24910,20512
957,1695,24687,20316
963,1751,24974,20623
958,1711,24778,20400
962,1747,24966,20607
960,1739,24887,20535
959,1700,24759,20388
962,1747,24959,20610
957,1699,24710,20346
962,1728,24944,20559
962,1730,24900,20492
959,1709,24811,20405
963,1744,25043,20627
956,1697,24631,20242
960,1732,24876,20526
969,1712,24977,20555
959,1716,24816,20430
964,1737,25061,20673
962,1673,24769,20334
960,1733,24896,20521
960,1721,24848,20466
960,1718,24837,20473
963,1757,24981,20623
957,1693,24714,20345
961,1732,24936,20544
959,1726,24833,20458
959,1705,24801,20434
962,1737,24963,20591
957,1686,24700,20333
960,1737,24878,20535
959,1722,24822,20440
959,1714,24842,20454
964,1745,25061,20676
958,1703,24755,20390
961,1734,24872,20513
960,1702,24825,20454
959,1724,24837,20456
962,1748,24956,20556
956,1695,24690,20314
962,1745,24967,20597
968,1717,24931,20509
969,1699,24966,20540
961,1725,24893,20514
963,1671,24767,20345
963,1744,25005,20614
963,1706,24829,20401
960,1726,24824,20452
960,1717,24830,20453
957,1705,24709,20335
962,1747,24965,20617
960,1711,24842,20448
960,1736,24853,20464
959,1728,24832,20447
957,1694,24716,20324
962,1749,24984,20652
969,1708,24958,20521
957,1717,24821,20423
960,1737,24896,20483
958,1692,24675,20271
962,1744,24959,20599
959,1719,24840,20462
966,1706,24937,20510
962,1763,24936,20568
957,1678,24705,20295
963,1737,24993,20586
959,1714,24876,20494
962,1739,24886,20526
960,1739,24860,20494
957,1696,24722,20358
962,1744,24963,20605
957,1706,24756,20373
961,1716,24936,20492
961,1743,24913,20539
958,1694,24723,20335
962,1748,24960,20619
958,1696,24729,20378
960,1735,24899,20527
961,1721,24906,20519
959,1717,24796,20420
966,1747,25058,20683
963,1690,24771,20348
961,1732,24903,20533
963,1719,24895,20502
960,1738,24829,20470
966,1747,25050,20650
958,1682,24714,20318
962,1721,24895,20489
959,1732,24822,20474
960,1716,24812,20439
963,1741,25011,20635
966,1678,24853,20389
961,1727,24914,20519
966,1702,24953,20489
960,1724,24825,20457
963,1748,24963,20616
958,1700,24746,20353
961,1728,24876,20484
959,1723,24834,20440
960,1727,24844,20488
962,1742,24977,20605
957,1684,24734,20339
961,1739,24884,20534
958,1710,24759,20393
962,1731,24904,20512
971,1730,25117,20680
957,1695,24741,20344
963,1746,24974,20611
959,1710,24782,20385
959,1715,24771,20431
961,1739,24916,20562
957,1700,24741,20342
962,1742,24993,20609
959,1719,24844,20426
960,1719,24813,20424
962,1726,24878,20500
958,1696,24718,20357
967,1741,25049,20633
960,1712,24845,20426
959,1714,24799,20397
960,1734,24883,20514
956,1676,24654,20281
964,1750,25010,20658
960,1707,24805,20445
965,1725,24932,20488
964,1740,24997,20569
964,1680,24793,20352
961,1743,24939,20597
959,1716,24791,20413
960,1724,24864,20512
962,1729,24939,20545
962,1686,24762,20310
964,1741,24989,20596
961,1729,24919,20509
961,1749,24887,20551
971,1730,25028,20613
958,1685,24725,20347
962,1751,24992,20617
958,1711,24806,20417
962,1722,24915,20534
961,1729,24878,20472
960,1715,24804,20417
958,1748,24896,20567
957,1699,24707,20340
961,1724,24875,20497
961,1733,24901,20512
960,1743,24865,20509
962,1746,24968,20604
955,1693,24663,20287
960,1740,24869,20526
962,1730,24933,20564
960,1718,24831,20428
964,1751,25040,20655
959,1706,24795,20390
960,1722,24867,20475
961,1731,24867,20506
958,1716,24776,20416
964,1754,25030,20654
964,1688,24830,20372
960,1732,24865,20520
962,1712,24855,20447
961,1719,24840,20451
963,1747,24963,20594
957,1695,24720,20354
963,1723,24891,20502
961,1703,24867,20444
963,1700,24868,20453
963,1754,24981,20622
957,1707,24717,20350
961,1734,24891,20533
958,1708,24768,20389
960,1724,24851,20460
962,1738,24966,20568
958,1695,24747,20324
963,1739,24955,20574
958,1721,24781,20422
958,1725,24818,20471
961,1727,24938,20568
964,1674,24840,20384
961,1744,24940,20573
962,1727,24894,20488
964,1680,24818,20399
960,1719,24851,20501
965,1681,24811,20375
962,1746,24960,20604
958,1706,24773,20377
962,1721,24897,20522
961,1733,24855,20486
956,1690,24647,20266
962,1739,24965,20613
959,1697,24813,20400
960,1736,24922,20548
960,1737,24886,20505
957,1686,24718,20303
963,1740,24972,20607
959,1706,24801,20431
961,1755,24880,20551
959,1732,24849,20469
958,1695,24754,20329
960,1740,24896,20532
960,1720,24857,20482
963,1715,24929,20501
959,1738,24838,20493
958,1700,24722,20345
962,1743,24929,20573
963,1710,24873,20446
960,1742,24906,20550
961,1738,24906,20538
959,1702,24744,20339
963,1745,24950,20600
959,1682,24743,20321
961,1740,24910,20536
960,1727,24920,20514
959,1713,24858,20439
961,1744,24941,20563
957,1694,24694,20315
960,1734,24874,20507
962,1734,24927,20557
961,1714,24873,20454
963,1745,24968,20583
957,1693,24720,20333
961,1721,24871,20498
959,1742,24834,20492
958,1714,24793,20425
962,1737,24973,20607
959,1704,24819,20400
961,1729,24891,20514
961,1697,24847,20432
958,1735,24803,20451
965,1748,25022,20656
965,1677,24861,20403
960,1730,24875,20497
960,1714,24813,20395
960,1715,24863,20465
963,1762,24981,20644
956,1674,24647,20269
961,1730,24866,20511
959,1709,24820,20420
958,1727,24797,20475
961,1735,24917,20542
958,1701,24759,20368
962,1743,24948,20589
961,1717,24817,20431
960,1714,24778,20410
961,1729,24896,20536
957,1693,24734,20344
962,1746,24967,20604
957,1722,24749,20388
960,1716,24850,20488
960,1734,24858,20516
957,1711,24715,20340
962,1738,24981,20603
955,1732,24824,20430
961,1715,24918,20512
960,1722,24866,20490
956,1686,24674,20303
967,1729,24966,20608
958,1714,24826,20433
959,1746,24862,20491
959,1722,24846,20479
957,1688,24721,20317
962,1746,24931,20584
959,1707,24803,20424
961,1727,24903,20530
963,1731,24879,20483
953,1683,24634,20223
961,1745,24954,20592
960,1705,24786,20412
960,1728,24898,20529
959,1739,24834,20480
959,1694,24769,20376
964,1748,25041,20679
957,1710,24797,20404
962,1737,24917,20533
962,1717,24887,20494
959,1704,24780,20418
962,1743,24946,20618
957,1688,24735,20326
961,1727,24913,20509
962,1739,24925,20569
961,1703,24825,20415
962,1747,24972,20616
967,1706,24823,20376
960,1732,24880,20534
959,1730,24821,20488
959,1726,24845,20454
962,1744,24970,20600
957,1711,24723,20351
960,1727,24862,20506
959,1720,24817,20461
960,1731,24847,20472
963,1747,25001,20638
957,1691,24753,20348
961,1736,24928,20534
972,1716,25062,20627
959,1702,24784,20391
962,1752,24953,20618
958,1687,24755,20358
960,1729,24887,20506
959,1735,24808,20461
959,1701,24810,20397
960,1748,24939,20576
959,1701,24771,20399
965,1721,24920,20525
961,1697,24795,20429
959,1724,24840,20467
962,1741,24946,20567
964,1677,24814,20386
962,1745,24945,20585
970,1708,24956,20525
969,1709,24964,20517
965,1719,24960,20547
958,1702,24739,20335
963,1736,24972,20565
960,1722,24819,20449
962,1697,24837,20421
960,1718,24835,20464
957,1687,24716,20314
963,1741,25015,20612
960,1731,24834,20461
959,1724,24829,20447
960,1721,24867,20503
956,1707,24688,20332
960,1743,24912,20578
960,1725,24855,20501
961,1730,24869,20465
961,1717,24883,20514
955,1671,24632,20229
961,1745,24914,20568
960,1725,24822,20464
964,1705,24946,20500
959,1730,24840,20457
957,1696,24718,20316
963,1742,25008,20608
960,1711,24836,20465
962,1723,24865,20483
960,1728,24874,20514
958,1705,24752,20351
963,1740,25005,20607
958,1707,24762,20362
962,1739,24931,20563
960,1728,24873,20502
960,1731,24823,20467
961,1739,24911,20567
958,1692,24751,20357
970,1723,25087,20621
961,1727,24874,20507
960,1718,24816,20423
963,1739,24969,20604
956,1690,24667,20311
962,1745,24934,20569
966,1719,24942,20525
960,1716,24849,20455
964,1752,25035,20642
964,1688,24817,20378
960,1731,24855,20512
959,1703,24837,20448
964,1727,24962,20531
962,1750,25011,20613
957,1710,24725,20355
963,1727,24898,20500
958,1731,24766,20422
960,1706,24812,20437
960,1752,24955,20617
957,1687,24691,20309
961,1724,24912,20525
958,1711,24784,20403
958,1712,24769,20417
961,1733,24939,20604
957,1697,24688,20310
962,1727,24910,20529
959,1708,24811,20403
961,1731,24896,20521
976,1743,25214,20741
965,1680,24832,20387
959,1750,24896,20547
959,1721,24772,20410
961,1710,24837,20431
962,1724,24916,20496
958,1696,24711,20330
960,1749,24940,20574
958,1719,24774,20407
963,1713,24867,20448
960,1730,24836,20468
957,1702,24750,20391
962,1739,24999,20601
960,1730,24851,20478
961,1735,24850,20498
961,1728,24861,20489
955,1693,24616,20231
962,1745,24975,20619
960,1736,24858,20487
961,1733,24922,20520
961,1715,24841,20432
956,1674,24665,20274
961,1741,24922,20566
960,1705,24793,20427
961,1728,24947,20558
960,1721,24895,20483
956,1691,24676,20296
962,1731,24956,20563
962,1712,24839,20429
962,1736,24858,20512
960,1722,24866,20496
958,1714,24729,20376
964,1736,24988,20594
959,1683,24754,20338
961,1723,24885,20500
961,1712,24840,20449
960,1710,24776,20436
961,1751,24950,20593
955,1692,24703,20336
960,1735,24924,20521
961,1733,24912,20510
958,1714,24763,20416
963,1760,24971,20619
955,1681,24662,20304
961,1727,24908,20516
961,1726,24919,20510
960,1708,24808,20414
963,1738,25009,20639
960,1673,24734,20323
960,1731,24860,20507
960,1719,24823,20450
958,1720,24791,20437
965,1744,25050,20644
961,1684,24762,20348
961,1724,24865,20495
959,1727,24785,20423
959,1714,24803,20429
965,1727,25022,20622
958,1701,24722,20330
961,1731,24948,20554
960,1726,24878,20463
960,1728,24826,20450
963,1731,24947,20573
957,1702,24700,20332
962,1732,24909,20515
958,1708,24809,20402
961,1707,24852,20463
967,1727,24991,20584
956,1672,24672,20269
962,1746,24939,20581
959,1702,24782,20414
959,1712,24812,20449
960,1742,24886,20513
962,1693,24742,20350
963,1737,24969,20598
959,1708,24813,20434
960,1731,24800,20459
964,1721,24919,20485
957,1684,24723,20324
963,1730,24953,20554
960,1716,24863,20465
960,1723,24844,20478
969,1715,24979,20511
957,1692,24689,20310
962,1746,24969,20596
959,1727,24830,20434
961,1731,24913,20536
961,1721,24866,20485
956,1673,24651,20262
960,1738,24912,20560
960,1737,24807,20445
961,1741,24866,20543
961,1732,24905,20495
957,1699,24687,20264
962,1744,24960,20610
958,1720,24784,20406
961,1722,24893,20514
963,1712,24891,20472
957,1702,24749,20352
962,1746,24976,20609
957,1692,24784,20369
961,1732,24881,20500
961,1744,24873,20521
959,1707,24806,20427
965,1734,25016,20597
958,1690,24734,20305
961,1731,24901,20536
959,1722,24850,20442
959,1715,24786,20426
963,1753,24964,20594
957,1681,24686,20289
961,1741,24878,20530
965,1733,24978,20563
959,1721,24837,20448
963,1737,24953,20599
957,1699,24694,20309
961,1734,24886,20531
959,1717,24799,20430
960,1716,24835,20452
963,1746,25018,20646
959,1694,24768,20351
962,1718,24875,20488
960,1721,24825,20451
964,1705,24857,20448
963,1750,24991,20611
958,1693,24740,20325
961,1738,24890,20527
959,1710,24811,20419
960,1707,24811,20421
961,1741,24929,20574
966,1738,24855,20425
962,1734,24901,20534
959,1697,24826,20415
958,1709,24796,20427
961,1748,24914,20570
956,1693,24671,20300
962,1738,24945,20605
958,1719,24792,20405
964,1728,24926,20539
976,1763,25265,20832
973,1734,25135,20670
963,1748,24990,20631
961,1710,24807,20422
959,1711,24787,20407
960,1713,24857,20468
958,1698,24759,20347
963,1745,24953,20579
958,1713,24807,20405
962,1728,24923,20514
969,1724,24980,20569
956,1671,24674,20297
965,1738,24963,20585
959,1729,24848,20470
960,1729,24850,20501
961,1745,24883,20530
959,1684,24711,20285
963,1744,24965,20600
966,1717,24933,20501
961,1725,24904,20514
962,1712,24911,20484
958,1687,24723,20292
962,1744,24933,20584
957,1724,24780,20436
960,1733,24876,20516
960,1718,24864,20482
958,1710,24789,20384
962,1744,24973,20613
960,1690,24751,20326
962,1736,24917,20551
959,1709,24817,20439
960,1722,24799,20429
965,1733,24972,20587
956,1689,24702,20304
962,1733,24931,20562
965,1713,24937,20526
959,1729,24817,20447
963,1741,24945,20591
958,1683,24713,20308
957,1746,24859,20498
961,1725,24866,20482
959,1728,24866,20468
964,1757,25012,20643
957,1683,24691,20306
960,1731,24859,20504
959,1719,24834,20438
959,1726,24872,20485
962,1757,24962,20599
958,1709,24775,20394
960,1725,24839,20478
959,1715,24812,20437
959,1712,24796,20420
964,1744,25004,20645
969,1686,24885,20394
960,1727,24862,20499
959,1722,24779,20419
959,1728,24817,20453
961,1732,24897,20531
957,1715,24742,20362
962,1732,24946,20546
960,1710,24856,20445
962,1714,24870,20447
963,1719,24899,20528
957,1693,24699,20334
962,1742,24945,20604
957,1716,24791,20413
961,1727,24877,20494
962,1732,24871,20487
957,1699,24694,20304
963,1739,24973,20623
958,1704,24786,20403
959,1734,24845,20484
960,1727,24846,20494
957,1694,24732,20320
962,1745,24977,20624
958,1715,24777,20418
961,1740,24884,20534
959,1737,24843,20498
958,1693,24709,20315
962,1740,24969,20596
959,1723,24828,20456
962,1727,24927,20514
960,1720,24856,20476
961,1680,24718,20294
961,1745,24922,20588
959,1722,24841,20435
961,1736,24937,20533
964,1718,24907,20498
959,1689,24727,20324
961,1739,24918,20560
959,1720,24798,20435
967,1723,24948,20542
959,1708,24823,20469
959,1706,24774,20357
963,1749,24997,20629
958,1710,24731,20342
965,1723,24978,20581
961,1725,24858,20496
960,1720,24836,20457
962,1742,24979,20604
957,1714,24755,20348
959,1738,24852,20477
960,1722,24869,20498
958,1708,24793,20433
964,1752,25002,20640
962,1668,24782,20324
961,1736,24923,20532
960,1725,24834,20466
960,1719,24860,20480
968,1750,25046,20649
961,1694,24779,20393
960,1727,24860,20498
960,1721,24812,20448
959,1710,24846,20451
963,1753,25016,20657
957,1703,24712,20339
959,1724,24817,20452
959,1711,24809,20434
960,1716,24826,20427
962,1739,24934,20544
957,1695,24759,20354
960,1732,24915,20515
959,1724,24830,20458
959,1711,24805,20448
961,1727,24917,20566
958,1704,24773,20384
963,1741,24986,20583
964,1707,24848,20430
959,1692,24795,20392
963,1725,24915,20522
957,1705,24691,20324
967,1728,24995,20598
959,1703,24773,20393
961,1710,24856,20421
960,1740,24866,20498
957,1695,24718,20321
964,1747,25007,20649
966,1710,24882,20484
959,1725,24823,20432
960,1727,24876,20506
957,1678,24731,20318
964,1740,25011,20603
959,1727,24802,20449
961,1708,24827,20452
962,1744,24907,20551
965,1706,24817,20352
963,1744,24992,20603
959,1723,24805,20439
961,1721,24921,20528
960,1712,24880,20502
955,1676,24645,20256
963,1752,24982,20637
959,1723,24819,20465
961,1755,24931,20583
960,1723,24895,20507
961,1695,24748,20325
961,1750,24933,20591
957,1717,24758,20425
962,1720,24910,20503
959,1724,24852,20490
959,1709,24823,20422
963,1740,25013,20609
955,1693,24680,20299
960,1729,24861,20508
960,1725,24842,20506
959,1705,24808,20398
963,1734,24981,20608
956,1688,24651,20267
962,1736,24931,20558
959,1729,24834,20480
961,1727,24849,20475
964,1730,24965,20580
957,1690,24714,20330
971,1722,25103,20633
959,1728,24837,20462
959,1714,24833,20457
964,1751,25010,20647
957,1690,24679,20324
960,1727,24871,20490
960,1729,24856,20484
962,1711,24871,20443
964,1777,25085,20705
966,1695,24841,20417
960,1741,24860,20512
960,1711,24819,20430
960,1722,24820,20423
966,1737,25043,20620
958,1706,24735,20364
960,1739,24895,20510
958,1715,24761,20409
961,1749,24848,20472
960,1747,24899,20547
957,1703,24724,20369
964,1736,25015,20604
960,1715,24788,20402
961,1719,24869,20506
966,1730,24960,20562
957,1699,24706,20342
964,1732,24992,20598
959,1705,24824,20419
960,1721,24851,20453
961,1736,24901,20523
957,1695,24719,20336
966,1737,25000,20604
959,1719,24796,20423
963,1709,24864,20460
960,1733,24875,20499
958,1677,24697,20288
963,1742,24982,20601
959,1725,24806,20455
962,1706,24858,20470
961,1718,24867,20471
955,1679,24652,20280
963,1748,25003,20624
960,1711,24836,20425
961,1726,24917,20511
960,1742,24855,20504
956,1684,24698,20316
962,1747,24964,20600
959,1720,24836,20444
962,1738,24898,20518
966,1721,24970,20541
959,1703,24742,20375
963,1745,24973,20610
960,1711,24796,20404
962,1725,24965,20574
964,1732,24928,20510
958,1706,24744,20365
973,1734,25129,20702
958,1693,24734,20366
961,1737,24892,20548
960,1723,24851,20506
960,1725,24788,20420
963,1744,24973,20591
957,1688,24702,20309
960,1727,24835,20455
961,1726,24899,20540
961,1714,24801,20436
959,1760,24958,20596
957,1676,24709,20294
961,1729,24927,20526
959,1736,24883,20486
961,1733,24876,20519
963,1748,24985,20602
957,1692,24708,20338
961,1738,24916,20538
960,1730,24868,20466
962,1698,24825,20408
963,1752,25005,20635
958,1683,24749,20353
965,1726,24911,20514
960,1716,24827,20458
959,1712,24797,20443
963,1743,25015,20635
956,1681,24687,20306
961,1733,24901,20537
958,1728,24792,20434
959,1719,24794,20445
960,1737,24943,20560
957,1698,24727,20334
963,1743,24981,20595
959,1726,24838,20448
959,1723,24823,20472
961,1711,24885,20517
957,1701,24704,20333
964,1749,25025,20654
959,1716,24814,20422
961,1719,24873,20497
966,1716,24952,20530
958,1683,24714,20299
962,1745,24952,20603
959,1709,24799,20430
960,1728,24831,20481
962,1724,24901,20474
956,1683,24689,20290
969,1730,25059,20647
960,1705,24817,20437
960,1717,24815,20453
961,1731,24890,20494
957,1694,24703,20317
963,1745,25000,20615
960,1702,24849,20416
960,1723,24888,20514
961,1733,24872,20509
956,1684,24664,20292
962,1740,24970,20587
961,1715,24888,20468
960,1732,24858,20505
960,1722,24887,20527
958,1696,24733,20359
961,1743,24932,20577
958,1722,24782,20421
959,1734,24863,20527
962,1720,24921,20488
959,1706,24749,20350
965,1748,25011,20642
966,1692,24874,20441
961,1731,24876,20504
962,1727,24884,20500
961,1710,24833,20413
963,1751,25019,20624
957,1700,24734,20329
962,1739,24914,20567
960,1752,24856,20511
964,1696,24802,20414
964,1741,25004,20608
960,1679,24755,20319
960,1728,24870,20505
961,1727,24877,20480
959,1716,24813,20452
964,1756,25012,20661
958,1702,24735,20350
961,1726,24876,20507
963,1710,24923,20492
961,1741,24878,20521
964,1756,24993,20635
962,1692,24783,20368
961,1725,24857,20503
960,1717,24799,20406
960,1709,24845,20443
967,1743,25045,20622
958,1684,24779,20356
962,1732,24900,20524
960,1703,24809,20401
959,1728,24789,20452
975,1752,25196,20763
972,1709,25022,20562
973,1747,25137,20706
970,1694,24980,20508
959,1716,24791,20412
961,1733,24896,20548
957,1696,24695,20327
962,1746,24944,20580
961,1724,24873,20483
960,1714,24848,20453
961,1734,24884,20507
958,1697,24744,20378
962,1741,24957,20604
959,1720,24823,20429
960,1716,24878,20481
963,1717,24916,20498
958,1688,24735,20304
961,1738,24937,20585
956,1731,24785,20421
959,1740,24828,20488
961,1723,24886,20513
959,1688,24719,20290
962,1740,24951,20585
960,1720,24833,20436
961,1727,24870,20504
960,1729,24862,20518
957,1676,24695,20297
969,1749,25025,20654
961,1713,24859,20463
960,1721,24906,20506
961,1725,24876,20504
958,1679,24699,20310
961,1752,24933,20607
967,1706,24943,20488
960,1732,24877,20491
962,1728,24947,20553
958,1695,24726,20284
962,1745,24931,20576
957,1698,24703,20337
961,1746,24894,20550
961,1718,24915,20516
960,1702,24823,20423
963,1759,25033,20682
959,1690,24721,20299
961,1728,24917,20535
972,1725,25095,20653
975,1725,25105,20667
977,1739,25243,20804
963,1680,24809,20343
961,1728,24888,20501
960,1704,24805,20425
959,1730,24812,20455
962,1747,24951,20609
958,1698,24748,20353
961,1732,24879,20512
959,1721,24828,20451
961,1722,24914,20501
963,1750,24981,20637
957,1700,24720,20346
960,1726,24856,20501
959,1704,24822,20414
961,1719,24886,20492
969,1733,25061,20646
956,1695,24708,20321
961,1728,24885,20520
959,1716,24787,20428
959,1701,24782,20402
971,1729,25089,20662
957,1694,24763,20350
963,1740,24962,20581
960,1697,24788,20384
959,1715,24808,20413
960,1722,24849,20495
958,1705,24740,20343
970,1736,25092,20652
958,1706,24802,20396
961,1709,24864,20454
959,1727,24858,20485
957,1703,24728,20355
963,1742,24949,20576
965,1718,24870,20473
960,1740,24842,20482
959,1726,24833,20467
957,1695,24703,20316
962,1741,24961,20608
959,1712,24810,20444
963,1716,24869,20477
961,1719,24883,20508
957,1690,24752,20331
964,1752,25027,20657
959,1721,24804,20441
961,1707,24876,20465
960,1724,24871,20501
956,1690,24687,20287
963,1740,24988,20619
968,1677,24936,20469
961,1729,24902,20496
961,1733,24871,20486
957,1689,24679,20290
962,1733,24948,20596
957,1721,24792,20411
965,1720,24949,20516
962,1726,24919,20503
958,1714,24774,20388
963,1739,24953,20601
955,1692,24678,20307
961,1737,24917,20562
960,1731,24836,20478
959,1718,24821,20406
963,1753,24987,20626
956,1691,24663,20294
960,1737,24864,20514
959,1748,24815,20500
960,1718,24862,20484
963,1749,25008,20635
958,1696,24751,20351
961,1725,24909,20501
960,1722,24848,20447
960,1712,24815,20427
964,1753,25012,20649
967,1688,24881,20423
961,1733,24899,20508
959,1721,24831,20453
960,1720,24865,20479
966,1726,25018,20610
956,1704,24696,20328
960,1727,24855,20493
958,1734,24758,20424
960,1727,24848,20454
960,1737,24937,20601
958,1703,24728,20349
961,1719,24873,20495
958,1718,24761,20403
960,1736,24862,20485
963,1740,24950,20561
957,1691,24749,20333
963,1746,25000,20622
955,1715,24742,20387
958,1710,24759,20403
960,1740,24877,20526
957,1697,24734,20333
963,1744,25010,20608
960,1703,24800,20400
959,1706,24829,20444
959,1739,24835,20497
956,1682,24696,20316
966,1736,24997,20609
960,1707,24801,20414
960,1719,24857,20458
960,1732,24860,20490
957,1688,24692,20311
964,1737,24959,20577
959,1718,24797,20427
959,1726,24851,20457
961,1724,24869,20494
957,1690,24727,20301
962,1740,24989,20578
959,1729,24797,20441
963,1747,24927,20582
961,1730,24855,20478
956,1695,24655,20258
964,1746,25052,20647
962,1727,24831,20438
962,1725,24940,20535
959,1713,24811,20430
958,1699,24731,20363
962,1743,24953,20604
958,1698,24737,20359
960,1735,24912,20522
961,1732,24919,20558
961,1699,24795,20386
962,1751,24982,20633
957,1689,24682,20313
962,1743,24942,20557
974,1740,25120,20682
964,1684,24873,20409
963,1749,25012,20589
959,1694,24704,20314
963,1721,24914,20521
960,1743,24890,20528
961,1727,24877,20507
963,1739,25003,20627
958,1700,24728,20342
962,1737,24945,20563
964,1700,24883,20469
959,1739,24833,20479
962,1744,24966,20635
959,1709,24775,20387
961,1728,24900,20503
958,1717,24780,20404
959,1725,24816,20451
961,1752,24956,20614
956,1705,24698,20335
960,1731,24896,20515
959,1720,24843,20449
969,1710,24980,20536
962,1755,25000,20605
957,1708,24736,20351
961,1732,24904,20535
959,1724,24821,20457
960,1727,24852,20470
963,1740,24959,20546
957,1701,24732,20357
963,1736,24958,20557
959,1716,24801,20421
958,1709,24780,20412
961,1741,24866,20505
958,1691,24724,20346
963,1737,24996,20587
959,1709,24788,20401
965,1726,24967,20569
976,1735,25186,20726
959,1691,24725,20324
963,1739,24997,20602
958,1723,24801,20413
961,1728,24884,20489
960,1727,24880,20470
958,1699,24748,20373
972,1737,25085,20683
960,1711,24817,20433
964,1712,24915,20487
961,1733,24896,20495
960,1679,24717,20309
963,1749,24960,20581
967,1718,24920,20504
962,1727,24918,20541
971,1716,25026,20615
957,1694,24679,20302
964,1743,25018,20629
958,1715,24813,20438
961,1746,24898,20561
962,1732,24897,20526
958,1706,24721,20359
964,1744,25000,20636
958,1700,24774,20373
968,1730,24962,20546
961,1727,24939,20546
960,1711,24814,20444
964,1742,24979,20619
967,1689,24841,20428
967,1716,24996,20567
960,1742,24919,20516
960,1713,24823,20461
964,1744,24995,20594
958,1685,24689,20285
961,1736,24873,20505
960,1738,24846,20502
961,1725,24834,20441
963,1736,24982,20580
960,1695,24778,20381
963,1726,24887,20485
960,1730,24834,20470
960,1709,24805,20420
963,1748,25000,20639
958,1688,24738,20360
961,1737,24937,20536
959,1721,24872,20460
962,1721,24896,20534
963,1747,24982,20609
957,1698,24714,20344
961,1732,24882,20512
959,1726,24829,20437
959,1710,24812,20430
962,1727,24941,20552
958,1703,24730,20334
961,1740,24866,20569
964,1713,24856,20449
959,1723,24815,20453
964,1735,24955,20548
957,1704,24707,20342
964,1742,24987,20621
962,1703,24823,20415
961,1698,24788,20423
964,1718,24947,20519
958,1701,24726,20328
968,1736,25061,20641
958,1703,24814,20390
960,1726,24836,20474
961,1725,24869,20505
956,1689,24654,20288
964,1750,25011,20638
965,1695,24939,20490
960,1726,24843,20468
967,1725,24935,20557
968,1685,24866,20436
962,1742,24938,20564
960,1730,24840,20483
965,1709,24942,20516
960,1713,24837,20442
958,1694,24732,20346
961,1738,24937,20569
959,1727,24831,20459
961,1735,24894,20555
960,1725,24893,20497
957,1694,24713,20327
963,1736,24971,20598
959,1709,24849,20433
961,1724,24904,20524
960,1740,24860,20515
959,1693,24759,20362
964,1746,25009,20621
957,1687,24740,20322
962,1734,24944,20565
962,1723,24879,20490
958,1702,24772,20397
962,1743,24955,20592
955,1689,24675,20322
962,1742,24906,20546
961,1732,24904,20511
959,1708,24798,20423
962,1746,24952,20597
957,1692,24716,20340
960,1738,24849,20520
959,1715,24869,20484
960,1732,24870,20486
966,1738,25039,20631
958,1686,24778,20369
959,1727,24853,20488
960,1731,24851,20478
972,1699,25026,20573
962,1751,24999,20618
959,1690,24745,20325
962,1730,24899,20526
968,1723,24945,20535
959,1730,24799,20441
963,1731,24982,20608
959,1703,24765,20376
960,1719,24854,20500
959,1708,24845,20431
959,1733,24828,20453
961,1738,24923,20553
962,1701,24815,20410
962,1745,24932,20585
957,1718,24773,20413
958,1708,24798,20424
962,1739,24971,20574
957,1681,24729,20302
963,1740,24974,20590
962,1713,24811,20427
960,1712,24822,20456
957,1725,24822,20485
958,1711,24771,20367
967,1734,25026,20620
959,1715,24807,20428
960,1726,24867,20477
957,1731,24755,20454
957,1690,24719,20332
961,1743,24914,20568
961,1719,24888,20495
965,1717,24917,20495
960,1726,24844,20468
959,1692,24754,20367
962,1741,24931,20570
960,1720,24838,20448
962,1723,24895,20518
962,1722,24905,20485
957,1691,24740,20315
962,1739,24933,20571
960,1724,24842,20474
962,1717,24890,20483
961,1731,24893,20506
960,1675,24759,20321
963,1746,24960,20599
959,1711,24805,20424
962,1735,24896,20521
961,1720,24857,20487
959,1705,24762,20399
962,1747,24959,20613
963,1681,24806,20354
961,1736,24908,20541
962,1722,24887,20505
960,1706,24825,20454
961,1736,24908,20578
958,1705,24739,20346
961,1727,24928,20534
962,1713,24930,20506
960,1725,24864,20471
962,1741,24959,20583
957,1679,24693,20314
960,1732,24867,20509
960,1732,24836,20463
959,1724,24842,20447
963,1760,24976,20621
958,1694,24734,20338
961,1726,24858,20477
960,1730,24854,20484
960,1715,24817,20454
962,1758,24975,20627
960,1701,24840,20362
963,1715,24889,20488
959,1717,24845,20465
959,1722,24808,20453
964,1745,24997,20659
962,1688,24820,20374
961,1729,24890,20494
959,1716,24828,20423
960,1709,24872,20455
961,1729,24914,20562
960,1705,24792,20421
965,1732,24973,20576
960,1721,24847,20455
958,1698,24816,20401
959,1739,24871,20515
958,1706,24751,20375
963,1734,24966,20589
958,1719,24788,20416
959,1715,24816,20447
960,1723,24845,20481
957,1701,24749,20354
962,1750,24972,20620
959,1723,24823,20460
960,1741,24832,20490
960,1722,24830,20472
959,1681,24718,20290
962,1751,24973,20590
959,1712,24845,20469
961,1716,24912,20490
961,1727,24855,20469
958,1693,24695,20306
962,1744,24944,20583
954,1737,24822,20452
960,1727,24900,20509
961,1726,24895,20534
955,1687,24662,20290
963,1742,24977,20612
959,1721,24812,20445
960,1735,24834,20494
961,1718,24897,20530
958,1699,24774,20369
962,1742,24956,20577
966,1682,24885,20444
962,1729,24921,20554
960,1735,24848,20471
959,1714,24812,20433
963,1737,24987,20594
958,1696,24751,20333
963,1723,24965,20528
961,1730,24863,20491
959,1715,24797,20437
963,1740,24971,20614
958,1685,24727,20303
961,1738,24914,20517
960,1720,24855,20485
959,1720,24840,20458
962,1749,24955,20605
956,1688,24635,20247
960,1737,24853,20498
959,1722,24820,20454
962,1724,24930,20512
965,1733,25002,20610
957,1700,24709,20328
961,1735,24927,20569
958,1717,24780,20436
961,1725,24887,20509
964,1736,25013,20616
958,1706,24770,20376
960,1713,24878,20462
960,1712,24811,20437
958,1730,24789,20432
960,1728,24875,20543
958,1699,24755,20363
962,1724,24924,20498
962,1727,24876,20483
965,1700,24891,20470
960,1743,24887,20527
958,1693,24693,20299
963,1741,24962,20617
958,1713,24788,20420
960,1728,24860,20480
961,1742,24893,20543
956,1706,24698,20336
963,1747,24987,20633
960,1711,24792,20420
962,1706,24914,20534
960,1740,24881,20523
958,1687,24776,20359
965,1742,25036,20618
960,1701,24818,20435
962,1703,24882,20474
960,1726,24836,20464
957,1693,24716,20317
967,1733,25050,20620
960,1707,24815,20435
962,1739,24903,20531
962,1730,24872,20479
957,1694,24657,20271
963,1746,24969,20627
960,1720,24843,20469
967,1714,24972,20518
960,1726,24864,20484
957,1694,24693,20294
962,1751,24961,20617
958,1730,24800,20452
960,1731,24933,20540
961,1722,24882,20497
959,1697,24785,20360
964,1750,25031,20638
956,1704,24698,20336
960,1735,24892,20535
961,1735,24869,20496
960,1706,24845,20433
970,1737,25099,20668
956,1692,24686,20298
963,1743,24939,20573
961,1716,24888,20499
963,1698,24848,20427
963,1739,24969,20621
968,1669,24859,20439
961,1737,24934,20541
960,1742,24883,20525
960,1719,24850,20479
964,1775,25046,20703
959,1673,24699,20301
961,1725,24902,20506
958,1729,24812,20462
961,1727,24866,20481
963,1758,25044,20657
957,1704,24715,20352
960,1725,24851,20490
959,1713,24822,20447
959,1711,24820,20415
968,1749,25109,20707
958,1690,24716,20317
959,1735,24856,20471
958,1719,24804,20443
960,1731,24819,20462
961,1742,24926,20589
956,1696,24690,20329
962,1740,24951,20558
959,1726,24806,20448
961,1719,24845,20439
960,1733,24898,20528
968,1700,24854,20437
965,1733,24993,20584
961,1710,24847,20433
959,1704,24838,20428
962,1734,24944,20549
958,1707,24723,20345
964,1732,24949,20577
958,1679,24733,20364
960,1737,24872,20496
960,1723,24875,20461
957,1695,24717,20330
966,1733,25012,20611
959,1716,24793,20444
961,1741,24866,20528
959,1734,24825,20459
957,1697,24699,20330
963,1731,24985,20563
959,1720,24813,20440
962,1733,24921,20540
960,1716,24859,20491
957,1693,24674,20303
962,1746,24962,20595
961,1710,24857,20438
962,1738,24945,20543
967,1723,25000,20546
959,1700,24749,20349
963,1748,24969,20609
961,1712,24807,20416
961,1732,24886,20498
961,1734,24923,20537
959,1700,24752,20367
962,1746,24991,20623
965,1688,24835,20407
961,1729,24897,20534
960,1717,24864,20481
959,1731,24790,20442
961,1740,24955,20578
956,1678,24658,20264
960,1735,24885,20534
960,1730,24838,20488
961,1726,24853,20478
971,1740,25089,20660
957,1689,24721,20308
961,1737,24917,20545
960,1731,24874,20490
961,1708,24846,20459
963,1750,25026,20681
963,1692,24769,20340
961,1727,24903,20507
971,1710,25055,20584
966,1700,24906,20493
963,1747,24987,20614
958,1700,24751,20388
960,1732,24836,20499
959,1711,24788,20426
963,1707,24831,20424
965,1739,25031,20623
957,1683,24696,20291
961,1740,24900,20536
962,1710,24805,20422
958,1712,24789,20436
963,1753,24997,20633
963,1691,24789,20369
963,1737,24996,20605
958,1663,24763,20330
961,1724,24860,20504
960,1721,24882,20513
957,1706,24714,20349
964,1737,24998,20606
961,1767,24905,20508
959,1729,24808,20447
960,1732,24878,20507
957,1693,24717,20329
959,1751,24915,20567
959,1723,24792,20444
966,1704,24912,20494
960,1735,24866,20479
957,1692,24721,20337
962,1739,24965,20591
960,1713,24832,20465
960,1726,24851,20493
960,1717,24867,20465
956,1687,24705,20325
963,1739,24996,20609
959,1727,24868,20459
960,1735,24846,20511
960,1735,24858,20494
957,1683,24691,20308
963,1748,24984,20610
960,1711,24863,20461
960,1721,24885,20506
960,1741,24872,20524
958,1686,24733,20329
963,1751,24968,20623
970,1745,25090,20707
961,1733,24895,20520
962,1743,24936,20543
958,1710,24755,20384
962,1746,24962,20600
957,1704,24723,20353
963,1728,24884,20502
960,1725,24879,20493
959,1717,24820,20425
958,1759,25001,20610
959,1692,24759,20329
961,1727,24908,20524
960,1727,24855,20488
960,1721,24842,20480
963,1751,25006,20623
958,1692,24766,20364
960,1725,24881,20496
958,1726,24829,20433
961,1718,24872,20498
964,1732,24984,20607
957,1695,24699,20316
961,1730,24880,20535
961,1712,24837,20439
963,1709,24860,20467
963,1741,24990,20620
964,1692,24784,20346
960,1732,24860,20496
959,1710,24832,20434
959,1722,24826,20450
964,1747,25000,20584
957,1688,24758,20353
962,1734,24898,20518
958,1704,24753,20379
958,1717,24778,20418
960,1733,24939,20557
957,1697,24739,20341
963,1742,24968,20595
961,1708,24827,20407
958,1705,24789,20412
961,1722,24874,20529
957,1694,24705,20338
962,1738,24931,20572
962,1697,24868,20436
960,1701,24825,20408
960,1721,24839,20483
959,1691,24719,20307
962,1741,24953,20605
959,1716,24813,20448
961,1727,24871,20498
963,1704,24901,20463
956,1681,24714,20308
963,1731,24954,20561
958,1726,24784,20416
961,1723,24861,20500
961,1727,24885,20483
957,1690,24712,20303
962,1749,24947,20602
959,1718,24814,20429
960,1732,24899,20527
964,1712,24888,20494
956,1690,24669,20273
961,1745,24921,20572
960,1707,24833,20426
961,1742,24891,20534
960,1738,24861,20486
958,1702,24741,20371
960,1730,24882,20554
957,1707,24753,20386
961,1729,24881,20507
962,1738,24970,20559
958,1709,24799,20377
962,1736,24935,20578
957,1697,24681,20329
963,1717,24901,20510
961,1730,24884,20487
969,1696,24978,20490
962,1738,24948,20579
971,1701,24981,20523
971,1730,25062,20634
963,1726,24851,20469
959,1707,24791,20417
963,1732,24953,20567
957,1688,24728,20318
963,1737,24932,20567
971,1704,25045,20588
959,1715,24793,20421
963,1746,24986,20647
957,1694,24722,20309
961,1727,24872,20476
959,1699,24814,20387
960,1723,24893,20463
962,1745,24939,20601
958,1706,24731,20363
961,1735,24859,20492
963,1700,24842,20429
959,1712,24835,20420
961,1748,24904,20560
958,1707,24745,20370
957,1734,24846,20530
959,1722,24779,20414
965,1701,24861,20448
960,1731,24883,20522
963,1692,24800,20358
956,1747,24901,20594
958,1705,24791,20417
959,1735,24796,20444
960,1720,24839,20485
956,1686,24719,20320
963,1746,24975,20592
961,1715,24839,20427
961,1727,24880,20485
962,1727,24860,20475
957,1696,24667,20315
962,1738,24934,20589
959,1707,24819,20427
961,1710,24909,20486
961,1725,24832,20435
957,1690,24667,20270
962,1741,24951,20599
972,1711,25049,20614
969,1717,24977,20553
959,1723,24830,20481
957,1681,24720,20276
962,1742,24939,20563
960,1697,24815,20415
961,1738,24884,20527
959,1738,24814,20471
958,1682,24728,20343
972,1728,25135,20694
958,1718,24793,20414
961,1719,24935,20500
961,1734,24876,20514
958,1706,24722,20360
962,1744,24940,20588
956,1688,24699,20300
961,1743,24944,20560
962,1720,24857,20487
958,1708,24772,20379
960,1748,24952,20636
956,1688,24680,20302
960,1730,24838,20486
960,1715,24846,20479
961,1706,24907,20502
962,1743,24941,20574
957,1685,24678,20284
960,1725,24887,20516
954,1733,24800,20454
959,1711,24833,20435
963,1734,24995,20617
958,1700,24758,20349
964,1713,24930,20492
959,1734,24826,20476
958,1715,24781,20406
963,1761,24985,20648
966,1681,24859,20408
960,1733,24886,20492
960,1709,24811,20417
959,1684,24773,20360
962,1741,24946,20600
957,1689,24696,20316
960,1725,24853,20483
959,1715,24820,20433
959,1706,24819,20418
960,1744,24917,20541
957,1713,24732,20364
962,1734,24935,20557
959,1698,24740,20368
959,1720,24815,20438
960,1727,24890,20501
957,1686,24688,20286
962,1739,24984,20589
958,1710,24770,20394
958,1710,24771,20392
960,1729,24868,20506
969,1701,24920,20441
968,1736,25063,20618
959,1718,24795,20416
960,1727,24869,20491
960,1724,24846,20492
957,1687,24692,20307
961,1742,24938,20584
958,1704,24781,20417
961,1737,24852,20489
959,1728,24836,20462
957,1675,24676,20285
963,1734,24943,20576
959,1699,24794,20405
961,1730,24920,20522
961,1728,24862,20470
957,1679,24715,20311
963,1748,25011,20625
964,1707,24878,20470
960,1736,24864,20518
959,1737,24838,20490
957,1690,24716,20302
962,1740,24959,20575
955,1704,24702,20347
961,1737,24892,20533
961,1714,24882,20505
958,1677,24685,20287
962,1739,24920,20564
956,1687,24674,20295
961,1731,24915,20512
956,1725,24848,20459
958,1717,24777,20390
962,1750,24945,20579
956,1677,24646,20261
959,1731,24863,20498
960,1744,24884,20514
959,1724,24822,20438
963,1755,25039,20645
957,1689,24669,20290
963,1740,24941,20576
970,1707,25003,20574
965,1709,24900,20462
964,1736,25015,20608
956,1692,24704,20326
964,1727,24890,20528
959,1705,24813,20432
959,1727,24802,20438
962,1753,24944,20596
957,1699,24734,20357
962,1724,24883,20467
958,1717,24782,20412
959,1703,24780,20403
961,1741,24918,20542
960,1689,24730,20365
968,1720,24990,20562
958,1705,24757,20352
960,1721,24872,20487
965,1733,25003,20558
957,1704,24695,20337
961,1740,24908,20549
960,1714,24830,20448
958,1715,24802,20408
960,1716,24886,20483
957,1686,24717,20334
963,1741,24975,20586
959,1706,24760,20380
961,1714,24849,20487
961,1732,24842,20475
957,1690,24714,20336
963,1735,24992,20595
958,1708,24772,20410
961,1712,24872,20478
960,1722,24851,20456
957,1672,24623,20247
963,1738,24978,20604
959,1703,24817,20423
959,1726,24903,20513
967,1713,24999,20528
962,1670,24749,20305
962,1739,24923,20570
958,1699,24768,20417
960,1738,24868,20492
961,1740,24881,20483
958,1695,24702,20283
965,1737,24998,20594
958,1722,24776,20416
961,1717,24870,20496
962,1728,24894,20514
966,1693,24844,20423
961,1735,24954,20556
958,1713,24767,20402
960,1727,24875,20507
961,1752,24928,20564
958,1712,24764,20408
963,1744,24960,20584
962,1673,24765,20321
961,1733,24900,20492
958,1747,24871,20482
959,1707,24791,20407
965,1747,24959,20576
956,1691,24675,20289
963,1743,24951,20552
960,1716,24882,20487
961,1703,24820,20431
963,1731,24976,20600
957,1680,24687,20309
961,1729,24873,20511
958,1712,24801,20443
958,1717,24793,20420
962,1734,24966,20600
952,1711,24673,20359
959,1725,24832,20456
961,1721,24835,20462
962,1703,24803,20411
962,1752,24972,20617
966,1699,24884,20440
964,1704,24936,20491
959,1703,24821,20386
961,1702,24815,20420
961,1728,24905,20540
964,1686,24799,20377
965,1733,24980,20571
959,1710,24816,20401
959,1720,24774,20407
966,1707,24949,20539
957,1690,24696,20294
960,1749,24900,20563
959,1704,24761,20387
958,1720,24783,20422
960,1738,24890,20494
956,1671,24669,20268
961,1747,24941,20588
958,1705,24765,20379
960,1727,24846,20480
968,1718,24992,20561
957,1696,24682,20310
962,1734,24970,20572
958,1724,24837,20431
959,1738,24824,20478
968,1711,24962,20534
956,1686,24635,20243
962,1745,24984,20611
960,1708,24835,20438
962,1722,24891,20515
968,1719,24968,20536
959,1663,24694,20285
961,1742,24919,20563
960,1718,24804,20444
967,1714,24988,20553
956,1734,24851,20486
959,1691,24719,20323
962,1745,24972,20612
956,1708,24729,20368
960,1743,24848,20517
960,1722,24866,20476
959,1707,24803,20406
963,1736,24965,20579
957,1688,24736,20310
961,1739,24898,20544
963,1726,24909,20516
959,1715,24812,20433
962,1746,24972,20566
958,1696,24756,20361
958,1686,24808,20429
960,1739,24888,20510
965,1716,24889,20475
963,1735,24984,20632
964,1681,24784,20360
960,1729,24857,20503
959,1721,24840,20479
958,1724,24799,20434
963,1747,25004,20636
962,1687,24807,20355
959,1720,24828,20482
959,1711,24830,20436
958,1707,24803,20415
962,1749,25009,20628
957,1692,24744,20338
959,1727,24854,20483
958,1697,24760,20390
958,1705,24775,20395
963,1750,25008,20640
958,1686,24734,20313
961,1729,24891,20525
957,1719,24780,20391
959,1705,24808,20433
960,1722,24878,20506
956,1698,24709,20339
962,1745,24932,20569
959,1709,24820,20412
958,1726,24790,20427
959,1731,24858,20494
957,1703,24730,20354
962,1748,24935,20585
972,1717,25071,20634
975,1747,25192,20746
963,1746,24992,20594
971,1694,24991,20526
971,1738,25096,20691
960,1698,24783,20403
959,1721,24807,20451
960,1734,24885,20500
957,1700,24737,20334
960,1735,24913,20559
959,1720,24830,20432
960,1724,24869,20490
958,1742,24886,20522
957,1688,24679,20271
962,1737,24918,20561
959,1713,24837,20460
961,1746,24902,20552
964,1725,24916,20535
958,1695,24668,20261
963,1740,24961,20601
967,1709,24938,20482
961,1724,24873,20501
960,1720,24903,20496
958,1691,24754,20345
962,1739,24950,20590
956,1685,24682,20289
962,1758,24944,20596
961,1729,24877,20472
959,1694,24777,20377
962,1746,24958,20610
958,1696,24707,20271
959,1737,24848,20487
960,1721,24810,20459
958,1715,24776,20403
963,1758,25016,20647
957,1685,24714,20295
960,1721,24852,20472
960,1722,24847,20489
963,1708,24841,20443
962,1734,24950,20600
955,1699,24647,20227
959,1721,24848,20481
957,1724,24834,20433
959,1728,24862,20437
967,1733,24965,20551
957,1696,24730,20347
964,1713,24878,20478
961,1716,24809,20420
959,1712,24823,20421
962,1744,24954,20583
960,1702,24809,20409
967,1702,24958,20514
957,1714,24767,20407
959,1708,24799,20433
961,1748,24905,20542
956,1706,24718,20334
961,1735,24925,20551
958,1708,24773,20399
957,1702,24734,20377
959,1736,24850,20512
959,1677,24727,20301
961,1747,24933,20569
959,1719,24825,20431
958,1712,24838,20410
959,1713,24820,20471
956,1695,24685,20312
963,1743,24956,20596
964,1707,24868,20429
960,1718,24864,20462
959,1720,24835,20460
955,1673,24659,20267
963,1741,24987,20621
961,1688,24789,20396
959,1733,24826,20497
959,1711,24810,20445
956,1690,24709,20265
963,1734,24952,20569
959,1705,24801,20439
960,1730,24850,20501
960,1729,24837,20463
957,1678,24680,20285
962,1745,24971,20594
959,1717,24828,20442
960,1733,24946,20555
960,1737,24849,20502
957,1695,24689,20307
962,1737,24951,20587
957,1715,24762,20368
962,1728,24967,20503
960,1724,24880,20481
960,1698,24783,20365
962,1747,24956,20595
959,1688,24681,20257
961,1733,24871,20490
959,1730,24847,20481
958,1696,24789,20397
962,1752,24956,20602
957,1692,24697,20277
959,1734,24835,20496
957,1741,24796,20462
959,1712,24813,20425
962,1741,24975,20607
957,1685,24706,20300
962,1726,24918,20515
958,1734,24808,20456
958,1730,24807,20448
956,1746,24926,20583
957,1702,24732,20341
962,1731,24935,20531
968,1693,24958,20514
959,1706,24825,20429
962,1739,24970,20619
964,1687,24813,20394
960,1735,24860,20503
957,1720,24745,20391
959,1713,24821,20435
961,1742,24946,20577
956,1686,24670,20289
962,1723,24894,20514
957,1710,24736,20367
959,1718,24845,20457
960,1728,24892,20540
957,1690,24735,20317
962,1746,24985,20602
957,1703,24753,20378
960,1722,24835,20449
961,1733,24845,20478
956,1682,24709,20320
962,1747,25003,20615
958,1700,24755,20372
960,1731,24846,20482
954,1744,24768,20499
955,1677,24644,20270
963,1738,24936,20554
958,1711,24766,20397
962,1722,24902,20515
959,1710,24817,20418
956,1686,24675,20281
961,1738,24922,20545
958,1711,24781,20419
957,1728,24847,20455
961,1712,24847,20451
958,1689,24756,20305
965,1726,25001,20562
959,1725,24817,20456
959,1733,24778,20424
961,1718,24839,20464
957,1685,24715,20328
961,1731,24981,20566
956,1712,24737,20364
962,1729,24930,20548
960,1725,24868,20477
957,1708,24710,20341
962,1740,24939,20599
956,1681,24664,20283
961,1726,24909,20496
960,1733,24849,20477
960,1700,24801,20389
961,1742,24922,20564
959,1677,24715,20331
960,1738,24888,20529
965,1728,24906,20508
959,1701,24813,20429
961,1745,24984,20599
956,1689,24678,20301
959,1732,24842,20495
959,1723,24824,20456
959,1712,24818,20436
966,1742,25070,20643
958,1706,24737,20340
961,1719,24878,20489
959,1714,24794,20401
960,1728,24837,20453
964,1742,24973,20589
957,1699,24715,20350
960,1726,24896,20505
958,1719,24782,20427
959,1719,24815,20434
961,1742,24941,20609
956,1694,24689,20317
961,1721,24893,20500
959,1713,24793,20412
959,1726,24862,20480
961,1741,24953,20564
957,1688,24709,20309
962,1738,24923,20570
958,1704,24782,20432
958,1714,24804,20416
960,1734,24893,20525
958,1704,24751,20366
962,1747,24978,20606
960,1713,24810,20416
959,1706,24795,20398
963,1725,24873,20542
956,1681,24653,20280
962,1746,24987,20616
959,1720,24810,20444
959,1721,24846,20461
959,1722,24830,20460
953,1683,24604,20247
963,1739,24985,20599
960,1722,24828,20426
959,1729,24857,20474
961,1724,24924,20521
956,1692,24668,20298
963,1743,24966,20602
966,1711,24905,20493
962,1729,24911,20532
961,1752,24924,20539
960,1675,24704,20284
962,1744,24964,20595
953,1718,24752,20381
961,1728,24919,20551
960,1743,24849,20487
957,1694,24714,20340
963,1743,25014,20621
958,1706,24747,20318
960,1740,24881,20516
969,1725,25014,20591
958,1700,24733,20351
964,1755,25064,20688
960,1683,24750,20331
961,1732,24903,20509
964,1729,24996,20585
967,1704,24925,20473
960,1749,24862,20530
957,1697,24663,20304
963,1733,24963,20586
964,1716,24944,20490
958,1669,24738,20353
965,1738,25050,20673
970,1696,24912,20458
960,1720,24836,20456
960,1726,24821,20446
963,1705,24831,20459
963,1755,25026,20638
957,1692,24729,20326
960,1729,24858,20504
959,1705,24826,20448
959,1728,24820,20469
961,1738,24961,20588
959,1690,24746,20354
961,1737,24915,20531
959,1714,24837,20414
960,1720,24839,20459
961,1739,24938,20567
957,1696,24725,20340
962,1733,24929,20553
958,1716,24804,20408
959,1722,24812,20449
960,1729,24892,20524
958,1707,24748,20369
961,1749,24924,20594
958,1709,24780,20405
960,1729,24833,20469
962,1727,24908,20503
957,1684,24709,20313
965,1741,24991,20598
959,1718,24789,20421
959,1722,24781,20437
966,1719,24943,20516
957,1694,24693,20292
963,1733,24985,20568
960,1726,24856,20464
961,1720,24854,20490
960,1726,24871,20491
957,1691,24665,20281
962,1741,24962,20594
961,1718,24912,20508
960,1725,24885,20505
960,1733,24873,20501
956,1690,24690,20319
961,1744,24924,20568
960,1709,24811,20430
959,1738,24823,20494
961,1734,24947,20551
959,1687,24731,20316
962,1746,24970,20611
958,1715,24790,20422
963,1721,24889,20509
960,1728,24880,20487
958,1699,24751,20371
962,1741,24965,20586
957,1697,24774,20347
965,1725,24940,20541
961,1725,24861,20491
960,1706,24798,20399
963,1737,24969,20568
957,1683,24709,20315
962,1741,24909,20560
960,1723,24856,20470
959,1723,24814,20444
961,1728,24926,20566
958,1713,24754,20361
960,1724,24842,20484
961,1731,24917,20521
960,1722,24834,20458
963,1752,24993,20621
963,1683,24783,20361
959,1736,24833,20492
959,1724,24805,20435
960,1723,24857,20441
964,1750,24996,20601
959,1691,24779,20362
961,1730,24887,20512
959,1725,24805,20459
959,1718,24812,20442
961,1750,24965,20594
957,1702,24737,20342
963,1731,24924,20543
966,1696,24916,20471
960,1715,24785,20417
962,1739,24912,20544
957,1705,24740,20379
961,1748,24926,20595
959,1721,24843,20441
959,1736,24829,20468
961,1739,24898,20542
957,1681,24711,20319
963,1755,24972,20643
959,1707,24800,20417
964,1718,24871,20495
961,1738,24922,20531
962,1673,24796,20321
963,1748,24995,20645
957,1714,24762,20396
962,1733,24908,20544
964,1715,24913,20478
956,1685,24719,20308
961,1734,24937,20579
959,1718,24794,20424
961,1733,24867,20506
965,1719,24909,20519
957,1698,24700,20331
962,1748,24947,20591
959,1721,24826,20440
962,1725,24943,20532
962,1728,24887,20502
959,1689,24736,20358
959,1744,24893,20539
958,1721,24801,20413
964,1752,24991,20629
975,1759,25284,20865
962,1711,24902,20478
970,1743,25045,20636
957,1700,24723,20345
962,1745,24917,20575
961,1719,24911,20516
960,1719,24860,20457
965,1744,24996,20613
958,1713,24761,20373
963,1729,24936,20552
961,1738,24884,20513
956,1729,24748,20401
965,1742,25028,20677
961,1703,24800,20364
961,1733,24913,20540
962,1732,24866,20492
961,1731,24866,20493
963,1755,24993,20644
959,1695,24769,20369
962,1732,24942,20551
962,1734,24918,20521
961,1728,24888,20494
966,1756,25084,20713
959,1696,24746,20342
962,1744,24914,20569
960,1720,24866,20458
962,1733,24932,20542
964,1756,25024,20656
958,1707,24757,20381
962,1740,24914,20547
960,1721,24824,20481
961,1723,24848,20472
962,1741,24966,20602
959,1704,24799,20411
964,1741,25000,20611
961,1718,24843,20476
961,1736,24892,20490
961,1743,24913,20578
959,1714,24783,20419
964,1747,25010,20636
961,1722,24868,20453
961,1731,24862,20462
963,1732,24939,20569
958,1711,24741,20375
963,1752,24967,20639
966,1725,24916,20508
961,1717,24924,20500
960,1741,24847,20498
956,1675,24687,20272
964,1752,25016,20658
958,1702,24765,20391
959,1730,24821,20476
959,1738,24816,20471
956,1681,24703,20313
963,1760,24997,20628
967,1711,24940,20501
971,1728,25018,20607
969,1721,24970,20562
963,1690,24763,20291
960,1736,24890,20522
957,1712,24789,20392
959,1722,24908,20480
958,1729,24793,20447
957,1702,24729,20360
960,1743,24887,20537
955,1705,24706,20333
959,1731,24866,20474
959,1726,24826,20460
956,1692,24715,20330
960,1736,24896,20554
955,1686,24663,20292
959,1725,24831,20472
962,1712,24896,20493
958,1718,24820,20414
960,1725,24908,20551
955,1686,24683,20293
960,1724,24852,20495
959,1725,24831,20469
960,1729,24847,20469
964,1746,24995,20602
957,1689,24723,20303
954,1727,24599,20438
963,1710,24729,20291
958,1721,24797,20439
963,1758,24976,20628
958,1704,24786,20399
961,1735,24925,20541
958,1700,24787,20410
958,1706,24804,20428
959,1731,24876,20523
955,1687,24649,20287
956,1720,24703,20356
956,1681,24637,20255
953,1671,24619,20203
955,1718,24731,20376
949,1700,24438,20055
954,1709,24692,20343
950,1687,24511,20171
951,1659,24601,20157
954,1711,24705,20344
959,1697,24650,20202
956,1709,24794,20394
954,1674,24579,20184
951,1677,24536,20193
954,1683,24652,20302
953,1684,24541,20126
956,1725,24784,20418
953,1688,24624,20276
955,1695,24675,20307
954,1690,24641,20281
953,1679,24585,20225
967,1715,24946,20521
953,1682,24593,20229
955,1681,24694,20288
954,1708,24667,20307
951,1697,24479,20095
956,1711,24754,20393
954,1705,24642,20304
955,1704,24707,20345
957,1691,24728,20322
952,1680,24602,20185
959,1729,24879,20489
959,1700,24747,20343
959,1728,24819,20480
958,1724,24782,20443
952,1681,24570,20240
961,1741,24931,20541
961,1686,24776,20366
959,1722,24862,20462
958,1720,24804,20450
957,1694,24695,20329
961,1746,24929,20583
956,1700,24687,20324
961,1728,24898,20495
957,1742,24896,20519
960,1701,24817,20416
963,1738,24977,20611
960,1710,24805,20433
964,1732,24995,20599
963,1728,24992,20626
964,1738,25002,20587
969,1759,25177,20758
963,1725,24876,20507
967,1756,25077,20720
966,1749,25018,20647
967,1759,25109,20712
973,1760,25246,20816
962,1717,24882,20488
967,1755,25086,20704
965,1741,25004,20624
966,1745,25045,20671
974,1745,25231,20825
964,1722,24917,20511
966,1750,25056,20667
966,1752,25077,20697
966,1737,25002,20603
970,1773,25180,20817
965,1724,24915,20530
967,1758,25105,20724
968,1791,25086,20687
967,1753,25078,20675
968,1764,25174,20749
965,1733,24952,20545
969,1753,25152,20773
964,1733,24948,20564
965,1742,25005,20628
967,1753,25109,20728
963,1735,24893,20519
970,1760,25220,20841
967,1748,25082,20697
981,1772,25341,20909
982,1749,25359,20929
976,1725,25153,20697
970,1722,25210,20832
969,1748,25105,20727
969,1755,25150,20736
969,1767,25119,20763
965,1735,24964,20562
970,1762,25223,20834
968,1760,25102,20717
969,1764,25149,20743
967,1760,25117,20692
964,1742,24929,20550
969,1758,25168,20813
966,1748,25024,20652
969,1756,25138,20743
968,1744,25111,20692
963,1721,24893,20516
967,1767,25148,20762
966,1742,25003,20612
967,1756,25072,20711
976,1735,25174,20736
963,1726,24895,20516
966,1760,25104,20704
962,1722,24892,20515
967,1750,25016,20646
965,1745,25010,20620
972,1723,25038,20618
967,1753,25103,20728
963,1701,24849,20429
966,1745,25083,20669
967,1739,25054,20605
963,1731,24902,20502
965,1751,25023,20690
961,1701,24815,20438
963,1742,24982,20575
961,1744,24925,20543
962,1722,24905,20533
965,1749,25055,20676
960,1698,24778,20394
962,1732,24918,20552
961,1728,24879,20516
960,1724,24851,20496
966,1750,25115,20723
964,1701,24839,20400
963,1733,24930,20559
973,1732,25112,20672
974,1739,25089,20668
966,1748,25048,20644
959,1699,24789,20400
961,1736,24914,20518
961,1716,24852,20442
965,1699,24885,20460
961,1755,24914,20569
958,1678,24692,20304
965,1747,25020,20628
962,1722,24943,20484
960,1727,24808,20440
960,1738,24892,20529
956,1703,24686,20310
963,1738,24990,20640
961,1732,24837,20462
961,1721,24827,20456
961,1731,24899,20493
958,1695,24708,20294
953,1744,24687,20458
960,1726,24852,20474
965,1713,24892,20460
960,1729,24876,20521
958,1686,24708,20299
964,1752,25041,20664
961,1716,24844,20431
959,1729,24848,20504
961,1735,24868,20512
961,1677,24735,20351
964,1747,25024,20648
963,1712,24905,20480
962,1734,24892,20519
962,1749,24949,20594
958,1701,24730,20351
963,1746,24949,20591
960,1725,24846,20486
960,1735,24886,20519
959,1749,24886,20581
959,1707,24756,20380
963,1746,24977,20607
959,1727,24821,20457
964,1735,24922,20543
961,1718,24911,20515
963,1704,24839,20414
964,1746,25033,20639
958,1699,24790,20357
962,1733,24909,20544
961,1743,24907,20544
960,1727,24820,20454
965,1740,25030,20612
958,1689,24757,20348
960,1736,24883,20521
961,1736,24895,20513
961,1712,24861,20476
964,1748,24988,20639
958,1675,24714,20321
961,1735,24907,20552
962,1733,24946,20533
960,1712,24844,20452
964,1750,25021,20662
960,1695,24747,20344
962,1727,24904,20543
959,1729,24867,20490
962,1739,24908,20528
963,1737,25021,20648
959,1718,24803,20404
961,1741,24898,20542
959,1709,24772,20411
960,1716,24827,20443
963,1757,24986,20621
959,1708,24783,20382
958,1744,24859,20497
961,1724,24860,20474
963,1707,24874,20482
963,1744,24937,20554
957,1693,24715,20347
964,1766,25017,20646
960,1727,24879,20482
961,1713,24829,20438
961,1740,24916,20552
957,1695,24710,20330
963,1747,24957,20621
959,1711,24821,20433
960,1716,24861,20478
962,1736,24938,20566
954,1707,24728,20323
963,1743,24985,20621
959,1730,24816,20466
960,1718,24859,20480
960,1725,24875,20482
959,1707,24771,20370
962,1743,24976,20615
960,1725,24856,20475
962,1730,24863,20475
960,1728,24867,20532
957,1681,24701,20321
969,1734,25043,20630
960,1714,24872,20472
964,1719,24922,20514
958,1739,24775,20481
957,1670,24708,20301
963,1746,24952,20593
960,1708,24835,20437
960,1734,24905,20517
961,1737,24902,20523
959,1701,24769,20353
964,1749,25034,20665
957,1696,24715,20327
963,1747,24927,20590
963,1720,24945,20515
959,1713,24826,20429
962,1743,24962,20603
959,1707,24758,20381
962,1743,24918,20569
960,1726,24870,20491
961,1714,24841,20463
969,1740,25036,20638
958,1689,24748,20330
965,1729,24947,20534
960,1724,24837,20446
960,1727,24844,20482
963,1738,24961,20596
957,1696,24721,20340
961,1733,24900,20530
960,1734,24853,20465
960,1716,24894,20487
964,1748,24988,20615
960,1679,24744,20338
961,1743,24912,20564
960,1713,24869,20462
961,1730,24874,20485
963,1741,24988,20629
957,1709,24754,20371
962,1736,24946,20518
960,1718,24833,20476
960,1716,24857,20497
962,1747,24943,20610
963,1684,24821,20378
963,1736,24951,20554
960,1715,24800,20418
959,1704,24808,20421
960,1731,24899,20540
957,1694,24719,20337
964,1748,25012,20655
960,1719,24846,20427
963,1711,24889,20447
961,1723,24887,20512
960,1687,24683,20308
962,1752,24970,20634
960,1711,24840,20427
963,1742,24943,20558
965,1727,24906,20504
957,1700,24729,20340
963,1742,24972,20611
961,1707,24808,20418
962,1717,24881,20499
961,1690,24822,20443
963,1681,24838,20353
964,1747,25008,20635
974,1735,25112,20678
974,1736,25136,20704
975,1732,25111,20689
959,1693,24716,20288
962,1745,24961,20580
963,1712,24910,20464
957,1747,24855,20496
961,1718,24870,20494
958,1704,24740,20357
962,1745,24958,20605
958,1711,24796,20410
962,1726,24950,20557
961,1731,24869,20501
960,1706,24805,20409
963,1743,24971,20590
958,1715,24738,20376
961,1736,24918,20567
961,1744,24876,20530
961,1716,24865,20471
962,1744,24958,20573
958,1688,24730,20316
961,1736,24884,20522
961,1739,24850,20512
960,1727,24849,20463
963,1754,25010,20644
959,1711,24785,20386
963,1730,24983,20567
960,1732,24853,20484
960,1731,24832,20480
963,1749,24991,20638
959,1708,24806,20403
960,1740,24902,20567
960,1725,24834,20458
964,1711,24887,20476
963,1756,24991,20646
957,1688,24714,20347
961,1735,24865,20493
959,1722,24791,20422
961,1716,24897,20492
963,1744,24968,20595
955,1702,24695,20332
962,1734,24914,20554
960,1717,24830,20470
961,1723,24886,20518
962,1733,24947,20556
960,1732,24842,20459
963,1744,25025,20636
960,1721,24821,20443
960,1718,24814,20465
961,1725,24894,20549
959,1694,24771,20363
965,1749,25057,20670
960,1712,24812,20414
961,1729,24873,20499
961,1714,24867,20477
962,1675,24766,20336
963,1747,24994,20638
960,1715,24822,20449
962,1718,24921,20497
962,1734,24882,20497
956,1689,24669,20308
964,1741,24994,20632
960,1703,24821,20440
962,1733,24894,20537
962,1731,24916,20543
959,1699,24798,20386
963,1738,24985,20590
961,1724,24859,20469
967,1712,24946,20504
962,1728,24887,20545
959,1693,24747,20348
962,1746,24991,20595
959,1720,24789,20416
961,1738,24915,20529
960,1726,24874,20517
958,1693,24715,20343
963,1749,24992,20631
956,1711,24700,20350
963,1745,24960,20578
962,1726,24915,20522
960,1709,24794,20414
964,1747,24999,20647
958,1688,24701,20306
963,1727,24943,20540
960,1720,24882,20480
960,1717,24863,20469
965,1751,25070,20675
966,1687,24832,20399
961,1734,24900,20544
960,1727,24838,20484
960,1715,24851,20452
965,1757,25079,20699
957,1701,24715,20337
966,1735,25050,20607
965,1700,24901,20496
960,1718,24840,20472
963,1749,24988,20630
958,1709,24759,20382
963,1732,24963,20567
970,1710,25012,20561
960,1718,24824,20441
964,1756,24994,20624
958,1689,24731,20341
964,1732,24932,20514
960,1733,24834,20471
959,1714,24855,20447
962,1747,24974,20587
958,1699,24735,20349
964,1744,24995,20642
960,1712,24798,20424
960,1725,24867,20488
961,1735,24933,20540
958,1702,24725,20346
963,1739,24999,20610
960,1719,24839,20475
959,1733,24811,20440
959,1730,24853,20492
958,1693,24712,20323
