2268,5000
957,1687,24729,20317
961,1731,24895,20502
961,1686,24856,20404
959,1724,24803,20451
960,1738,24882,20530
958,1698,24744,20372
963,1739,24975,20588
958,1731,24768,20380
959,1717,24815,20454
962,1723,24919,20517
957,1709,24717,20346
966,1736,25025,20651
960,1717,24787,20404
959,1733,24802,20467
960,1715,24875,20472
956,1700,24703,20336
961,1740,24934,20581
958,1717,24804,20423
960,1732,24860,20495
959,1705,24823,20445
956,1696,24712,20318
962,1742,24975,20586
960,1717,24831,20425
964,1725,24897,20494
961,1717,24848,20484
959,1673,24690,20272
962,1749,24983,20605
960,1727,24842,20455
960,1719,24875,20497
959,1725,24862,20485
955,1689,24654,20282
965,1747,25019,20662
971,1726,25028,20604
966,1726,24907,20519
959,1732,24862,20476
957,1698,24722,20351
960,1745,24902,20609
963,1686,24800,20387
961,1724,24874,20505
961,1747,24910,20554
959,1708,24811,20414
961,1731,24956,20581
963,1695,24775,20366
962,1743,24938,20575
969,1717,24983,20575
959,1714,24804,20439
965,1732,25013,20602
959,1693,24736,20304
961,1737,24883,20506
959,1723,24870,20469
963,1724,24859,20482
962,1734,24954,20611
957,1692,24699,20313
961,1728,24853,20478
960,1717,24855,20457
958,1728,24828,20433
967,1750,25014,20620
956,1684,24694,20313
960,1734,24858,20501
959,1738,24868,20497
959,1720,24830,20450
965,1729,25038,20619
958,1695,24780,20355
960,1733,24857,20505
959,1731,24810,20455
959,1713,24806,20440
961,1744,24946,20583
959,1704,24744,20337
956,1741,24869,20553
959,1711,24824,20429
960,1730,24850,20490
963,1718,24885,20501
957,1691,24667,20290
962,1751,24987,20654
959,1707,24825,20422
959,1704,24808,20401
960,1737,24847,20475
957,1708,24711,20339
963,1737,24964,20612
966,1709,24908,20469
960,1707,24817,20445
962,1713,24893,20493
956,1697,24707,20296
962,1745,24947,20595
960,1714,24804,20432
960,1728,24863,20484
961,1728,24886,20519
957,1671,24725,20300
961,1749,24945,20602
960,1725,24846,20492
960,1737,24842,20496
961,1748,24880,20525
956,1690,24666,20286
964,1748,25001,20633
969,1710,25021,20551
964,1711,24940,20525
960,1728,24848,20482
957,1706,24696,20339
962,1720,24910,20560
959,1699,24766,20368
960,1739,24890,20516
962,1715,24915,20513
958,1695,24816,20374
963,1739,24937,20559
957,1688,24678,20302
966,1727,24955,20549
960,1721,24863,20482
972,1697,24956,20489
962,1751,24965,20610
960,1674,24725,20302
960,1729,24865,20513
959,1725,24815,20439
959,1722,24794,20431
963,1736,24966,20626
958,1700,24754,20335
960,1729,24866,20498
960,1724,24880,20495
960,1727,24804,20436
962,1741,24956,20602
958,1687,24747,20349
962,1723,24883,20469
959,1708,24807,20414
960,1703,24838,20416
965,1754,25038,20658
969,1700,24908,20458
972,1720,25050,20616
962,1701,24858,20424
960,1727,24831,20460
961,1751,24942,20578
957,1698,24737,20344
963,1739,24930,20574
959,1708,24786,20405
959,1725,24813,20446
961,1734,24873,20515
958,1695,24760,20372
964,1754,25000,20634
958,1714,24780,20427
960,1733,24821,20448
960,1722,24848,20481
957,1697,24731,20350
962,1743,24971,20589
962,1740,24915,20512
960,1715,24878,20459
959,1718,24815,20445
957,1694,24682,20300
962,1744,24941,20600
964,1699,24906,20460
961,1732,24888,20491
969,1713,24977,20544
957,1681,24716,20308
961,1747,24939,20597
959,1724,24801,20439
961,1719,24893,20510
965,1722,24896,20497
957,1681,24713,20299
962,1736,24947,20562
958,1723,24794,20433
960,1730,24844,20503
959,1734,24841,20489
959,1692,24764,20365
965,1727,24990,20601
957,1710,24757,20368
961,1731,24984,20566
959,1723,24837,20491
959,1717,24778,20411
963,1736,24949,20572
956,1694,24697,20322
964,1726,24939,20513
961,1735,24880,20512
962,1692,24830,20406
962,1749,25002,20653
956,1689,24668,20298
962,1735,24911,20557
966,1730,24948,20543
960,1705,24849,20456
963,1748,24970,20594
958,1666,24686,20274
961,1737,24893,20521
964,1696,24843,20448
960,1720,24826,20437
962,1739,24974,20611
957,1697,24760,20349
960,1729,24902,20501
957,1682,24764,20403
959,1721,24811,20449
962,1750,24958,20617
958,1692,24724,20311
962,1739,24951,20568
958,1715,24764,20394
959,1720,24838,20459
960,1744,24915,20563
956,1701,24690,20303
961,1731,24886,20527
959,1718,24823,20448
961,1711,24825,20426
960,1734,24883,20524
958,1718,24764,20377
961,1745,24923,20566
958,1716,24768,20410
960,1725,24879,20479
970,1713,25022,20598
957,1699,24732,20333
962,1745,24996,20592
960,1726,24825,20450
959,1720,24783,20441
958,1735,24812,20467
957,1682,24720,20321
961,1737,24956,20576
959,1712,24813,20435
961,1726,24883,20498
961,1723,24874,20488
956,1679,24663,20280
962,1735,24913,20549
959,1711,24814,20453
961,1749,24901,20534
963,1716,24889,20489
957,1695,24709,20337
960,1740,24914,20561
959,1723,24799,20452
963,1713,24949,20526
966,1730,24940,20522
958,1697,24755,20352
963,1738,24991,20588
958,1713,24753,20371
961,1740,24884,20533
968,1720,24978,20551
955,1710,24726,20347
963,1740,24987,20586
955,1692,24677,20307
960,1735,24905,20526
959,1727,24833,20459
960,1735,24879,20520
962,1746,24935,20599
957,1689,24700,20319
961,1723,24911,20502
959,1722,24821,20444
960,1727,24825,20474
965,1760,25036,20676
969,1689,24922,20492
962,1725,24882,20480
959,1734,24878,20508
960,1727,24844,20455
966,1742,25063,20642
958,1697,24728,20335
961,1731,24858,20502
968,1706,24945,20530
969,1709,24987,20520
963,1740,25013,20616
958,1685,24708,20314
960,1723,24845,20461
959,1732,24787,20435
959,1703,24780,20406
962,1739,24941,20584
958,1712,24728,20357
963,1734,24963,20567
958,1723,24788,20407
959,1717,24802,20414
961,1725,24886,20519
957,1718,24734,20380
961,1744,24945,20587
960,1711,24819,20421
958,1716,24831,20417
961,1732,24923,20528
957,1694,24719,20346
962,1749,24954,20603
960,1716,24801,20429
961,1706,24882,20467
963,1734,24907,20497
957,1683,24670,20275
961,1741,24952,20578
958,1706,24781,20419
962,1731,24861,20499
962,1715,24851,20474
956,1694,24665,20285
966,1733,25001,20595
960,1722,24843,20467
959,1734,24859,20488
960,1717,24847,20470
957,1697,24717,20326
962,1738,24943,20553
960,1737,24854,20481
961,1736,24899,20525
961,1742,24943,20532
956,1682,24673,20290
963,1746,24996,20618
962,1695,24790,20383
961,1730,24924,20529
961,1725,24921,20505
959,1700,24758,20307
962,1746,24979,20607
956,1694,24708,20315
961,1737,24876,20523
969,1683,24933,20494
959,1709,24789,20407
965,1743,25001,20597
958,1673,24713,20280
961,1737,24881,20518
959,1727,24795,20429
960,1732,24853,20498
963,1759,25009,20647
958,1680,24719,20304
961,1728,24935,20541
959,1716,24863,20457
962,1728,24902,20532
968,1735,25035,20624
958,1711,24728,20365
963,1715,24881,20461
959,1724,24865,20463
964,1710,24884,20474
964,1747,24990,20604
958,1691,24721,20321
959,1707,24809,20450
966,1699,24897,20480
959,1721,24823,20465
961,1740,24960,20577
958,1700,24736,20362
965,1737,24962,20560
957,1720,24773,20412
960,1724,24833,20482
960,1728,24904,20522
955,1708,24690,20319
963,1747,24993,20607
959,1712,24844,20422
959,1722,24801,20453
961,1730,24868,20536
956,1689,24692,20328
962,1745,24978,20593
959,1707,24824,20428
960,1728,24810,20444
960,1737,24892,20515
956,1698,24658,20295
963,1743,24972,20611
961,1722,24806,20433
959,1711,24833,20454
960,1720,24882,20492
956,1696,24678,20297
963,1734,24965,20591
960,1716,24846,20459
965,1724,24893,20508
962,1724,24905,20522
960,1691,24729,20301
961,1743,24961,20581
961,1709,24869,20437
959,1732,24885,20522
961,1721,24842,20453
962,1705,24826,20447
962,1748,24978,20609
958,1704,24790,20386
961,1734,24882,20519
960,1729,24881,20495
960,1703,24810,20431
961,1739,24937,20577
956,1703,24707,20349
959,1734,24853,20503
960,1731,24880,20471
960,1715,24836,20438
961,1748,24916,20564
957,1686,24713,20337
960,1737,24880,20537
962,1780,24947,20587
959,1720,24825,20449
963,1755,25019,20622
967,1682,24909,20438
961,1720,24852,20472
959,1739,24835,20475
962,1719,24838,20445
964,1751,25038,20636
967,1696,24881,20425
960,1739,24869,20541
960,1714,24832,20424
959,1724,24787,20420
962,1734,24958,20614
958,1715,24753,20388
961,1733,24848,20479
960,1714,24838,20422
959,1722,24798,20426
960,1730,24915,20561
958,1678,24692,20285
967,1746,25027,20676
958,1715,24758,20390
960,1730,24866,20483
960,1736,24960,20596
958,1694,24780,20358
966,1737,25004,20628
957,1729,24765,20425
959,1709,24788,20425
969,1712,25006,20569
957,1693,24729,20309
962,1750,24967,20624
972,1712,25058,20594
973,1726,25113,20663
972,1746,25132,20744
956,1687,24670,20290
966,1738,25000,20621
959,1724,24828,20454
960,1730,24851,20481
962,1734,24902,20538
966,1688,24841,20413
964,1732,24954,20571
961,1735,24878,20499
964,1708,24946,20523
960,1727,24902,20501
958,1707,24771,20350
966,1729,24983,20581
963,1714,24845,20448
960,1745,24858,20521
960,1743,24901,20532
958,1673,24751,20307
963,1753,24997,20630
958,1701,24762,20358
960,1728,24884,20521
961,1745,24889,20548
962,1683,24787,20371
962,1744,24958,20600
957,1695,24740,20331
962,1731,24903,20523
960,1727,24829,20452
959,1709,24781,20421
961,1751,24917,20565
956,1686,24707,20314
961,1724,24886,20502
962,1721,24914,20484
960,1717,24865,20476
962,1746,24982,20615
957,1689,24697,20322
961,1733,24891,20532
968,1737,24986,20576
959,1721,24856,20446
962,1752,24982,20621
957,1716,24747,20382
960,1723,24869,20507
963,1708,24861,20441
959,1713,24794,20417
963,1741,24970,20603
961,1697,24808,20390
961,1728,24840,20476
958,1731,24774,20416
959,1712,24817,20440
962,1736,24904,20554
958,1697,24722,20316
963,1745,24974,20600
969,1712,24976,20527
960,1709,24834,20417
967,1753,24982,20592
957,1684,24706,20315
962,1745,24957,20613
959,1724,24827,20440
961,1719,24857,20474
960,1719,24877,20510
957,1693,24748,20367
962,1745,24950,20591
959,1715,24797,20431
959,1720,24823,20447
958,1721,24822,20462
957,1692,24730,20319
962,1746,24959,20592
959,1707,24805,20434
960,1722,24844,20462
959,1715,24810,20452
957,1685,24704,20320
962,1743,24960,20597
960,1727,24854,20451
961,1726,24918,20511
959,1713,24845,20484
956,1694,24662,20295
963,1742,24947,20590
961,1723,24882,20474
966,1731,24939,20522
962,1722,24872,20491
960,1690,24761,20339
962,1744,24941,20579
957,1706,24752,20386
961,1720,24898,20513
959,1749,24844,20551
959,1696,24798,20394
963,1735,24978,20579
956,1693,24689,20319
960,1727,24870,20510
959,1731,24832,20481
960,1725,24816,20444
963,1734,24958,20564
956,1689,24733,20329
958,1730,24898,20494
960,1719,24863,20507
963,1717,24856,20437
963,1736,24968,20620
958,1684,24729,20308
955,1737,24886,20488
960,1730,24812,20453
959,1717,24839,20468
967,1738,25040,20646
962,1677,24760,20377
961,1731,24894,20529
960,1703,24800,20398
962,1720,24896,20501
967,1740,25011,20614
955,1675,24655,20281
960,1730,24823,20467
957,1718,24742,20388
959,1720,24838,20469
960,1735,24891,20540
958,1682,24756,20333
961,1738,24932,20530
959,1700,24786,20397
961,1718,24803,20426
960,1731,24867,20518
958,1700,24778,20390
962,1742,24995,20598
959,1718,24771,20387
960,1717,24814,20439
960,1734,24857,20503
957,1695,24690,20321
968,1726,25018,20608
958,1720,24787,20418
960,1730,24871,20465
971,1727,25032,20603
959,1681,24705,20300
961,1749,24932,20588
959,1732,24792,20448
960,1729,24842,20460
959,1719,24842,20459
957,1693,24696,20299
962,1746,24993,20601
959,1719,24793,20411
961,1708,24879,20481
959,1731,24831,20474
956,1685,24696,20300
964,1741,25021,20642
958,1718,24805,20431
961,1741,24880,20525
961,1716,24854,20465
956,1680,24669,20290
962,1739,24939,20574
967,1725,25002,20581
964,1733,25008,20599
972,1725,25029,20592
958,1691,24759,20357
963,1743,24952,20583
958,1703,24727,20350
956,1731,24850,20475
961,1733,24916,20540
964,1698,24875,20439
962,1738,25010,20601
956,1693,24679,20328
960,1727,24871,20511
960,1741,24887,20535
962,1710,24840,20425
966,1747,25081,20694
967,1692,24831,20389
961,1734,24883,20497
960,1722,24825,20475
961,1697,24821,20427
962,1746,24965,20607
966,1697,24841,20404
960,1734,24906,20498
958,1711,24816,20449
960,1714,24815,20428
962,1739,24968,20596
957,1706,24707,20344
960,1723,24859,20483
959,1726,24823,20453
960,1705,24838,20432
963,1746,25024,20642
957,1695,24725,20351
961,1719,24863,20469
959,1697,24779,20407
960,1736,24919,20545
961,1732,24917,20513
958,1711,24745,20371
963,1731,24973,20570
958,1720,24783,20422
958,1716,24758,20399
960,1726,24881,20540
956,1689,24663,20288
966,1750,25083,20694
963,1706,24835,20423
959,1722,24817,20441
961,1726,24880,20513
958,1684,24688,20284
962,1744,24965,20613
960,1720,24829,20464
970,1722,25016,20559
961,1715,24878,20451
957,1683,24700,20317
962,1741,24933,20572
958,1711,24779,20401
963,1724,24950,20559
968,1715,25006,20564
958,1685,24686,20301
961,1730,24942,20572
958,1723,24800,20431
959,1733,24838,20501
960,1738,24892,20533
958,1691,24688,20309
962,1741,24956,20575
959,1711,24795,20405
962,1726,24896,20514
961,1716,24862,20487
959,1699,24755,20371
968,1740,25043,20635
957,1698,24711,20330
964,1724,24996,20564
962,1722,24910,20493
959,1710,24773,20391
962,1748,24951,20595
958,1734,24748,20365
962,1725,24907,20512
961,1727,24915,20495
959,1716,24801,20421
963,1747,24987,20603
953,1698,24605,20300
960,1738,24852,20505
958,1714,24802,20451
959,1728,24814,20459
963,1742,25016,20604
957,1676,24711,20303
960,1722,24850,20464
960,1708,24824,20435
958,1712,24783,20430
963,1743,25015,20636
957,1705,24712,20325
960,1716,24871,20467
959,1732,24860,20474
959,1714,24779,20407
961,1739,24905,20563
957,1697,24723,20354
961,1726,24905,20502
962,1699,24856,20407
958,1711,24735,20375
960,1734,24915,20549
955,1692,24671,20292
962,1741,24946,20605
958,1713,24760,20390
959,1716,24787,20416
960,1722,24904,20504
956,1697,24677,20309
962,1742,24948,20589
959,1714,24809,20421
960,1702,24805,20409
960,1735,24885,20510
957,1686,24706,20300
963,1746,25003,20620
959,1715,24849,20439
959,1728,24824,20479
961,1735,24875,20528
956,1682,24694,20323
963,1746,24997,20625
960,1709,24846,20442
961,1711,24912,20510
959,1725,24866,20493
957,1680,24684,20290
963,1743,24984,20622
964,1711,24860,20462
961,1743,24862,20518
962,1725,24921,20511
956,1689,24677,20288
964,1730,24951,20557
961,1717,24837,20456
969,1724,25021,20568
962,1725,24894,20492
959,1697,24787,20365
962,1747,24994,20600
958,1698,24765,20361
961,1738,24899,20548
961,1721,24846,20474
959,1710,24781,20411
961,1747,24971,20588
958,1717,24770,20386
962,1738,24932,20575
962,1727,24907,20497
959,1711,24806,20432
962,1746,24941,20592
961,1694,24791,20400
961,1734,24887,20531
960,1725,24879,20502
960,1718,24850,20461
963,1737,24968,20583
959,1680,24731,20316
962,1727,24868,20492
960,1706,24849,20450
961,1733,24890,20503
969,1752,25067,20639
959,1697,24784,20381
959,1732,24855,20496
959,1732,24797,20446
953,1718,24686,20360
964,1753,25054,20682
961,1680,24763,20321
961,1731,24880,20501
959,1701,24827,20434
958,1709,24778,20406
965,1742,25007,20647
958,1701,24770,20387
963,1747,24942,20577
960,1711,24822,20399
960,1720,24853,20471
959,1732,24855,20503
957,1689,24711,20333
962,1745,24960,20602
959,1713,24796,20403
959,1714,24829,20458
960,1729,24891,20501
957,1701,24721,20317
962,1735,24941,20562
958,1728,24780,20427
961,1719,24798,20442
961,1729,24910,20507
965,1685,24838,20380
962,1740,24941,20568
961,1727,24871,20476
959,1720,24852,20479
960,1724,24840,20476
957,1680,24661,20262
961,1740,24928,20575
959,1726,24835,20460
961,1739,24864,20504
960,1735,24874,20507
956,1690,24668,20285
961,1744,24909,20576
960,1722,24871,20484
961,1728,24947,20561
962,1735,24902,20507
957,1700,24756,20347
964,1741,25005,20633
972,1710,25049,20605
975,1759,25185,20767
975,1731,25148,20677
970,1689,24991,20500
962,1739,24948,20583
952,1705,24702,20326
961,1720,24900,20504
967,1704,24915,20496
958,1720,24767,20407
963,1800,25038,20678
958,1691,24728,20297
961,1742,24900,20542
960,1737,24837,20481
959,1733,24824,20476
960,1718,24865,20540
957,1702,24734,20347
960,1740,24880,20518
959,1704,24858,20444
960,1724,24882,20484
962,1740,24948,20595
958,1696,24733,20353
959,1733,24849,20483
959,1732,24806,20449
960,1712,24854,20450
962,1753,24973,20631
957,1696,24735,20337
960,1719,24854,20485
960,1715,24826,20446
960,1704,24764,20386
962,1729,24940,20581
964,1674,24828,20354
963,1735,24944,20573
958,1721,24788,20433
959,1715,24813,20437
963,1735,24905,20543
958,1682,24716,20304
963,1745,25015,20631
960,1704,24828,20410
960,1718,24876,20459
963,1739,24923,20566
956,1695,24686,20307
962,1744,24970,20612
959,1731,24843,20463
960,1723,24823,20430
958,1732,24821,20470
957,1698,24698,20313
962,1740,24942,20566
960,1730,24846,20484
961,1719,24855,20466
959,1724,24806,20473
957,1694,24745,20336
964,1737,24972,20572
959,1723,24810,20457
961,1739,24867,20503
961,1726,24847,20461
957,1694,24672,20298
964,1748,25008,20635
961,1723,24846,20449
963,1715,24962,20531
961,1736,24889,20519
956,1696,24672,20297
962,1739,24953,20593
956,1703,24745,20355
960,1741,24886,20501
960,1727,24864,20507
960,1716,24823,20438
961,1748,24926,20586
957,1703,24730,20375
962,1737,24920,20560
969,1728,25000,20593
959,1722,24825,20432
962,1761,24972,20617
956,1693,24649,20281
961,1735,24882,20525
968,1727,24944,20549
959,1722,24805,20429
964,1729,25042,20659
957,1688,24699,20276
962,1734,24935,20542
962,1707,24865,20432
963,1712,24816,20463
963,1744,24981,20628
959,1680,24737,20320
960,1726,24897,20500
961,1707,24801,20425
959,1713,24810,20430
963,1745,24978,20603
958,1694,24714,20316
960,1717,24858,20473
959,1721,24825,20464
959,1717,24839,20473
961,1733,24962,20592
958,1705,24733,20355
961,1730,24895,20541
959,1733,24816,20466
960,1716,24807,20411
961,1737,24922,20540
956,1682,24734,20307
964,1750,25041,20650
958,1711,24762,20395
959,1730,24806,20442
961,1732,24843,20469
958,1694,24740,20344
964,1742,25016,20616
959,1706,24783,20395
960,1727,24848,20478
969,1720,25003,20560
956,1678,24655,20292
962,1748,24961,20609
958,1719,24794,20425
961,1720,24905,20510
960,1725,24841,20468
956,1687,24701,20318
963,1746,24972,20618
960,1706,24795,20429
961,1731,24863,20474
960,1713,24861,20466
960,1699,24810,20416
964,1738,24993,20583
958,1710,24755,20386
961,1720,24897,20509
960,1717,24847,20477
960,1689,24741,20327
964,1746,25032,20630
963,1719,24879,20494
960,1737,24862,20491
961,1734,24914,20554
959,1708,24772,20407
975,1753,25192,20784
965,1680,24834,20390
961,1738,24919,20535
959,1727,24862,20502
960,1727,24844,20483
963,1732,24922,20542
956,1697,24668,20318
962,1738,24940,20569
963,1719,24897,20500
960,1722,24859,20478
963,1758,25023,20638
957,1695,24684,20304
960,1722,24861,20482
960,1729,24875,20503
959,1687,24810,20410
962,1734,24989,20610
958,1717,24743,20379
970,1721,25030,20600
959,1727,24808,20436
959,1751,24832,20480
962,1747,24950,20604
957,1704,24709,20327
961,1725,24906,20485
956,1719,24766,20387
959,1724,24822,20447
962,1733,24932,20574
957,1689,24717,20335
965,1726,24945,20533
960,1710,24830,20425
960,1730,24857,20491
962,1749,24959,20563
957,1690,24714,20326
962,1753,24953,20620
959,1703,24795,20416
959,1725,24830,20448
960,1729,24882,20501
958,1702,24733,20349
963,1739,24982,20590
962,1702,24823,20420
959,1732,24810,20464
961,1725,24857,20482
957,1695,24704,20335
966,1738,25043,20620
958,1733,24797,20440
961,1717,24859,20472
961,1711,24858,20484
957,1697,24687,20319
963,1740,24970,20606
959,1710,24836,20441
960,1721,24893,20473
960,1720,24896,20504
957,1687,24694,20303
964,1741,24955,20600
961,1712,24837,20435
963,1728,24936,20533
963,1741,24923,20521
959,1675,24720,20312
965,1736,25017,20606
959,1724,24833,20472
960,1731,24892,20530
961,1726,24859,20475
959,1703,24764,20388
968,1730,25023,20622
959,1695,24766,20362
961,1739,24880,20520
961,1725,24921,20543
964,1694,24825,20411
962,1739,24930,20567
956,1695,24713,20336
961,1741,24963,20575
960,1726,24896,20508
963,1721,24877,20475
962,1753,24953,20599
956,1704,24663,20319
961,1733,24915,20536
964,1724,24919,20500
961,1717,24859,20487
967,1745,25042,20639
960,1691,24758,20338
962,1725,24878,20484
955,1726,24820,20451
959,1717,24809,20444
964,1745,25026,20657
957,1696,24729,20340
961,1742,24903,20556
962,1720,24849,20461
959,1722,24814,20458
965,1736,25012,20603
958,1694,24721,20326
961,1731,24933,20544
958,1719,24838,20429
961,1724,24866,20497
964,1713,24951,20568
958,1704,24700,20321
964,1731,24971,20568
958,1712,24809,20416
959,1727,24810,20454
961,1725,24941,20572
972,1714,25004,20564
976,1757,25214,20805
975,1758,25189,20776
961,1743,24862,20505
960,1727,24884,20497
957,1674,24695,20297
962,1746,24969,20610
959,1716,24778,20419
960,1727,24832,20483
960,1727,24879,20496
956,1675,24684,20281
964,1745,25035,20648
961,1707,24858,20427
960,1727,24849,20491
959,1728,24810,20453
959,1694,24760,20378
963,1738,24964,20578
960,1709,24861,20457
960,1739,24872,20531
959,1734,24849,20492
958,1687,24747,20359
966,1741,25019,20633
959,1719,24794,20425
961,1723,24892,20516
962,1722,24910,20497
959,1706,24744,20367
962,1734,24931,20557
956,1702,24734,20362
962,1750,24909,20576
970,1723,25052,20607
959,1704,24804,20406
963,1746,25005,20607
957,1697,24755,20344
960,1738,24877,20525
961,1739,24868,20532
959,1696,24768,20394
963,1735,24977,20588
957,1693,24703,20282
961,1733,24910,20543
961,1727,24895,20527
961,1706,24818,20411
962,1754,24961,20620
956,1696,24667,20297
959,1726,24837,20497
955,1726,24809,20465
972,1725,25079,20641
973,1726,25130,20703
958,1708,24744,20354
961,1728,24847,20491
960,1739,24857,20498
960,1718,24832,20438
965,1752,25030,20626
958,1700,24790,20394
959,1727,24851,20465
960,1728,24843,20491
962,1710,24825,20419
962,1743,24994,20617
958,1720,24776,20375
967,1724,24975,20566
959,1731,24820,20453
958,1722,24784,20410
962,1741,24935,20581
956,1699,24668,20299
963,1750,24982,20633
961,1698,24852,20418
960,1730,24820,20449
973,1721,25087,20639
957,1676,24702,20309
962,1751,24949,20608
958,1707,24803,20408
961,1719,24858,20465
961,1727,24902,20493
957,1679,24721,20297
962,1746,24951,20585
960,1762,24850,20495
959,1727,24820,20467
961,1722,24886,20479
956,1676,24713,20283
961,1747,24920,20623
972,1728,25054,20613
965,1716,24915,20507
960,1713,24850,20487
958,1690,24685,20283
963,1747,24987,20627
962,1721,24894,20479
960,1735,24885,20514
962,1732,24882,20506
957,1711,24728,20359
962,1750,24963,20633
958,1720,24768,20389
963,1728,24934,20559
967,1721,25007,20557
963,1710,24833,20418
962,1742,24952,20599
957,1700,24707,20331
959,1739,24867,20533
961,1723,24897,20534
959,1706,24803,20397
964,1749,24982,20636
967,1693,24874,20417
962,1732,24892,20526
960,1739,24872,20520
960,1723,24829,20458
962,1746,24958,20598
956,1690,24708,20302
961,1729,24919,20536
959,1729,24826,20458
960,1715,24828,20441
962,1751,24957,20610
957,1695,24741,20353
962,1734,24935,20561
966,1711,24934,20496
959,1728,24840,20443
962,1739,24974,20608
957,1709,24713,20352
959,1733,24837,20494
958,1717,24806,20421
960,1727,24866,20483
961,1759,24954,20606
958,1683,24717,20294
962,1741,24921,20557
958,1709,24766,20404
959,1718,24826,20449
961,1728,24888,20542
958,1703,24762,20337
962,1745,24965,20606
957,1710,24776,20396
959,1721,24784,20443
960,1731,24863,20517
956,1686,24703,20324
965,1751,25038,20655
965,1696,24892,20441
961,1715,24908,20479
961,1721,24850,20460
957,1695,24714,20352
968,1732,25044,20637
960,1718,24822,20428
960,1713,24838,20433
960,1718,24856,20494
959,1690,24708,20281
962,1731,24930,20550
959,1723,24787,20424
961,1718,24857,20474
960,1721,24823,20458
957,1690,24733,20330
960,1735,24888,20534
959,1725,24816,20462
959,1731,24844,20497
959,1724,24838,20498
953,1695,24710,20301
961,1739,24938,20554
960,1718,24867,20480
961,1730,24934,20549
959,1736,24855,20488
958,1714,24768,20415
964,1734,24966,20591
956,1715,24732,20358
961,1735,24925,20539
961,1735,24877,20498
960,1703,24782,20372
963,1743,24968,20603
967,1687,24858,20425
960,1738,24855,20499
960,1720,24835,20475
959,1711,24829,20420
962,1745,24973,20590
962,1669,24763,20343
961,1733,24891,20524
959,1731,24820,20471
959,1719,24828,20448
961,1735,24975,20615
956,1693,24722,20335
955,1727,24863,20471
960,1718,24841,20473
959,1738,24791,20456
962,1745,24960,20623
958,1701,24762,20359
960,1737,24880,20513
959,1713,24819,20440
959,1715,24825,20443
962,1756,24961,20616
957,1696,24717,20334
960,1728,24846,20474
958,1724,24776,20433
960,1715,24874,20463
962,1745,24938,20561
960,1681,24716,20307
963,1731,24956,20570
957,1713,24758,20393
961,1714,24847,20459
965,1720,24952,20540
956,1698,24709,20320
963,1739,24995,20593
960,1713,24800,20418
959,1715,24812,20436
961,1743,24889,20540
956,1689,24722,20315
963,1748,25018,20624
960,1707,24807,20413
960,1718,24836,20444
959,1727,24838,20460
956,1684,24678,20291
965,1735,24972,20598
960,1734,24831,20482
962,1718,24894,20478
963,1718,24877,20475
956,1688,24622,20254
968,1733,25021,20610
959,1721,24803,20454
961,1744,24911,20534
962,1720,24892,20507
959,1676,24735,20283
961,1752,24966,20607
959,1719,24819,20444
960,1726,24878,20502
959,1745,24862,20521
958,1704,24763,20385
961,1744,24967,20587
957,1711,24749,20407
960,1732,24890,20513
967,1729,24965,20546
958,1708,24758,20379
962,1740,24943,20588
957,1687,24701,20307
961,1743,24927,20561
960,1719,24888,20509
960,1730,24838,20457
964,1747,24962,20593
958,1699,24725,20354
972,1725,25038,20625
960,1724,24860,20481
961,1725,24877,20473
967,1743,25089,20626
958,1703,24724,20344
959,1723,24834,20468
959,1720,24817,20452
960,1729,24890,20495
963,1743,25024,20622
958,1696,24719,20334
962,1740,24941,20567
958,1718,24794,20421
958,1722,24802,20434
964,1749,25007,20635
956,1681,24709,20328
962,1732,24939,20538
961,1715,24832,20448
959,1707,24825,20442
962,1747,24967,20624
966,1682,24831,20412
962,1729,24933,20532
958,1720,24806,20416
960,1712,24845,20435
962,1727,24944,20545
958,1683,24707,20299
963,1747,24962,20632
959,1715,24801,20409
960,1721,24838,20447
960,1714,24898,20500
957,1700,24708,20332
964,1755,25056,20689
959,1705,24792,20414
959,1730,24780,20425
960,1717,24849,20482
956,1693,24663,20289
962,1749,25009,20630
959,1720,24775,20395
964,1724,24961,20574
967,1718,24960,20549
956,1731,24690,20342
962,1741,24970,20591
959,1727,24815,20435
961,1751,24931,20555
960,1719,24896,20495
956,1677,24652,20252
963,1747,24986,20641
959,1730,24850,20491
963,1722,24924,20513
963,1755,24979,20607
958,1697,24726,20340
967,1736,25033,20624
958,1716,24769,20404
962,1739,24913,20560
976,1747,25207,20786
974,1715,25069,20626
978,1755,25315,20863
971,1748,25116,20700
961,1735,24885,20530
961,1740,24936,20573
959,1726,24773,20423
961,1738,24971,20584
957,1677,24705,20317
961,1731,24918,20498
961,1730,24895,20527
960,1724,24847,20490
961,1743,24941,20594
957,1695,24693,20331
962,1740,24945,20546
959,1715,24856,20456
960,1719,24843,20478
963,1743,24982,20575
958,1708,24740,20362
960,1728,24854,20488
960,1724,24804,20424
959,1728,24810,20452
963,1736,25013,20623
957,1701,24730,20352
961,1718,24842,20463
961,1729,24863,20488
959,1716,24780,20413
962,1744,24957,20603
957,1704,24738,20346
961,1733,24910,20533
959,1713,24828,20406
959,1720,24808,20436
962,1745,24943,20594
958,1699,24719,20351
964,1739,25003,20587
958,1709,24797,20405
959,1718,24824,20461
961,1719,24901,20513
956,1685,24673,20308
964,1744,24999,20635
968,1709,24915,20500
959,1718,24784,20439
961,1744,24904,20526
961,1682,24673,20272
963,1747,24981,20625
962,1698,24834,20429
961,1731,24882,20513
961,1735,24856,20471
962,1688,24779,20326
964,1750,25027,20644
970,1711,25016,20552
962,1728,24859,20479
960,1715,24814,20434
957,1703,24696,20342
962,1737,24961,20580
961,1718,24852,20435
962,1724,24910,20525
961,1738,24926,20547
957,1699,24726,20339
962,1738,24919,20571
959,1716,24791,20419
960,1741,24847,20506
961,1729,24903,20519
960,1715,24807,20414
962,1747,24939,20568
957,1717,24753,20399
960,1728,24855,20504
961,1742,24908,20547
967,1690,24896,20451
962,1739,24996,20589
959,1698,24797,20365
960,1730,24878,20513
961,1728,24872,20515
959,1708,24795,20429
968,1742,25049,20620
958,1694,24772,20366
959,1724,24853,20492
960,1721,24895,20507
965,1714,24897,20473
964,1746,24990,20604
957,1679,24689,20304
960,1728,24861,20503
959,1739,24860,20473
960,1724,24857,20475
963,1746,24969,20617
957,1699,24722,20370
960,1720,24838,20468
960,1721,24858,20455
959,1708,24818,20427
963,1752,25025,20636
957,1701,24776,20368
960,1734,24851,20489
959,1715,24801,20432
961,1731,24868,20493
974,1748,25182,20738
962,1674,24802,20356
962,1744,24936,20559
965,1701,24886,20443
958,1711,24804,20432
961,1737,24923,20566
967,1687,24817,20397
962,1749,24959,20612
958,1717,24827,20421
960,1708,24829,20451
960,1737,24885,20520
956,1714,24687,20307
962,1743,24941,20582
959,1710,24827,20447
960,1724,24886,20503
961,1711,24872,20468
959,1673,24766,20329
962,1750,24950,20600
959,1723,24801,20441
966,1723,24906,20514
961,1705,24848,20444
957,1674,24711,20291
962,1743,24960,20602
959,1717,24816,20432
963,1705,24914,20498
964,1710,24898,20482
957,1678,24682,20288
964,1735,24970,20599
959,1721,24854,20460
961,1745,24896,20549
971,1710,25038,20619
965,1682,24821,20381
962,1741,24935,20577
958,1712,24805,20402
961,1732,24955,20574
962,1736,24936,20562
959,1702,24800,20394
962,1741,24964,20608
957,1686,24667,20288
962,1741,24931,20578
961,1739,24904,20530
961,1716,24852,20456
962,1738,24947,20580
957,1693,24745,20350
962,1739,24932,20564
959,1732,24854,20493
959,1712,24800,20425
964,1754,24997,20644
967,1683,24886,20430
960,1735,24879,20517
960,1734,24849,20496
960,1714,24819,20435
966,1746,25006,20610
957,1696,24744,20350
961,1732,24900,20519
964,1702,24927,20458
960,1725,24867,20476
963,1737,25013,20644
961,1687,24757,20342
960,1739,24848,20520
959,1717,24850,20449
960,1721,24862,20465
961,1736,24949,20612
958,1699,24776,20376
961,1736,24888,20522
960,1726,24824,20470
958,1725,24799,20424
961,1733,24914,20587
957,1716,24727,20315
963,1746,24978,20622
961,1727,24859,20489
966,1703,24887,20475
960,1731,24875,20522
957,1700,24738,20369
962,1741,24971,20604
960,1722,24868,20477
960,1719,24856,20430
964,1726,24922,20575
964,1685,24806,20375
961,1748,24945,20600
960,1712,24826,20416
961,1734,24893,20518
961,1722,24845,20460
960,1696,24736,20321
964,1737,24975,20594
962,1717,24831,20439
962,1718,24914,20531
960,1724,24859,20482
957,1681,24714,20303
962,1738,24951,20590
960,1728,24838,20467
956,1743,24779,20449
960,1736,24869,20517
956,1695,24682,20298
963,1747,24988,20625
963,1711,24899,20479
963,1726,24984,20567
962,1732,24874,20512
959,1707,24747,20372
962,1748,24935,20589
958,1707,24806,20397
961,1742,24954,20565
961,1720,24883,20489
960,1718,24823,20444
962,1744,24975,20620
956,1686,24703,20307
961,1743,24889,20547
960,1723,24872,20508
960,1703,24837,20429
963,1738,24977,20622
956,1688,24696,20315
961,1744,24885,20521
958,1732,24804,20467
961,1723,24881,20489
962,1756,24995,20624
960,1708,24835,20437
967,1719,25000,20555
960,1715,24842,20475
963,1718,24854,20457
963,1746,24983,20626
958,1708,24761,20379
969,1718,25022,20580
962,1723,24830,20440
959,1721,24820,20443
964,1730,24988,20595
958,1716,24731,20369
959,1720,24841,20493
959,1707,24794,20420
960,1722,24887,20477
963,1721,24946,20565
957,1698,24712,20336
962,1736,24936,20562
958,1716,24756,20413
959,1707,24821,20443
962,1745,24973,20603
957,1689,24743,20339
964,1741,25025,20622
961,1710,24817,20430
960,1717,24836,20477
962,1736,24921,20555
957,1703,24735,20333
964,1739,25025,20625
961,1699,24829,20421
959,1721,24817,20462
960,1735,24869,20510
956,1682,24677,20316
962,1740,24938,20591
959,1709,24796,20422
966,1709,24969,20552
960,1733,24866,20481
955,1676,24666,20286
961,1740,24943,20573
960,1734,24848,20490
962,1722,24870,20475
961,1725,24886,20497
956,1690,24691,20284
966,1746,25063,20646
970,1724,25000,20587
962,1723,24893,20516
960,1730,24860,20506
958,1709,24751,20359
962,1748,24977,20583
957,1705,24745,20382
962,1739,24939,20552
960,1729,24879,20507
960,1714,24811,20433
964,1744,24985,20612
958,1699,24732,20363
963,1741,24980,20586
960,1736,24893,20523
960,1723,24808,20439
962,1735,24968,20595
956,1699,24686,20317
961,1737,24900,20549
960,1727,24890,20521
960,1725,24840,20448
963,1755,25013,20615
957,1705,24700,20337
960,1730,24852,20508
961,1713,24836,20451
962,1730,24928,20547
978,1767,25314,20873
973,1712,25029,20600
976,1738,25209,20753
972,1744,25052,20648
969,1702,24939,20517
963,1743,24975,20642
957,1711,24715,20346
960,1726,24887,20501
960,1716,24867,20490
959,1727,24783,20419
962,1766,24976,20644
957,1701,24706,20337
962,1734,24913,20519
964,1712,24882,20446
960,1710,24867,20470
962,1743,24947,20549
958,1682,24724,20332
963,1744,24968,20588
959,1722,24807,20451
959,1718,24872,20497
961,1743,24914,20535
957,1691,24702,20318
962,1745,24972,20604
959,1714,24813,20439
959,1707,24761,20373
960,1723,24861,20500
956,1707,24694,20328
963,1747,25005,20613
961,1715,24821,20436
961,1719,24906,20506
961,1726,24864,20483
956,1680,24669,20296
962,1744,24989,20626
960,1716,24791,20395
960,1733,24880,20517
964,1721,24924,20494
958,1693,24710,20312
963,1737,24953,20587
964,1718,24859,20499
969,1722,25055,20608
964,1718,24933,20504
956,1687,24694,20316
962,1745,24945,20579
959,1719,24822,20440
961,1735,24856,20507
960,1732,24859,20489
959,1697,24733,20366
965,1741,25080,20602
956,1688,24726,20361
960,1727,24906,20541
960,1753,24877,20536
959,1706,24762,20394
963,1738,24991,20619
956,1703,24713,20332
960,1737,24895,20518
962,1737,24934,20537
959,1717,24815,20451
963,1751,24977,20634
966,1669,24821,20362
961,1736,24919,20537
971,1717,25057,20603
960,1714,24843,20459
963,1743,24986,20612
958,1694,24720,20321
965,1715,24921,20508
958,1738,24788,20456
960,1720,24804,20447
963,1752,25016,20616
959,1696,24738,20334
961,1731,24859,20497
959,1708,24830,20446
959,1727,24808,20466
963,1744,24995,20625
957,1692,24752,20346
961,1732,24890,20494
960,1728,24887,20482
963,1714,24871,20459
961,1755,24934,20598
956,1694,24702,20342
963,1752,24977,20605
960,1716,24860,20459
958,1696,24737,20344
961,1737,24923,20560
957,1696,24699,20330
962,1745,24972,20634
958,1716,24787,20421
967,1705,24859,20483
962,1731,24933,20532
963,1685,24800,20363
962,1744,24957,20613
960,1729,24835,20465
960,1709,24830,20458
960,1733,24853,20489
957,1699,24730,20347
962,1740,24985,20583
959,1728,24831,20449
960,1721,24835,20458
960,1731,24853,20489
956,1691,24679,20301
963,1745,25001,20625
958,1699,24815,20413
961,1723,24880,20506
961,1728,24871,20496
956,1693,24679,20278
967,1745,25002,20646
972,1711,25030,20609
960,1735,24872,20509
961,1733,24904,20518
962,1689,24779,20360
963,1750,24956,20598
958,1703,24765,20385
960,1732,24868,20516
961,1722,24894,20504
959,1697,24800,20390
963,1748,25021,20639
957,1699,24745,20344
962,1728,24911,20538
959,1729,24836,20479
961,1718,24853,20493
962,1736,24954,20568
958,1693,24765,20343
961,1735,24861,20497
960,1734,24867,20492
960,1734,24842,20482
964,1747,24961,20596
957,1697,24686,20295
961,1738,24899,20550
959,1716,24858,20447
960,1717,24828,20459
962,1741,24989,20621
957,1709,24711,20338
960,1729,24862,20515
959,1723,24814,20424
958,1727,24809,20440
964,1752,25078,20695
959,1698,24781,20354
960,1727,24868,20480
964,1694,24875,20461
958,1722,24794,20427
962,1762,24977,20622
962,1677,24764,20304
963,1727,24921,20530
962,1714,24816,20417
965,1705,24855,20466
962,1747,24943,20595
963,1675,24779,20361
962,1741,24948,20587
960,1714,24873,20486
960,1734,24834,20485
959,1732,24870,20503
957,1699,24708,20319
964,1748,24993,20647
962,1696,24827,20423
960,1732,24834,20469
961,1718,24903,20511
958,1685,24749,20309
962,1752,24970,20613
959,1706,24785,20392
959,1714,24839,20450
960,1724,24875,20481
957,1702,24744,20356
964,1752,25029,20673
965,1716,24888,20458
961,1738,24853,20494
964,1719,24880,20494
957,1683,24708,20324
962,1734,24906,20549
960,1710,24883,20462
961,1727,24909,20525
962,1729,24883,20511
955,1688,24639,20272
963,1751,24959,20612
959,1719,24822,20428
961,1744,24894,20535
962,1726,24916,20504
958,1692,24791,20370
964,1750,25021,20661
969,1718,24976,20552
971,1708,25041,20600
960,1744,24897,20516
960,1729,24855,20467
963,1737,24986,20595
957,1685,24720,20289
961,1740,24893,20548
960,1727,24864,20507
964,1718,24859,20453
963,1748,24973,20618
960,1687,24763,20317
961,1731,24897,20520
959,1714,24846,20481
959,1731,24828,20474
963,1746,24966,20614
958,1692,24743,20339
960,1734,24877,20515
959,1717,24838,20454
958,1714,24836,20429
964,1762,25011,20651
959,1698,24731,20348
960,1732,24844,20510
960,1715,24869,20464
961,1701,24841,20431
963,1746,24985,20630
959,1691,24750,20327
963,1750,24951,20592
968,1708,24957,20536
959,1709,24807,20444
962,1740,24949,20613
974,1714,25084,20625
973,1738,25132,20691
960,1728,24822,20455
959,1706,24810,20411
960,1738,24896,20538
968,1697,24882,20415
963,1740,24987,20593
963,1715,24910,20492
961,1724,24886,20496
963,1717,24904,20504
957,1690,24725,20338
962,1751,24966,20619
959,1715,24823,20418
962,1720,24924,20525
960,1724,24853,20487
957,1684,24689,20290
959,1752,24954,20611
959,1724,24808,20442
960,1723,24861,20510
960,1730,24858,20510
963,1713,24840,20386
963,1740,24987,20613
960,1726,24822,20452
962,1729,24895,20525
960,1725,24855,20496
958,1698,24777,20380
962,1741,24963,20592
960,1703,24848,20446
963,1737,25016,20605
967,1722,24973,20553
958,1695,24712,20321
963,1750,24982,20633
961,1703,24828,20409
962,1731,24929,20541
961,1725,24882,20503
959,1703,24798,20406
962,1743,24968,20618
957,1696,24709,20336
960,1730,24879,20514
960,1734,24844,20481
960,1718,24860,20468
962,1740,24943,20582
957,1692,24725,20331
959,1737,24851,20493
961,1734,24876,20523
961,1714,24849,20449
963,1745,24992,20627
957,1681,24730,20338
961,1723,24910,20487
961,1739,24859,20500
956,1712,24783,20416
963,1736,24991,20624
959,1684,24738,20327
961,1730,24923,20529
959,1724,24816,20448
960,1736,24873,20497
963,1742,24990,20618
959,1691,24737,20339
959,1726,24826,20472
955,1714,24676,20388
959,1722,24841,20427
960,1736,24909,20565
959,1697,24775,20386
961,1727,24864,20476
962,1730,24828,20479
966,1700,24930,20478
960,1729,24909,20548
958,1698,24776,20386
965,1740,25060,20649
959,1715,24802,20445
964,1704,24843,20432
961,1731,24901,20537
961,1690,24780,20350
961,1733,24931,20550
959,1700,24803,20421
959,1727,24845,20466
960,1729,24865,20501
960,1681,24719,20306
965,1764,25044,20676
959,1721,24807,20440
960,1719,24866,20465
964,1736,24962,20588
965,1669,24791,20363
962,1741,24970,20595
960,1719,24810,20434
961,1722,24890,20505
959,1725,24852,20469
958,1728,24792,20389
963,1737,24991,20608
964,1711,24895,20470
961,1742,24866,20517
960,1720,24864,20506
956,1679,24701,20288
962,1751,24978,20612
959,1713,24812,20422
962,1734,24967,20591
965,1733,24927,20518
958,1676,24716,20327
962,1748,24958,20605
958,1707,24740,20375
961,1732,24916,20518
960,1732,24852,20473
959,1699,24762,20388
969,1733,25044,20627
956,1695,24686,20326
960,1737,24879,20522
961,1740,24931,20558
959,1721,24830,20410
964,1749,25030,20616
958,1682,24679,20288
960,1735,24867,20505
960,1746,24855,20518
961,1715,24899,20487
964,1750,25068,20667
966,1692,24869,20437
962,1720,24905,20498
960,1719,24849,20469
959,1717,24804,20438
963,1746,24984,20612
966,1680,24859,20422
960,1731,24884,20506
958,1714,24801,20418
959,1724,24807,20449
965,1754,25039,20665
966,1688,24837,20400
961,1721,24881,20489
960,1715,24828,20434
959,1716,24848,20469
962,1744,24998,20593
959,1714,24772,20402
970,1697,25021,20546
958,1722,24773,20411
962,1719,24901,20505
962,1724,24952,20538
959,1687,24733,20330
962,1748,24986,20628
959,1711,24805,20442
958,1714,24802,20443
960,1730,24851,20502
957,1690,24707,20335
962,1746,24983,20585
959,1709,24805,20428
959,1701,24811,20424
960,1736,24844,20488
956,1677,24663,20296
966,1749,25053,20674
959,1716,24815,20449
960,1705,24885,20459
960,1732,24910,20519
957,1692,24679,20299
963,1739,24954,20580
960,1712,24824,20443
960,1727,24886,20506
962,1731,24921,20524
956,1681,24671,20278
964,1748,25016,20642
960,1709,24827,20435
962,1738,24929,20569
961,1725,24866,20509
958,1681,24685,20295
962,1749,24990,20612
959,1725,24808,20432
960,1736,24875,20508
960,1738,24861,20506
958,1709,24730,20377
962,1740,24977,20600
956,1703,24735,20346
962,1735,24921,20535
961,1726,24927,20514
965,1702,24860,20442
962,1741,24933,20591
957,1678,24674,20274
960,1739,24918,20547
960,1719,24885,20476
959,1702,24808,20428
963,1756,24982,20602
958,1683,24720,20334
961,1734,24891,20534
960,1723,24858,20498
960,1719,24826,20470
962,1752,25009,20616
956,1692,24716,20330
964,1741,24965,20587
963,1693,24840,20411
959,1725,24810,20479
963,1743,24992,20630
958,1700,24768,20379
960,1716,24844,20443
963,1708,24890,20465
959,1723,24811,20427
964,1751,24969,20595
957,1696,24720,20358
960,1728,24887,20508
959,1753,24879,20475
959,1725,24830,20448
962,1745,24963,20594
958,1693,24725,20344
962,1743,24919,20565
959,1710,24766,20373
959,1715,24812,20457
962,1732,24930,20528
958,1686,24710,20278
963,1748,24973,20637
959,1717,24805,20418
959,1730,24790,20453
961,1723,24895,20497
957,1706,24735,20348
965,1740,25031,20625
959,1712,24861,20451
966,1708,24915,20502
960,1725,24830,20467
957,1695,24676,20302
965,1730,25006,20595
959,1709,24846,20452
961,1726,24903,20534
959,1713,24848,20451
957,1700,24714,20340
962,1736,24938,20578
960,1723,24809,20446
961,1736,24873,20518
963,1723,24910,20492
957,1690,24712,20337
963,1740,24942,20564
958,1717,24791,20442
960,1732,24889,20537
960,1735,24869,20496
957,1684,24726,20327
964,1753,25037,20658
959,1706,24806,20397
961,1737,24872,20514
960,1723,24856,20488
957,1703,24722,20371
963,1741,24987,20595
957,1697,24754,20356
961,1727,24907,20531
959,1727,24842,20448
959,1713,24788,20409
962,1748,24950,20582
957,1706,24717,20358
960,1740,24861,20522
962,1745,24925,20528
960,1714,24832,20444
963,1738,24967,20581
956,1692,24681,20318
960,1729,24863,20508
960,1728,24888,20523
959,1718,24805,20426
963,1741,25021,20634
958,1701,24780,20371
969,1717,25024,20547
958,1723,24777,20434
959,1729,24812,20482
962,1741,24979,20611
960,1695,24849,20380
960,1735,24883,20515
960,1717,24838,20451
959,1722,24815,20455
966,1731,25010,20619
956,1699,24661,20344
961,1721,24874,20496
960,1735,24849,20441
962,1710,24842,20431
962,1731,24920,20543
956,1699,24662,20289
962,1742,24949,20616
960,1721,24830,20442
960,1710,24813,20400
959,1734,24870,20465
957,1692,24761,20349
962,1741,24941,20574
957,1716,24756,20393
959,1723,24806,20456
960,1725,24875,20501
958,1708,24788,20411
963,1752,24987,20644
959,1719,24831,20458
960,1720,24882,20515
960,1739,24856,20502
964,1678,24774,20371
961,1740,24910,20565
959,1726,24861,20458
959,1739,24835,20485
961,1716,24845,20462
956,1691,24705,20315
963,1733,24912,20539
960,1726,24840,20457
961,1723,24925,20534
965,1721,24944,20515
958,1693,24734,20311
961,1744,24930,20583
960,1723,24809,20429
961,1741,24872,20522
962,1707,24903,20496
957,1694,24737,20336
962,1745,24976,20632
958,1699,24744,20349
961,1733,24903,20543
959,1720,24842,20458
959,1716,24776,20411
962,1739,24930,20564
957,1694,24731,20339
961,1735,24896,20506
959,1722,24825,20466
959,1715,24810,20444
963,1752,24954,20590
957,1696,24708,20305
955,1726,24868,20501
963,1708,24939,20488
959,1710,24854,20466
962,1751,24971,20622
956,1694,24700,20328
959,1715,24809,20432
959,1732,24868,20486
960,1727,24867,20481
963,1739,24984,20645
957,1679,24661,20235
961,1734,24881,20516
963,1704,24866,20460
959,1720,24790,20423
962,1746,24967,20638
957,1703,24739,20343
958,1750,24885,20530
958,1718,24781,20417
960,1705,24810,20424
961,1757,24949,20618
958,1701,24756,20377
967,1727,24974,20553
958,1720,24824,20434
959,1715,24852,20455
962,1728,24906,20513
956,1692,24691,20303
963,1739,24939,20569
960,1723,24858,20454
965,1726,24879,20488
959,1731,24857,20487
957,1693,24726,20347
963,1747,24992,20637
962,1701,24809,20415
960,1701,24814,20442
959,1730,24829,20476
957,1698,24731,20352
965,1733,25001,20597
959,1709,24775,20411
960,1740,24846,20507
959,1717,24800,20457
957,1706,24712,20330
963,1732,24965,20576
959,1717,24828,20415
961,1722,24900,20506
959,1713,24837,20487
956,1693,24692,20313
961,1749,24928,20586
959,1698,24811,20408
960,1729,24912,20506
967,1715,24955,20544
958,1683,24685,20307
962,1738,24957,20592
958,1725,24793,20434
961,1726,24862,20499
957,1727,24803,20453
959,1692,24771,20349
963,1741,24970,20597
958,1698,24733,20350
965,1735,25015,20572
960,1734,24835,20492
958,1711,24803,20414
962,1746,24974,20603
956,1693,24699,20323
960,1750,24918,20533
963,1718,24899,20500
958,1724,24771,20424
963,1756,24986,20627
956,1686,24691,20297
960,1733,24899,20509
958,1727,24817,20459
959,1722,24819,20443
962,1748,24961,20605
959,1695,24747,20360
961,1745,24886,20547
963,1714,24836,20448
959,1721,24854,20456
962,1760,25018,20676
958,1689,24729,20346
960,1737,24864,20521
959,1719,24809,20437
964,1698,24900,20457
962,1742,25014,20643
958,1695,24757,20358
961,1729,24919,20506
958,1731,24772,20418
960,1719,24812,20444
961,1737,24890,20536
957,1703,24728,20358
962,1738,24964,20585
959,1722,24822,20439
958,1707,24742,20361
960,1741,24890,20538
956,1684,24670,20282
963,1745,24987,20621
958,1706,24757,20382
960,1713,24866,20480
960,1736,24878,20516
959,1712,24750,20380
976,1755,25237,20813
974,1753,25153,20765
959,1716,24836,20442
959,1727,24854,20487
957,1707,24743,20359
963,1742,25021,20619
958,1716,24787,20420
962,1737,24878,20530
968,1715,24949,20543
956,1681,24713,20317
962,1751,24990,20612
959,1712,24810,20429
960,1729,24919,20523
960,1718,24838,20455
956,1683,24675,20292
961,1742,24910,20566
959,1725,24829,20462
960,1729,24872,20474
962,1739,24932,20551
958,1702,24719,20337
961,1739,24935,20583
956,1717,24735,20384
963,1728,24947,20551
967,1717,24981,20560
960,1694,24791,20370
962,1741,24988,20590
958,1681,24709,20316
960,1734,24883,20516
965,1727,24915,20534
959,1719,24798,20413
961,1745,24958,20582
957,1707,24736,20370
967,1723,24988,20572
959,1717,24838,20466
958,1709,24788,20432
962,1751,24942,20604
955,1678,24666,20279
961,1730,24925,20526
959,1721,24842,20448
959,1711,24811,20446
961,1734,24928,20569
957,1692,24701,20319
962,1728,24884,20486
959,1721,24824,20447
960,1722,24894,20496
958,1739,24931,20588
958,1696,24738,20377
960,1717,24836,20457
958,1723,24792,20449
959,1708,24837,20461
964,1741,25014,20633
958,1681,24678,20285
961,1733,24889,20526
959,1710,24779,20419
961,1723,24885,20513
962,1737,24904,20536
957,1698,24712,20314
963,1742,24989,20592
959,1721,24825,20432
960,1710,24804,20407
959,1740,24872,20525
956,1678,24661,20287
961,1749,24961,20590
960,1712,24809,20410
960,1719,24870,20464
960,1736,24919,20522
956,1706,24715,20334
962,1743,24948,20601
958,1717,24774,20396
960,1728,24855,20466
960,1727,24890,20479
955,1685,24662,20289
964,1742,25017,20633
965,1705,24878,20450
960,1741,24833,20496
960,1723,24846,20478
966,1690,24843,20413
962,1739,24972,20578
960,1729,24856,20487
973,1716,25106,20659
967,1717,24951,20533
957,1676,24662,20269
962,1742,24963,20597
958,1708,24804,20427
961,1734,24880,20512
960,1726,24916,20516
957,1682,24716,20313
961,1738,24923,20585
957,1717,24771,20410
961,1727,24929,20541
961,1734,24899,20498
957,1700,24744,20372
962,1749,24987,20626
959,1677,24736,20361
959,1738,24846,20499
960,1737,24871,20527
958,1697,24761,20407
963,1745,25030,20639
956,1687,24684,20288
961,1720,24896,20513
963,1724,24909,20495
958,1710,24763,20421
960,1750,24984,20613
957,1681,24702,20314
960,1737,24912,20531
961,1725,24872,20454
961,1720,24863,20480
961,1743,24939,20593
958,1701,24713,20326
960,1732,24892,20505
959,1722,24862,20454
955,1728,24838,20471
963,1741,24973,20592
956,1709,24702,20325
962,1737,24929,20577
963,1713,24816,20432
958,1704,24746,20352
961,1738,25002,20616
956,1685,24687,20280
963,1738,24931,20559
962,1702,24825,20421
957,1722,24780,20400
961,1741,24946,20579
957,1682,24721,20330
963,1745,24990,20614
960,1702,24804,20382
961,1726,24843,20470
973,1752,25106,20712
962,1668,24738,20324
962,1740,24981,20607
959,1701,24800,20386
960,1722,24864,20477
958,1722,24854,20459
955,1697,24678,20298
962,1744,24966,20627
959,1701,24793,20410
958,1729,24790,20442
960,1727,24893,20495
957,1689,24688,20294
963,1755,24994,20645
962,1705,24814,20405
961,1716,24854,20485
961,1722,24854,20478
957,1686,24697,20315
963,1746,24995,20598
970,1716,25046,20568
968,1725,24974,20554
960,1730,24847,20477
959,1701,24773,20385
972,1735,25132,20695
955,1728,24859,20449
963,1722,24905,20508
960,1740,24879,20509
957,1692,24736,20355
962,1748,24939,20589
957,1696,24728,20354
961,1735,24898,20528
963,1724,24909,20492
959,1710,24792,20420
962,1752,24990,20639
957,1691,24684,20303
961,1734,24889,20541
960,1718,24882,20498
959,1723,24817,20440
963,1738,24971,20566
958,1681,24742,20299
960,1741,24874,20529
960,1727,24867,20509
958,1719,24776,20395
967,1755,25100,20702
969,1693,24940,20476
963,1726,24900,20506
960,1717,24848,20458
960,1687,24836,20417
962,1742,24956,20607
957,1688,24722,20339
961,1728,24875,20509
961,1715,24842,20423
959,1716,24816,20441
963,1738,24967,20598
957,1694,24731,20353
960,1711,24837,20457
960,1719,24865,20482
961,1715,24816,20421
964,1733,24992,20605
958,1694,24767,20327
961,1736,24913,20532
959,1716,24793,20430
959,1713,24796,20434
961,1733,24926,20547
960,1713,24816,20401
961,1750,24940,20589
961,1727,24880,20496
960,1710,24816,20415
960,1742,24886,20546
956,1684,24668,20301
965,1752,25023,20665
959,1716,24823,20421
962,1739,24893,20536
961,1724,24860,20472
958,1700,24726,20347
961,1746,24929,20593
963,1713,24880,20455
960,1723,24870,20472
960,1736,24868,20485
957,1679,24728,20305
962,1744,24967,20619
964,1702,24906,20486
961,1729,24889,20529
959,1721,24867,20481
957,1690,24712,20313
962,1741,24962,20611
959,1721,24819,20422
963,1738,24942,20569
966,1722,24930,20515
958,1697,24715,20340
963,1746,24964,20612
960,1710,24860,20451
960,1742,24888,20535
960,1727,24839,20467
959,1700,24784,20397
962,1740,24946,20608
957,1700,24761,20380
962,1731,24917,20533
960,1728,24905,20510
956,1706,24735,20417
962,1741,24967,20594
957,1692,24681,20298
966,1721,24944,20527
960,1732,24895,20509
960,1711,24855,20458
969,1779,25101,20702
957,1694,24701,20307
960,1734,24874,20523
961,1727,24886,20504
959,1728,24812,20459
963,1745,24989,20623
958,1693,24768,20361
962,1722,24894,20490
958,1714,24783,20430
962,1738,24895,20537
962,1747,24956,20605
958,1697,24757,20365
961,1725,24892,20513
959,1719,24835,20449
960,1725,24893,20495
963,1738,24979,20623
959,1708,24772,20392
962,1726,24855,20468
959,1728,24836,20460
960,1718,24840,20436
961,1753,24925,20583
960,1692,24766,20354
963,1744,24957,20591
959,1710,24758,20392
958,1722,24800,20450
960,1740,24871,20513
958,1689,24743,20337
962,1740,24965,20607
959,1713,24804,20433
959,1712,24788,20421
960,1740,24863,20520
958,1682,24729,20317
963,1745,24985,20613
960,1707,24863,20440
962,1725,24916,20484
966,1721,24940,20526
956,1689,24686,20297
964,1757,25028,20670
973,1706,25059,20592
964,1718,24919,20496
961,1719,24860,20488
958,1691,24717,20322
962,1742,24947,20581
959,1710,24799,20425
961,1732,24895,20539
965,1712,24907,20512
956,1677,24714,20292
962,1743,24958,20595
962,1712,24841,20435
960,1742,24872,20523
960,1730,24860,20518
957,1696,24756,20358
962,1742,24967,20590
960,1699,24839,20420
962,1728,24957,20539
959,1730,24848,20474
954,1718,24742,20363
963,1744,24978,20615
957,1708,24759,20370
961,1726,24936,20528
961,1730,24870,20496
959,1737,24833,20460
973,1737,25130,20689
956,1688,24685,20308
961,1727,24871,20496
961,1726,24873,20490
963,1710,24881,20453
962,1747,24961,20595
958,1695,24730,20346
966,1718,24943,20524
956,1740,24747,20433
960,1718,24855,20453
964,1760,25003,20633
958,1682,24758,20336
961,1725,24914,20501
960,1715,24831,20443
959,1715,24813,20463
963,1748,24980,20615
957,1697,24733,20321
962,1735,24921,20533
960,1731,24835,20486
960,1714,24845,20451
963,1752,24994,20631
959,1695,24723,20320
960,1724,24851,20489
961,1724,24849,20478
961,1724,24890,20505
963,1738,24964,20599
960,1684,24751,20339
963,1747,24976,20602
958,1725,24757,20415
960,1722,24850,20463
961,1738,24950,20562
958,1698,24740,20322
963,1740,25013,20602
960,1715,24877,20453
960,1709,24817,20433
960,1719,24860,20484
958,1689,24766,20348
963,1742,25023,20631
959,1704,24813,20427
960,1724,24847,20469
961,1731,24849,20485
958,1679,24712,20323
963,1747,24972,20632
958,1713,24802,20430
961,1722,24922,20505
960,1732,24865,20485
956,1687,24672,20310
962,1736,24952,20589
959,1722,24799,20420
967,1750,25024,20634
975,1739,25146,20696
973,1728,25090,20626
970,1753,25153,20751
974,1765,25214,20806
963,1734,24969,20584
971,1725,25038,20610
960,1685,24723,20283
962,1749,24990,20602
958,1712,24790,20428
961,1743,24898,20534
961,1722,24858,20489
959,1697,24753,20371
962,1739,24960,20593
956,1698,24681,20327
963,1733,24968,20584
963,1741,24934,20540
959,1725,24802,20430
961,1738,24934,20583
957,1695,24682,20323
961,1737,24903,20537
960,1718,24876,20491
960,1726,24874,20488
963,1742,25041,20651
959,1698,24767,20372
970,1745,25091,20698
967,1729,25015,20624
973,1772,25212,20811
967,1761,25134,20729
971,1713,25012,20561
976,1762,25278,20845
962,1739,24896,20534
963,1725,24857,20461
964,1747,25010,20664
958,1699,24726,20320
961,1728,24904,20509
959,1708,24847,20470
958,1722,24801,20443
964,1751,25014,20650
961,1688,24755,20352
961,1730,24896,20510
958,1703,24782,20401
961,1710,24881,20472
963,1742,24988,20587
958,1702,24731,20358
967,1732,25001,20598
961,1716,24799,20425
959,1718,24830,20433
962,1732,24941,20561
956,1699,24702,20330
963,1746,25001,20635
960,1714,24825,20442
960,1726,24806,20446
960,1730,24872,20512
958,1684,24712,20303
964,1760,25059,20690
959,1706,24793,20419
960,1726,24860,20479
961,1733,24888,20530
956,1689,24657,20326
963,1751,25009,20658
960,1721,24833,20438
961,1730,24907,20510
961,1739,24928,20521
958,1694,24675,20257
962,1739,24964,20600
961,1718,24820,20418
962,1733,24916,20532
960,1721,24899,20500
957,1697,24729,20347
964,1737,24989,20612
961,1725,24861,20470
961,1753,24900,20558
959,1689,24812,20450
958,1693,24725,20354
963,1740,25007,20624
959,1713,24784,20419
963,1724,24937,20567
964,1724,24909,20517
959,1720,24760,20411
965,1735,25019,20627
957,1703,24733,20345
965,1732,25066,20597
967,1723,24987,20556
959,1725,24832,20472
962,1755,24960,20613
957,1687,24726,20345
963,1756,24984,20592
963,1727,24944,20529
960,1718,24825,20433
963,1767,25019,20658
958,1683,24728,20324
961,1725,24881,20521
960,1727,24866,20512
960,1721,24831,20471
971,1745,25146,20706
958,1699,24722,20345
960,1712,24847,20481
959,1720,24826,20450
962,1738,24882,20517
973,1752,25164,20739
959,1711,24774,20380
961,1728,24882,20487
962,1718,24875,20455
961,1727,24866,20472
964,1752,25015,20691
958,1701,24745,20356
961,1729,24918,20510
962,1716,24860,20449
960,1735,24919,20542
962,1743,24975,20592
959,1714,24754,20378
963,1714,24954,20588
959,1708,24818,20446
960,1721,24802,20457
962,1738,24982,20599
960,1696,24764,20348
964,1750,25012,20650
960,1725,24830,20463
963,1738,24932,20562
974,1744,25145,20704
965,1668,24789,20363
955,1745,24679,20534
962,1728,24942,20520
962,1716,24892,20492
961,1722,24890,20509
957,1689,24693,20325
963,1748,25044,20653
962,1753,24978,20585
962,1750,24901,20564
963,1763,24957,20560
957,1703,24727,20353
963,1742,24970,20633
961,1734,24885,20528
961,1730,24912,20537
964,1724,24970,20565
958,1686,24737,20342
964,1754,25008,20633
961,1721,24858,20498
960,1734,24891,20553
962,1743,24922,20547
960,1713,24837,20446
964,1752,25037,20655
960,1731,24885,20498
968,1721,25008,20597
962,1744,24915,20538
961,1714,24834,20460
966,1741,25050,20643
958,1704,24793,20395
962,1742,24922,20556
962,1727,24957,20571
961,1739,24882,20508
964,1751,24997,20622
957,1702,24716,20344
961,1730,24921,20543
961,1730,24930,20546
961,1733,24859,20485
963,1741,25018,20652
959,1696,24737,20355
962,1735,24928,20569
960,1734,24856,20478
962,1739,24913,20546
964,1736,25043,20648
958,1700,24785,20386
961,1738,24915,20559
961,1714,24855,20466
959,1718,24810,20440
964,1764,25038,20668
973,1716,25077,20598
967,1713,24926,20498
960,1711,24816,20427
959,1708,24806,20424
960,1747,24926,20573
961,1678,24733,20307
960,1722,24851,20482
959,1716,24836,20431
964,1699,24868,20451
960,1735,24900,20549
958,1731,24751,20362
962,1738,24914,20555
959,1724,24823,20439
959,1713,24820,20431
961,1735,24919,20550
956,1711,24754,20354
963,1752,24986,20620
959,1706,24800,20423
959,1721,24819,20463
959,1727,24851,20472
957,1687,24721,20311
963,1740,24984,20610
961,1724,24867,20465
960,1723,24830,20479
959,1725,24837,20452
957,1691,24716,20335
963,1744,25000,20652
959,1727,24853,20459
963,1730,25007,20573
961,1727,24894,20516
965,1677,24833,20390
963,1752,24991,20664
961,1717,24867,20461
964,1751,24962,20607
963,1739,24945,20549
960,1715,24848,20449
966,1739,25024,20622
962,1746,24910,20555
963,1721,24958,20563
962,1734,24947,20566
960,1733,24841,20459
964,1751,25027,20674
960,1723,24838,20465
962,1746,24918,20569
962,1735,24910,20555
961,1727,24879,20490
964,1743,24963,20596
958,1708,24786,20392
960,1738,24891,20522
959,1725,24826,20464
958,1704,24753,20382
959,1741,24838,20510
953,1674,24569,20177
955,1716,24713,20354
953,1706,24665,20286
951,1684,24585,20187
955,1712,24732,20382
948,1696,24363,19976
950,1677,24527,20179
951,1672,24563,20176
948,1671,24504,20124
953,1704,24668,20341
946,1696,24370,19998
946,1697,24563,20209
948,1671,24448,20114
947,1663,24433,20075
952,1701,24653,20304
957,1698,24486,20042
950,1669,24559,20180
949,1671,24487,20144
950,1679,24494,20116
951,1698,24638,20304
951,1674,24392,19974
953,1680,24617,20228
950,1674,24506,20087
951,1686,24562,20173
958,1684,24692,20294
948,1677,24399,20027
954,1698,24654,20301
949,1676,24505,20137
951,1661,24600,20193
965,1670,24787,20339
951,1682,24463,20046
954,1711,24709,20353
949,1673,24494,20153
952,1683,24583,20239
951,1695,24583,20245
949,1682,24476,20080
955,1719,24754,20414
952,1676,24574,20212
954,1693,24663,20299
954,1708,24656,20315
952,1680,24524,20130
957,1723,24797,20423
954,1697,24681,20296
956,1709,24777,20393
960,1714,24799,20416
955,1678,24623,20230
959,1727,24841,20462
955,1724,24690,20332
966,1747,24995,20577
962,1738,24895,20520
959,1689,24774,20374
964,1755,25009,20652
961,1735,24865,20495
964,1735,24983,20593
965,1745,24998,20637
963,1727,24924,20528
967,1755,25116,20740
960,1730,24871,20507
966,1768,25053,20707
965,1732,25024,20647
964,1741,24982,20603
970,1754,25172,20762
965,1730,24987,20579
968,1744,25150,20718
967,1760,25070,20716
966,1755,25016,20651
970,1770,25190,20820
967,1732,24986,20576
971,1753,25225,20826
976,1762,25237,20814
968,1756,25104,20727
970,1757,25213,20854
966,1756,25018,20641
969,1765,25155,20791
970,1749,25130,20727
968,1758,25122,20712
971,1758,25238,20876
968,1746,25069,20657
971,1759,25170,20786
969,1759,25113,20764
971,1768,25201,20822
973,1767,25312,20914
970,1754,25147,20727
974,1759,25297,20852
971,1761,25189,20808
972,1754,25186,20819
970,1770,25260,20861
968,1735,25085,20669
973,1767,25271,20882
969,1764,25141,20761
971,1769,25177,20802
974,1767,25266,20867
967,1744,25046,20654
972,1771,25233,20872
968,1746,25071,20693
972,1741,25181,20719
969,1755,25167,20791
966,1740,24979,20576
971,1764,25246,20869
966,1744,25013,20642
968,1765,25079,20690
968,1756,25101,20713
965,1730,24968,20534
972,1763,25285,20865
973,1740,25121,20690
967,1752,25057,20699
966,1754,25045,20675
963,1727,24934,20531
970,1756,25177,20753
965,1737,25009,20598
971,1756,25110,20689
969,1740,25054,20655
961,1707,24848,20458
966,1760,25090,20738
963,1736,24944,20575
967,1747,25095,20680
966,1752,25008,20626
960,1694,24793,20409
966,1750,25079,20707
961,1727,24891,20520
964,1744,24993,20608
969,1730,25054,20634
960,1703,24838,20420
965,1750,25055,20672
959,1712,24821,20456
963,1744,24940,20579
962,1744,24941,20589
962,1723,24891,20493
964,1750,25031,20633
959,1708,24782,20412
963,1741,24980,20612
961,1734,24899,20552
963,1711,24872,20482
964,1750,25001,20666
958,1700,24717,20340
962,1736,24950,20568
961,1727,24891,20526
961,1731,24867,20507
964,1741,24994,20634
954,1699,24704,20332
961,1735,24887,20503
960,1724,24894,20512
961,1719,24900,20500
964,1762,25055,20668
958,1704,24769,20388
961,1727,24885,20504
961,1712,24820,20421
962,1735,24913,20524
970,1749,25140,20716
959,1706,24747,20366
961,1719,24884,20475
961,1734,24877,20503
961,1715,24834,20460
962,1746,24968,20625
957,1702,24720,20344
964,1743,24998,20590
966,1711,24901,20480
959,1747,24831,20473
961,1743,24928,20575
959,1709,24763,20403
965,1747,25020,20626
960,1723,24846,20463
962,1722,24931,20532
963,1745,24949,20541
958,1703,24727,20351
965,1752,25038,20679
961,1702,24800,20427
961,1707,24859,20445
961,1729,24916,20529
958,1687,24715,20321
964,1745,25017,20639
960,1698,24840,20437
961,1726,24897,20517
961,1725,24868,20503
958,1711,24757,20394
964,1751,25039,20657
961,1729,24865,20482
961,1732,24887,20523
962,1744,24922,20558
958,1694,24700,20323
964,1747,25010,20634
962,1736,24896,20488
962,1726,24965,20551
964,1741,25008,20612
963,1673,24792,20352
964,1752,24991,20653
961,1712,24840,20453
962,1748,24902,20552
962,1720,24951,20538
959,1693,24778,20382
965,1745,25016,20620
959,1719,24793,20427
970,1723,25036,20611
962,1744,24904,20540
969,1708,24947,20524
965,1740,25053,20644
965,1687,24830,20393
963,1743,24978,20618
961,1743,24890,20517
961,1720,24831,20467
965,1743,25041,20670
959,1702,24792,20403
962,1731,24969,20583
962,1717,24941,20527
962,1728,24917,20541
970,1728,25063,20647
959,1709,24750,20366
961,1738,24917,20536
961,1731,24901,20502
967,1714,24956,20538
964,1762,25016,20652
960,1701,24764,20363
961,1738,24895,20550
960,1721,24832,20457
960,1711,24825,20452
967,1734,25085,20641
958,1691,24752,20348
961,1742,24876,20525
960,1723,24843,20486
960,1729,24839,20467
963,1731,24980,20606
959,1699,24779,20367
963,1738,24958,20555
955,1718,24738,20381
961,1730,24883,20502
961,1734,24928,20575
958,1703,24717,20342
965,1748,25050,20655
961,1728,24885,20476
961,1739,24857,20500
963,1728,24946,20554
958,1701,24750,20375
964,1749,25014,20674
960,1724,24825,20447
961,1739,24871,20521
963,1727,24981,20583
966,1694,24859,20415
963,1747,24960,20595
960,1714,24837,20441
959,1742,24861,20505
961,1725,24876,20509
959,1695,24727,20328
963,1742,25015,20620
961,1713,24890,20481
961,1729,24868,20498
962,1735,24881,20492
957,1683,24677,20294
963,1742,25000,20615
961,1711,24884,20467
961,1733,24905,20540
961,1739,24913,20544
957,1702,24709,20337
964,1746,24997,20638
960,1715,24825,20438
961,1752,24881,20553
961,1727,24932,20532
958,1696,24759,20369
963,1752,25007,20661
957,1702,24747,20372
964,1736,24961,20597
968,1724,25002,20560
960,1717,24824,20444
966,1738,25038,20600
958,1698,24753,20354
964,1729,24923,20535
964,1730,24913,20538
959,1725,24802,20448
964,1752,24994,20604
958,1687,24770,20346
964,1721,24922,20529
962,1726,24918,20534
956,1728,24821,20480
963,1744,24990,20644
960,1693,24738,20350
963,1736,24957,20575
966,1710,24946,20503
961,1731,24886,20509
963,1753,24988,20625
959,1706,24773,20403
961,1719,24868,20493
960,1714,24848,20448
961,1730,24881,20513
963,1742,24986,20603
959,1704,24813,20394
964,1724,24892,20503
959,1722,24795,20444
960,1724,24817,20438
963,1747,24998,20614
965,1685,24862,20410
964,1732,24935,20544
960,1723,24811,20435
961,1718,24843,20451
962,1742,24917,20564
963,1673,24791,20371
963,1738,24944,20569
959,1710,24848,20435
961,1725,24821,20460
962,1738,24904,20521
957,1699,24720,20336
965,1747,25018,20671
960,1698,24828,20432
960,1729,24872,20499
960,1726,24882,20517
961,1707,24869,20435
971,1737,25107,20705
960,1710,24792,20404
960,1733,24848,20496
961,1735,24883,20501
965,1675,24847,20397
962,1748,24976,20623
961,1704,24818,20427
962,1721,24886,20510
960,1738,24880,20528
957,1695,24692,20313
963,1751,24965,20623
960,1716,24885,20474
962,1736,24957,20589
970,1710,25032,20596
956,1698,24686,20317
963,1748,24954,20609
960,1724,24839,20458
962,1744,24905,20543
961,1736,24933,20536
959,1691,24796,20378
967,1748,25062,20702
957,1709,24741,20379
963,1719,24950,20562
961,1729,24901,20507
960,1724,24856,20465
962,1732,24962,20581
957,1715,24797,20398
962,1739,24912,20553
960,1724,24869,20536
960,1719,24810,20432
962,1730,24948,20597
958,1695,24769,20355
965,1719,24960,20549
959,1721,24853,20501
961,1726,24862,20486
969,1744,25043,20662
958,1704,24739,20340
961,1726,24907,20520
963,1718,24919,20506
960,1706,24868,20457
963,1760,25005,20640
957,1693,24724,20341
960,1729,24866,20505
960,1717,24852,20462
960,1733,24873,20482
963,1742,24989,20623
959,1704,24784,20398
963,1739,24902,20569
959,1716,24825,20473
961,1707,24845,20471
962,1759,24941,20598
959,1693,24779,20353
962,1742,24957,20570
959,1726,24804,20439
960,1732,24845,20491
962,1743,24919,20556
958,1712,24750,20364
965,1740,25007,20624
962,1732,24915,20501
972,1722,25073,20610
973,1718,25098,20659
972,1710,25037,20578
971,1738,25075,20661
960,1718,24842,20437
960,1729,24866,20468
961,1742,24888,20528
958,1695,24745,20358
963,1748,24989,20638
958,1722,24786,20445
961,1726,24913,20542
960,1734,24857,20488
958,1697,24779,20390
962,1745,24977,20630
961,1731,24846,20475
962,1730,24858,20497
960,1721,24855,20478
959,1703,24776,20393
969,1737,25038,20636
964,1714,24981,20507
963,1742,25010,20603
971,1727,25046,20614
956,1711,24710,20334
965,1749,25018,20662
