2249,5000
2907
2916
2887
2928
2889
2898
2920
2881
2939
2893
2906
2911
2882
2923
2887
2906
2904
2899
2931
2891
2912
2903
2898
2932
2881
2904
2904
2894
2929
2887
2914
2903
2883
2934
2877
2919
2903
2890
2931
2880
2916
2903
2898
2928
2876
2923
2897
2895
2927
2890
2920
2900
2899
2927
2878
2928
2897
2906
2920
2882
2935
2894
2905
2919
2875
2927
2888
2902
2919
2880
2942
2881
2896
2907
2886
2938
2888
2906
2909
2884
2940
2882
2914
2902
2891
2922
2884
2915
2900
2891
2939
2882
2916
2893
2895
2935
2890
2912
2904
2899
2927
2886
2921
2912
2891
2925
2881
2923
2903
2899
2931
2882
2915
2894
2910
2916
2885
2932
2894
2907
2914
2882
2933
2901
2893
2921
2879
2932
2895
2905
2921
2883
2926
2881
2901
2913
2888
2938
2892
2905
2908
2888
2936
2894
2902
2901
2887
2935
2889
2916
2910
2890
2923
2877
2912
2905
2902
2926
2890
2920
2896
2894
2932
2882
2918
2899
2896
2927
2880
2925
2908
2896
2924
2877
2924
2902
2901
2929
2876
2932
2895
2912
2917
2888
2923
2893
2902
2919
2884
2936
2894
2901
2911
2874
2937
2883
2909
2909
2889
2935
2889
2908
2912
2888
2929
2882
2908
2900
2890
2937
2895
2899
2900
2885
2931
2885
2914
2903
2895
2934
2885
2928
2903
2900
2923
2881
2923
2900
2902
2928
2885
2918
2902
2888
2926
2881
2929
2897
2902
2922
2883
2936
2892
2908
2923
2881
2929
2892
2898
2918
2893
2924
2884
2901
2920
2890
2930
2893
2903
2908
2893
2928
2896
2899
2905
2878
2941
2886
2904
2904
2893
2930
2877
2904
2900
2903
2928
2887
2918
2904
2892
2934
2886
2932
2892
2893
2921
2883
2932
2900
2902
2926
2868
2924
2898
2909
2920
2886
2926
2898
2901
2929
2879
2934
2895
2892
2920
2882
2932
2894
2913
2908
2879
2925
2898
2895
2918
2895
2933
2887
2903
2909
2889
2937
2882
2908
2898
2889
2939
2884
2911
2909
2877
2933
2885
2913
2911
2890
2934
2883
2913
2906
2905
2927
2882
2914
2911
2886
2946
2879
2936
2889
2892
2925
2879
2923
2900
2912
2918
2881
2923
2898
2901
2927
2875
2927
2893
2902
2919
2892
2927
2887
2895
2912
2883
2938
2889
2903
2916
2891
2924
2895
2913
2910
2886
2928
2890
2902
2907
2884
2943
2888
2900
2903
2888
2936
2884
2914
2915
2887
2936
2890
2912
2910
2888
2929
2881
2931
2895
2901
2995
2910
2937
2896
2906
2934
2880
2924
2900
2911
2914
2891
2927
2902
2899
2920
2883
2931
2893
2903
2923
2882
2919
2888
2898
2917
2893
2928
2891
2905
2910
2888
2938
2890
2907
2899
2889
2931
2889
2911
2910
2881
2932
2873
2928
2909
2901
2931
2888
2910
2910
2888
2935
2887
2921
2890
2896
2935
2881
2925
2903
2891
2922
2876
2930
2894
2901
2922
2881
2925
2899
2902
2927
2884
2930
2887
2897
2931
2875
2933
2896
2895
2911
2880
2939
2886
2908
2914
2887
2937
2889
2903
2911
2890
2932
2883
2914
2898
2890
2938
2886
2901
2899
2884
2941
2879
2915
2899
2893
2935
2887
2916
2909
2894
2930
2885
2907
2906
2889
2933
2890
2916
2894
2909
2920
2887
2926
2903
2909
2915
2878
2921
2906
2905
2920
2877
2937
2890
2902
2927
2878
2930
2886
2896
2918
2884
2941
2885
2908
2911
2883
2935
2889
2904
2905
2883
2934
2889
2900
2911
2897
2925
2885
2901
2905
2888
2936
2893
2932
2901
2900
2926
2888
2914
2900
2886
2929
2890
2909
2908
2892
2926
2874
2917
2911
2894
2933
2880
2935
2894
2917
2920
2886
2923
2892
2905
2924
2879
2930
2904
2894
2918
2878
2928
2901
2899
2925
2882
2935
2884
2911
2904
2891
2935
2879
2910
2907
2887
2932
2890
2913
2897
2883
2931
2886
2906
2903
2891
2935
2885
2910
2916
2888
2938
2876
2913
2905
2888
2934
2883
2927
2897
2893
2922
2878
2924
2902
2899
2930
2882
2923
2902
2905
2927
2887
2916
2897
2899
2932
2879
2932
2892
2896
2913
2882
2938
2888
2902
2919
2884
2932
2890
2905
2922
2875
2931
2881
2906
2910
2889
2935
2880
2902
2896
2889
2933
2896
2904
2907
2884
2933
2883
2918
2907
2891
2935
2890
2918
2905
2893
2935
2874
2917
2897
2895
2928
2881
2930
2898
2900
2931
2881
2940
2890
2900
2925
2876
2926
2900
2904
2924
2885
2923
2887
2903
2911
2886
2928
2891
2903
2916
2886
2935
2891
2897
2914
2879
2935
2885
2910
2908
2885
2926
2887
2900
2908
2897
2927
2885
2910
2907
2892
2944
2882
2913
2907
2886
2933
2888
2932
2896
2895
2926
2872
2921
2897
2901
2919
2885
2921
2905
2896
2931
2884
2923
2895
2903
2919
2877
2937
2901
2904
2909
2877
2934
2890
2905
2913
2885
2931
2887
2905
2913
2887
2927
2884
2898
2913
2882
2937
2892
2900
2903
2886
2932
2887
2907
2899
2895
2927
2885
2912
2911
2890
2932
2876
2913
2919
2901
2926
2884
2919
2896
2889
2926
2886
2922
2903
2900
2930
2875
2937
2893
2907
2919
2877
2933
2894
2900
2927
2884
2927
2889
2906
2915
2881
2931
2895
2896
2920
2880
2930
2899
2896
2908
2888
2929
2888
2902
2910
2892
2927
2898
2895
2911
2882
2939
2892
2903
2906
2887
2937
2890
2908
2900
2890
2925
2885
2921
2902
2896
2929
2877
2915
2908
2890
2939
2876
2926
2902
2898
2923
2882
2930
2895
2907
2915
2881
2931
2900
2909
2917
2874
2927
2889
2913
2911
2885
2934
2886
2899
2916
2894
2944
2878
2918
2914
2884
2937
2888
2909
2910
2875
2932
2883
2905
2906
2882
2939
2881
2910
2915
2887
2936
2879
2914
2902
2897
2928
2884
2928
2896
2889
2925
2879
2922
2906
2908
2925
2887
2918
2900
2903
2930
2877
2920
2897
2910
2912
2900
2938
2882
2895
2914
2882
2939
2888
2907
2920
2879
2931
2896
2905
2915
2878
2930
2888
2904
2908
2896
2928
2895
2893
2897
2890
2938
2894
2918
2898
2892
2938
2882
2917
2901
2890
2935
2884
2918
2903
2899
2932
2879
2925
2893
2898
2927
2883
2917
2902
2899
2934
2876
2932
2909
2895
2920
2879
2925
2899
2904
2924
2879
2924
2894
2896
2917
2883
2931
2891
2903
2911
2886
2941
2890
2900
2915
2880
2935
2885
2907
2910
2891
2921
2880
2904
2909
2884
2937
2887
2907
2900
2895
2939
2884
2907
2900
2895
2934
2879
2921
2907
2895
2929
2873
2924
2909
2891
2932
2878
2926
2904
2897
2938
2875
2922
2894
2910
2916
2883
2931
2898
2895
2922
2867
2937
2887
2903
2918
2893
2927
2890
2902
2915
2892
2921
2883
2905
2914
2885
2939
2894
2898
2909
2876
2937
2881
2926
2911
2883
2939
2885
2907
2909
2888
2931
2877
2911
2915
2885
2940
2885
2912
2901
2889
2930
2886
2926
2903
2898
2924
2877
2925
2911
2898
2925
2874
2924
2904
2893
2926
2882
2925
2898
2887
2923
2879
2932
2892
2902
2916
2882
2943
2887
2910
2908
2890
2933
2886
2904
2911
2891
2929
2883
2906
2898
2891
2941
2886
2920
2899
2896
2930
2889
2919
2894
2889
2930
2885
2914
2911
2898
2928
2881
2917
2910
2892
2929
2883
2929
2910
2889
2927
2883
2929
2905
2890
2933
2870
2927
2898
2902
2918
2875
2927
2901
2897
2919
2900
2931
2890
2906
2919
2888
2940
2885
2897
2908
2887
2932
2897
2903
2903
2878
2933
2883
2911
2903
2899
2925
2883
2911
2899
2899
2929
2881
2914
2903
2891
2941
2875
2921
2900
2888
2925
2881
2924
2915
2901
2927
2886
2915
2901
2905
2922
2883
2924
2897
2911
2915
2890
2926
2892
2887
2914
2882
2933
2903
2893
2926
2878
2932
2885
2902
2920
2881
2932
2884
2906
2906
2890
2945
2876
2900
2903
2891
2939
2882
2907
2908
2883
2933
2891
2908
2913
2881
2931
2876
2919
2901
2904
2929
2884
2909
2901
2889
2933
2884
2919
2901
2898
2921
2881
2939
2893
2900
2916
2881
2929
2891
2904
2923
2881
2922
2896
2890
2922
2884
2934
2890
2902
2922
2886
2941
2893
2906
2900
2889
2937
2880
2908
2908
2890
2924
2881
2908
2906
2891
2932
2884
2910
2902
2893
2941
2886
2906
2904
2888
2942
2872
2921
2907
2890
2922
2876
2926
2901
2901
2923
2884
2922
2899
2898
2932
2879
2922
2903
2895
2923
2887
2926
2901
2891
2916
2880
2925
2900
2899
2921
2891
2924
2890
2900
2917
2890
2923
2900
2894
2912
2879
2941
2890
2897
2900
2884
2932
2890
2907
2905
2888
2936
2882
2915
2909
2893
2929
2878
2913
2905
2887
2939
2884
2915
2896
2890
2930
2878
2926
2901
2899
2928
2883
2915
2905
2898
2921
2877
2923
2897
2895
2933
2873
2926
2888
2896
2918
2881
2933
2894
2898
2917
2880
2938
2888
2907
2901
2882
2933
2891
2903
2914
2900
2923
2882
2905
2908
2890
2942
2881
2912
2901
2891
2935
2882
2914
2897
2889
2939
2877
2919
2904
2895
2926
2874
2916
2903
2891
2928
2885
2920
2903
2896
2927
2888
2920
2904
2892
2930
2880
2931
2907
2896
2919
2874
2932
2886
2904
2917
2887
2932
2892
2899
2925
2883
2938
2880
2906
2912
2880
2933
2889
2906
2901
2881
2928
2895
2902
2906
2892
2942
2881
2910
2915
2887
2945
2871
2912
2901
2890
2930
2884
2921
2911
2882
2932
2874
2924
2907
2905
2922
2882
2917
2909
2894
2930
2879
2915
2898
2898
2926
2881
2929
2904
2890
2916
2891
2945
2891
2903
2915
2883
2934
2888
2908
2916
2883
2930
2885
2909
2905
2888
2935
2880
2901
2902
2887
2938
2890
2918
2907
2891
2932
2888
2921
2904
2891
2936
2877
2916
2905
2894
2931
2876
2920
2896
2903
2920
2881
2925
2901
2905
2917
2885
2930
2901
2898
2919
2889
2922
2899
2902
2922
2879
2919
2888
2901
2920
2888
2932
2902
2892
2914
2888
2945
2893
2898
2908
2885
2938
2885
2905
2908
2888
2924
2881
2910
2914
2885
2935
2892
2901
2906
2888
2937
2879
2912
2903
2886
2933
2891
2913
2912
2886
2924
2875
2918
2901
2899
2929
2882
2914
2908
2901
2929
2892
2918
2893
2904
2931
2877
2931
2899
2901
2907
2878
2939
2890
2904
2916
2883
2932
2888
2910
2907
2886
2928
2885
2902
2907
2886
2936
2897
2893
2901
2889
2930
2888
2911
2901
2887
2939
2877
2920
2913
2893
2927
2878
2913
2904
2894
2942
2877
2916
2898
2898
2920
2881
2933
2897
2895
2929
2886
2921
2908
2906
2919
2879
2932
2892
2903
2927
2884
2926
2886
2904
2910
2885
2936
2890
2904
2917
2883
2934
2900
2900
2915
2884
2932
2893
2897
2909
2888
2931
2880
2905
2900
2893
2931
2887
2905
2903
2887
2935
2885
2917
2903
2880
2936
2881
2918
2906
2897
2927
2877
2919
2909
2892
2930
2888
2919
2906
2905
2922
2886
2932
2891
2897
2926
2886
2931
2895
2901
2920
2873
2923
2895
2899
2921
2883
2939
2886
2906
2916
2897
2932
2886
2901
2912
2888
2942
2886
2907
2903
2886
2928
2888
2906
2904
2891
2936
2889
2907
2911
2894
2936
2878
2908
2907
2894
2930
2885
2921
2907
2887
2922
2880
2925
2904
2901
2931
2875
2922
2907
2899
2931
2871
2927
2895
2904
2925
2893
2924
2897
2887
2916
2878
2929
2890
2900
2919
2895
2937
2885
2905
2917
2888
2925
2889
2902
2909
2895
2933
2887
2895
2902
2885
2937
2889
2918
2904
2899
2921
2894
2907
2907
2895
2927
2884
2919
2900
2899
2931
2886
2908
2895
2899
2927
2881
2923
2902
2904
2931
2889
2922
2903
2893
2923
2882
2921
2895
2905
2924
2880
2923
2897
2891
2923
2891
2935
2887
2901
2915
2884
2938
2885
2908
2900
2890
2940
2888
2915
2910
2882
2931
2882
2906
2903
2890
2936
2889
2906
2902
2896
2933
2891
2912
2900
2900
2924
2882
2921
2904
2893
2927
2877
2924
2908
2895
2932
2888
2915
2901
2902
2932
2881
2925
2897
2902
2926
2881
2933
2897
2896
2915
2879
2930
2898
2898
2919
2887
2932
2894
2895
2917
2890
2939
2878
2905
2911
2891
2929
2890
2902
2901
2885
2930
2888
2910
2912
2893
2926
2887
2914
2909
2897
2926
2882
2916
2903
2893
2933
2882
2918
2903
2891
2928
2882
2922
2901
2901
2927
2881
2923
2900
2903
2922
2879
2920
2901
2896
2928
2891
2925
2893
2900
2918
2884
2933
2904
2894
2918
2880
2945
2881
2906
2906
2884
2934
2885
2904
2909
2889
2933
2879
2901
2906
2889
2941
2891
2906
2909
2885
2936
2903
2913
2902
2884
2931
2880
2917
2908
2902
2926
2881
2907
2899
2901
2929
2882
2922
2901
2896
2944
2874
2934
2883
2901
2919
2885
2923
2892
2898
2924
2865
2925
2888
2898
2914
2880
2928
2884
2893
2906
2886
2930
2878
2893
2908
2879
2929
2884
2910
2889
2882
2930
2871
2909
2902
2883
2927
2879
2900
2899
2896
2920
2873
2908
2891
2888
2924
2884
2910
2910
2885
2916
2876
2929
2888
2898
2919
2874
2921
2889
2905
2912
2875
2911
2892
2892
2916
2878
2923
2883
2896
2902
2885
2920
2888
2898
2907
2879
2925
2886
2897
2908
2878
2919
2880
2903
2898
2893
2922
2876
2897
2892
2883
2926
2880
2904
2906
2885
2933
2871
2916
2898
2892
2913
2876
2911
2903
2885
2926
2869
2906
2893
2888
2923
2877
2915
2895
2894
2917
2880
2921
2894
2900
2903
2876
2923
2896
2890
2916
2874
2926
2891
2885
2907
2881
2924
2887
2888
2906
2882
2931
2884
2895
2910
2871
2927
2882
2910
2898
2876
2925
2878
2902
2898
2886
2922
2879
2912
2890
2887
2937
2875
2908
2890
2891
2917
2877
2922
2902
2881
2924
2861
2921
2897
2895
2921
2872
2927
2881
2899
2917
2876
2917
2886
2895
2913
2875
2929
2887
2891
2901
2872
2926
2884
2895
2912
2889
2921
2883
2891
2907
2882
2926
2872
2898
2900
2882
2924
2888
2894
2891
2876
2929
2876
2905
2902
2890
2932
2874
2913
2907
2896
2916
2874
2918
2891
2888
2923
2878
2917
2894
2892
2914
2874
2915
2895
2892
2917
2872
2919
2894
2898
2910
2875
2920
2892
2891
2920
2887
2910
2888
2883
2910
2876
2935
2877
2898
2903
2878
2931
2886
2904
2904
2870
2924
2885
2892
2901
2894
2914
2873
2894
2896
2882
2926
2876
2905
2899
2881
2925
2875
2911
2898
2876
2917
2869
2904
2895
2885
2908
2865
2908
2879
2890
2917
2875
2911
2887
2888
2914
2876
2925
2875
2886
2908
2867
2925
2880
2893
2908
2862
2914
2882
2896
2890
2871
2920
2878
2884
2898
2871
2919
2869
2882
2890
2872
2925
2866
2892
2879
2864
2911
2860
2907
2880
2870
2911
2868
2890
2889
2883
2902
2859
2898
2872
2877
2899
2860
2895
2874
2867
2892
2854
2895
2873
2875
2899
2853
2893
2874
2883
2896
2855
2883
2866
2867
2893
2849
2899
2859
2870
2880
2852
2903
2857
2869
2888
2852
2900
2865
2877
2882
2855
2907
2847
2881
2867
2859
2908
2854
2876
2869
2866
2901
2862
2882
2889
2865
2903
2862
2899
2879
2865
2900
2857
2894
2892
2869
2910
2853
2903
2877
2878
2909
2866
2906
2881
2884
2908
2862
2910
2879
2877
2905
2870
2905
2887
2877
2905
2871
2899
2872
2886
2897
2873
2917
2873
2896
2883
2876
2919
2873
2885
2895
2867
2913
2874
2888
2900
2865
2918
2865
2899
2890
2875
2919
2873
2893
2887
2887
2907
2873
2907
2882
2888
2910
2874
2905
2899
2891
2902
2867
2906
2893
2884
2914
2868
2911
2887
2895
2909
2879
2912
2882
2893
2913
2871
2927
2886
2898
2893
2870
2919
2880
2890
2901
2872
2919
2880
2897
2902
2885
2916
2880
2890
2901
2879
2928
2882
2890
2892
2874
2932
2867
2906
2890
2886
2923
2874
2912
2903
2883
2926
2862
2909
2904
2882
2924
2873
2926
2896
2879
2917
2873
2912
2898
2898
2913
2881
2914
2897
2901
2908
2870
2928
2878
2896
2917
2881
2914
2882
2888
2907
2876
2926
2881
2893
2906
2877
2926
2886
2905
2893
2877
2933
2872
2910
2891
2880
2925
2868
2893
2899
2876
2947
2879
2912
2897
2888
2924
2879
2912
2891
2892
2914
2879
2908
2901
2901
2912
