2553,5000
3018
2986
3027
2995
3007
3016
2989
3030
2993
3010
3009
2995
3036
2993
3002
3010
2992
3034
2990
3016
3000
2994
3029
2987
3017
3013
2990
3033
2988
3013
3009
2998
3031
2985
3015
3006
3004
3027
2988
3025
3008
2994
3026
2985
3027
3000
3003
3025
2989
3023
2999
3007
3026
2981
3028
2997
3005
3020
2990
3034
2992
3003
3014
2987
3031
2994
3007
3015
2992
3028
2992
3011
3012
2989
3028
2993
3012
3009
2996
3031
2988
3005
3002
2991
3032
2991
3012
3011
2998
3031
2986
3020
3008
2997
3027
2984
3024
3001
3001
3029
2983
3020
2997
3006
3026
2986
3027
3002
3008
3019
2986
3029
3000
3001
3023
2986
3028
2995
3009
3019
2985
3028
2991
3005
3018
2989
3034
2994
3009
3013
2990
3034
2992
3006
3008
2991
3034
2990
3011
3009
2991
3030
2985
3015
3011
2991
3036
2983
3016
3009
2996
3033
2988
3017
3004
2996
3030
2990
3022
3008
2997
3024
2980
3025
3001
3005
3024
2986
3025
2998
3006
3027
2985
3029
2995
3006
3021
2987
3029
2998
2999
3017
2986
3040
2991
3010
3017
2988
3031
2990
3008
3013
2991
3029
2989
3012
3007
2991
3036
2990
3011
3004
2989
3037
2985
3019
3008
2996
3031
2985
3022
3009
3000
3032
2983
3020
3004
2999
3029
2987
3025
2996
3001
3023
2985
3027
3000
3006
3024
2985
3024
3006
3002
3023
2983
3028
2996
3004
3020
2991
3026
2993
3001
3018
2996
3028
2995
3008
3016
2982
3036
2991
3012
3003
2990
3028
2990
3009
3009
2994
3031
2991
3004
3010
2997
3032
2989
3017
3004
2995
3033
2984
3021
3004
2996
3028
2987
3019
3007
3000
3027
2980
3021
3004
3008
3023
2989
3024
3007
3002
3025
2987
3027
2998
2999
3024
2984
3033
2993
3010
3013
2982
3031
2991
3007
3017
2990
3033
2997
3002
3015
2987
3040
2985
3007
3009
2993
3033
2993
3010
3006
2989
3029
2987
3017
3008
2995
3033
2989
3013
3007
2998
3032
2985
3019
3007
3000
3028
2988
3026
3001
2999
3023
2986
3025
3002
3003
3025
2984
3025
3001
3003
3026
2984
3034
2992
3004
3021
2988
3030
2994
3004
3014
2987
3035
2992
3006
3015
2990
3032
2992
3012
3013
2988
3029
2990
3011
3007
2993
3033
2986
3012
3007
2992
3038
2984
3017
3007
2993
3033
2984
3021
3006
2997
3025
2984
3021
3007
3004
3027
2984
3019
2998
3006
3023
2987
3028
3003
3004
3027
2991
3025
3001
3002
3020
2988
3031
2998
3007
3022
2984
3029
2992
3008
3018
2989
3033
2996
3005
3014
2990
3036
2991
3008
3009
2991
3032
2989
3014
3010
2990
3031
2985
3019
3005
2998
3031
2990
3013
3009
2993
3033
2988
3018
3004
2995
3030
2987
3023
3005
3000
3031
2975
3028
3000
3003
3030
2981
3032
2995
3008
3020
2986
3026
2998
3002
3022
2986
3033
2996
3004
3015
2984
3034
2993
3005
3016
2991
3034
2989
3011
3012
2993
3031
2991
3006
3010
2994
3031
2992
3012
3004
2990
3034
2985
3017
3009
2996
3032
2990
3014
3010
2998
3028
2980
3020
3004
3003
3026
2989
3019
3001
2997
3027
2985
3027
3000
3004
3025
2983
3028
3004
3009
3016
2987
3025
3000
3001
3025
2988
3032
2991
3004
3016
2988
3031
2994
3009
3016
2986
3031
2994
3013
3008
2988
3033
2990
3012
3008
2992
3035
2981
3012
3003
2996
3030
2991
3020
3006
2994
3035
2989
3019
3005
2992
3031
2986
3020
3003
3003
3025
2983
3016
3008
3000
3029
2985
3028
2999
3006
3024
2986
3031
3002
2996
3024
2988
3029
2998
3005
3020
2984
3027
2994
3005
3018
2989
3034
2992
3006
3016
2990
3037
2986
3008
3012
2990
3033
2991
3017
3002
2990
3031
2994
3010
3008
2995
3033
2985
3016
3007
2999
3033
2984
3018
3006
2999
3030
2987
3026
2996
3001
3025
2987
3026
3001
3004
3024
2983
3029
3001
3005
3024
2981
3029
2997
3006
3020
2989
3032
2993
3003
3014
2988
3029
2994
3006
3017
2994
3026
2993
3010
3013
2987
3032
2991
3010
3007
2993
3036
2987
3011
3001
2995
3033
2987
3015
3011
2993
3033
2990
3021
3008
2995
3028
2985
3020
3004
3003
3032
2977
3025
2993
3001
3026
2986
3026
3004
3002
3025
2988
3030
2998
3001
3020
2985
3032
2998
3006
3025
2982
3030
2987
3008
3015
2992
3029
2995
3003
3014
2989
3034
2992
3010
3006
2991
3035
2990
3013
3010
2987
3029
2988
3011
3008
2996
3035
2992
3011
3008
2994
3031
2987
3018
3003
3003
3024
2986
3024
3004
2997
3024
2981
3021
3003
3003
3030
2987
3027
2999
3006
3026
2985
3027
2993
3002
3024
2986
3031
3002
3002
3017
2982
3030
2995
3006
3016
2990
3033
2994
3011
3009
2994
3027
3001
3009
3007
2993
3031
2993
3011
3003
2993
3028
2991
3014
3011
2993
3031
2985
3018
3005
2999
3026
2984
3024
3007
2997
3030
2987
3022
2998
2999
3026
2990
3021
3003
3007
3024
2984
3033
2997
3010
3016
2985
3026
3000
3006
3020
2987
3027
2994
3003
3016
2993
3031
2992
3008
3011
2989
3031
2995
3009
3010
2987
3033
2991
3011
3008
2997
3029
2987
3010
3008
2990
3032
2990
3016
3010
2995
3032
2987
3019
3002
2997
3030
2987
3019
3004
3005
3026
2983
3018
3003
3003
3026
2987
3025
3002
3002
3025
2986
3035
2990
3005
3025
2982
3032
2996
3009
3021
2981
3030
2993
3008
3015
2991
3028
2995
3005
3015
2987
3037
2986
3007
3007
2990
3032
2991
3015
3004
2993
3028
2988
3016
3011
2998
3029
2999
3019
3006
3006
3028
2981
3020
3005
2999
3027
2987
3025
3003
2995
3025
2984
3027
3001
3008
3020
2985
3023
3000
3009
3023
2982
3027
2996
3005
3018
2989
3032
2991
3004
3014
2986
3033
2996
3004
3013
2991
3030
2991
3010
3011
2986
3031
2988
3014
3008
2996
3030
2985
3010
3006
2989
3035
2987
3017
3013
2990
3030
2986
3021
3008
2995
3026
2986
3023
3004
3008
3026
2981
3023
3001
3004
3025
2986
3025
3000
3005
3021
2988
3028
2999
3003
3024
2980
3032
2994
3008
3022
2982
3033
2985
3008
3016
2990
3033
2990
3008
3009
2991
3036
2991
3009
3006
2992
3032
2990
3015
3008
2991
3023
2987
3011
3010
2993
3033
2985
3018
3008
2996
3033
2987
3022
3004
2997
3028
2985
3027
3002
3001
3024
2983
3021
2998
3008
3026
2988
3025
3000
3005
3021
2990
3029
2993
3007
3018
2988
3034
2996
3005
3015
2982
3033
2991
3010
3016
2989
3037
2987
3009
3016
2994
3030
2987
3011
3006
2993
3036
2989
3013
2998
2991
3031
2985
3020
3006
2997
3029
2984
3020
3004
2997
3029
2982
3023
3000
3002
3030
2987
3025
2993
2999
3027
2983
3028
3002
3006
3022
2984
3029
3000
3006
3019
2982
3030
2995
3002
3018
2990
3029
2989
3005
3012
2991
3032
2992
3010
3007
2989
3033
2992
3013
3006
2997
3026
2989
3011
3009
2995
3028
2985
3012
3007
2996
3031
2986
3022
3002
2994
3028
2990
3026
2997
3004
3025
2986
3028
2999
3005
3026
2981
3025
2995
3007
3021
2985
3028
2998
3003
3020
2986
3031
2996
3001
3018
2986
3030
2996
3006
3012
2985
3029
2991
3009
3009
2990
3032
2989
3006
3010
2995
3033
2986
3012
3007
2992
3035
2990
3014
3006
2991
3023
2985
3018
3005
3000
3028
2987
3017
3006
3000
3030
2989
3014
3002
3002
3026
2985
3034
2993
3002
3023
2985
3027
2998
3004
3021
2985
3029
2997
3007
3021
2987
3026
2994
3006
3018
2988
3030
2992
3000
3009
2990
3031
2994
3005
3019
2986
3032
2994
3007
3011
2989
3033
2987
3014
3006
2995
3033
2984
3012
3002
2993
3031
2986
3019
3005
2994
3029
2987
3027
3007
2995
3026
2985
3023
3002
3003
3024
2982
3019
3001
3003
3024
2985
3031
2997
3002
3020
2986
3030
2995
3003
3016
2987
3030
2992
3006
3016
2987
3026
2988
3008
3011
2992
3031
2992
3009
3007
2991
3035
2991
3006
3005
2991
3031
2989
3012
3009
2993
3029
2985
3019
3009
2996
3030
2986
3019
3003
2998
3028
2987
3016
2998
2997
3027
2980
3024
3004
2999
3025
2978
3030
3000
3005
3025
2987
3029
2994
3003
3022
2988
3032
2991
3002
3015
2986
3034
2990
3006
3014
2982
3033
2992
3010
3010
2993
3035
2982
3013
3010
2994
3029
2983
3014
3002
2993
3032
2989
3015
3010
2988
3032
2986
3018
3003
2999
3029
2984
3024
3004
3000
3022
2982
3023
3002
3001
3027
2993
3025
2996
3002
3023
2986
3028
2996
3007
3021
2984
3032
3003
3003
3015
2984
3031
2992
3004
3018
2994
3027
2990
3006
3011
2994
3034
2990
3011
3010
2986
3036
2992
3013
3003
2991
3033
2987
3013
3007
2995
3031
2984
3017
3013
2995
3032
2986
3022
2999
2997
3034
2983
3028
2998
2996
3027
2987
3022
3001
3007
3022
2983
3025
3000
3004
3022
2986
3029
2996
3002
3020
2986
3029
2993
3005
3021
2982
3032
2995
3003
3011
2988
3029
2992
3010
3011
2992
3036
2990
3007
3009
2993
3037
2986
3012
3005
2994
3034
2991
3016
3007
2989
3028
2987
3017
3007
2999
3029
2985
3020
3007
3004
3029
2981
3020
3000
3003
3027
2985
3030
2999
3002
3019
2991
3025
2997
3004
3020
2989
3025
2997
3008
3018
2985
3025
2997
3006
3016
2993
3028
2992
3004
3009
2990
3034
2992
3007
3011
2988
3036
2988
3013
3012
2987
3030
2987
3015
3008
2999
3036
2981
3015
3006
2995
3028
2990
3022
3006
2998
3024
2986
3024
3003
2998
3026
2983
3032
2993
3008
3022
2984
3024
2997
3007
3023
2984
3031
2997
3004
3020
2987
3033
2994
3004
3015
2987
3030
2994
3009
3020
2985
3030
2988
3009
3014
2990
3034
2991
3010
3010
2991
3036
2989
3011
3004
2997
3030
2987
3016
3010
2993
3026
2981
3019
3007
2997
3030
2987
3022
3000
3001
3027
2987
3021
3000
3003
3024
2990
3023
3001
3003
3019
2981
3029
3001
3006
3024
2985
3029
2996
3005
3023
2989
3036
2985
3009
3019
2985
3035
2995
3006
3008
2987
3035
2990
3009
3009
2992
3033
2985
3013
3006
2995
3033
2983
3013
3006
2996
3030
2989
3015
3008
2990
3033
2984
3021
3005
3003
3027
2986
3021
3004
3003
3025
2984
3025
3005
3003
3027
2984
3025
2994
3005
3018
2986
3025
3001
3003
3021
2987
3029
2996
3008
3017
2986
3032
2995
3004
3016
2992
3027
2990
3004
3019
2990
3034
2988
3010
3005
2994
3031
2992
3011
3007
2986
3032
2986
3016
3009
2995
3030
2983
3015
3005
2999
3030
2986
3022
3002
2999
3030
2987
3021
3001
2999
3026
2983
3025
3002
3009
3023
2981
3028
2997
3003
3021
2986
3031
2994
3009
3019
2988
3031
2991
3003
3014
2986
3033
2991
3018
3006
2986
3031
2987
3012
3006
2991
3036
2992
3011
3008
2999
3033
2985
3011
3005
2995
3034
2984
3020
3005
2995
3026
2987
3020
3003
2999
3027
2986
3020
3002
3004
3024
2986
3022
2999
3004
3025
2984
3030
2995
2999
3018
2984
3031
2996
3007
3018
2987
3033
2995
3008
3017
2986
3030
2992
3007
3015
2988
3034
2993
3000
3007
2989
3035
2991
3017
3003
2996
3029
2988
3015
3007
2993
3031
2988
3016
3009
2996
3032
2981
3015
3002
2998
3033
2981
3023
3006
2998
3026
2981
3023
2999
3001
3029
2981
3027
2998
3007
3023
2982
3025
2993
3005
3021
2986
3030
2996
3002
3017
2986
3034
2996
3004
3017
2984
3036
2986
3009
3015
2987
3030
2985
3018
3020
2999
3046
2999
3019
3013
2988
3036
2985
3015
3006
3000
3027
2988
3016
3009
2992
3025
2983
3015
3006
2997
3028
2983
3023
3003
2999
3028
2989
3019
2998
3005
3025
2982
3030
3001
3000
3020
2984
3026
2998
3008
3014
2986
3030
2991
3006
3015
2992
3033
2991
3004
3012
2986
3033
2989
3007
3009
2983
3030
2989
3010
3005
2992
3032
2984
3012
3009
2992
3033
2981
3016
3007
2995
3030
2990
3017
3001
2996
3026
2983
3023
3006
3003
3026
2983
3027
3005
3002
3022
2980
3024
2997
3009
3020
2987
3022
2998
2998
3019
2988
3029
2997
3003
3019
2989
3026
2995
3008
3013
2984
3028
2992
3008
3014
2997
3026
2989
3012
3004
2991
3035
2988
3015
3004
2992
3037
2985
3017
3004
2995
3028
2986
3018
3008
2997
3026
2982
3017
3001
3001
3031
2981
3027
2996
3000
3028
2982
3028
2999
3003
3022
2981
3027
2997
3005
3017
2981
3033
2991
3009
3016
2990
3027
2994
3006
3012
2990
3033
2992
3004
3011
2988
3032
2994
3006
3006
2987
3034
2988
3012
3006
2996
3033
2987
3012
3007
2995
3035
2985
3017
3008
3001
3025
2990
3018
3002
2993
3025
2984
3025
3003
2998
3026
2984
3025
2999
3003
3025
2980
3023
2997
3005
3023
2987
3029
2996
3003
3019
2983
3030
2997
3004
3018
2988
3030
2995
3007
3017
2981
3032
2993
3006
3011
2989
3034
2988
3006
3006
2989
3035
2989
3009
3009
2994
3028
2988
3016
3009
2992
3027
2985
3019
3004
2995
3037
2977
3020
2999
2999
3026
2983
3022
3000
3004
3021
2986
3027
3001
3003
3020
2985
3022
3000
3002
3023
2981
3028
2993
3002
3019
2985
3033
2990
3009
3014
2987
3034
2992
3005
3010
2995
3028
2993
3008
3011
2985
3030
2984
3014
3002
2996
3031
2991
3010
3009
2991
3034
2986
3016
3002
2993
3031
2986
3023
3004
2994
3026
2978
3022
3004
2999
3027
2987
3020
3001
3001
3028
2984
3025
2997
3004
3023
2983
3030
2999
3002
3016
2980
3030
2994
3010
3018
2989
3027
2994
3006
3018
2985
3033
2990
3010
3010
2994
3030
2989
3009
3002
2985
3035
2986
3016
3006
2996
3032
2987
3011
3007
2995
3031
2985
3020
3007
2997
3031
2986
3019
3000
2997
3027
2985
3024
3004
2999
3028
2979
3025
3002
3007
3022
2982
3029
3001
2998
3021
2988
3031
2989
2999
3018
2987
3035
2993
3005
3016
2986
3032
2994
3007
3010
2985
3032
2988
3008
3011
2995
3028
2987
3007
3009
2993
3032
2989
3014
3009
2988
3035
2983
3020
3007
2992
3031
2987
3020
3006
2999
3026
2983
3015
3005
3001
3028
2984
3026
3001
3003
3028
2991
3022
2998
3002
3024
2983
3031
2997
3004
3019
2981
3031
2993
3006
3013
2993
3027
2995
3001
3017
2992
3033
2990
3010
3009
2989
3032
2991
3017
3004
2986
3032
2986
3014
3009
2993
3033
2987
3015
3003
2997
3035
2983
3018
3011
2995
3028
2988
3021
3004
3000
3022
2985
3023
3003
3002
3027
2983
3024
3000
3006
3027
2981
3024
2999
3005
3022
2990
3030
2995
3004
3014
2986
3030
2994
3003
3017
2989
3033
2991
3008
3013
2986
3031
2992
3007
3010
2999
3032
2985
3010
3003
2989
3033
2986
3017
3004
2998
3025
2985
3017
3010
2995
3030
2986
3018
3006
2998
3031
2981
3020
3001
3002
3022
2987
3029
2998
3001
3025
2986
3027
2999
3001
3025
2980
3030
2995
3004
3023
2983
3024
2995
3000
3020
2987
3032
2997
3003
3014
2988
3035
2992
3005
3014
2985
3034
2993
3007
3010
2989
3030
2984
3013
3007
2992
3032
2990
3012
3006
2995
3034
2989
3013
3004
2998
3032
2984
3022
3005
2994
3024
2984
3017
3005
2999
3030
2984
3022
3001
3004
3024
2986
3027
2995
3010
3022
2984
3032
2998
2999
3018
2985
3026
2997
3001
3018
2988
3032
2993
3009
3016
2994
3030
2988
3007
3011
2991
3033
2991
3011
3002
2990
3029
2986
3014
3007
2992
3034
2986
3014
3012
2990
3029
2984
3016
3005
2998
3027
2989
3019
2999
2995
3027
2983
3023
3002
3004
3024
2988
3024
3000
3004
3020
2980
3026
2997
3002
3026
2992
3022
2996
2997
3017
2987
3032
2997
3002
3017
2987
3030
2996
3006
3011
2984
3034
2986
3009
3011
2994
3031
2985
3009
3006
2991
3033
2987
3014
3006
2994
3030
2988
3016
3003
2992
3029
2986
3019
3003
2998
3030
2981
3018
3003
2999
3027
2983
3027
2999
3000
3024
2985
3023
3005
3011
3021
2983
3028
2996
3003
3015
2979
3025
2991
2999
3022
2978
3029
2991
2999
3013
2989
3025
2991
2997
3008
2987
3033
2983
3007
3004
2981
3030
2982
3008
3002
2991
3030
2979
3011
3003
2992
3025
2980
3009
2999
2989
3024
2982
3015
2995
2989
3021
2974
3020
2992
2997
3018
2974
3016
2995
2996
3021
2972
3014
2987
2998
3009
2980
3022
2986
2992
3003
2977
3018
2983
2994
3007
2978
3015
2983
2994
3006
2971
3020
2973
2995
3002
2973
3025
2970
2991
2989
2981
3014
2977
2998
2991
2977
3016
2978
3000
2996
2975
3015
2967
3005
2990
2985
3017
2967
3003
2983
2984
3013
2973
3006
2991
2993
3008
2976
3011
2990
2988
3007
2970
3014
2987
2991
3018
2968
3012
2980
2990
3007
2973
3019
2983
2994
3002
2979
3021
2982
2993
2998
2979
3025
2975
3003
2996
2978
3021
2970
3001
3001
2982
3024
2977
3006
2999
2986
3025
2979
3004
2996
2986
3023
2979
3014
3002
2986
3017
2973
3014
2995
2996
3022
2982
3018
2995
2997
3022
2979
3018
2997
2998
3018
2979
3020
2996
3000
3016
2974
3030
2985
3004
3009
2986
3022
2990
3006
3010
2987
3028
2986
3005
3008
2990
3028
2987
3003
3001
2984
3029
2987
3010
3003
2992
3028
2983
3013
3005
2995
3025
2981
3016
3003
2994
3027
2984
3015
2998
2994
3025
2981
3022
2999
3000
3024
2980
3025
3001
3004
3020
2983
3023
2997
3004
3020
2988
3026
2994
2996
3025
2982
3029
2993
3004
3016
2982
3031
2993
3009
3006
2987
3027
2989
3005
3009
2992
3030
2984
3009
3001
2993
3029
2989
3011
3002
2990
3032
2992
3010
3004
2990
3030
2986
3015
3006
2999
3032
2980
3018
3001
3001
3030
2979
3026
2999
3001
3021
2986
3023
2998
3005
3021
2984
3025
2998
3005
3021
2976
3030
2994
3006
3016
2989
3027
2994
3004
3018
2982
3031
2988
3000
3011
2983
3034
2986
3013
3002
2987
3025
2989
3010
3009
2990
3034
2985
3015
3002
2996
3028
2982
3013
3001
2995
3028
2987
3019
3001
2994
3026
2983
3024
3003
3006
3021
2987
3019
3001
3000
3023
2977
3025
2996
3003
3023
