2197,5000
891,1637,22620,18310
893,1625,22700,18391
896,1618,22760,18413
887,1636,22454,18179
894,1613,22761,18494
887,1639,22452,18173
892,1625,22681,18374
893,1635,22691,18358
890,1656,22532,18240
893,1605,22740,18434
886,1647,22397,18111
893,1627,22667,18378
889,1609,22590,18310
890,1633,22555,18270
898,1590,22865,18533
888,1641,22410,18086
897,1613,22768,18472
889,1618,22552,18249
891,1627,22597,18315
908,1631,23141,18828
902,1640,22820,18474
899,1616,22745,18415
893,1620,22672,18334
891,1633,22598,18311
895,1591,22796,18522
887,1644,22424,18145
893,1623,22708,18395
889,1632,22539,18250
896,1627,22694,18396
899,1608,22816,18462
897,1648,22648,18318
900,1648,22723,18370
888,1633,22504,18251
892,1628,22602,18306
894,1596,22790,18497
888,1632,22443,18138
900,1611,22872,18568
899,1658,22667,18310
889,1634,22494,18220
894,1606,22725,18433
891,1632,22552,18233
895,1607,22794,18470
893,1628,22668,18291
890,1639,22559,18274
904,1613,23036,18726
887,1647,22421,18154
904,1604,22981,18621
897,1629,22633,18244
892,1633,22612,18337
892,1624,22647,18331
885,1631,22359,18078
895,1596,22789,18532
888,1653,22489,18212
901,1638,22815,18482
905,1600,23008,18651
894,1652,22538,18171
895,1595,22798,18514
888,1638,22497,18213
891,1629,22554,18257
893,1610,22663,18366
885,1655,22405,18108
902,1604,22942,18597
901,1648,22779,18362
891,1620,22645,18346
891,1639,22609,18329
888,1642,22438,18154
894,1609,22767,18473
892,1632,22652,18330
891,1605,22646,18378
891,1620,22631,18333
891,1646,22546,18254
899,1593,22891,18597
895,1648,22538,18206
894,1612,22707,18432
892,1628,22637,18299
904,1636,22835,18507
907,1629,22965,18621
887,1639,22448,18145
889,1631,22558,18299
893,1621,22680,18365
892,1632,22635,18327
895,1616,22805,18499
889,1637,22504,18157
893,1608,22706,18429
890,1640,22558,18264
893,1637,22626,18338
898,1591,22875,18554
888,1633,22429,18093
895,1631,22646,18333
889,1616,22586,18311
889,1643,22525,18237
908,1605,23104,18766
897,1652,22643,18313
904,1609,22975,18677
905,1622,22984,18599
892,1629,22642,18332
894,1608,22736,18442
902,1654,22751,18411
891,1627,22570,18297
890,1628,22566,18276
894,1638,22678,18354
894,1604,22695,18343
891,1637,22562,18209
893,1620,22670,18389
891,1631,22579,18301
889,1621,22530,18266
893,1631,22694,18358
889,1635,22514,18192
895,1610,22785,18507
890,1638,22551,18245
893,1634,22619,18251
890,1627,22612,18337
888,1628,22445,18162
894,1600,22739,18470
891,1631,22601,18293
889,1630,22548,18279
893,1623,22657,18383
886,1643,22377,18087
894,1602,22754,18486
891,1631,22583,18264
890,1631,22588,18318
892,1614,22675,18355
888,1639,22494,18132
897,1608,22841,18539
888,1617,22498,18231
892,1634,22623,18349
893,1640,22682,18359
890,1643,22518,18175
892,1615,22683,18397
901,1651,22752,18396
892,1619,22651,18344
899,1615,22804,18516
889,1637,22397,18098
895,1604,22779,18500
890,1623,22586,18275
891,1618,22631,18340
894,1631,22698,18390
888,1650,22462,18198
894,1609,22749,18483
887,1643,22446,18139
895,1593,22812,18505
906,1642,22940,18559
890,1631,22534,18167
894,1602,22770,18497
895,1641,22591,18268
894,1618,22632,18331
893,1616,22683,18386
891,1642,22598,18284
907,1614,22995,18650
892,1647,22454,18124
898,1610,22780,18479
890,1629,22552,18250
904,1619,22945,18639
894,1606,22738,18449
891,1630,22546,18188
891,1621,22631,18354
899,1645,22682,18328
893,1613,22651,18343
897,1606,22863,18593
887,1637,22452,18148
895,1612,22740,18429
889,1618,22549,18239
895,1616,22729,18385
899,1596,22884,18590
886,1637,22398,18117
891,1634,22596,18316
902,1646,22754,18383
888,1625,22570,18276
907,1608,23009,18684
887,1622,22442,18113
895,1617,22743,18464
889,1645,22492,18218
888,1627,22548,18279
892,1609,22679,18403
889,1651,22520,18206
893,1606,22727,18449
892,1637,22599,18312
891,1625,22598,18309
891,1625,22571,18297
890,1647,22520,18217
895,1606,22787,18474
890,1644,22564,18261
892,1635,22640,18295
893,1608,22682,18383
886,1644,22391,18108
895,1606,22784,18506
889,1628,22541,18231
895,1647,22645,18277
905,1632,22970,18636
887,1649,22417,18113
893,1609,22733,18445
889,1637,22507,18223
899,1611,22792,18499
902,1650,22777,18433
888,1629,22449,18124
893,1600,22738,18471
896,1633,22706,18398
903,1638,22798,18442
890,1633,22586,18317
886,1637,22403,18098
894,1604,22751,18458
892,1628,22649,18314
907,1624,23010,18604
892,1610,22654,18383
887,1644,22453,18172
896,1609,22798,18514
890,1634,22532,18219
894,1617,22730,18410
892,1625,22641,18349
892,1630,22594,18261
894,1606,22756,18481
886,1637,22443,18201
898,1622,22780,18474
893,1622,22678,18383
890,1628,22567,18250
905,1603,23008,18673
887,1653,22394,18072
894,1611,22699,18408
890,1623,22618,18353
895,1636,22703,18387
898,1610,22865,18547
889,1649,22486,18117
895,1612,22776,18430
889,1641,22539,18243
900,1655,22701,18362
894,1595,22773,18498
889,1640,22487,18175
897,1622,22800,18444
893,1639,22548,18238
900,1643,22781,18456
903,1609,22971,18647
902,1663,22791,18447
906,1624,23012,18672
898,1657,22621,18278
890,1629,22575,18252
894,1602,22759,18472
887,1630,22430,18141
895,1621,22741,18446
890,1645,22476,18184
894,1613,22661,18356
892,1607,22668,18382
891,1656,22551,18217
894,1603,22772,18450
897,1627,22702,18370
902,1650,22780,18452
889,1609,22612,18351
898,1640,22698,18348
905,1606,23029,18691
903,1635,22829,18502
897,1644,22639,18300
892,1629,22620,18333
889,1623,22485,18203
892,1610,22704,18450
899,1642,22657,18316
892,1635,22635,18289
892,1620,22633,18351
886,1638,22383,18086
898,1595,22867,18566
887,1625,22450,18196
894,1623,22627,18290
893,1635,22668,18334
889,1658,22499,18157
894,1612,22762,18442
890,1633,22555,18274
890,1617,22583,18323
891,1612,22614,18352
887,1637,22440,18113
896,1617,22816,18485
897,1615,22764,18440
903,1639,22819,18461
891,1638,22602,18303
889,1644,22493,18199
894,1596,22772,18508
887,1631,22449,18182
896,1624,22762,18436
891,1610,22645,18357
889,1645,22522,18231
895,1610,22741,18440
889,1642,22476,18178
892,1629,22655,18346
904,1637,22864,18506
892,1634,22636,18293
894,1627,22759,18444
897,1640,22568,18204
890,1608,22615,18351
889,1633,22564,18298
895,1637,22697,18382
895,1610,22789,18445
897,1647,22571,18236
894,1611,22713,18415
890,1639,22574,18293
895,1606,22713,18421
901,1607,22831,18493
893,1636,22561,18272
896,1633,22675,18328
891,1633,22550,18293
905,1628,22950,18627
894,1599,22764,18493
888,1631,22454,18177
906,1637,22933,18570
892,1640,22551,18226
897,1636,22748,18408
906,1615,23032,18631
885,1635,22389,18116
895,1624,22728,18424
895,1634,22672,18355
897,1644,22628,18269
894,1589,22761,18451
889,1647,22481,18179
895,1618,22758,18437
890,1642,22564,18258
889,1632,22502,18235
894,1623,22722,18434
887,1647,22435,18156
905,1609,23062,18704
890,1639,22542,18265
891,1632,22524,18210
892,1612,22663,18401
890,1656,22476,18176
895,1599,22784,18485
892,1683,22652,18346
893,1634,22679,18370
891,1619,22640,18297
901,1658,22785,18467
894,1617,22687,18389
893,1616,22730,18417
903,1647,22819,18421
892,1634,22644,18312
887,1628,22428,18140
894,1612,22751,18448
892,1642,22608,18333
903,1629,22854,18520
892,1639,22585,18292
888,1633,22442,18164
895,1612,22783,18456
890,1631,22554,18253
897,1619,22788,18495
891,1615,22640,18360
896,1641,22630,18312
900,1613,22820,18470
892,1622,22603,18270
891,1629,22661,18365
898,1606,22814,18448
891,1633,22580,18286
893,1610,22724,18448
889,1638,22460,18197
893,1613,22698,18399
894,1615,22737,18425
890,1642,22503,18205
894,1604,22761,18471
901,1663,22754,18428
905,1621,22913,18596
889,1608,22578,18331
891,1641,22606,18311
895,1589,22794,18488
887,1644,22441,18148
905,1611,23005,18694
900,1642,22687,18348
893,1621,22637,18343
893,1601,22733,18451
888,1641,22481,18163
892,1625,22655,18326
894,1630,22675,18334
889,1621,22514,18238
897,1602,22839,18551
888,1639,22409,18115
898,1610,22817,18470
889,1628,22536,18213
904,1644,22894,18555
902,1601,22982,18641
896,1644,22575,18225
891,1627,22629,18360
889,1619,22546,18271
891,1624,22574,18297
895,1620,22793,18462
887,1631,22432,18112
897,1601,22837,18548
892,1639,22589,18297
888,1634,22487,18229
902,1620,22908,18570
902,1645,22811,18462
898,1604,22884,18551
890,1636,22555,18230
890,1642,22545,18265
890,1607,22604,18342
887,1642,22440,18162
897,1603,22853,18535
895,1635,22673,18341
891,1628,22609,18293
891,1631,22601,18283
888,1632,22446,18158
894,1597,22794,18529
888,1622,22496,18230
891,1607,22638,18366
891,1631,22641,18334
888,1642,22452,18148
895,1599,22778,18499
890,1624,22562,18294
906,1631,22967,18670
904,1632,22866,18506
887,1647,22422,18127
898,1608,22874,18535
893,1627,22685,18347
897,1628,22753,18444
891,1621,22639,18353
889,1641,22477,18191
902,1622,22863,18510
890,1625,22554,18239
902,1606,22915,18578
901,1605,22940,18633
888,1641,22473,18192
895,1604,22782,18499
888,1649,22460,18168
891,1613,22653,18373
897,1639,22684,18325
893,1628,22636,18321
895,1606,22773,18479
886,1627,22423,18142
890,1623,22589,18358
891,1581,22630,18338
895,1625,22690,18362
895,1615,22785,18459
890,1637,22528,18172
893,1624,22684,18393
890,1627,22565,18298
892,1616,22634,18363
894,1591,22787,18477
893,1644,22598,18245
893,1615,22681,18389
891,1621,22617,18295
892,1631,22617,18321
894,1611,22762,18490
888,1635,22461,18168
890,1632,22561,18287
896,1624,22722,18366
891,1632,22538,18226
907,1631,22985,18663
888,1633,22471,18186
893,1620,22686,18419
891,1636,22598,18296
902,1619,22865,18501
894,1601,22765,18464
891,1634,22553,18214
897,1604,22824,18525
887,1616,22512,18284
897,1638,22721,18410
901,1620,22809,18450
888,1647,22482,18157
910,1639,23185,18869
903,1616,22933,18585
902,1639,22761,18436
889,1617,22544,18287
897,1644,22670,18335
906,1625,23082,18767
891,1630,22594,18274
892,1616,22620,18337
892,1614,22645,18359
885,1640,22375,18099
891,1598,22811,18542
890,1637,22570,18254
894,1636,22684,18391
891,1617,22632,18309
887,1635,22497,18151
895,1607,22782,18506
889,1625,22541,18277
900,1618,22837,18508
903,1646,22809,18449
888,1646,22494,18136
894,1604,22761,18488
893,1627,22662,18345
897,1615,22705,18348
892,1625,22644,18374
888,1649,22448,18154
893,1579,22675,18391
890,1640,22575,18234
894,1624,22703,18418
891,1617,22604,18299
891,1640,22556,18273
893,1614,22697,18437
902,1632,22852,18507
895,1631,22672,18349
893,1616,22702,18398
891,1643,22598,18227
895,1604,22794,18511
886,1638,22369,18084
895,1623,22723,18414
892,1618,22705,18395
893,1633,22659,18340
894,1613,22770,18473
889,1654,22494,18158
906,1614,23013,18691
888,1614,22540,18273
896,1630,22594,18270
896,1588,22805,18541
889,1633,22506,18163
893,1625,22680,18384
889,1628,22529,18239
902,1637,22773,18420
892,1598,22700,18449
901,1645,22706,18334
891,1630,22621,18292
889,1654,22508,18183
893,1621,22679,18357
895,1591,22818,18524
891,1639,22531,18218
894,1616,22730,18460
891,1634,22547,18189
894,1634,22681,18353
892,1605,22695,18416
902,1633,22839,18492
893,1630,22642,18343
890,1637,22568,18280
888,1640,22500,18214
894,1611,22720,18435
887,1629,22439,18132
901,1613,22903,18573
902,1648,22776,18421
892,1633,22525,18225
894,1622,22681,18404
886,1633,22469,18175
895,1605,22798,18495
890,1628,22591,18276
894,1646,22589,18234
893,1615,22680,18393
885,1623,22388,18123
899,1597,22885,18597
891,1635,22566,18217
902,1620,22952,18602
889,1640,22524,18229
894,1657,22614,18258
903,1618,22876,18541
891,1651,22581,18290
892,1612,22671,18386
908,1628,22880,18485
888,1656,22456,18127
895,1609,22788,18477
890,1622,22576,18296
894,1602,22726,18449
890,1621,22568,18282
890,1636,22495,18198
894,1608,22747,18458
889,1620,22544,18233
896,1634,22760,18358
894,1634,22692,18384
888,1644,22451,18181
897,1598,22841,18542
893,1638,22524,18154
900,1613,22855,18502
893,1631,22690,18395
895,1642,22662,18329
894,1594,22743,18458
887,1632,22433,18171
891,1624,22608,18336
895,1623,22621,18289
905,1632,22978,18628
897,1622,22766,18432
893,1645,22557,18222
893,1631,22611,18298
891,1619,22626,18358
902,1627,22874,18533
908,1628,23164,18830
900,1660,22666,18264
898,1610,22836,18497
889,1623,22497,18227
904,1654,22845,18487
897,1593,22769,18489
897,1647,22685,18338
904,1641,22884,18510
890,1647,22512,18211
892,1640,22608,18293
894,1599,22743,18450
888,1627,22443,18156
885,1609,22550,18367
889,1631,22514,18230
895,1636,22719,18365
892,1616,22687,18405
889,1632,22506,18235
894,1617,22716,18408
888,1640,22504,18249
889,1627,22525,18241
892,1611,22701,18411
890,1654,22525,18176
894,1607,22774,18454
897,1631,22709,18382
895,1652,22552,18246
895,1633,22720,18421
889,1639,22563,18251
895,1608,22796,18479
898,1635,22740,18415
904,1661,22823,18435
891,1637,22639,18369
891,1647,22525,18230
893,1594,22715,18441
893,1645,22532,18221
897,1632,22785,18423
890,1622,22599,18292
888,1645,22456,18171
893,1613,22707,18420
891,1619,22574,18291
886,1598,22640,18347
898,1624,22781,18463
891,1632,22503,18113
902,1612,22952,18589
902,1643,22780,18426
894,1599,22732,18464
892,1639,22640,18361
888,1632,22464,18148
894,1604,22763,18442
890,1642,22566,18283
894,1623,22703,18421
902,1618,22891,18564
899,1649,22633,18281
894,1613,22725,18430
890,1631,22523,18246
893,1629,22678,18367
895,1603,22738,18429
888,1648,22464,18179
895,1600,22796,18530
886,1638,22415,18140
893,1624,22684,18374
900,1609,22862,18526
903,1654,22819,18415
897,1596,22849,18526
886,1656,22384,18109
896,1619,22656,18355
895,1608,22709,18426
894,1639,22583,18252
898,1598,22886,18553
888,1638,22482,18180
893,1625,22675,18372
890,1639,22549,18251
890,1647,22578,18290
894,1607,22763,18493
888,1650,22469,18188
906,1615,23043,18684
889,1637,22514,18231
895,1628,22698,18397
895,1603,22789,18514
884,1636,22393,18139
907,1600,23057,18687
890,1623,22580,18260
894,1630,22674,18336
894,1605,22784,18440
888,1643,22480,18202
893,1624,22663,18369
889,1614,22543,18269
891,1629,22580,18266
895,1596,22801,18498
889,1633,22480,18176
894,1613,22749,18443
896,1634,22569,18232
890,1644,22558,18265
892,1591,22641,18367
887,1651,22424,18124
894,1602,22794,18465
891,1630,22572,18276
891,1640,22571,18290
890,1617,22598,18297
890,1641,22493,18216
897,1601,22838,18533
892,1622,22631,18306
910,1618,23063,18686
903,1634,22919,18540
893,1643,22491,18153
897,1604,22830,18554
889,1624,22563,18301
892,1615,22660,18341
893,1635,22676,18350
886,1646,22410,18128
894,1598,22775,18479
888,1620,22520,18253
896,1612,22731,18433
891,1614,22560,18258
891,1653,22498,18200
898,1607,22882,18543
890,1630,22533,18214
894,1634,22690,18400
891,1615,22649,18372
889,1648,22499,18227
906,1626,23098,18769
888,1634,22505,18221
893,1617,22711,18397
896,1607,22770,18431
890,1634,22525,18214
893,1601,22722,18456
891,1641,22525,18244
895,1614,22768,18459
893,1620,22700,18370
891,1639,22566,18289
895,1591,22801,18512
892,1638,22541,18237
892,1618,22669,18403
890,1629,22579,18307
897,1619,22712,18412
910,1614,23137,18761
898,1643,22716,18367
890,1615,22596,18308
896,1643,22682,18378
893,1626,22553,18240
909,1614,23114,18776
902,1659,22835,18472
896,1622,22715,18340
893,1623,22687,18357
904,1624,22930,18610
894,1606,22759,18471
890,1620,22509,18231
892,1630,22667,18361
893,1613,22670,18309
889,1623,22536,18258
904,1595,22942,18606
889,1645,22481,18159
891,1616,22622,18369
903,1644,22870,18550
902,1614,22910,18599
905,1622,23071,18744
899,1657,22719,18368
902,1603,22922,18608
901,1654,22747,18400
891,1619,22607,18359
895,1607,22763,18458
887,1636,22433,18126
909,1617,23080,18708
901,1643,22746,18358
889,1637,22491,18196
897,1636,22638,18299
890,1632,22517,18222
895,1609,22798,18502
893,1630,22695,18370
890,1631,22548,18239
892,1613,22645,18357
886,1636,22372,18080
897,1603,22838,18538
890,1623,22586,18323
891,1618,22590,18330
894,1621,22709,18383
888,1654,22473,18151
893,1608,22714,18433
890,1619,22578,18304
893,1624,22659,18414
891,1620,22615,18317
897,1641,22673,18327
906,1631,22940,18545
893,1631,22682,18321
891,1633,22609,18330
890,1626,22544,18248
890,1634,22480,18198
897,1599,22851,18540
891,1625,22638,18317
892,1626,22665,18367
893,1613,22687,18391
891,1633,22522,18227
893,1610,22708,18431
888,1637,22473,18185
894,1612,22723,18445
897,1615,22784,18454
895,1651,22577,18222
902,1603,22942,18632
899,1656,22661,18306
891,1611,22593,18313
895,1626,22731,18401
890,1626,22551,18257
897,1636,22887,18574
888,1636,22466,18144
891,1630,22622,18315
890,1620,22597,18347
893,1639,22646,18359
894,1611,22836,18539
888,1651,22483,18125
891,1630,22623,18343
892,1642,22608,18290
891,1625,22592,18288
893,1602,22715,18451
890,1631,22508,18222
892,1624,22630,18338
893,1633,22670,18331
893,1640,22650,18335
893,1602,22757,18477
888,1631,22465,18185
890,1608,22584,18330
890,1615,22596,18305
893,1634,22539,18258
897,1586,22887,18557
889,1636,22508,18172
901,1614,22857,18529
901,1650,22712,18348
890,1627,22561,18286
893,1614,22712,18425
888,1632,22497,18155
893,1602,22735,18472
899,1641,22700,18379
894,1621,22677,18370
891,1630,22643,18363
886,1630,22393,18121
897,1599,22829,18528
896,1635,22626,18256
890,1621,22562,18277
901,1608,22882,18559
899,1646,22770,18451
903,1600,22951,18653
901,1634,22746,18374
892,1627,22643,18310
904,1637,22850,18486
888,1643,22476,18107
895,1604,22778,18503
891,1622,22562,18284
889,1611,22582,18322
894,1612,22726,18413
890,1635,22507,18184
894,1609,22764,18480
889,1628,22561,18276
904,1613,22988,18685
904,1607,22982,18661
888,1635,22465,18181
895,1608,22781,18505
896,1622,22712,18326
892,1642,22635,18335
891,1624,22623,18360
888,1632,22462,18182
894,1600,22762,18510
884,1637,22489,18162
893,1617,22714,18419
891,1625,22642,18353
892,1634,22597,18278
892,1618,22665,18368
901,1642,22807,18494
903,1614,22922,18606
896,1612,22784,18445
891,1636,22544,18189
894,1610,22747,18476
898,1641,22743,18387
902,1639,22790,18450
890,1624,22573,18305
895,1623,22714,18412
893,1621,22736,18481
889,1644,22488,18152
896,1623,22768,18469
889,1631,22519,18239
896,1633,22634,18342
893,1603,22735,18475
889,1640,22498,18185
892,1619,22664,18368
897,1621,22751,18405
890,1639,22553,18202
897,1602,22854,18575
888,1647,22458,18180
891,1630,22585,18288
897,1634,22746,18402
890,1629,22587,18264
901,1598,22923,18621
891,1644,22486,18134
894,1629,22701,18402
891,1631,22562,18264
889,1625,22495,18224
904,1614,22921,18594
889,1651,22494,18167
897,1606,22817,18506
893,1618,22640,18340
889,1647,22487,18185
892,1614,22674,18401
888,1641,22469,18146
910,1623,23136,18791
893,1637,22635,18283
891,1640,22602,18274
893,1614,22683,18409
886,1650,22393,18119
895,1601,22770,18483
891,1644,22601,18268
893,1619,22678,18336
890,1626,22604,18335
896,1642,22629,18273
902,1617,22861,18518
893,1636,22611,18309
890,1621,22578,18291
901,1594,22873,18569
892,1634,22488,18117
900,1602,22885,18576
890,1621,22623,18339
891,1604,22641,18352
892,1617,22633,18373
888,1645,22475,18146
894,1606,22769,18477
891,1644,22605,18269
893,1615,22698,18374
891,1631,22632,18336
904,1669,22778,18424
913,1623,23044,18667
893,1620,22650,18335
894,1634,22655,18338
891,1607,22649,18375
894,1639,22643,18341
897,1616,22751,18441
891,1638,22553,18247
892,1628,22615,18350
894,1612,22698,18404
891,1686,22589,18244
897,1605,22842,18540
887,1642,22407,18121
897,1612,22779,18478
889,1633,22541,18277
900,1644,22797,18452
909,1617,23094,18733
899,1653,22663,18264
892,1618,22670,18344
892,1605,22701,18403
893,1650,22639,18346
895,1589,22796,18526
888,1641,22475,18165
906,1606,23047,18703
904,1654,22831,18493
899,1648,22713,18346
893,1602,22751,18485
889,1648,22472,18178
889,1631,22534,18264
888,1643,22514,18262
902,1639,22777,18382
894,1603,22782,18493
887,1638,22427,18159
891,1631,22618,18322
901,1640,22722,18401
890,1625,22525,18227
895,1619,22774,18461
903,1663,22784,18369
896,1620,22802,18453
892,1638,22600,18314
888,1631,22533,18260
891,1607,22657,18396
889,1639,22505,18193
895,1606,22774,18460
890,1645,22551,18253
892,1632,22620,18282
890,1606,22583,18311
902,1669,22747,18396
905,1624,22927,18587
889,1625,22533,18240
890,1627,22583,18268
892,1612,22672,18387
886,1629,22404,18124
908,1631,23139,18810
899,1649,22679,18351
903,1629,22957,18629
891,1615,22606,18309
889,1637,22506,18158
900,1596,22932,18585
905,1630,22935,18616
891,1641,22592,18311
890,1613,22598,18335
890,1650,22506,18168
895,1613,22743,18409
890,1623,22587,18312
893,1631,22681,18369
891,1611,22601,18319
886,1659,22375,18093
907,1628,23090,18784
900,1637,22720,18393
897,1606,22838,18471
892,1635,22634,18359
891,1652,22520,18196
894,1597,22763,18498
890,1644,22506,18242
894,1605,22762,18442
893,1623,22683,18385
889,1633,22528,18207
895,1602,22801,18461
893,1647,22574,18274
891,1624,22600,18328
896,1671,22778,18477
890,1626,22544,18242
896,1620,22830,18498
886,1634,22422,18132
904,1635,22780,18353
892,1619,22651,18371
903,1640,22803,18458
895,1629,22710,18404
889,1638,22467,18172
899,1620,22880,18546
890,1623,22605,18322
895,1637,22689,18376
897,1603,22757,18437
891,1631,22518,18220
890,1625,22599,18307
890,1612,22599,18286
891,1640,22593,18249
901,1597,22961,18601
887,1635,22418,18135
893,1623,22662,18403
896,1633,22680,18365
906,1648,22905,18527
893,1616,22743,18412
894,1647,22503,18178
893,1613,22677,18382
890,1643,22534,18252
890,1635,22564,18294
892,1602,22673,18407
889,1641,22480,18180
907,1624,23131,18778
893,1638,22633,18309
888,1631,22488,18200
893,1614,22683,18395
892,1646,22546,18246
895,1602,22731,18466
895,1615,22686,18361
894,1620,22620,18251
893,1621,22694,18382
887,1632,22403,18086
895,1592,22812,18536
889,1637,22512,18227
892,1612,22661,18349
892,1627,22658,18319
888,1643,22449,18140
895,1602,22786,18464
888,1624,22504,18228
901,1618,22840,18533
899,1633,22783,18458
881,1621,22350,18076
897,1605,22856,18527
892,1639,22596,18301
891,1634,22618,18340
893,1603,22719,18456
888,1627,22436,18158
892,1609,22703,18418
890,1643,22519,18199
901,1619,22886,18541
891,1636,22601,18268
891,1652,22534,18227
899,1597,22888,18583
901,1636,22787,18467
893,1624,22656,18322
893,1630,22710,18361
890,1640,22533,18250
893,1603,22743,18454
891,1637,22543,18230
890,1624,22586,18296
891,1613,22637,18374
889,1626,22517,18251
894,1607,22768,18463
887,1642,22423,18133
891,1616,22624,18330
890,1614,22603,18339
890,1632,22543,18277
895,1595,22790,18489
888,1651,22441,18148
892,1624,22676,18369
892,1618,22660,18342
892,1617,22623,18354
894,1592,22758,18508
887,1648,22440,18148
907,1635,22982,18628
907,1642,22971,18571
900,1645,22702,18343
895,1613,22791,18488
888,1649,22462,18173
890,1622,22615,18330
896,1640,22679,18365
897,1647,22616,18290
896,1589,22867,18538
888,1646,22457,18134
894,1622,22683,18381
890,1617,22580,18288
890,1631,22556,18299
895,1616,22782,18476
889,1647,22489,18169
895,1621,22758,18451
891,1627,22617,18266
889,1640,22538,18263
901,1619,22880,18575
902,1637,22786,18463
899,1595,22912,18588
890,1647,22528,18186
894,1642,22649,18345
892,1611,22635,18301
887,1649,22417,18108
893,1599,22728,18466
902,1621,22916,18591
894,1643,22559,18234
896,1605,22756,18436
885,1645,22365,18073
907,1637,23127,18822
904,1639,22825,18474
892,1624,22630,18351
890,1631,22535,18241
887,1653,22435,18121
902,1601,22942,18580
890,1627,22583,18246
896,1619,22752,18431
898,1625,22715,18439
887,1645,22411,18117
894,1600,22776,18488
895,1615,22703,18355
890,1609,22626,18354
894,1605,22718,18414
890,1638,22475,18191
897,1607,22815,18525
890,1627,22587,18325
895,1624,22695,18414
893,1640,22709,18371
896,1629,22684,18355
906,1613,22981,18647
891,1665,22520,18204
899,1614,22812,18526
905,1614,23032,18674
890,1638,22548,18224
895,1602,22802,18485
887,1640,22475,18122
894,1627,22711,18420
891,1627,22594,18282
892,1633,22608,18330
894,1622,22746,18420
889,1642,22513,18180
891,1618,22629,18352
892,1637,22658,18334
893,1627,22655,18340
893,1603,22707,18425
888,1655,22443,18164
905,1614,22988,18662
893,1610,22699,18372
892,1636,22642,18337
898,1593,22864,18564
888,1648,22428,18116
894,1623,22686,18400
889,1624,22536,18212
889,1629,22494,18202
897,1593,22859,18529
888,1629,22484,18151
892,1638,22621,18347
891,1645,22573,18318
889,1620,22550,18271
900,1609,22920,18602
901,1638,22759,18393
897,1617,22792,18475
894,1642,22584,18251
889,1638,22536,18232
892,1601,22692,18416
890,1695,22535,18236
893,1615,22705,18422
895,1624,22690,18337
888,1642,22512,18210
894,1622,22714,18438
890,1644,22461,18140
896,1608,22789,18520
893,1635,22630,18290
895,1614,22706,18377
889,1616,22654,18318
898,1658,22718,18343
905,1617,22941,18584
889,1643,22522,18235
895,1611,22727,18431
894,1620,22723,18402
901,1649,22801,18443
894,1599,22766,18496
894,1617,22671,18334
889,1640,22521,18264
894,1621,22675,18387
885,1640,22377,18099
896,1603,22811,18517
891,1623,22578,18255
894,1627,22690,18388
891,1630,22630,18359
886,1649,22402,18112
893,1605,22722,18452
889,1637,22531,18237
894,1628,22711,18373
891,1614,22637,18338
891,1647,22566,18205
893,1604,22733,18449
889,1622,22531,18253
906,1609,23038,18718
900,1623,22769,18406
891,1651,22582,18250
893,1603,22722,18441
903,1653,22781,18397
903,1625,22825,18466
890,1618,22598,18355
895,1625,22685,18380
904,1625,22892,18549
889,1651,22488,18148
893,1604,22693,18414
893,1626,22684,18391
894,1631,22651,18346
894,1617,22741,18472
889,1642,22493,18165
904,1608,22993,18672
898,1631,22771,18424
893,1639,22614,18235
909,1620,23125,18794
902,1648,22750,18413
891,1624,22578,18297
897,1638,22637,18258
893,1623,22675,18354
903,1638,23051,18756
890,1644,22546,18173
891,1623,22629,18348
890,1615,22567,18303
902,1641,22737,18399
895,1604,22723,18432
892,1652,22572,18220
887,1628,22581,18315
890,1617,22567,18259
889,1649,22532,18243
894,1599,22784,18529
889,1639,22471,18127
895,1607,22785,18478
899,1620,22797,18448
903,1640,22814,18392
890,1633,22590,18321
889,1645,22474,18182
908,1616,23010,18670
889,1634,22510,18197
906,1652,22949,18566
890,1630,22574,18281
892,1649,22551,18218
895,1607,22791,18506
888,1639,22492,18223
894,1640,22577,18270
893,1621,22668,18385
887,1634,22449,18118
896,1603,22820,18529
890,1625,22551,18275
893,1626,22668,18358
888,1646,22476,18217
892,1631,22543,18221
898,1615,22766,18414
894,1622,22626,18310
895,1617,22777,18423
891,1618,22631,18352
900,1657,22779,18464
907,1625,23115,18804
896,1613,22731,18407
899,1622,22753,18372
891,1616,22635,18357
898,1646,22681,18339
907,1629,22979,18633
887,1633,22445,18165
895,1611,22732,18439
890,1625,22598,18345
890,1640,22542,18196
895,1609,22780,18482
888,1640,22453,18153
897,1613,22784,18481
892,1619,22583,18298
891,1645,22507,18176
897,1601,22845,18538
887,1631,22446,18119
894,1621,22734,18426
892,1621,22645,18368
904,1625,22929,18604
894,1599,22739,18471
904,1643,22747,18356
901,1634,22786,18398
891,1620,22609,18335
891,1637,22613,18319
894,1592,22766,18492
886,1645,22393,18098
894,1611,22703,18420
889,1620,22507,18211
894,1633,22683,18363
894,1602,22775,18487
888,1650,22470,18187
892,1620,22670,18401
904,1625,22919,18589
890,1632,22596,18280
899,1623,22859,18559
889,1630,22503,18169
893,1624,22711,18364
901,1653,22732,18400
889,1629,22528,18259
907,1629,23040,18719
903,1655,22830,18465
894,1610,22732,18415
895,1635,22664,18372
890,1631,22545,18228
895,1628,22663,18340
888,1646,22399,18102
898,1624,22730,18408
895,1628,22696,18383
890,1645,22574,18238
896,1612,22750,18439
886,1643,22408,18122
907,1622,23110,18789
902,1635,22755,18422
890,1625,22559,18242
900,1641,22741,18386
888,1630,22480,18139
896,1595,22837,18504
896,1623,22689,18390
901,1634,22761,18410
889,1616,22560,18277
891,1634,22531,18220
895,1610,22757,18436
892,1615,22619,18334
892,1625,22648,18370
895,1617,22726,18441
887,1636,22380,18080
896,1614,22769,18477
891,1625,22535,18226
897,1623,22789,18453
895,1618,22655,18334
889,1646,22456,18136
894,1603,22753,18480
889,1629,22525,18264
900,1623,22852,18525
892,1613,22637,18313
890,1643,22525,18221
895,1605,22803,18494
888,1632,22484,18194
897,1623,22759,18463
897,1624,22669,18357
891,1631,22623,18293
894,1610,22767,18438
897,1658,22596,18238
892,1616,22674,18361
891,1612,22631,18353
895,1635,22579,18254
894,1617,22730,18454
888,1639,22437,18169
906,1606,23068,18704
890,1609,22599,18303
897,1641,22731,18414
904,1603,22936,18607
887,1628,22434,18174
891,1630,22636,18327
891,1632,22604,18323
891,1607,22658,18353
899,1596,22906,18571
888,1637,22439,18127
906,1626,22971,18650
900,1654,22675,18358
893,1618,22690,18383
895,1604,22801,18477
902,1654,22792,18449
907,1615,23054,18685
889,1642,22503,18230
896,1631,22657,18347
893,1602,22686,18416
889,1645,22494,18214
898,1627,22803,18458
892,1647,22505,18161
902,1611,22889,18592
904,1631,22882,18558
886,1636,22401,18112
895,1603,22799,18505
888,1620,22488,18179
891,1614,22628,18305
896,1624,22776,18435
886,1646,22418,18151
899,1592,22865,18559
888,1645,22474,18183
891,1643,22574,18273
895,1613,22756,18419
886,1643,22389,18104
897,1600,22838,18529
891,1633,22575,18274
890,1623,22564,18310
890,1610,22576,18315
887,1650,22421,18122
897,1610,22843,18500
889,1644,22528,18237
891,1622,22611,18356
890,1620,22555,18271
888,1653,22430,18145
894,1607,22766,18453
889,1633,22527,18233
897,1630,22790,18437
892,1636,22668,18311
888,1652,22437,18144
899,1605,22854,18549
899,1637,22684,18331
894,1621,22731,18399
892,1625,22668,18355
900,1638,22813,18488
908,1623,23036,18669
886,1627,22437,18166
899,1600,22823,18502
901,1640,22748,18405
889,1632,22507,18224
898,1613,22867,18512
889,1642,22475,18174
893,1611,22704,18417
892,1617,22673,18417
889,1636,22501,18231
909,1613,23133,18801
887,1632,22432,18105
894,1621,22722,18415
892,1629,22672,18364
890,1624,22555,18268
898,1612,22836,18537
891,1631,22438,18130
894,1617,22719,18397
891,1641,22599,18268
891,1682,22613,18319
902,1589,22949,18627
901,1638,22827,18520
898,1617,22785,18469
890,1621,22565,18292
889,1637,22533,18270
896,1584,22815,18517
889,1654,22503,18184
891,1620,22614,18326
902,1645,22742,18368
894,1627,22602,18351
893,1596,22769,18477
888,1636,22478,18178
899,1619,22839,18468
901,1645,22760,18354
890,1620,22567,18273
892,1617,22677,18409
888,1647,22440,18151
894,1611,22751,18440
891,1632,22604,18258
891,1646,22608,18323
892,1603,22675,18393
889,1644,22483,18193
895,1598,22782,18510
891,1638,22568,18296
892,1654,22615,18344
896,1637,22765,18433
887,1632,22425,18103
897,1599,22840,18560
890,1643,22519,18216
894,1631,22657,18379
895,1619,22706,18388
894,1643,22529,18164
896,1601,22838,18501
890,1644,22592,18257
893,1629,22655,18358
904,1636,22882,18541
890,1650,22408,18112
899,1602,22882,18555
897,1627,22671,18297
898,1620,22801,18482
901,1623,22780,18407
891,1647,22524,18222
892,1603,22701,18419
890,1617,22580,18317
891,1612,22654,18368
894,1612,22724,18427
888,1640,22465,18175
907,1622,23078,18760
892,1641,22511,18175
893,1606,22699,18444
893,1632,22672,18359
895,1649,22624,18222
895,1599,22798,18476
889,1644,22502,18176
895,1619,22743,18462
893,1621,22699,18413
892,1637,22629,18346
894,1606,22765,18482
887,1624,22455,18136
892,1626,22659,18381
901,1621,22866,18532
906,1627,22976,18627
893,1618,22733,18471
887,1637,22437,18165
892,1617,22644,18361
891,1619,22655,18342
892,1622,22645,18355
897,1604,22853,18567
887,1645,22416,18135
895,1616,22722,18444
895,1633,22656,18257
897,1626,22740,18406
895,1617,22779,18462
891,1636,22603,18248
892,1601,22626,18350
888,1616,22516,18265
897,1634,22732,18412
909,1627,23090,18723
889,1631,22469,18132
894,1592,22671,18365
888,1631,22496,18212
896,1623,22687,18366
894,1603,22695,18388
892,1653,22535,18238
903,1632,22839,18502
890,1642,22554,18239
890,1641,22541,18242
898,1594,22826,18518
887,1632,22396,18107
897,1607,22817,18539
892,1648,22610,18285
893,1622,22658,18321
891,1628,22653,18346
898,1634,22706,18336
908,1628,23004,18636
889,1643,22489,18200
894,1619,22689,18389
894,1628,22646,18282
892,1652,22569,18221
896,1590,22832,18553
889,1619,22527,18221
905,1627,22971,18634
897,1616,22770,18472
896,1649,22557,18205
895,1610,22764,18489
890,1616,22585,18263
891,1606,22642,18382
892,1617,22635,18356
886,1635,22392,18099
895,1601,22785,18515
890,1627,22581,18290
907,1626,22981,18629
906,1606,23037,18676
888,1659,22427,18110
908,1616,23105,18780
894,1630,22666,18378
896,1642,22656,18333
894,1631,22714,18375
890,1647,22547,18178
897,1611,22816,18517
888,1629,22465,18150
893,1621,22675,18390
905,1601,23016,18711
902,1646,22745,18391
894,1616,22684,18391
889,1644,22527,18189
892,1614,22664,18356
892,1680,22687,18404
890,1635,22552,18249
895,1598,22767,18487
887,1658,22444,18121
896,1619,22771,18463
890,1622,22601,18261
898,1626,22802,18427
902,1611,22851,18515
887,1646,22425,18150
891,1598,22681,18476
890,1632,22565,18271
893,1632,22669,18328
894,1595,22800,18525
892,1638,22561,18231
891,1620,22610,18333
890,1645,22532,18270
888,1630,22496,18215
900,1599,22910,18624
897,1642,22615,18236
892,1625,22656,18364
892,1646,22583,18266
888,1634,22531,18265
895,1615,22764,18488
889,1631,22490,18162
895,1623,22744,18424
890,1632,22588,18284
895,1619,22724,18380
896,1605,22776,18483
886,1630,22392,18117
896,1604,22808,18515
890,1637,22519,18201
893,1627,22656,18297
893,1628,22680,18378
887,1642,22428,18146
894,1604,22778,18504
890,1624,22538,18256
898,1631,22753,18463
905,1617,22992,18685
887,1652,22445,18095
908,1628,23135,18814
896,1640,22609,18261
891,1627,22581,18308
890,1639,22560,18289
888,1612,22415,18107
893,1596,22747,18462
893,1630,22639,18322
896,1638,22754,18407
891,1622,22593,18286
881,1633,22327,18121
907,1624,22989,18645
890,1641,22563,18240
900,1629,22836,18489
891,1621,22628,18359
891,1634,22510,18190
893,1617,22711,18427
891,1629,22597,18319
893,1616,22684,18385
892,1642,22635,18366
891,1633,22565,18225
894,1605,22757,18469
886,1639,22432,18170
899,1603,22826,18509
889,1631,22519,18240
895,1631,22658,18333
895,1610,22737,18409
890,1637,22538,18210
908,1618,23063,18678
892,1617,22590,18283
892,1630,22602,18302
896,1613,22801,18512
888,1650,22484,18152
892,1630,22643,18327
891,1619,22626,18371
896,1625,22716,18396
901,1618,22825,18473
901,1643,22821,18521
895,1625,22632,18318
900,1624,22804,18514
898,1644,22689,18322
897,1603,22838,18531
887,1636,22412,18128
892,1629,22629,18350
889,1621,22539,18283
893,1635,22574,18236
909,1606,23116,18760
900,1633,22784,18413
903,1632,22833,18440
888,1639,22505,18222
899,1634,22672,18339
892,1600,22745,18484
891,1652,22550,18216
893,1621,22689,18347
890,1621,22569,18294
900,1641,22808,18461
898,1591,22851,18560
888,1642,22405,18093
899,1605,22855,18566
888,1620,22481,18190
894,1630,22681,18359
893,1606,22717,18430
896,1647,22641,18308
908,1608,23081,18753
893,1636,22591,18307
890,1628,22527,18204
895,1627,22730,18410
887,1653,22442,18097
896,1599,22842,18508
889,1638,22518,18249
890,1637,22561,18280
892,1592,22692,18446
901,1640,22807,18456
908,1626,23051,18658
891,1627,22537,18212
894,1631,22712,18412
892,1635,22611,18303
886,1645,22423,18121
903,1635,22843,18511
889,1637,22518,18237
894,1611,22733,18395
896,1640,22609,18262
892,1656,22542,18223
893,1611,22684,18395
892,1626,22618,18342
894,1618,22724,18386
891,1629,22629,18314
891,1646,22564,18222
895,1609,22800,18469
889,1641,22534,18232
906,1625,23064,18774
890,1622,22580,18307
892,1634,22614,18285
895,1608,22797,18474
888,1643,22435,18146
892,1612,22657,18368
892,1624,22639,18355
889,1624,22516,18224
892,1600,22722,18469
886,1652,22426,18160
895,1616,22739,18435
892,1646,22646,18340
891,1642,22576,18293
896,1603,22827,18546
887,1639,22413,18139
892,1621,22652,18369
892,1641,22624,18307
891,1626,22615,18277
898,1615,22904,18551
887,1631,22423,18130
895,1616,22711,18421
890,1645,22521,18221
891,1638,22532,18178
896,1613,22773,18448
889,1657,22489,18210
896,1617,22765,18445
890,1620,22520,18194
892,1623,22630,18366
894,1613,22752,18488
887,1628,22436,18167
897,1619,22789,18458
888,1618,22493,18205
889,1635,22481,18185
894,1615,22734,18444
883,1631,22449,18196
892,1614,22699,18395
892,1636,22599,18285
890,1637,22573,18242
894,1608,22755,18434
900,1633,22813,18501
896,1601,22801,18506
887,1637,22459,18169
893,1633,22626,18320
891,1618,22618,18283
887,1639,22453,18158
896,1601,22823,18525
888,1642,22503,18201
895,1638,22692,18399
891,1587,22603,18324
885,1629,22374,18105
905,1631,22962,18583
890,1645,22537,18219
894,1626,22691,18382
892,1628,22632,18326
886,1642,22365,18084
894,1606,22745,18445
897,1623,22744,18403
899,1632,22806,18400
892,1627,22664,18323
891,1657,22504,18200
893,1610,22696,18424
900,1640,22783,18450
889,1620,22598,18294
893,1625,22706,18398
902,1668,22709,18342
895,1603,22816,18525
890,1626,22606,18334
891,1613,22635,18355
891,1642,22587,18311
889,1645,22478,18203
895,1598,22806,18500
887,1636,22447,18157
894,1613,22732,18454
892,1638,22607,18322
895,1632,22641,18346
904,1623,22893,18515
888,1654,22464,18124
904,1640,22870,18492
893,1617,22643,18313
892,1628,22631,18324
894,1611,22705,18431
889,1656,22466,18169
892,1616,22661,18368
892,1647,22638,18308
890,1639,22564,18277
895,1612,22791,18493
888,1637,22457,18159
891,1624,22644,18378
891,1627,22589,18299
897,1635,22731,18425
896,1608,22770,18435
888,1632,22485,18181
906,1626,22993,18655
890,1633,22567,18268
889,1641,22516,18266
896,1597,22836,18540
883,1633,22378,18093
895,1609,22744,18420
894,1624,22681,18327
905,1640,22922,18585
892,1592,22692,18451
892,1638,22537,18232
895,1626,22685,18332
893,1627,22653,18309
894,1627,22647,18354
891,1604,22625,18316
892,1648,22536,18244
901,1604,22913,18596
901,1642,22724,18375
890,1636,22590,18318
893,1619,22716,18395
887,1643,22425,18101
908,1618,23111,18784
899,1629,22769,18453
902,1646,22721,18364
891,1643,22621,18296
888,1633,22457,18159
895,1599,22788,18480
891,1629,22597,18275
893,1623,22681,18400
896,1628,22726,18435
887,1638,22377,18067
907,1623,23125,18795
900,1601,22685,18278
892,1621,22650,18357
893,1617,22707,18386
887,1647,22433,18152
895,1607,22781,18511
891,1679,22595,18320
891,1597,22653,18390
893,1625,22688,18371
888,1649,22446,18134
901,1612,22874,18498
889,1638,22512,18229
893,1616,22685,18431
893,1615,22681,18374
889,1639,22499,18210
896,1598,22811,18484
903,1628,22908,18512
894,1626,22624,18336
901,1624,22849,18533
901,1638,22730,18398
893,1610,22729,18429
889,1644,22512,18175
891,1623,22627,18339
892,1632,22651,18358
895,1625,22677,18381
893,1603,22692,18401
887,1639,22399,18117
895,1611,22732,18436
892,1613,22669,18322
892,1634,22647,18353
894,1608,22740,18447
900,1628,22791,18480
892,1628,22563,18276
894,1611,22706,18391
890,1625,22565,18251
907,1617,23023,18659
889,1630,22501,18149
891,1613,22640,18360
887,1638,22472,18210
890,1628,22568,18280
896,1600,22892,18577
890,1634,22470,18131
893,1629,22654,18359
890,1631,22565,18273
903,1637,22801,18469
896,1605,22829,18538
900,1647,22701,18359
893,1643,22625,18318
894,1626,22686,18368
896,1621,22539,18210
895,1611,22745,18451
887,1628,22415,18124
893,1605,22737,18477
890,1626,22542,18234
901,1610,22905,18561
900,1627,22883,18538
902,1644,22749,18368
894,1609,22723,18430
889,1629,22543,18265
890,1636,22570,18299
895,1624,22728,18395
888,1632,22444,18106
899,1598,22882,18587
890,1629,22537,18227
892,1620,22617,18342
890,1625,22555,18275
886,1635,22395,18126
901,1614,22953,18667
905,1636,22919,18546
906,1642,22895,18547
898,1646,22679,18358
886,1646,22389,18078
894,1593,22773,18502
897,1635,22727,18385
893,1642,22609,18282
893,1612,22714,18362
888,1633,22440,18086
899,1602,22865,18569
888,1626,22487,18205
897,1614,22782,18464
891,1641,22594,18289
890,1633,22550,18197
893,1607,22728,18450
887,1638,22472,18188
892,1606,22680,18374
890,1630,22577,18304
892,1651,22590,18282
898,1594,22845,18555
888,1644,22494,18186
902,1636,22788,18438
889,1624,22573,18288
891,1638,22585,18301
894,1602,22718,18456
890,1634,22502,18197
892,1636,22619,18312
895,1633,22718,18394
891,1619,22638,18283
893,1587,22729,18458
888,1633,22435,18144
892,1614,22662,18392
892,1630,22618,18306
891,1624,22633,18309
889,1602,22736,18468
887,1646,22440,18153
891,1621,22634,18362
889,1629,22545,18243
882,1627,22439,18180
894,1589,22768,18492
889,1632,22512,18159
905,1612,22995,18650
890,1641,22550,18237
899,1648,22760,18441
903,1584,22948,18679
902,1645,22845,18476
893,1617,22693,18379
893,1630,22690,18360
890,1646,22561,18239
902,1597,22921,18599
901,1669,22750,18401
909,1611,23106,18767
890,1633,22542,18228
894,1641,22672,18350
891,1611,22625,18348
889,1630,22486,18190
895,1611,22770,18485
886,1615,22515,18239
890,1641,22566,18278
889,1625,22591,18335
890,1629,22540,18192
893,1599,22745,18468
889,1646,22492,18196
896,1615,22729,18420
891,1616,22624,18370
888,1641,22436,18127
896,1597,22840,18559
889,1628,22554,18237
892,1625,22644,18286
893,1626,22680,18393
885,1640,22358,18078
893,1611,22719,18450
890,1632,22564,18249
894,1610,22761,18409
892,1643,22616,18327
889,1636,22487,18159
901,1602,22913,18602
900,1640,22691,18364
890,1614,22604,18327
890,1628,22601,18333
890,1640,22530,18218
909,1610,23114,18761
891,1643,22551,18235
898,1634,22716,18407
904,1610,22994,18674
904,1651,22846,18481
902,1632,22839,18466
894,1633,22620,18256
892,1628,22692,18367
891,1613,22623,18360
902,1638,22773,18418
896,1605,22737,18458
888,1635,22448,18135
893,1618,22724,18378
895,1613,22738,18424
892,1636,22620,18326
894,1602,22746,18459
889,1643,22477,18191
891,1617,22625,18351
889,1610,22546,18263
890,1618,22573,18274
900,1606,22911,18605
886,1636,22428,18141
893,1615,22692,18419
887,1636,22479,18204
899,1617,22793,18431
893,1595,22737,18462
890,1642,22532,18194
892,1621,22682,18379
885,1628,22431,18179
891,1628,22584,18289
893,1595,22742,18476
887,1646,22463,18160
896,1625,22780,18429
888,1631,22469,18173
898,1623,22736,18413
905,1630,22895,18545
886,1645,22408,18122
895,1602,22780,18509
889,1630,22482,18204
891,1621,22615,18286
897,1604,22790,18489
892,1648,22479,18137
891,1607,22760,18517
887,1639,22449,18178
904,1635,22797,18401
890,1609,22609,18298
890,1629,22580,18273
895,1598,22825,18505
893,1640,22629,18337
889,1618,22528,18248
890,1632,22508,18208
892,1646,22493,18123
895,1611,22796,18476
893,1620,22630,18344
891,1609,22614,18332
889,1625,22559,18291
887,1646,22404,18139
895,1603,22759,18479
895,1620,22687,18388
899,1637,22752,18392
892,1613,22656,18353
886,1637,22400,18093
899,1589,22877,18577
890,1629,22500,18216
898,1629,22794,18475
904,1621,22901,18539
889,1634,22473,18130
897,1605,22856,18520
896,1610,22764,18469
895,1614,22726,18429
892,1603,22658,18391
889,1623,22497,18168
895,1608,22803,18481
887,1641,22422,18122
893,1610,22715,18406
890,1610,22625,18345
890,1629,22589,18315
895,1605,22776,18486
885,1634,22384,18115
899,1614,22844,18486
894,1622,22637,18287
892,1629,22610,18337
895,1618,22793,18516
887,1633,22414,18158
891,1615,22653,18365
888,1633,22541,18307
890,1634,22570,18240
900,1586,22925,18591
890,1645,22439,18130
892,1616,22645,18363
889,1630,22577,18314
904,1616,22961,18630
898,1605,22803,18442
895,1635,22610,18301
897,1625,22722,18379
890,1624,22562,18291
902,1615,22891,18594
892,1615,22711,18470
886,1645,22421,18154
893,1631,22653,18326
893,1626,22634,18317
888,1635,22500,18205
896,1594,22805,18523
887,1643,22385,18108
896,1601,22803,18484
904,1637,22916,18543
889,1632,22558,18250
893,1618,22724,18383
887,1638,22404,18114
893,1604,22713,18444
888,1617,22513,18254
891,1640,22587,18280
894,1625,22736,18420
886,1629,22407,18119
901,1600,22927,18606
893,1621,22528,18204
891,1631,22593,18332
898,1625,22751,18434
896,1634,22534,18189
899,1597,22919,18581
900,1652,22697,18339
891,1634,22575,18303
890,1617,22584,18299
887,1634,22397,18110
894,1606,22775,18464
889,1631,22533,18232
893,1624,22692,18378
893,1612,22677,18354
886,1640,22398,18118
893,1613,22707,18430
892,1634,22608,18320
892,1622,22672,18339
892,1617,22655,18347
899,1638,22642,18274
902,1603,22940,18610
896,1657,22597,18256
894,1598,22717,18412
890,1624,22568,18302
890,1699,22560,18267
896,1607,22824,18491
888,1643,22462,18170
893,1614,22682,18395
892,1622,22674,18405
890,1623,22540,18273
892,1622,22674,18378
891,1647,22519,18191
890,1623,22617,18302
901,1628,22863,18515
897,1630,22730,18429
907,1620,23023,18676
889,1652,22394,18108
892,1619,22680,18377
892,1631,22629,18325
898,1621,22762,18436
907,1613,23011,18657
899,1645,22782,18473
895,1640,22627,18263
889,1621,22558,18277
888,1634,22508,18239
896,1597,22821,18495
887,1637,22440,18152
887,1621,22596,18315
890,1640,22563,18260
901,1646,22756,18439
893,1597,22742,18453
888,1647,22452,18149
893,1613,22688,18373
901,1655,22733,18301
888,1642,22528,18249
893,1595,22715,18446
895,1647,22573,18243
903,1605,22947,18602
901,1644,22741,18337
889,1634,22515,18244
904,1611,23019,18701
900,1648,22788,18466
907,1613,23039,18716
898,1614,22787,18495
896,1628,22694,18386
891,1636,22646,18323
887,1649,22446,18155
901,1594,22930,18621
897,1634,22729,18437
900,1642,22810,18494
904,1618,22964,18628
894,1645,22495,18147
896,1593,22847,18545
890,1625,22587,18258
894,1625,22673,18362
889,1625,22551,18276
887,1649,22433,18146
898,1604,22859,18536
897,1641,22655,18260
891,1615,22634,18319
891,1615,22625,18345
881,1636,22409,18164
893,1611,22727,18440
888,1643,22497,18219
892,1609,22660,18397
891,1615,22636,18336
901,1657,22688,18310
898,1603,22855,18546
887,1628,22487,18222
891,1624,22621,18370
889,1612,22588,18273
896,1629,22681,18350
895,1599,22818,18524
889,1642,22532,18173
891,1621,22643,18368
892,1594,22637,18362
888,1629,22504,18224
895,1604,22818,18509
888,1638,22466,18141
891,1624,22605,18316
893,1624,22703,18392
889,1624,22496,18221
895,1606,22770,18495
885,1645,22360,18089
904,1619,22955,18648
898,1608,22807,18464
891,1639,22527,18228
898,1608,22857,18561
889,1644,22453,18146
892,1611,22662,18406
890,1643,22544,18214
895,1616,22676,18350
894,1613,22743,18412
899,1652,22725,18357
905,1602,22999,18689
888,1622,22481,18191
892,1632,22507,18191
896,1592,22828,18502
890,1636,22541,18218
891,1627,22625,18345
889,1629,22560,18267
889,1635,22539,18267
894,1615,22658,18369
901,1650,22759,18415
907,1614,23068,18755
889,1647,22524,18224
888,1633,22525,18237
902,1643,22809,18483
888,1652,22451,18148
894,1608,22751,18495
890,1632,22551,18256
890,1627,22559,18266
893,1628,22715,18393
889,1654,22523,18161
902,1601,22939,18621
901,1634,22704,18356
890,1632,22546,18253
892,1615,22660,18355
893,1626,22563,18212
899,1624,22778,18446
890,1645,22570,18255
891,1614,22649,18358
905,1633,22903,18567
899,1667,22632,18281
892,1617,22689,18409
892,1630,22628,18299
891,1607,22648,18378
894,1616,22675,18352
886,1641,22416,18137
895,1601,22774,18498
890,1624,22588,18264
894,1624,22715,18434
892,1615,22682,18373
890,1646,22541,18183
893,1612,22718,18435
892,1635,22584,18283
891,1628,22602,18342
893,1614,22676,18355
894,1639,22606,18274
893,1604,22736,18461
887,1636,22439,18149
894,1624,22684,18397
892,1623,22650,18366
887,1636,22448,18156
895,1600,22777,18485
887,1644,22459,18108
894,1615,22730,18441
890,1602,22603,18314
889,1630,22541,18263
908,1616,23048,18726
891,1640,22478,18142
896,1616,22760,18427
901,1685,22791,18415
891,1629,22609,18289
894,1602,22786,18511
888,1656,22456,18186
900,1638,22739,18405
892,1610,22671,18355
889,1637,22559,18254
901,1598,22939,18638
897,1651,22604,18233
893,1631,22645,18355
888,1615,22481,18200
889,1622,22531,18264
894,1599,22781,18510
888,1636,22498,18165
893,1624,22665,18350
901,1624,22863,18554
891,1616,22615,18336
892,1611,22712,18458
889,1631,22470,18150
894,1621,22727,18410
890,1650,22580,18276
890,1624,22592,18261
895,1609,22731,18436
887,1651,22431,18145
893,1620,22708,18429
900,1632,22804,18431
900,1640,22794,18432
904,1624,22883,18558
888,1633,22435,18112
907,1632,23116,18807
888,1631,22470,18201
893,1605,22656,18370
890,1626,22578,18317
888,1637,22457,18126
893,1602,22739,18467
891,1629,22582,18303
889,1611,22565,18276
888,1614,22646,18372
885,1647,22384,18096
898,1607,22826,18500
890,1631,22582,18252
893,1620,22712,18364
892,1633,22649,18368
886,1634,22409,18122
893,1615,22712,18437
892,1637,22635,18322
892,1627,22655,18340
891,1633,22626,18342
889,1642,22492,18177
894,1602,22764,18494
887,1633,22495,18238
886,1624,22599,18352
891,1618,22580,18280
897,1644,22693,18344
908,1621,23049,18682
886,1634,22412,18096
897,1624,22772,18479
896,1618,22643,18336
890,1636,22549,18229
894,1601,22759,18484
888,1656,22467,18136
909,1618,23093,18691
892,1628,22657,18382
888,1644,22490,18212
895,1603,22785,18490
888,1642,22457,18142
899,1609,22836,18498
889,1614,22531,18213
891,1633,22583,18292
903,1599,22947,18619
901,1634,22802,18481
889,1628,22576,18315
894,1631,22580,18242
904,1615,22971,18621
893,1600,22719,18435
894,1641,22612,18283
890,1621,22561,18279
889,1620,22526,18269
890,1622,22586,18284
894,1592,22758,18467
902,1638,22875,18503
896,1621,22695,18331
888,1631,22509,18224
898,1646,22649,18294
902,1588,22937,18643
899,1651,22682,18309
894,1625,22716,18371
889,1637,22533,18260
889,1622,22530,18214
892,1605,22699,18436
894,1628,22600,18285
908,1620,23054,18712
892,1648,22513,18189
896,1613,22720,18378
899,1648,22713,18373
891,1631,22505,18204
892,1605,22699,18416
889,1626,22543,18278
891,1636,22590,18274
891,1624,22621,18325
900,1637,22804,18462
898,1597,22915,18578
888,1640,22489,18176
907,1623,22997,18661
897,1620,22751,18446
887,1628,22459,18145
895,1602,22816,18502
889,1616,22530,18268
893,1597,22728,18453
890,1620,22602,18339
887,1649,22441,18146
895,1599,22770,18502
894,1637,22659,18368
892,1628,22634,18313
891,1605,22657,18350
887,1665,22418,18135
897,1604,22819,18511
887,1620,22483,18219
892,1633,22653,18366
892,1610,22664,18375
892,1639,22606,18257
908,1631,23161,18814
894,1639,22522,18168
895,1617,22726,18443
890,1623,22586,18296
891,1646,22596,18269
899,1598,22875,18545
890,1640,22425,18124
893,1620,22714,18409
890,1605,22620,18324
892,1646,22590,18301
898,1608,22838,18562
884,1628,22354,18085
899,1620,22813,18451
890,1621,22605,18308
906,1631,22921,18573
894,1590,22760,18492
888,1632,22459,18171
895,1619,22728,18400
892,1618,22660,18373
891,1631,22619,18259
898,1593,22889,18551
887,1657,22432,18135
893,1619,22674,18385
890,1620,22574,18300
899,1651,22680,18296
896,1592,22846,18518
897,1636,22681,18342
902,1618,22907,18587
898,1629,22739,18408
895,1635,22595,18266
895,1599,22788,18530
885,1628,22384,18101
898,1618,22847,18494
889,1636,22489,18210
891,1625,22602,18300
891,1615,22690,18425
887,1654,22441,18174
895,1585,22797,18503
890,1625,22577,18286
895,1635,22718,18361
891,1609,22660,18327
886,1639,22425,18137
894,1607,22741,18479
890,1631,22567,18278
894,1621,22701,18362
893,1620,22637,18292
901,1643,22689,18343
894,1611,22771,18469
889,1628,22533,18263
906,1615,22963,18618
905,1632,22941,18612
902,1664,22760,18411
910,1615,23156,18794
905,1651,22917,18561
906,1624,22958,18627
896,1634,22648,18320
896,1639,22629,18325
905,1600,23015,18675
904,1652,22906,18532
903,1618,22919,18581
896,1624,22794,18433
891,1644,22531,18245
894,1623,22715,18430
889,1630,22560,18293
893,1625,22678,18380
898,1622,22819,18459
892,1640,22512,18189
897,1597,22895,18600
887,1633,22427,18132
898,1618,22805,18497
897,1612,22709,18390
889,1630,22529,18257
896,1599,22841,18525
888,1645,22430,18107
895,1609,22763,18490
891,1621,22625,18337
894,1621,22679,18388
896,1611,22847,18546
889,1632,22485,18171
894,1612,22746,18424
906,1632,22993,18595
898,1630,22665,18327
895,1598,22803,18529
885,1638,22399,18151
897,1607,22819,18487
893,1604,22716,18391
890,1621,22583,18311
896,1608,22854,18561
888,1626,22500,18226
892,1618,22679,18420
890,1611,22574,18308
890,1628,22597,18315
900,1625,22979,18661
888,1632,22484,18160
893,1628,22678,18388
889,1629,22529,18261
906,1608,22982,18660
903,1608,22989,18656
898,1646,22646,18294
896,1608,22817,18485
893,1642,22685,18335
891,1615,22608,18337
903,1610,22978,18668
893,1640,22619,18312
897,1605,22825,18493
894,1624,22705,18379
904,1602,22972,18653
908,1633,23015,18639
890,1624,22568,18283
898,1617,22918,18632
891,1625,22596,18321
893,1618,22696,18412
894,1616,22781,18444
892,1640,22593,18286
896,1599,22865,18586
888,1597,22608,18404
892,1611,22663,18415
899,1615,22845,18513
888,1640,22493,18188
897,1595,22842,18512
898,1622,22816,18468
892,1629,22671,18409
896,1599,22797,18533
893,1617,22637,18342
895,1608,22838,18588
895,1615,22773,18433
899,1605,22885,18605
894,1601,22772,18487
892,1634,22589,18300
896,1596,22854,18585
896,1610,22776,18496
896,1614,22785,18490
897,1593,22859,18534
910,1635,23047,18702
901,1594,22907,18586
906,1641,22910,18541
895,1615,22766,18490
900,1607,22924,18599
894,1620,22704,18380
899,1625,22969,18670
892,1621,22647,18298
898,1598,22886,18589
893,1593,22718,18459
903,1646,22835,18480
900,1625,22993,18669
894,1639,22666,18343
898,1604,22887,18606
910,1629,23154,18820
909,1629,23033,18673
898,1617,22906,18636
897,1634,22735,18416
896,1607,22795,18521
898,1598,22872,18567
910,1622,23133,18802
914,1668,23327,18997
893,1635,22649,18339
895,1594,22830,18568
895,1610,22768,18490
903,1613,22881,18555
902,1632,23057,18740
894,1630,22725,18413
898,1598,22869,18570
894,1623,22730,18454
896,1605,22778,18506
899,1605,22944,18625
893,1631,22673,18345
900,1603,22893,18584
895,1627,22586,18237
897,1596,22796,18493
903,1598,22927,18615
890,1610,22614,18347
905,1606,22998,18659
894,1658,22761,18454
895,1599,22799,18509
896,1593,22840,18560
899,1618,22821,18504
904,1593,22978,18653
909,1608,23100,18735
908,1611,23001,18632
896,1602,22841,18512
891,1636,22637,18296
913,1642,23250,18909
896,1612,22797,18519
895,1607,22762,18482
909,1636,23175,18840
903,1638,22884,18515
897,1600,22876,18574
895,1623,22778,18492
895,1591,22790,18534
895,1605,22773,18497
890,1633,22521,18229
897,1598,22870,18588
899,1618,22872,18537
895,1619,22749,18471
909,1600,23112,18784
903,1639,22879,18554
900,1607,22930,18647
895,1614,22700,18351
901,1606,22937,18620
897,1622,22831,18488
896,1618,22745,18396
897,1600,22858,18581
891,1637,22566,18291
896,1609,22807,18515
896,1614,22813,18493
895,1634,22749,18410
900,1608,22940,18656
890,1638,22541,18224
910,1607,23127,18783
892,1612,22647,18352
892,1643,22576,18269
902,1609,22976,18668
902,1634,22740,18347
896,1610,22792,18514
897,1600,22828,18531
893,1612,22682,18395
897,1610,22842,18585
890,1632,22504,18206
894,1613,22743,18433
895,1632,22737,18424
895,1618,22734,18390
899,1620,22974,18703
898,1650,22588,18237
896,1615,22754,18474
894,1641,22619,18278
898,1633,22694,18307
898,1614,22859,18554
904,1636,22898,18529
907,1655,22935,18570
890,1646,22513,18218
892,1631,22620,18326
894,1608,22747,18497
891,1644,22560,18207
902,1612,22909,18567
891,1633,22586,18311
894,1611,22689,18399
892,1617,22651,18373
893,1635,22520,18158
897,1615,22729,18390
905,1631,22991,18626
891,1632,22601,18238
897,1605,22766,18454
895,1653,22528,18178
903,1637,22960,18656
896,1641,22647,18267
902,1620,22903,18512
896,1624,22730,18429
892,1633,22475,18126
899,1596,22907,18592
890,1641,22563,18303
894,1619,22674,18397
890,1643,22582,18311
899,1627,22839,18482
896,1598,22813,18523
892,1630,22623,18333
892,1628,22643,18388
906,1619,22964,18690
896,1640,22543,18195
896,1611,22821,18504
893,1630,22670,18334
894,1627,22716,18409
892,1640,22650,18353
891,1646,22495,18174
896,1601,22811,18524
892,1641,22559,18227
895,1629,22755,18433
892,1630,22662,18361
890,1649,22515,18205
895,1605,22785,18498
887,1642,22438,18146
904,1630,22933,18609
898,1614,22802,18511
897,1631,22625,18251
897,1616,22751,18429
891,1627,22512,18197
892,1619,22650,18373
892,1617,22653,18398
893,1642,22653,18327
898,1615,22861,18538
889,1641,22485,18141
901,1614,22896,18514
895,1639,22629,18302
899,1578,22762,18458
901,1620,22820,18481
889,1637,22493,18180
892,1624,22650,18328
894,1617,22667,18396
890,1636,22556,18252
895,1592,22796,18531
891,1652,22529,18231
890,1633,22569,18280
889,1607,22478,18219
891,1631,22586,18250
895,1601,22770,18484
887,1638,22430,18135
894,1630,22691,18399
897,1633,22690,18403
903,1636,22783,18415
893,1625,22708,18392
889,1642,22488,18178
898,1627,22812,18480
889,1627,22515,18230
893,1639,22608,18308
891,1627,22639,18366
890,1650,22527,18188
896,1615,22803,18501
892,1643,22578,18279
889,1623,22512,18208
898,1618,22787,18464
888,1639,22403,18102
898,1610,22833,18529
892,1648,22568,18267
891,1618,22606,18263
901,1627,22837,18504
900,1641,22754,18416
893,1611,22719,18435
889,1628,22523,18248
897,1624,22742,18402
890,1643,22509,18185
891,1654,22516,18163
897,1617,22824,18477
892,1630,22605,18301
890,1620,22602,18342
892,1635,22634,18339
888,1643,22438,18117
893,1614,22738,18417
892,1640,22592,18279
891,1623,22594,18294
891,1613,22612,18336
888,1656,22413,18117
893,1611,22724,18453
888,1620,22464,18190
894,1640,22694,18397
893,1634,22665,18341
887,1634,22434,18172
897,1607,22806,18513
888,1638,22453,18190
891,1639,22583,18283
896,1623,22760,18438
891,1645,22556,18210
896,1608,22815,18488
885,1627,22350,18085
895,1625,22698,18398
890,1627,22540,18266
903,1621,22919,18591
896,1613,22741,18406
887,1639,22372,18063
895,1620,22723,18433
889,1621,22543,18256
892,1623,22638,18346
893,1617,22710,18442
889,1641,22455,18153
891,1634,22625,18290
894,1627,22583,18232
904,1621,22917,18587
893,1628,22720,18432
887,1627,22401,18116
891,1631,22589,18279
902,1616,22897,18568
904,1635,22969,18579
895,1604,22820,18508
887,1641,22415,18137
890,1639,22530,18245
888,1638,22490,18216
893,1635,22627,18287
896,1617,22794,18462
886,1634,22392,18116
904,1628,22932,18579
903,1627,22911,18574
889,1644,22461,18171
901,1632,22847,18544
893,1623,22643,18341
897,1610,22842,18516
890,1638,22542,18242
890,1628,22533,18237
891,1631,22605,18343
887,1644,22407,18150
895,1605,22760,18454
891,1643,22569,18239
891,1631,22579,18226
895,1612,22745,18397
887,1656,22419,18116
894,1612,22715,18431
892,1625,22612,18319
890,1636,22568,18222
897,1640,22644,18263
892,1653,22539,18211
900,1628,22786,18427
900,1643,22801,18468
905,1611,22962,18617
892,1629,22613,18339
893,1634,22542,18233
905,1625,22913,18539
890,1625,22539,18231
894,1618,22691,18423
898,1629,22779,18457
900,1663,22624,18267
893,1610,22710,18424
888,1630,22513,18219
894,1631,22692,18375
907,1605,23054,18691
898,1648,22608,18261
894,1612,22737,18462
887,1646,22402,18110
896,1624,22768,18443
894,1625,22671,18354
892,1632,22570,18264
895,1608,22780,18476
887,1635,22419,18118
893,1629,22665,18376
891,1617,22590,18304
891,1642,22563,18269
894,1613,22750,18412
896,1637,22548,18202
891,1623,22627,18360
892,1614,22630,18347
894,1620,22638,18345
899,1611,22886,18572
888,1636,22463,18137
895,1647,22783,18440
890,1628,22580,18249
891,1629,22583,18296
894,1615,22711,18422
888,1643,22447,18165
907,1626,22994,18624
892,1632,22634,18281
889,1632,22523,18245
899,1591,22889,18562
895,1593,22527,18174
891,1635,22590,18317
888,1628,22501,18231
905,1640,22907,18562
908,1637,23037,18665
887,1641,22422,18119
896,1620,22744,18434
887,1630,22455,18186
902,1629,22867,18545
904,1618,22976,18645
896,1637,22644,18319
909,1606,23101,18716
902,1655,22740,18342
889,1636,22500,18212
893,1612,22658,18377
886,1654,22365,18086
909,1623,23077,18718
