2728,10000
836,1560,20424,16370
840,1547,20586,16533
827,1544,20300,16323
840,1572,20556,16475
833,1531,20482,16421
826,1554,20226,16237
841,1562,20650,16593
828,1545,20353,16327
839,1562,20526,16477
839,1550,20626,16601
822,1559,20107,16147
842,1547,20657,16551
834,1550,20501,16435
829,1536,20370,16366
839,1549,20538,16493
829,1549,20272,16284
830,1542,20416,16396
840,1551,20628,16560
826,1543,20305,16298
827,1539,20340,16285
824,1577,20160,16156
838,1547,20516,16457
832,1552,20388,16369
828,1536,20352,16308
839,1560,20554,16463
835,1555,20454,16404
829,1535,20393,16381
825,1555,20203,16207
824,1540,20192,16228
826,1541,20252,16260
826,1535,20276,16309
843,1576,20777,16679
823,1553,20163,16191
825,1551,20239,16261
829,1551,20318,16277
835,1560,20382,16401
843,1592,20791,16706
838,1554,20612,16548
840,1557,20692,16574
829,1534,20352,16275
823,1559,20197,16193
827,1546,20365,16381
831,1561,20264,16238
837,1551,20485,16379
841,1557,20696,16631
824,1565,20202,16203
834,1552,20447,16396
830,1571,20279,16236
829,1537,20343,16342
826,1535,20298,16311
837,1581,20445,16412
830,1542,20428,16353
837,1576,20445,16380
836,1559,20560,16527
828,1549,20274,16268
827,1550,20229,16253
840,1549,20616,16546
826,1545,20253,16242
839,1562,20668,16559
828,1553,20365,16288
833,1548,20350,16313
831,1533,20336,16328
834,1580,20357,16338
840,1551,20659,16555
827,1558,20337,16283
831,1554,20379,16329
837,1549,20563,16502
823,1551,20165,16191
836,1553,20483,16441
839,1573,20647,16629
834,1565,20374,16347
834,1546,20451,16383
826,1569,20217,16188
841,1543,20628,16561
831,1536,20432,16407
827,1538,20346,16346
829,1536,20367,16358
828,1544,20314,16279
835,1548,20568,16486
832,1536,20460,16384
837,1551,20541,16531
826,1540,20246,16256
825,1553,20206,16210
834,1532,20449,16401
833,1572,20344,16282
833,1555,20370,16320
829,1533,20397,16355
831,1563,20313,16283
840,1557,20605,16567
830,1547,20336,16334
835,1560,20568,16549
830,1535,20389,16339
840,1563,20558,16502
834,1552,20521,16494
829,1531,20352,16343
835,1547,20512,16499
827,1543,20308,16285
833,1567,20377,16305
838,1533,20555,16469
827,1545,20303,16250
828,1551,20289,16264
825,1531,20254,16294
830,1552,20257,16263
829,1534,20420,16366
839,1550,20568,16476
827,1536,20331,16343
835,1551,20503,16445
830,1531,20399,16394
829,1545,20397,16418
838,1539,20545,16516
826,1535,20284,16306
828,1549,20359,16299
828,1541,20295,16253
835,1545,20471,16431
834,1557,20476,16426
830,1552,20409,16413
837,1555,20615,16555
826,1543,20309,16274
838,1542,20558,16460
832,1528,20468,16393
836,1553,20554,16530
824,1525,20249,16299
830,1558,20291,16297
834,1557,20437,16366
835,1582,20387,16312
833,1549,20392,16361
831,1550,20354,16289
838,1560,20509,16482
831,1543,20449,16410
827,1543,20268,16270
831,1548,20461,16454
831,1550,20454,16426
841,1574,20674,16617
828,1540,20312,16290
837,1562,20463,16438
829,1555,20404,16442
830,1537,20412,16383
841,1569,20705,16636
829,1544,20411,16346
834,1569,20386,16297
838,1561,20569,16557
832,1543,20420,16420
824,1524,20242,16283
833,1545,20420,16349
827,1561,20255,16207
842,1563,20672,16611
829,1545,20354,16346
829,1531,20376,16394
836,1562,20552,16540
823,1597,20274,16196
826,1528,20322,16355
825,1535,20264,16244
823,1544,20253,16259
828,1536,20296,16299
824,1560,20216,16228
827,1542,20358,16398
835,1566,20433,16359
833,1538,20465,16411
829,1538,20424,16394
840,1555,20600,16476
831,1565,20499,16500
838,1562,20551,16534
825,1550,20226,16242
825,1540,20283,16285
826,1546,20301,16247
830,1535,20365,16355
824,1546,20177,16190
828,1539,20305,16306
828,1526,20346,16360
836,1562,20456,16428
831,1549,20435,16431
833,1540,20461,16385
833,1544,20493,16451
828,1546,20378,16358
837,1554,20495,16457
833,1552,20473,16461
829,1532,20373,16362
831,1550,20474,16456
833,1534,20496,16439
831,1530,20439,16391
836,1558,20529,16524
821,1549,20113,16170
828,1547,20357,16386
837,1552,20496,16425
838,1559,20543,16460
828,1546,20388,16381
827,1557,20295,16268
830,1544,20420,16440
839,1570,20644,16606
838,1551,20577,16546
825,1517,20304,16334
823,1554,20131,16100
828,1530,20364,16343
833,1552,20396,16380
826,1544,20312,16306
833,1541,20462,16455
826,1542,20285,16291
842,1583,20751,16656
826,1545,20278,16225
832,1549,20390,16334
828,1535,20334,16358
835,1550,20421,16429
830,1553,20441,16445
826,1532,20313,16293
836,1557,20495,16416
839,1581,20659,16629
826,1543,20297,16283
832,1528,20391,16378
828,1537,20267,16277
824,1534,20202,16241
825,1547,20288,16297
829,1546,20311,16266
831,1539,20431,16395
832,1562,20300,16277
826,1552,20253,16237
827,1545,20266,16281
824,1550,20235,16224
830,1537,20399,16373
825,1532,20227,16219
830,1547,20350,16297
825,1541,20265,16293
828,1526,20297,16318
840,1585,20710,16656
834,1560,20460,16412
827,1533,20326,16305
836,1545,20470,16443
830,1529,20391,16371
830,1553,20460,16445
830,1543,20353,16378
824,1524,20259,16291
827,1534,20249,16264
829,1548,20297,16257
829,1523,20347,16343
821,1521,20134,16190
824,1525,20273,16317
834,1538,20406,16433
838,1548,20560,16498
835,1554,20543,16517
837,1570,20600,16553
828,1533,20387,16340
836,1550,20484,16469
833,1542,20434,16452
825,1529,20280,16318
831,1571,20301,16246
832,1543,20425,16357
829,1552,20317,16290
830,1544,20301,16278
822,1535,20227,16265
827,1574,20162,16167
827,1530,20303,16337
833,1548,20392,16358
827,1526,20353,16330
839,1581,20662,16625
823,1553,20174,16208
836,1533,20486,16452
833,1551,20369,16388
831,1528,20377,16371
829,1538,20414,16396
838,1551,20607,16538
828,1523,20416,16360
828,1555,20242,16235
826,1531,20277,16312
839,1576,20628,16595
826,1556,20240,16214
829,1519,20404,16351
828,1568,20306,16270
835,1555,20460,16406
839,1553,20579,16554
829,1528,20335,16371
832,1547,20458,16483
823,1537,20228,16265
841,1564,20718,16606
831,1537,20365,16334
824,1551,20166,16194
827,1538,20348,16370
826,1557,20204,16203
839,1557,20559,16480
830,1543,20421,16424
831,1540,20412,16373
829,1536,20424,16382
823,1551,20162,16180
830,1543,20290,16306
826,1534,20283,16308
830,1551,20310,16267
832,1540,20461,16368
835,1542,20444,16408
841,1557,20678,16610
824,1547,20263,16258
827,1553,20223,16227
827,1536,20344,16359
837,1546,20476,16441
831,1540,20472,16430
827,1529,20349,16355
838,1551,20601,16568
826,1533,20286,16294
825,1551,20134,16177
827,1531,20318,16320
825,1529,20284,16256
827,1541,20303,16262
835,1549,20453,16382
825,1576,20132,16136
826,1533,20310,16344
835,1548,20445,16437
842,1550,20687,16594
826,1561,20275,16274
821,1560,20134,16159
831,1547,20444,16436
835,1549,20526,16497
824,1545,20227,16260
824,1539,20271,16289
834,1572,20365,16339
833,1551,20523,16450
839,1571,20660,16613
824,1555,20223,16246
840,1565,20673,16623
835,1565,20446,16441
829,1530,20346,16353
825,1547,20236,16243
839,1548,20549,16451
830,1525,20446,16383
830,1541,20349,16347
829,1550,20390,16427
831,1531,20353,16378
836,1543,20544,16497
827,1545,20353,16320
825,1551,20197,16208
830,1544,20452,16428
836,1563,20554,16504
825,1537,20215,16231
824,1526,20218,16277
822,1548,20173,16220
832,1532,20444,16367
822,1535,20191,16178
831,1546,20339,16323
835,1560,20457,16436
833,1548,20432,16459
828,1566,20427,16415
829,1566,20298,16240
832,1553,20369,16312
836,1553,20490,16408
832,1537,20409,16396
831,1553,20478,16487
830,1533,20324,16339
830,1537,20401,16367
828,1526,20389,16369
829,1540,20362,16334
833,1546,20508,16482
835,1576,20420,16392
832,1548,20456,16456
827,1534,20348,16361
827,1538,20319,16350
832,1548,20505,16445
826,1556,20285,16265
833,1551,20498,16477
832,1544,20346,16355
835,1555,20431,16436
829,1552,20399,16405
837,1554,20535,16481
828,1524,20360,16308
828,1537,20325,16278
824,1541,20161,16209
821,1525,20201,16241
824,1567,20114,16132
826,1529,20319,16323
832,1538,20391,16326
830,1549,20290,16275
831,1548,20369,16318
837,1559,20431,16389
833,1561,20503,16528
824,1535,20221,16263
822,1547,20190,16221
830,1537,20385,16338
823,1560,20129,16151
829,1530,20333,16323
830,1553,20311,16291
823,1528,20233,16287
835,1549,20430,16388
835,1572,20417,16377
831,1550,20504,16442
840,1555,20673,16583
830,1551,20317,16307
833,1531,20378,16395
837,1553,20523,16511
829,1543,20376,16343
824,1553,20276,16227
825,1545,20236,16254
825,1529,20306,16319
824,1546,20165,16192
827,1528,20298,16341
822,1557,20137,16137
824,1545,20193,16220
826,1534,20318,16302
822,1535,20177,16207
827,1526,20297,16320
837,1557,20529,16521
823,1548,20190,16242
835,1550,20472,16424
838,1559,20635,16582
843,1569,20733,16652
825,1544,20306,16263
838,1552,20509,16488
829,1528,20365,16392
826,1531,20286,16342
837,1567,20628,16567
823,1545,20211,16191
826,1533,20255,16258
826,1525,20287,16300
837,1568,20573,16559
839,1583,20664,16654
821,1540,20117,16185
829,1530,20313,16331
830,1539,20419,16383
832,1537,20429,16398
834,1548,20514,16502
830,1544,20340,16336
833,1557,20463,16482
825,1529,20282,16294
824,1535,20223,16257
831,1532,20366,16321
824,1569,20172,16138
828,1534,20314,16314
831,1551,20333,16328
834,1548,20415,16394
835,1538,20529,16480
824,1557,20243,16243
833,1533,20401,16404
827,1542,20337,16319
838,1553,20527,16529
831,1535,20403,16434
825,1550,20227,16267
831,1551,20440,16461
830,1516,20369,16344
822,1541,20149,16199
826,1546,20279,16281
824,1573,20140,16164
832,1544,20393,16397
827,1527,20333,16330
838,1543,20574,16533
827,1550,20406,16418
839,1547,20588,16511
825,1533,20307,16352
823,1529,20194,16231
833,1551,20417,16434
827,1525,20357,16359
834,1579,20425,16359
841,1582,20683,16659
828,1536,20240,16269
823,1534,20200,16242
824,1517,20246,16280
833,1556,20344,16350
832,1541,20384,16377
825,1547,20223,16199
823,1540,20217,16245
824,1538,20256,16274
821,1547,20179,16220
836,1532,20487,16447
834,1559,20412,16348
835,1540,20430,16411
840,1546,20623,16542
838,1560,20636,16557
828,1535,20389,16405
835,1559,20512,16510
823,1535,20185,16238
832,1546,20376,16342
828,1552,20276,16253
828,1519,20324,16333
821,1535,20129,16172
826,1532,20267,16304
823,1538,20181,16233
823,1543,20180,16203
825,1529,20259,16293
833,1554,20372,16291
838,1555,20576,16549
829,1539,20376,16390
832,1531,20416,16423
825,1539,20285,16346
822,1547,20164,16212
836,1542,20507,16459
835,1547,20540,16507
825,1547,20298,16282
831,1547,20443,16446
823,1541,20190,16251
836,1558,20556,16546
824,1524,20274,16276
826,1549,20279,16247
825,1549,20252,16295
836,1556,20512,16467
824,1533,20297,16336
837,1577,20609,16602
835,1543,20482,16486
829,1529,20379,16377
836,1544,20557,16483
829,1543,20403,16408
839,1568,20613,16594
832,1560,20440,16465
828,1538,20358,16395
826,1545,20269,16291
841,1583,20697,16656
825,1543,20252,16231
840,1542,20643,16552
827,1537,20351,16369
831,1539,20386,16413
828,1550,20364,16409
840,1565,20667,16585
823,1537,20269,16251
825,1527,20243,16294
829,1551,20266,16271
831,1533,20372,16376
822,1560,20108,16153
823,1532,20223,16285
829,1540,20309,16318
836,1550,20450,16396
837,1531,20510,16465
837,1553,20582,16552
837,1572,20591,16588
838,1572,20590,16601
824,1537,20215,16227
837,1536,20550,16493
839,1543,20629,16569
838,1571,20652,16578
824,1546,20261,16280
829,1561,20265,16265
838,1561,20591,16567
828,1533,20331,16338
836,1547,20560,16499
824,1542,20221,16243
825,1536,20202,16217
824,1524,20257,16304
828,1551,20202,16239
825,1540,20246,16262
822,1548,20200,16232
826,1548,20256,16242
831,1543,20346,16344
826,1550,20195,16199
828,1520,20340,16341
833,1544,20390,16411
834,1563,20405,16376
839,1564,20581,16555
835,1542,20542,16486
840,1570,20720,16653
833,1575,20493,16517
822,1538,20160,16242
833,1550,20380,16364
827,1552,20282,16258
841,1551,20670,16586
825,1546,20230,16257
829,1541,20294,16275
826,1549,20240,16263
834,1568,20372,16353
834,1567,20505,16531
824,1530,20250,16310
827,1533,20269,16258
834,1524,20459,16376
833,1570,20366,16343
837,1567,20588,16565
824,1547,20188,16223
831,1535,20383,16361
838,1549,20566,16520
837,1570,20591,16556
827,1532,20374,16327
833,1556,20369,16356
830,1533,20397,16411
833,1550,20457,16472
825,1548,20274,16271
835,1522,20476,16413
832,1556,20314,16328
836,1548,20455,16418
828,1538,20328,16381
837,1562,20552,16554
829,1521,20353,16387
835,1550,20424,16458
827,1533,20344,16353
839,1569,20629,16618
832,1549,20361,16334
838,1541,20417,16394
836,1554,20472,16491
826,1541,20294,16295
840,1562,20653,16609
838,1544,20561,16497
833,1555,20521,16488
831,1566,20280,16274
827,1552,20242,16242
834,1538,20399,16378
826,1546,20256,16254
834,1529,20471,16406
830,1569,20269,16241
838,1540,20556,16497
829,1538,20395,16390
837,1541,20499,16510
824,1533,20265,16309
835,1547,20492,16496
834,1535,20445,16397
827,1537,20309,16303
831,1542,20307,16295
835,1537,20456,16440
827,1534,20254,16320
830,1557,20440,16430
834,1548,20491,16478
824,1557,20239,16217
825,1530,20314,16289
823,1560,20101,16141
833,1545,20382,16401
834,1564,20400,16404
836,1565,20450,16407
842,1555,20698,16603
836,1547,20483,16470
829,1529,20323,16315
827,1528,20252,16284
827,1550,20236,16258
831,1548,20328,16334
823,1554,20119,16164
838,1547,20557,16476
835,1546,20502,16477
820,1525,20194,16265
836,1537,20469,16476
835,1555,20506,16519
840,1596,20658,16622
830,1547,20300,16259
838,1552,20584,16545
828,1540,20383,16339
836,1560,20532,16531
836,1551,20525,16518
826,1500,20218,16267
829,1535,20381,16382
829,1547,20414,16393
828,1529,20330,16354
833,1557,20508,16502
821,1524,20192,16260
829,1546,20246,16265
834,1536,20397,16424
832,1534,20418,16426
830,1542,20429,16414
829,1567,20255,16249
831,1556,20317,16322
825,1528,20252,16286
830,1567,20269,16291
835,1535,20459,16440
834,1568,20396,16355
834,1539,20495,16478
824,1530,20270,16271
832,1566,20339,16358
840,1562,20636,16609
824,1540,20219,16265
829,1533,20385,16379
826,1537,20328,16308
827,1566,20192,16222
829,1530,20346,16334
820,1525,20094,16171
826,1534,20253,16277
827,1542,20232,16250
821,1541,20159,16222
826,1520,20340,16310
825,1558,20159,16162
832,1556,20390,16372
830,1553,20308,16307
830,1559,20299,16321
834,1534,20427,16407
824,1544,20178,16188
829,1552,20365,16302
825,1535,20322,16319
827,1553,20246,16251
825,1529,20221,16272
826,1568,20119,16167
836,1542,20515,16457
839,1564,20662,16621
839,1576,20627,16599
834,1552,20427,16424
833,1559,20351,16340
831,1543,20423,16447
828,1523,20334,16361
835,1573,20552,16545
831,1546,20376,16324
830,1575,20259,16265
825,1534,20267,16300
822,1537,20159,16205
826,1536,20266,16328
830,1541,20403,16406
827,1534,20300,16322
831,1536,20481,16442
833,1539,20456,16403
825,1536,20245,16284
827,1543,20301,16318
835,1538,20407,16402
840,1587,20699,16666
835,1539,20511,16432
835,1554,20438,16427
839,1562,20603,16574
837,1563,20547,16540
826,1534,20297,16356
821,1547,20088,16160
823,1539,20188,16240
834,1550,20434,16377
825,1536,20226,16256
827,1548,20383,16389
833,1560,20385,16401
835,1556,20529,16564
824,1519,20234,16269
826,1537,20209,16208
832,1531,20481,16432
833,1546,20478,16393
833,1544,20449,16461
823,1535,20193,16258
823,1551,20180,16228
830,1530,20394,16385
830,1558,20288,16248
832,1555,20364,16347
837,1554,20534,16474
833,1505,20360,16358
838,1554,20555,16560
828,1547,20273,16306
826,1544,20321,16376
841,1564,20693,16611
837,1565,20597,16560
824,1540,20270,16338
826,1559,20170,16185
829,1547,20302,16328
828,1544,20315,16275
825,1535,20217,16236
829,1521,20343,16351
828,1538,20329,16276
839,1570,20659,16647
823,1527,20215,16270
822,1532,20174,16241
827,1539,20297,16289
834,1564,20384,16338
832,1541,20453,16459
824,1523,20242,16295
832,1561,20358,16373
831,1539,20410,16417
825,1561,20198,16225
831,1542,20446,16441
827,1533,20346,16351
824,1540,20242,16265
824,1519,20223,16290
823,1547,20183,16201
830,1532,20320,16344
823,1543,20193,16220
834,1558,20394,16364
834,1535,20441,16401
839,1555,20658,16576
838,1588,20655,16658
823,1579,20143,16163
827,1531,20294,16352
831,1533,20438,16403
836,1550,20567,16545
835,1535,20476,16485
838,1553,20630,16552
838,1548,20548,16549
823,1535,20211,16268
831,1568,20287,16305
828,1539,20369,16405
832,1553,20363,16311
827,1526,20289,16316
836,1540,20483,16474
828,1531,20329,16351
840,1587,20700,16721
837,1545,20519,16500
826,1532,20305,16314
835,1541,20534,16487
824,1534,20263,16255
836,1549,20530,16496
834,1545,20447,16455
823,1542,20229,16271
827,1537,20262,16279
830,1587,20343,16309
835,1542,20458,16461
832,1542,20418,16408
824,1528,20237,16293
836,1538,20485,16483
827,1526,20278,16324
831,1545,20436,16445
830,1537,20364,16338
834,1553,20505,16491
823,1528,20211,16262
833,1550,20355,16386
828,1551,20341,16397
823,1545,20193,16208
839,1562,20618,16573
827,1525,20352,16349
840,1558,20643,16589
825,1545,20239,16250
835,1561,20409,16404
831,1557,20437,16468
832,1542,20449,16436
830,1535,20420,16400
829,1545,20395,16431
825,1549,20229,16237
832,1548,20455,16482
828,1533,20342,16374
831,1537,20399,16421
827,1529,20275,16321
836,1551,20458,16429
830,1548,20433,16428
829,1528,20362,16373
822,1539,20195,16250
833,1545,20375,16411
827,1538,20233,16252
829,1549,20407,16410
827,1532,20316,16283
838,1541,20577,16529
825,1535,20249,16321
837,1567,20530,16542
825,1519,20282,16315
828,1537,20223,16232
824,1537,20254,16243
823,1528,20232,16269
824,1544,20193,16213
831,1526,20389,16430
835,1566,20421,16411
826,1527,20273,16337
832,1555,20444,16461
828,1531,20282,16256
826,1555,20358,16377
832,1555,20323,16343
838,1571,20589,16596
827,1537,20319,16359
824,1531,20246,16301
836,1541,20464,16458
829,1554,20257,16229
838,1560,20549,16461
825,1531,20276,16315
832,1540,20313,16351
839,1562,20575,16566
825,1529,20256,16289
840,1571,20693,16630
837,1567,20571,16596
826,1540,20296,16294
832,1535,20376,16372
831,1550,20312,16320
839,1554,20597,16583
823,1525,20183,16249
836,1559,20473,16441
836,1555,20551,16525
821,1543,20096,16153
830,1544,20407,16417
828,1539,20335,16366
827,1533,20308,16337
830,1539,20434,16403
826,1553,20261,16252
841,1577,20756,16671
822,1547,20214,16244
821,1516,20133,16219
823,1539,20245,16295
830,1568,20283,16256
837,1549,20520,16445
838,1552,20589,16576
824,1538,20249,16272
837,1558,20535,16539
826,1555,20219,16273
826,1534,20317,16381
829,1531,20355,16389
831,1534,20451,16401
827,1551,20343,16386
834,1556,20401,16433
825,1528,20288,16323
830,1546,20302,16344
831,1545,20336,16303
835,1533,20452,16443
829,1526,20360,16346
829,1538,20442,16415
825,1536,20193,16232
826,1528,20278,16326
829,1542,20384,16414
837,1560,20573,16537
830,1535,20375,16376
827,1554,20182,16211
825,1542,20215,16247
824,1531,20252,16290
829,1551,20260,16314
839,1572,20643,16654
837,1552,20508,16537
824,1528,20285,16300
828,1552,20275,16283
824,1534,20126,16214
825,1547,20309,16366
823,1549,20126,16181
822,1538,20185,16227
825,1535,20262,16271
835,1558,20395,16374
835,1534,20524,16453
822,1555,20095,16134
822,1522,20161,16244
836,1576,20551,16562
832,1533,20395,16361
831,1551,20496,16454
830,1531,20342,16378
826,1529,20321,16349
831,1552,20316,16351
825,1566,20165,16205
825,1524,20258,16297
818,1543,20071,16145
835,1560,20537,16516
821,1515,20176,16220
829,1543,20279,16273
832,1542,20406,16395
822,1549,20120,16191
830,1533,20341,16351
823,1535,20221,16259
825,1534,20244,16249
827,1531,20353,16342
830,1563,20225,16256
836,1551,20487,16500
837,1556,20535,16558
825,1537,20241,16259
825,1524,20279,16295
833,1564,20359,16371
838,1582,20660,16642
826,1523,20324,16352
830,1550,20289,16323
832,1545,20352,16360
828,1576,20192,16191
836,1533,20498,16428
832,1545,20370,16366
825,1530,20252,16307
834,1554,20424,16438
824,1556,20126,16174
826,1522,20286,16341
821,1550,20152,16187
831,1536,20353,16307
833,1550,20411,16364
833,1554,20358,16390
839,1587,20649,16647
830,1565,20441,16504
825,1528,20270,16273
839,1535,20565,16513
836,1537,20450,16451
833,1565,20524,16498
823,1535,20183,16245
832,1550,20338,16371
837,1556,20536,16547
825,1544,20223,16290
841,1557,20649,16571
824,1532,20245,16272
837,1558,20553,16569
825,1540,20246,16258
822,1544,20145,16230
828,1534,20351,16375
830,1548,20300,16294
837,1535,20497,16461
835,1543,20533,16462
822,1537,20149,16214
835,1548,20487,16489
836,1557,20502,16532
839,1558,20618,16568
825,1538,20265,16267
824,1535,20211,16250
835,1528,20467,16423
824,1555,20126,16171
824,1529,20235,16270
828,1535,20346,16386
829,1541,20352,16365
825,1540,20308,16315
830,1539,20366,16388
839,1576,20650,16650
820,1530,20196,16245
821,1541,20109,16214
828,1530,20301,16309
826,1552,20166,16162
834,1539,20557,16509
828,1532,20367,16344
835,1544,20428,16444
836,1582,20598,16587
822,1541,20064,16144
826,1530,20278,16309
824,1526,20279,16284
829,1552,20253,16271
831,1532,20349,16335
829,1567,20205,16213
837,1542,20503,16518
835,1555,20445,16490
836,1563,20580,16574
835,1545,20488,16433
827,1566,20174,16197
825,1527,20247,16302
823,1537,20191,16266
829,1552,20280,16320
828,1543,20292,16288
821,1537,20120,16181
826,1530,20319,16326
822,1527,20263,16300
834,1542,20427,16444
827,1534,20312,16381
836,1561,20490,16525
826,1537,20339,16344
824,1543,20240,16260
835,1546,20459,16451
827,1543,20356,16373
833,1551,20370,16396
835,1546,20537,16506
823,1574,20111,16185
824,1540,20166,16246
836,1558,20514,16451
830,1535,20363,16368
828,1541,20370,16408
832,1539,20415,16431
822,1540,20118,16214
823,1547,20236,16261
827,1516,20207,16203
831,1559,20511,16489
836,1561,20575,16547
832,1549,20340,16331
833,1565,20500,16566
820,1549,20124,16188
830,1540,20410,16405
823,1561,20177,16169
825,1538,20231,16272
831,1532,20331,16317
825,1544,20179,16207
832,1546,20422,16461
831,1543,20351,16389
830,1537,20393,16426
824,1540,20272,16287
835,1545,20408,16407
830,1540,20380,16432
823,1542,20195,16261
837,1588,20608,16640
823,1537,20211,16237
824,1541,20178,16201
827,1530,20310,16299
832,1568,20319,16310
836,1549,20502,16505
833,1544,20457,16474
822,1535,20150,16212
833,1547,20404,16347
835,1556,20436,16388
828,1543,20370,16415
839,1571,20624,16587
823,1532,20197,16266
831,1551,20418,16445
820,1546,20082,16147
823,1525,20203,16294
825,1534,20289,16283
836,1549,20551,16564
825,1541,20217,16256
827,1573,20174,16188
840,1573,20643,16651
822,1537,20175,16196
822,1537,20188,16247
827,1532,20288,16283
832,1568,20317,16286
835,1549,20479,16496
832,1544,20336,16346
831,1532,20380,16402
823,1525,20238,16284
829,1558,20257,16240
825,1540,20299,16348
824,1553,20177,16207
827,1556,20200,16236
827,1528,20264,16304
820,1549,20082,16159
824,1527,20231,16314
822,1554,20178,16204
836,1571,20580,16561
830,1533,20394,16397
825,1543,20244,16287
839,1571,20626,16640
826,1543,20177,16197
824,1544,20207,16202
834,1552,20440,16413
837,1555,20488,16422
833,1563,20523,16518
823,1541,20195,16280
837,1569,20560,16574
830,1551,20301,16303
838,1582,20597,16577
826,1529,20277,16317
834,1563,20407,16362
838,1576,20618,16632
822,1538,20143,16245
822,1556,20144,16198
829,1530,20287,16328
824,1520,20229,16254
840,1577,20651,16631
822,1547,20152,16218
826,1554,20220,16278
833,1539,20381,16413
836,1551,20533,16522
827,1554,20374,16408
839,1554,20632,16584
827,1546,20269,16258
836,1541,20502,16504
821,1548,20099,16177
838,1572,20585,16606
829,1545,20291,16294
825,1544,20243,16241
831,1553,20345,16350
826,1561,20162,16170
837,1558,20537,16530
831,1535,20415,16430
824,1535,20257,16344
836,1542,20472,16491
826,1554,20265,16253
839,1574,20664,16641
825,1526,20217,16260
822,1534,20172,16251
825,1547,20213,16257
824,1551,20139,16152
825,1520,20295,16303
831,1557,20308,16268
827,1534,20336,16319
832,1544,20363,16385
831,1563,20290,16322
838,1578,20613,16640
838,1555,20578,16522
824,1535,20260,16291
833,1545,20376,16382
832,1553,20348,16334
835,1573,20555,16584
827,1537,20254,16285
830,1540,20395,16419
836,1570,20574,16607
828,1540,20343,16338
835,1562,20528,16537
826,1549,20182,16206
823,1540,20195,16253
829,1541,20352,16414
824,1556,20206,16250
839,1591,20700,16686
831,1564,20336,16283
833,1560,20411,16336
837,1563,20605,16588
825,1544,20146,16199
826,1542,20351,16418
830,1556,20295,16265
834,1549,20422,16393
838,1571,20608,16591
838,1550,20547,16506
824,1532,20278,16342
828,1566,20217,16254
826,1528,20287,16343
835,1590,20472,16492
830,1527,20393,16391
829,1558,20399,16432
825,1543,20239,16277
827,1543,20368,16417
833,1547,20445,16492
837,1561,20544,16547
826,1528,20282,16293
820,1550,20105,16127
831,1539,20393,16338
831,1549,20334,16370
830,1541,20282,16316
838,1574,20579,16602
821,1562,20152,16174
828,1536,20332,16322
823,1523,20219,16289
823,1537,20184,16239
824,1544,20220,16265
822,1553,20072,16131
823,1534,20253,16307
829,1537,20284,16321
829,1547,20280,16280
825,1546,20274,16290
835,1545,20470,16478
824,1535,20272,16336
821,1536,20150,16237
823,1540,20209,16249
826,1539,20283,16300
829,1559,20267,16235
827,1522,20369,16350
821,1535,20114,16201
822,1531,20165,16241
824,1531,20244,16293
834,1564,20385,16366
840,1546,20605,16469
827,1551,20183,16218
824,1539,20244,16277
834,1525,20386,16391
834,1562,20379,16408
835,1551,20442,16467
832,1541,20402,16441
825,1533,20289,16309
835,1533,20463,16448
839,1540,20555,16528
826,1530,20332,16390
832,1546,20304,16362
825,1536,20267,16294
835,1548,20462,16455
829,1551,20375,16295
841,1558,20670,16589
835,1541,20431,16464
827,1537,20296,16352
836,1569,20547,16572
831,1540,20385,16339
841,1572,20721,16661
824,1557,20133,16195
832,1543,20461,16447
827,1538,20344,16355
825,1533,20244,16300
836,1548,20490,16510
825,1552,20214,16286
840,1580,20677,16644
824,1532,20208,16243
826,1525,20266,16301
826,1541,20320,16356
827,1574,20149,16222
827,1536,20347,16374
826,1533,20299,16352
835,1553,20432,16382
838,1576,20675,16609
822,1557,20094,16136
822,1531,20213,16265
825,1529,20199,16261
824,1556,20233,16235
825,1536,20297,16268
820,1556,20063,16131
826,1528,20292,16324
830,1546,20301,16340
829,1534,20320,16375
838,1569,20603,16605
827,1570,20191,16226
842,1576,20743,16668
826,1537,20271,16307
826,1531,20282,16346
837,1540,20526,16536
824,1544,20190,16253
840,1590,20681,16673
824,1538,20206,16241
823,1527,20240,16266
826,1527,20324,16307
820,1550,20103,16172
826,1524,20280,16327
826,1553,20186,16239
824,1520,20247,16265
829,1552,20317,16291
821,1544,20138,16224
824,1534,20333,16358
832,1556,20341,16379
836,1562,20554,16564
838,1544,20546,16555
828,1545,20308,16350
832,1551,20488,16447
825,1535,20250,16287
838,1554,20496,16482
826,1545,20316,16375
835,1561,20499,16533
829,1516,20353,16358
824,1543,20213,16229
827,1535,20264,16259
829,1535,20341,16294
831,1573,20290,16290
829,1567,20438,16470
827,1526,20259,16313
828,1533,20348,16365
834,1539,20508,16475
835,1567,20527,16555
827,1543,20362,16385
834,1560,20398,16408
833,1564,20516,16538
822,1536,20140,16218
823,1545,20189,16248
828,1538,20379,16373
831,1532,20380,16407
839,1555,20578,16568
822,1531,20196,16264
831,1557,20279,16337
840,1573,20671,16629
819,1535,20059,16138
826,1537,20288,16293
826,1534,20296,16292
830,1557,20297,16305
837,1572,20605,16600
820,1545,20037,16101
831,1544,20417,16437
832,1543,20482,16445
826,1536,20318,16342
829,1541,20405,16410
821,1553,20114,16203
837,1545,20497,16497
837,1572,20576,16615
826,1532,20275,16355
839,1566,20670,16621
823,1562,20082,16125
825,1534,20308,16362
836,1541,20468,16465
828,1539,20316,16370
828,1541,20375,16386
826,1539,20264,16297
834,1553,20543,16504
826,1533,20314,16331
837,1544,20512,16512
827,1537,20310,16353
835,1558,20494,16520
841,1570,20696,16659
824,1539,20186,16181
827,1546,20208,16267
827,1535,20307,16347
836,1560,20538,16541
830,1536,20330,16374
831,1558,20279,16303
824,1536,20203,16270
827,1520,20292,16304
826,1554,20208,16231
833,1533,20404,16408
835,1548,20423,16447
836,1564,20528,16559
834,1543,20386,16386
836,1560,20563,16552
829,1525,20391,16357
824,1546,20199,16197
834,1544,20425,16440
825,1531,20273,16345
831,1535,20404,16433
826,1532,20336,16356
823,1549,20165,16175
824,1542,20212,16257
835,1557,20460,16440
827,1537,20298,16361
824,1530,20257,16307
825,1561,20144,16181
835,1534,20441,16450
836,1539,20537,16472
825,1535,20258,16301
832,1528,20360,16373
829,1563,20216,16255
836,1579,20568,16624
828,1530,20326,16326
831,1537,20421,16438
825,1520,20290,16308
826,1560,20196,16163
838,1551,20569,16552
824,1530,20233,16327
836,1562,20536,16552
828,1533,20304,16321
836,1553,20459,16437
829,1539,20389,16402
833,1539,20472,16464
823,1535,20200,16265
833,1556,20374,16403
833,1566,20318,16349
828,1541,20362,16413
831,1548,20421,16419
833,1539,20430,16434
824,1530,20235,16314
830,1573,20243,16245
839,1565,20585,16618
829,1539,20354,16362
837,1578,20596,16603
839,1571,20695,16633
829,1556,20283,16251
837,1546,20492,16524
833,1565,20481,16519
823,1525,20158,16247
832,1540,20354,16345
825,1538,20218,16207
830,1542,20350,16341
824,1539,20185,16211
824,1535,20208,16228
825,1535,20245,16264
822,1548,20149,16209
822,1544,20249,16310
825,1553,20206,16202
823,1530,20215,16264
823,1530,20198,16246
829,1527,20258,16256
826,1533,20287,16347
823,1554,20158,16183
824,1535,20217,16251
834,1537,20439,16435
842,1550,20697,16568
826,1532,20340,16379
821,1553,20092,16151
822,1536,20178,16235
824,1536,20231,16264
826,1543,20238,16218
824,1530,20256,16311
820,1536,20073,16144
827,1533,20260,16316
834,1567,20423,16443
831,1561,20278,16304
834,1532,20405,16416
833,1557,20347,16315
835,1538,20444,16446
837,1549,20552,16540
835,1536,20436,16476
827,1552,20317,16396
823,1536,20151,16202
838,1543,20544,16516
831,1542,20444,16428
832,1523,20452,16423
824,1534,20246,16315
828,1573,20206,16219
833,1551,20392,16410
838,1562,20567,16545
824,1533,20267,16281
831,1553,20340,16335
827,1560,20199,16219
826,1524,20247,16305
828,1547,20265,16312
830,1566,20278,16297
835,1559,20443,16422
834,1566,20413,16378
827,1546,20359,16413
833,1549,20428,16462
822,1543,20171,16221
822,1532,20173,16272
828,1528,20289,16298
830,1553,20435,16454
832,1538,20443,16434
827,1537,20265,16254
825,1528,20229,16288
822,1549,20098,16172
836,1535,20463,16475
835,1565,20440,16414
838,1542,20558,16497
831,1540,20404,16424
826,1530,20274,16304
828,1548,20397,16413
831,1538,20380,16403
821,1538,20147,16232
828,1530,20241,16305
822,1546,20179,16216
827,1527,20329,16337
820,1530,20087,16162
822,1535,20173,16239
836,1552,20493,16518
825,1552,20238,16280
840,1580,20719,16678
822,1548,20173,16207
826,1549,20266,16230
824,1529,20263,16321
823,1550,20153,16224
834,1548,20451,16478
836,1562,20539,16537
825,1539,20243,16257
822,1549,20151,16200
830,1564,20272,16281
834,1530,20405,16429
834,1556,20455,16522
826,1533,20300,16358
837,1544,20496,16517
837,1561,20570,16578
838,1556,20548,16538
826,1536,20262,16319
828,1540,20372,16400
825,1537,20280,16348
834,1558,20382,16384
841,1560,20637,16599
825,1543,20255,16263
846,1575,20774,16694
831,1561,20308,16336
831,1557,20281,16300
825,1531,20254,16294
823,1537,20104,16137
834,1549,20425,16384
834,1555,20439,16441
838,1554,20586,16559
823,1521,20203,16282
822,1562,20045,16093
824,1535,20269,16324
836,1551,20445,16447
839,1550,20582,16542
827,1532,20333,16368
834,1553,20470,16484
835,1585,20564,16597
825,1540,20218,16280
837,1568,20602,16580
835,1534,20462,16451
836,1544,20539,16515
830,1537,20457,16434
837,1552,20549,16552
821,1530,20133,16218
824,1538,20227,16273
832,1558,20353,16333
841,1569,20696,16627
820,1545,20110,16197
824,1539,20195,16229
828,1536,20274,16297
822,1546,20173,16252
826,1531,20260,16337
823,1552,20098,16153
838,1546,20533,16489
831,1549,20410,16419
831,1520,20277,16274
832,1534,20400,16392
821,1546,20100,16183
832,1557,20346,16358
838,1562,20575,16557
839,1571,20665,16610
831,1548,20487,16466
836,1553,20536,16526
823,1532,20169,16255
835,1566,20555,16561
825,1536,20222,16247
830,1535,20366,16342
831,1578,20277,16288
838,1570,20627,16615
828,1534,20237,16281
836,1552,20490,16516
828,1551,20359,16420
825,1526,20210,16293
833,1536,20494,16467
832,1540,20427,16432
825,1541,20270,16317
835,1553,20527,16526
821,1539,20062,16151
838,1532,20495,16442
833,1555,20371,16371
826,1534,20316,16309
836,1561,20589,16538
819,1547,20047,16132
824,1530,20231,16301
829,1536,20264,16286
824,1530,20193,16217
838,1539,20548,16477
833,1523,20385,16431
827,1548,20348,16394
830,1536,20319,16311
827,1546,20226,16275
830,1535,20296,16336
834,1548,20457,16478
841,1575,20693,16658
825,1536,20260,16281
827,1529,20248,16297
832,1545,20376,16394
826,1554,20219,16284
841,1580,20736,16683
837,1568,20592,16574
838,1566,20623,16588
827,1543,20316,16288
823,1554,20129,16193
834,1526,20418,16442
831,1565,20447,16493
824,1544,20243,16253
829,1532,20320,16319
832,1538,20348,16356
831,1552,20483,16480
832,1565,20438,16484
835,1556,20406,16418
837,1559,20571,16576
821,1536,20118,16199
831,1548,20461,16447
831,1526,20360,16369
823,1535,20206,16279
828,1531,20282,16302
827,1566,20140,16203
838,1542,20471,16478
823,1540,20179,16205
824,1528,20224,16244
827,1528,20333,16349
828,1557,20211,16256
825,1542,20268,16348
820,1544,20080,16170
823,1529,20197,16239
838,1558,20510,16461
833,1570,20351,16359
827,1548,20379,16416
832,1556,20305,16324
837,1539,20474,16490
832,1552,20405,16410
823,1540,20189,16258
838,1549,20581,16534
830,1537,20342,16381
826,1534,20292,16342
838,1555,20543,16536
830,1562,20286,16294
826,1544,20332,16374
830,1559,20273,16286
841,1571,20708,16633
827,1536,20351,16329
833,1552,20351,16370
826,1550,20312,16379
823,1553,20177,16240
838,1564,20658,16629
834,1559,20566,16540
824,1535,20177,16238
835,1530,20447,16408
832,1573,20351,16347
835,1540,20447,16467
832,1551,20439,16469
822,1537,20150,16232
832,1537,20392,16351
821,1566,20091,16151
836,1549,20497,16503
838,1570,20604,16599
822,1545,20163,16247
830,1534,20328,16318
822,1540,20155,16192
828,1522,20337,16337
823,1533,20227,16244
823,1545,20197,16247
826,1534,20245,16298
829,1554,20222,16265
836,1541,20500,16467
837,1547,20572,16518
825,1534,20202,16265
825,1542,20240,16255
828,1558,20211,16236
826,1541,20261,16312
828,1560,20190,16227
827,1541,20222,16265
826,1519,20283,16301
825,1544,20197,16214
828,1538,20364,16385
823,1539,20154,16223
825,1525,20243,16324
837,1578,20575,16599
824,1542,20213,16237
834,1524,20465,16427
828,1562,20265,16204
829,1551,20248,16276
833,1540,20360,16397
833,1564,20364,16396
827,1531,20359,16371
826,1565,20195,16193
823,1546,20145,16211
837,1544,20522,16492
827,1534,20314,16328
825,1544,20311,16388
834,1551,20457,16503
826,1546,20317,16388
837,1553,20541,16477
837,1567,20557,16571
832,1533,20375,16373
825,1567,20144,16180
828,1556,20215,16261
825,1522,20223,16248
822,1536,20189,16245
825,1519,20291,16316
823,1553,20189,16184
838,1532,20518,16494
833,1537,20438,16460
822,1524,20132,16229
828,1539,20301,16278
820,1550,20085,16122
832,1537,20376,16371
831,1542,20439,16445
830,1537,20375,16388
829,1530,20357,16401
828,1513,20249,16283
824,1526,20253,16324
840,1569,20640,16593
823,1537,20206,16259
830,1543,20318,16341
833,1563,20321,16326
837,1573,20584,16616
839,1557,20629,16590
824,1532,20247,16261
826,1534,20305,16319
838,1548,20561,16493
825,1539,20271,16333
829,1548,20239,16276
824,1533,20246,16318
839,1576,20657,16616
829,1539,20345,16330
827,1521,20332,16373
837,1561,20493,16477
826,1540,20292,16351
826,1528,20310,16364
831,1544,20358,16408
826,1519,20281,16328
836,1558,20488,16468
826,1528,20288,16343
831,1543,20404,16420
823,1546,20123,16170
824,1539,20245,16323
821,1552,20128,16167
826,1539,20205,16241
838,1546,20551,16516
828,1530,20366,16350
826,1542,20331,16386
822,1543,20148,16226
834,1549,20398,16408
839,1539,20511,16509
826,1540,20230,16233
833,1534,20418,16412
835,1564,20411,16391
831,1527,20382,16390
834,1550,20446,16481
823,1533,20123,16212
828,1535,20332,16377
831,1523,20419,16389
827,1533,20312,16359
828,1546,20351,16389
836,1567,20549,16558
825,1530,20231,16295
822,1548,20143,16159
828,1536,20266,16286
833,1535,20363,16348
835,1557,20436,16378
833,1565,20504,16543
821,1550,20079,16119
825,1546,20312,16401
832,1537,20449,16437
834,1540,20489,16437
823,1522,20242,16302
826,1562,20156,16196
829,1539,20321,16319
822,1537,20158,16232
831,1557,20298,16327
825,1539,20194,16254
822,1580,20158,16181
832,1543,20379,16385
838,1542,20524,16511
836,1560,20548,16565
821,1530,20181,16283
828,1565,20188,16186
829,1535,20340,16335
832,1537,20388,16367
832,1541,20367,16344
833,1571,20524,16551
835,1554,20425,16452
829,1543,20392,16439
828,1530,20344,16341
838,1558,20624,16601
823,1539,20198,16262
826,1550,20183,16181
826,1519,20265,16311
830,1541,20362,16400
821,1543,20147,16239
826,1537,20237,16293
825,1546,20180,16182
824,1524,20273,16331
827,1551,20166,16188
822,1545,20178,16230
828,1529,20250,16316
826,1528,20251,16292
829,1543,20410,16398
836,1553,20452,16384
830,1532,20401,16367
828,1516,20343,16392
824,1535,20232,16288
835,1577,20568,16583
826,1562,20230,16192
831,1560,20345,16315
837,1582,20597,16623
823,1545,20173,16214
834,1536,20450,16467
826,1547,20247,16281
830,1539,20377,16424
824,1538,20256,16338
838,1559,20616,16579
831,1535,20356,16376
833,1564,20366,16348
837,1576,20609,16619
823,1542,20175,16255
822,1542,20191,16233
830,1527,20330,16339
824,1561,20170,16141
825,1530,20324,16307
825,1547,20219,16267
827,1556,20232,16242
825,1515,20225,16292
825,1557,20175,16181
837,1535,20520,16461
838,1559,20619,16611
823,1552,20209,16231
829,1547,20297,16322
831,1569,20283,16283
835,1555,20513,16527
824,1533,20214,16277
829,1544,20280,16285
821,1529,20140,16239
825,1554,20099,16144
824,1535,20235,16280
823,1533,20176,16249
824,1539,20191,16238
822,1524,20194,16237
822,1550,20141,16148
827,1527,20352,16355
822,1549,20152,16215
823,1541,20169,16241
823,1534,20222,16288
829,1539,20331,16336
836,1557,20580,16530
822,1546,20179,16246
826,1551,20233,16260
823,1537,20211,16272
823,1539,20097,16183
825,1532,20250,16316
825,1553,20146,16216
837,1544,20540,16473
825,1543,20283,16366
832,1545,20400,16410
826,1534,20307,16362
824,1548,20131,16191
823,1536,20231,16253
827,1526,20271,16286
822,1539,20186,16214
828,1544,20416,16390
826,1550,20160,16216
827,1546,20216,16241
822,1525,20175,16261
829,1552,20281,16265
834,1523,20473,16407
835,1547,20471,16482
829,1549,20273,16285
826,1561,20247,16260
825,1552,20160,16216
831,1522,20369,16406
820,1541,20075,16146
824,1547,20211,16232
834,1543,20415,16405
831,1528,20375,16400
824,1529,20266,16299
830,1562,20220,16270
826,1547,20249,16261
825,1538,20211,16254
826,1530,20225,16221
826,1536,20323,16314
819,1579,19998,16066
829,1540,20289,16330
821,1522,20127,16222
828,1543,20269,16274
835,1543,20464,16427
830,1569,20207,16225
839,1548,20587,16569
829,1540,20343,16384
827,1540,20317,16360
824,1536,20285,16335
832,1567,20249,16289
841,1565,20688,16627
827,1540,20333,16376
837,1549,20520,16509
831,1556,20459,16442
818,1556,20014,16128
827,1524,20297,16330
824,1529,20237,16278
824,1543,20240,16250
823,1528,20288,16267
830,1554,20235,16278
833,1538,20401,16440
830,1555,20270,16304
832,1548,20353,16322
832,1546,20375,16361
833,1566,20339,16358
836,1562,20540,16552
819,1538,20111,16191
821,1530,20130,16221
824,1539,20207,16267
825,1561,20165,16191
840,1575,20710,16663
823,1549,20166,16176
827,1547,20222,16248
827,1545,20250,16282
829,1554,20225,16289
837,1537,20528,16498
829,1538,20347,16348
828,1537,20361,16376
835,1549,20508,16466
825,1526,20262,16319
838,1564,20584,16608
819,1538,20074,16173
830,1551,20308,16284
834,1552,20409,16374
833,1558,20402,16399
840,1590,20701,16690
835,1558,20510,16520
823,1537,20198,16283
830,1545,20295,16322
828,1538,20331,16373
840,1589,20697,16654
835,1560,20385,16399
837,1551,20492,16486
830,1545,20397,16432
834,1565,20492,16531
826,1532,20303,16344
834,1555,20396,16388
833,1547,20493,16476
827,1521,20346,16346
825,1544,20236,16269
836,1549,20481,16498
826,1533,20201,16275
836,1552,20561,16523
831,1533,20342,16318
821,1545,20127,16209
825,1538,20286,16318
823,1573,20136,16202
826,1535,20276,16352
832,1558,20327,16329
831,1553,20298,16331
823,1526,20311,16303
825,1548,20196,16241
831,1555,20428,16468
828,1540,20321,16383
825,1535,20262,16314
832,1538,20464,16452
824,1534,20202,16249
827,1531,20335,16336
830,1538,20365,16306
830,1545,20312,16334
836,1545,20444,16463
828,1545,20276,16328
825,1536,20338,16342
839,1554,20648,16602
837,1563,20567,16569
825,1538,20250,16274
836,1547,20450,16472
826,1534,20316,16367
836,1551,20514,16522
826,1535,20288,16338
839,1564,20654,16615
822,1554,20143,16189
826,1533,20313,16346
833,1557,20328,16361
833,1545,20436,16478
823,1528,20224,16270
822,1545,20175,16222
838,1539,20561,16506
837,1560,20591,16534
822,1536,20208,16291
835,1549,20424,16448
833,1559,20356,16387
832,1554,20496,16487
832,1535,20422,16377
830,1527,20370,16402
826,1528,20306,16350
834,1553,20397,16411
829,1558,20393,16444
835,1543,20478,16507
819,1526,20118,16246
836,1533,20487,16471
837,1572,20556,16576
826,1542,20321,16377
835,1561,20515,16534
830,1526,20305,16348
836,1535,20444,16435
838,1564,20618,16558
826,1524,20356,16326
828,1567,20241,16215
825,1536,20244,16272
821,1527,20148,16245
827,1542,20186,16246
829,1541,20392,16395
837,1587,20583,16563
825,1540,20243,16306
835,1547,20449,16459
825,1516,20237,16290
831,1546,20411,16460
821,1561,20102,16201
836,1553,20460,16485
832,1538,20484,16431
822,1527,20146,16231
830,1533,20304,16342
826,1579,20130,16179
827,1537,20303,16344
836,1553,20476,16428
837,1542,20521,16510
827,1551,20354,16346
833,1538,20470,16447
832,1541,20358,16374
836,1567,20551,16594
820,1521,20136,16236
835,1550,20472,16438
835,1551,20529,16499
829,1543,20379,16424
832,1533,20423,16433
824,1541,20219,16251
831,1551,20332,16328
830,1561,20260,16281
830,1532,20336,16374
837,1571,20566,16558
829,1544,20284,16305
832,1533,20351,16373
836,1551,20526,16529
839,1579,20631,16633
821,1549,20127,16170
823,1542,20190,16226
823,1519,20237,16268
829,1559,20257,16240
826,1538,20307,16351
821,1553,20074,16165
826,1546,20206,16259
832,1539,20381,16392
837,1567,20593,16552
839,1592,20680,16692
827,1539,20299,16314
827,1531,20307,16345
826,1536,20292,16364
824,1535,20224,16302
838,1556,20593,16608
825,1554,20255,16263
835,1553,20420,16397
836,1561,20557,16565
822,1555,20142,16205
829,1528,20299,16360
822,1544,20124,16175
826,1540,20258,16278
825,1529,20238,16261
832,1542,20357,16334
839,1552,20575,16564
823,1522,20202,16284
825,1533,20254,16311
827,1536,20309,16312
830,1541,20312,16295
835,1549,20440,16449
835,1565,20414,16420
828,1537,20358,16400
827,1536,20302,16370
827,1527,20259,16324
831,1536,20366,16416
821,1549,20129,16171
824,1533,20268,16353
830,1541,20268,16326
826,1546,20187,16236
834,1548,20386,16413
831,1565,20301,16284
839,1577,20655,16639
831,1543,20341,16322
826,1542,20248,16246
824,1539,20215,16277
823,1564,20080,16135
824,1527,20230,16298
824,1530,20199,16245
824,1535,20231,16246
829,1548,20281,16297
822,1549,20106,16151
835,1544,20465,16482
822,1537,20160,16246
832,1540,20415,16458
823,1526,20189,16281
823,1536,20210,16245
834,1539,20419,16437
834,1567,20487,16528
827,1539,20333,16379
825,1532,20280,16360
831,1535,20368,16388
827,1550,20395,16413
836,1544,20448,16398
838,1559,20631,16570
824,1530,20217,16303
832,1558,20297,16326
831,1530,20365,16408
833,1567,20391,16346
830,1529,20391,16371
823,1531,20229,16287
825,1535,20191,16223
825,1531,20283,16349
830,1556,20263,16304
837,1548,20517,16523
824,1542,20199,16234
823,1546,20211,16212
835,1538,20469,16472
832,1562,20319,16309
823,1535,20224,16293
835,1556,20423,16442
836,1570,20543,16567
825,1533,20269,16316
838,1551,20567,16529
825,1535,20315,16306
824,1539,20177,16240
824,1523,20177,16260
831,1544,20319,16353
831,1595,20296,16309
826,1528,20340,16327
829,1545,20244,16294
823,1544,20151,16205
824,1534,20237,16299
818,1540,20040,16126
828,1527,20278,16341
833,1544,20353,16364
839,1552,20568,16506
821,1539,20305,16339
832,1571,20324,16329
832,1557,20451,16480
822,1529,20176,16283
835,1562,20438,16409
838,1570,20621,16609
835,1549,20536,16497
833,1545,20497,16457
829,1535,20371,16390
829,1531,20313,16378
826,1540,20299,16362
836,1555,20533,16507
830,1534,20373,16342
838,1553,20562,16543
825,1528,20280,16342
826,1524,20233,16283
824,1551,20134,16197
828,1528,20297,16350
828,1550,20231,16258
827,1535,20284,16266
826,1538,20286,16312
830,1558,20262,16272
835,1536,20438,16478
826,1521,20248,16333
825,1525,20268,16325
839,1578,20637,16614
828,1540,20332,16329
831,1536,20490,16444
826,1524,20257,16316
827,1533,20321,16364
830,1550,20393,16433
823,1539,20202,16225
841,1562,20639,16574
831,1547,20381,16388
826,1549,20243,16250
827,1532,20251,16281
829,1538,20248,16289
840,1581,20655,16642
823,1554,20191,16242
838,1542,20543,16495
825,1529,20315,16356
835,1545,20423,16418
828,1543,20390,16433
830,1549,20345,16377
825,1530,20281,16319
830,1545,20306,16290
823,1540,20211,16228
827,1524,20356,16342
825,1539,20162,16261
828,1538,20292,16321
824,1540,20195,16251
825,1541,20229,16224
832,1549,20403,16363
832,1567,20320,16316
831,1538,20431,16422
831,1536,20392,16407
825,1527,20248,16305
838,1550,20560,16543
826,1537,20222,16278
839,1551,20606,16558
830,1537,20377,16412
824,1536,20228,16288
833,1534,20393,16457
827,1536,20235,16300
836,1572,20589,16565
826,1538,20286,16293
825,1532,20283,16265
832,1538,20408,16350
823,1552,20074,16138
839,1566,20615,16610
830,1537,20329,16355
832,1562,20363,16341
835,1538,20463,16414
834,1560,20392,16383
829,1548,20424,16442
831,1529,20398,16415
823,1536,20218,16290
826,1539,20229,16274
820,1543,20092,16164
826,1531,20361,16359
825,1551,20187,16201
823,1539,20198,16249
824,1541,20220,16256
822,1539,20135,16197
834,1539,20450,16443
825,1550,20189,16216
825,1536,20251,16276
827,1536,20360,16345
822,1555,20121,16175
825,1542,20272,16351
824,1560,20122,16184
823,1529,20203,16243
827,1534,20298,16288
822,1552,20127,16194
827,1527,20325,16361
823,1548,20153,16188
825,1538,20205,16218
824,1532,20246,16304
831,1547,20287,16304
831,1543,20481,16448
832,1549,20477,16481
824,1525,20245,16280
823,1532,20182,16253
823,1541,20151,16206
826,1532,20332,16354
832,1564,20330,16313
841,1569,20679,16613
825,1533,20298,16294
826,1547,20212,16250
827,1531,20287,16326
832,1556,20455,16491
836,1546,20501,16479
834,1542,20523,16477
825,1533,20268,16306
834,1527,20434,16418
835,1538,20477,16486
837,1543,20489,16475
833,1541,20464,16470
822,1524,20185,16267
830,1543,20414,16416
829,1573,20234,16235
830,1528,20341,16349
833,1549,20457,16475
823,1558,20244,16339
834,1557,20423,16405
833,1562,20331,16286
837,1543,20559,16510
839,1573,20678,16606
822,1547,20149,16203
824,1520,20212,16279
820,1543,20085,16180
828,1522,20354,16330
827,1522,20300,16278
825,1535,20319,16366
826,1533,20321,16326
833,1561,20335,16330
839,1576,20632,16627
822,1535,20173,16255
824,1552,20203,16240
829,1524,20398,16370
836,1552,20462,16452
832,1547,20462,16480
823,1533,20233,16287
830,1561,20289,16312
826,1538,20298,16298
822,1541,20187,16240
830,1521,20410,16371
829,1551,20281,16266
828,1549,20250,16248
824,1528,20247,16295
834,1554,20370,16404
838,1574,20638,16603
822,1532,20211,16220
823,1539,20190,16238
825,1531,20279,16309
829,1539,20250,16261
831,1530,20397,16416
835,1559,20429,16415
835,1545,20446,16446
830,1548,20445,16395
835,1565,20412,16384
841,1579,20719,16702
824,1528,20186,16217
822,1536,20172,16260
827,1532,20328,16345
824,1535,20266,16294
841,1564,20688,16604
830,1517,20413,16342
827,1535,20336,16384
830,1551,20381,16422
824,1536,20250,16298
828,1526,20354,16344
824,1547,20206,16211
836,1547,20502,16503
831,1545,20434,16439
823,1548,20216,16268
830,1537,20398,16409
835,1560,20478,16499
827,1529,20302,16353
839,1540,20612,16531
832,1548,20409,16439
827,1535,20328,16356
833,1555,20358,16364
835,1548,20492,16517
825,1536,20276,16294
832,1558,20346,16336
836,1543,20555,16500
823,1553,20153,16146
825,1531,20284,16329
826,1538,20249,16273
822,1530,20144,16229
826,1527,20342,16349
832,1566,20308,16270
832,1551,20457,16472
832,1549,20453,16442
828,1529,20347,16366
825,1529,20297,16349
831,1565,20299,16288
836,1543,20472,16470
835,1567,20550,16575
823,1533,20212,16243
828,1531,20277,16312
825,1560,20159,16192
827,1542,20325,16369
832,1541,20450,16431
839,1566,20647,16608
824,1528,20286,16300
833,1565,20366,16318
829,1530,20336,16337
831,1566,20312,16301
831,1558,20291,16296
837,1540,20519,16483
835,1539,20526,16465
825,1525,20308,16342
836,1559,20559,16545
832,1550,20364,16386
830,1535,20389,16427
825,1541,20228,16278
834,1574,20569,16578
823,1541,20198,16184
823,1552,20217,16238
827,1531,20253,16283
837,1552,20534,16496
826,1545,20341,16390
829,1572,20227,16204
827,1527,20310,16335
826,1529,20305,16295
834,1547,20396,16355
830,1526,20339,16359
827,1587,20181,16227
831,1548,20314,16333
834,1542,20429,16378
835,1565,20399,16347
825,1527,20280,16311
836,1559,20493,16449
826,1528,20260,16287
825,1542,20199,16241
823,1549,20169,16214
829,1547,20320,16331
833,1543,20425,16383
834,1553,20507,16491
823,1526,20205,16274
824,1541,20191,16236
824,1533,20211,16280
828,1568,20212,16194
834,1545,20437,16427
840,1572,20688,16610
828,1546,20311,16280
823,1516,20217,16270
822,1563,20079,16134
826,1533,20260,16288
837,1548,20515,16455
830,1522,20391,16381
828,1543,20350,16381
826,1538,20245,16283
826,1540,20339,16373
829,1537,20288,16307
827,1527,20315,16361
828,1533,20327,16382
828,1543,20336,16324
835,1554,20526,16516
819,1528,20144,16280
826,1529,20276,16313
837,1558,20481,16487
829,1544,20328,16326
828,1551,20398,16414
837,1543,20500,16437
829,1534,20400,16371
825,1525,20280,16320
823,1550,20127,16173
835,1537,20440,16428
828,1553,20258,16241
830,1548,20308,16284
833,1551,20402,16384
830,1533,20371,16371
829,1545,20415,16433
824,1535,20225,16290
833,1546,20482,16485
824,1525,20206,16240
823,1554,20208,16238
835,1532,20463,16452
837,1549,20520,16506
838,1568,20592,16585
833,1535,20443,16454
822,1544,20153,16189
826,1536,20324,16345
821,1541,20139,16196
826,1528,20271,16258
824,1553,20190,16211
823,1544,20165,16204
831,1540,20354,16362
833,1555,20369,16311
840,1567,20667,16604
823,1548,20183,16232
821,1542,20166,16204
820,1522,20237,16260
819,1554,20085,16143
824,1542,20228,16277
826,1538,20240,16270
825,1549,20272,16242
822,1524,20212,16252
820,1548,20055,16119
824,1533,20259,16304
823,1536,20179,16244
821,1549,20199,16197
826,1535,20277,16289
828,1572,20239,16191
830,1534,20383,16340
825,1531,20230,16270
822,1547,20162,16210
829,1548,20294,16344
822,1571,20132,16139
829,1543,20442,16421
838,1573,20625,16639
832,1550,20348,16320
837,1547,20521,16513
832,1547,20437,16455
827,1539,20335,16388
824,1550,20195,16236
825,1537,20242,16254
823,1526,20200,16238
820,1554,20083,16146
828,1531,20308,16323
830,1557,20256,16305
828,1545,20267,16275
826,1534,20268,16293
823,1546,20196,16195
828,1527,20353,16330
825,1563,20180,16216
828,1536,20249,16294
836,1537,20482,16482
837,1552,20564,16549
841,1580,20741,16677
835,1551,20525,16529
838,1569,20608,16591
837,1570,20570,16574
821,1550,20113,16189
831,1524,20353,16372
821,1558,20108,16162
828,1529,20357,16335
834,1542,20485,16467
837,1544,20516,16508
825,1534,20319,16338
820,1556,20077,16189
832,1557,20371,16357
833,1561,20520,16525
822,1543,20204,16218
837,1543,20553,16495
823,1545,20086,16158
827,1554,20211,16248
833,1553,20358,16363
832,1555,20345,16332
836,1538,20498,16459
828,1538,20280,16341
826,1535,20298,16322
837,1557,20489,16474
824,1520,20233,16296
834,1579,20558,16592
821,1544,20066,16138
829,1527,20345,16319
825,1521,20193,16249
822,1524,20117,16213
827,1523,20264,16310
821,1558,20060,16134
828,1530,20301,16297
828,1544,20286,16275
833,1565,20385,16344
836,1547,20569,16503
819,1556,20052,16129
823,1517,20203,16281
836,1554,20466,16488
836,1582,20586,16572
827,1534,20328,16308
834,1557,20429,16430
825,1534,20299,16332
841,1553,20645,16607
821,1526,20140,16220
824,1526,20221,16281
827,1560,20169,16196
833,1535,20416,16375
830,1589,20347,16369
827,1541,20238,16266
822,1540,20194,16249
819,1542,20056,16141
826,1536,20288,16317
831,1563,20287,16293
824,1532,20259,16242
828,1523,20305,16304
834,1559,20388,16379
835,1566,20517,16554
820,1530,20088,16175
824,1533,20235,16245
828,1533,20350,16353
831,1566,20293,16299
839,1569,20601,16567
827,1526,20279,16325
830,1532,20355,16404
828,1537,20344,16408
834,1557,20397,16431
837,1558,20629,16563
822,1537,20136,16206
828,1544,20240,16284
837,1538,20487,16482
836,1550,20526,16549
826,1530,20301,16315
825,1554,20179,16196
827,1532,20345,16346
840,1574,20702,16624
824,1547,20169,16187
836,1553,20501,16509
827,1553,20242,16312
833,1555,20374,16370
837,1541,20527,16479
825,1521,20263,16323
837,1539,20480,16474
822,1559,20162,16219
825,1527,20264,16320
832,1550,20350,16372
834,1552,20381,16417
833,1555,20511,16494
835,1560,20519,16529
824,1524,20244,16292
837,1549,20510,16520
826,1540,20268,16325
828,1551,20410,16418
835,1552,20534,16516
828,1523,20340,16322
832,1552,20378,16339
832,1571,20356,16360
827,1531,20252,16274
832,1559,20319,16354
828,1552,20385,16422
829,1541,20415,16411
824,1530,20258,16310
838,1568,20601,16591
835,1538,20485,16488
827,1527,20254,16317
828,1539,20240,16282
825,1536,20173,16239
834,1547,20442,16425
834,1548,20468,16481
839,1557,20599,16569
824,1524,20246,16306
828,1537,20232,16298
829,1541,20322,16301
827,1525,20263,16305
830,1541,20448,16419
830,1529,20413,16369
832,1542,20428,16470
824,1542,20230,16275
828,1551,20198,16238
837,1537,20476,16446
831,1531,20398,16387
825,1533,20286,16335
834,1543,20504,16472
821,1542,20138,16211
826,1533,20268,16318
820,1549,20097,16171
831,1556,20293,16325
836,1543,20485,16453
827,1534,20302,16317
831,1555,20458,16465
824,1537,20236,16285
837,1556,20557,16555
828,1536,20286,16297
821,1526,20140,16198
828,1529,20368,16359
832,1562,20329,16266
830,1564,20286,16286
828,1530,20265,16308
829,1559,20231,16286
833,1523,20464,16426
824,1545,20258,16264
834,1543,20396,16386
835,1547,20456,16458
837,1557,20505,16535
825,1531,20249,16294
821,1555,20092,16162
824,1529,20238,16298
826,1553,20268,16271
825,1538,20209,16250
828,1533,20303,16324
820,1535,20098,16157
827,1534,20263,16300
831,1553,20323,16316
830,1570,20299,16274
835,1537,20464,16419
833,1532,20438,16409
826,1527,20310,16358
834,1542,20411,16442
827,1533,20321,16355
835,1547,20519,16512
822,1547,20167,16201
828,1532,20352,16372
837,1552,20546,16520
828,1528,20315,16342
835,1542,20436,16469
828,1561,20265,16312
829,1545,20397,16410
835,1569,20643,16609
825,1529,20206,16237
830,1537,20301,16323
825,1575,20126,16156
825,1525,20253,16310
822,1528,20215,16251
825,1543,20222,16255
825,1531,20268,16256
825,1542,20204,16206
828,1525,20284,16324
833,1555,20370,16389
836,1567,20556,16556
838,1577,20666,16621
824,1537,20225,16238
827,1532,20280,16316
824,1553,20166,16194
822,1537,20180,16239
832,1538,20352,16372
822,1537,20160,16248
839,1553,20588,16578
829,1548,20364,16344
831,1540,20415,16436
827,1535,20325,16380
837,1554,20521,16526
826,1531,20290,16350
821,1562,20145,16167
828,1542,20266,16285
838,1550,20547,16510
837,1566,20592,16564
829,1535,20344,16358
819,1541,20039,16145
821,1534,20125,16217
831,1539,20339,16353
827,1549,20258,16227
830,1514,20403,16379
835,1552,20508,16507
826,1553,20211,16245
826,1547,20209,16259
832,1551,20318,16345
829,1514,20309,16344
836,1548,20501,16488
829,1546,20387,16403
823,1536,20236,16295
826,1532,20331,16364
833,1572,20498,16552
821,1561,20130,16151
827,1536,20297,16318
829,1534,20297,16292
826,1538,20306,16270
827,1536,20262,16296
827,1567,20180,16214
826,1533,20293,16321
828,1533,20296,16295
824,1539,20212,16233
826,1542,20254,16268
828,1544,20312,16312
824,1525,20244,16307
822,1535,20205,16302
824,1548,20181,16234
831,1544,20330,16358
830,1560,20268,16250
828,1537,20339,16370
834,1551,20380,16391
837,1577,20599,16595
836,1571,20579,16615
822,1540,20147,16180
835,1574,20496,16453
840,1573,20661,16610
825,1541,20246,16245
823,1541,20200,16255
821,1552,20089,16180
825,1534,20282,16365
832,1532,20416,16406
824,1525,20256,16266
825,1537,20240,16274
836,1563,20558,16553
829,1534,20378,16400
829,1535,20305,16367
822,1520,20187,16284
826,1532,20272,16357
827,1532,20289,16288
832,1525,20398,16391
822,1527,20165,16235
832,1546,20343,16343
834,1539,20401,16434
839,1549,20580,16540
825,1541,20337,16346
822,1529,20164,16206
837,1547,20511,16460
833,1543,20465,16466
821,1526,20124,16211
830,1519,20334,16384
826,1536,20238,16224
830,1558,20346,16299
828,1546,20292,16290
824,1541,20180,16204
835,1553,20487,16503
823,1544,20135,16187
823,1535,20179,16244
826,1536,20312,16348
830,1525,20373,16359
830,1551,20410,16447
823,1536,20173,16251
839,1562,20608,16585
830,1531,20274,16326
834,1561,20377,16375
840,1585,20692,16649
837,1557,20557,16544
830,1543,20462,16424
839,1585,20639,16649
828,1535,20306,16357
828,1540,20369,16395
829,1534,20317,16311
834,1549,20547,16496
824,1548,20342,16369
840,1561,20602,16564
828,1534,20345,16384
835,1543,20442,16466
823,1540,20244,16316
836,1545,20434,16434
831,1536,20437,16412
827,1536,20332,16365
827,1536,20256,16293
835,1570,20541,16553
824,1541,20193,16259
823,1525,20211,16235
824,1530,20232,16273
825,1558,20177,16175
828,1531,20364,16357
822,1526,20202,16263
828,1533,20261,16292
830,1547,20290,16306
825,1562,20179,16193
834,1537,20447,16397
832,1547,20360,16359
833,1539,20471,16471
825,1531,20237,16297
828,1564,20188,16242
834,1543,20444,16451
827,1534,20289,16345
828,1533,20395,16385
837,1576,20621,16616
822,1536,20192,16246
836,1539,20499,16479
834,1574,20494,16541
834,1563,20405,16372
838,1574,20626,16620
836,1557,20593,16555
828,1543,20388,16402
836,1559,20447,16444
826,1532,20270,16339
836,1570,20562,16590
832,1535,20410,16387
827,1529,20370,16380
832,1561,20336,16375
835,1547,20497,16475
822,1532,20182,16246
820,1527,20115,16204
825,1533,20259,16325
833,1550,20343,16384
836,1539,20544,16495
827,1536,20241,16275
825,1545,20226,16258
836,1550,20501,16492
834,1546,20479,16527
827,1529,20336,16375
830,1534,20295,16281
827,1540,20260,16233
828,1517,20356,16335
821,1554,20079,16135
825,1538,20244,16285
830,1540,20277,16327
824,1541,20215,16225
824,1523,20276,16287
830,1554,20247,16262
834,1555,20525,16496
825,1550,20220,16238
822,1531,20143,16215
823,1524,20177,16268
828,1566,20185,16230
831,1547,20472,16439
827,1532,20332,16360
833,1543,20373,16382
836,1539,20468,16459
832,1547,20408,16451
827,1537,20295,16297
824,1531,20223,16265
825,1541,20238,16236
827,1531,20316,16291
829,1568,20205,16237
833,1567,20424,16451
835,1579,20545,16573
833,1547,20386,16354
839,1564,20560,16486
833,1535,20378,16365
835,1573,20587,16593
824,1543,20158,16217
827,1551,20233,16264
824,1524,20229,16292
822,1551,20123,16164
827,1537,20350,16341
823,1538,20166,16206
832,1558,20349,16309
826,1522,20250,16302
827,1545,20173,16213
826,1527,20311,16349
823,1558,20164,16182
826,1533,20247,16246
835,1533,20465,16434
833,1542,20446,16440
835,1562,20509,16535
822,1535,20178,16261
836,1552,20481,16453
827,1532,20360,16359
834,1565,20412,16412
837,1561,20612,16584
821,1534,20150,16202
822,1532,20163,16241
826,1551,20228,16259
830,1563,20259,16278
841,1556,20692,16624
823,1531,20183,16241
833,1555,20366,16361
839,1573,20602,16582
823,1518,20193,16281
825,1524,20265,16300
824,1553,20159,16175
828,1529,20355,16348
838,1537,20532,16466
837,1560,20592,16568
827,1547,20348,16409
826,1550,20225,16287
828,1546,20393,16403
830,1537,20416,16403
832,1545,20416,16412
824,1536,20254,16295
821,1560,20049,16122
834,1548,20413,16422
836,1574,20624,16594
823,1549,20156,16223
838,1540,20585,16519
826,1555,20241,16269
829,1538,20321,16390
834,1549,20494,16491
823,1540,20145,16221
837,1554,20506,16479
830,1541,20333,16340
826,1536,20345,16369
836,1548,20486,16433
824,1535,20219,16293
833,1544,20371,16399
826,1544,20193,16320
826,1535,20329,16363
837,1546,20490,16465
837,1555,20579,16575
835,1558,20515,16512
822,1554,20076,16142
827,1534,20295,16363
828,1554,20231,16281
831,1551,20442,16479
824,1524,20264,16291
825,1559,20149,16185
831,1535,20374,16362
825,1535,20206,16228
834,1550,20391,16419
834,1547,20498,16500
838,1566,20547,16485
820,1546,20122,16331
825,1568,20115,16280
828,1554,20276,16279
836,1546,20486,16454
823,1550,20181,16250
826,1530,20194,16345
837,1576,20461,16362
817,1541,19971,16221
834,1565,20448,16361
815,1548,19936,16179
834,1544,20395,16528
815,1539,19883,16162
824,1564,20051,16284
835,1580,20408,16268
826,1566,20068,16222
827,1534,20176,16370
827,1563,20215,16197
832,1557,20358,16341
826,1571,20262,16220
830,1556,20295,16492
816,1538,19997,16223
831,1577,20258,16156
831,1573,20295,16251
836,1578,20398,16346
838,1561,20506,16457
827,1559,20236,16197
824,1568,20139,16093
839,1557,20569,16488
824,1536,20327,16280
837,1589,20446,16369
831,1564,20376,16326
823,1565,20152,16166
836,1556,20586,16539
826,1555,20249,16210
828,1583,20199,16154
838,1566,20502,16426
826,1561,20220,16185
833,1503,20405,16387
828,1545,20293,16281
832,1572,20308,16257
834,1560,20440,16321
829,1574,20224,16140
828,1547,20317,16290
829,1549,20311,16298
831,1558,20300,16302
835,1562,20466,16396
824,1553,20246,16209
840,1546,20600,16529
839,1558,20581,16506
833,1540,20457,16448
827,1537,20335,16336
838,1559,20578,16555
830,1530,20370,16354
833,1552,20396,16326
828,1562,20303,16275
826,1531,20269,16297
826,1566,20240,16225
827,1538,20318,16327
826,1551,20258,16236
828,1547,20317,16293
829,1542,20373,16325
831,1553,20372,16280
827,1536,20365,16376
824,1549,20171,16183
825,1550,20253,16270
828,1539,20372,16318
829,1553,20282,16258
833,1538,20423,16388
824,1549,20220,16240
826,1545,20235,16241
825,1556,20223,16220
824,1568,20188,16196
830,1539,20417,16396
813,1563,19836,16055
812,1551,19826,16078
824,1573,20161,16151
823,1565,20005,16226
818,1537,20012,16282
815,1548,19853,16086
817,1546,19938,16172
826,1566,20271,16207
819,1540,19989,16195
820,1544,20092,16323
828,1557,20231,16437
831,1572,20319,16525
823,1561,20196,16182
827,1555,20290,16230
841,1555,20624,16569
824,1557,20143,16131
832,1537,20381,16457
830,1561,20213,16404
837,1570,20423,16381
840,1557,20551,16497
828,1557,20276,16247
838,1582,20494,16403
837,1543,20556,16515
835,1541,20459,16421
828,1558,20323,16345
840,1560,20574,16504
829,1525,20358,16265
829,1552,20330,16249
829,1550,20347,16260
838,1560,20460,16396
835,1597,20333,16294
837,1550,20563,16509
830,1545,20397,16344
836,1553,20433,16355
829,1561,20363,16327
839,1582,20468,16376
842,1591,20739,16699
828,1559,20256,16229
827,1550,20277,16289
834,1552,20410,16341
829,1557,20299,16218
831,1541,20453,16415
837,1576,20443,16359
838,1551,20491,16422
838,1555,20503,16444
832,1551,20406,16364
839,1543,20575,16491
843,1573,20619,16473
843,1552,20652,16514
832,1540,20444,16406
831,1541,20406,16399
846,1558,20744,16659
837,1552,20502,16399
833,1534,20476,16411
844,1551,20693,16604
847,1564,20755,16657
838,1570,20640,16589
843,1572,20720,16681
846,1577,20765,16698
836,1556,20502,16435
834,1559,20486,16380
837,1562,20632,16550
845,1558,20695,16582
843,1563,20718,16618
835,1558,20546,16517
843,1555,20633,16471
838,1557,20658,16591
838,1555,20589,16495
840,1566,20683,16585
838,1570,20622,16566
838,1551,20588,16540
850,1580,20885,16765
846,1571,20791,16685
841,1579,20751,16654
847,1568,20803,16691
854,1610,21144,17019
830,1575,20342,16565
825,1561,20195,16439
832,1577,20461,16602
838,1581,20678,16647
832,1559,20414,16518
839,1582,20722,16651
837,1573,20452,16614
832,1588,20453,16637
852,1614,20971,16905
844,1602,20770,16838
833,1589,20440,16610
840,1587,20578,16676
846,1578,20867,16684
842,1573,20728,16632
844,1577,20797,16736
840,1554,20661,16588
850,1578,20918,16768
838,1567,20657,16574
841,1552,20583,16519
839,1572,20549,16440
837,1550,20504,16425
829,1546,20356,16329
836,1550,20505,16426
831,1554,20381,16342
838,1559,20573,16455
837,1558,20644,16535
838,1556,20543,16477
839,1561,20643,16576
832,1546,20404,16389
846,1567,20730,16594
843,1566,20727,16641
837,1552,20508,16370
842,1550,20683,16525
845,1567,20713,16592
840,1561,20616,16575
833,1550,20490,16456
843,1562,20630,16508
842,1546,20712,16557
849,1554,20785,16685
841,1559,20674,16587
838,1574,20648,16582
841,1555,20597,16519
843,1562,20702,16632
844,1551,20631,16566
854,1581,20974,16802
845,1586,20817,16739
850,1607,20987,16872
845,1597,20849,16769
855,1598,20994,16877
852,1610,21018,16874
849,1614,20967,16874
847,1605,20927,16846
850,1607,21041,16922
856,1615,21071,16925
845,1573,20774,16685
842,1540,20722,16654
856,1599,21044,16858
848,1592,20929,16792
841,1574,20717,16636
850,1605,21008,16873
848,1555,20770,16675
846,1553,20725,16612
844,1561,20690,16623
837,1552,20496,16447
844,1568,20768,16629
842,1540,20603,16507
834,1552,20487,16454
838,1534,20542,16487
837,1567,20429,16403
847,1565,20749,16613
843,1588,20763,16673
847,1564,20816,16692
826,1566,20266,16469
827,1566,20090,16298
837,1543,20496,16550
832,1553,20290,16480
837,1575,20502,16622
831,1574,20387,16551
820,1538,20009,16264
836,1592,20515,16655
823,1561,20177,16423
824,1533,20117,16342
837,1601,20515,16691
820,1540,20047,16300
827,1533,20244,16400
823,1532,20084,16297
820,1542,20046,16282
833,1556,20295,16490
833,1584,20374,16589
835,1562,20414,16549
827,1549,20248,16446
823,1545,20154,16367
828,1555,20327,16464
833,1543,20463,16465
823,1552,20164,16389
830,1563,20230,16445
823,1551,20176,16368
837,1581,20506,16643
828,1547,20338,16433
841,1572,20718,16621
828,1555,20283,16271
820,1543,19996,16232
821,1543,20106,16318
818,1546,19953,16215
820,1544,20130,16347
818,1551,19927,16172
821,1551,20020,16222
828,1544,20167,16357
831,1547,20205,16435
832,1592,20407,16584
816,1551,19952,16191
818,1535,19992,16217
825,1557,20138,16292
817,1544,19959,16193
822,1540,20066,16287
822,1563,19975,16187
823,1543,20088,16269
820,1547,20033,16219
820,1530,20015,16254
822,1549,20093,16279
818,1549,19885,16135
818,1535,19998,16251
820,1522,20003,16258
829,1544,20168,16371
832,1572,20407,16545
815,1552,19864,16132
822,1512,20049,16252
822,1545,20013,16236
815,1541,19861,16130
818,1538,20050,16280
829,1537,20222,16418
819,1537,20054,16246
819,1548,20015,16198
815,1532,19900,16169
819,1537,19960,16220
824,1568,20035,16256
826,1543,20239,16410
815,1529,19958,16180
815,1537,19916,16185
820,1537,20050,16260
813,1563,19810,16095
815,1530,19925,16199
818,1540,19937,16206
827,1565,20112,16334
821,1537,20096,16279
832,1584,20274,16217
818,1532,19979,16231
819,1533,20050,16195
829,1584,20254,16299
831,1575,20357,16541
822,1532,20100,16308
820,1547,20145,16344
826,1557,20132,16288
823,1542,20117,16337
821,1529,20135,16321
838,1560,20598,16558
830,1563,20352,16277
823,1572,20058,16233
819,1553,19949,16159
840,1554,20639,16527
831,1564,20329,16291
820,1555,20082,16330
827,1560,20094,16322
830,1570,20298,16512
831,1562,20345,16499
824,1574,20207,16167
827,1562,20293,16259
825,1570,20155,16127
817,1546,19892,16153
824,1546,20063,16268
817,1552,19912,16131
830,1532,20472,16397
833,1551,20442,16320
828,1540,20306,16300
839,1580,20644,16635
814,1546,19856,16143
823,1536,20123,16300
813,1558,19857,16093
816,1540,19912,16170
830,1570,20286,16229
824,1564,20203,16205
834,1538,20389,16363
832,1583,20294,16266
832,1557,20354,16374
825,1548,20122,16286
826,1548,20077,16273
840,1585,20675,16653
823,1577,20073,16080
829,1552,20288,16238
826,1545,20275,16281
813,1540,19867,16106
821,1549,20024,16235
826,1572,20198,16135
835,1539,20434,16404
830,1541,20242,16360
831,1569,20302,16326
829,1547,20346,16302
831,1561,20347,16268
840,1559,20653,16589
834,1564,20350,16288
826,1553,20300,16302
835,1559,20418,16541
817,1549,19914,16138
832,1578,20325,16534
834,1549,20512,16477
827,1554,20253,16241
826,1537,20307,16326
827,1546,20181,16202
831,1545,20324,16347
823,1543,20178,16236
827,1542,20325,16314
828,1537,20237,16396
828,1560,20157,16332
833,1547,20439,16401
824,1565,20193,16190
828,1547,20273,16279
839,1554,20568,16465
826,1544,20228,16227
832,1571,20359,16292
831,1575,20270,16191
834,1558,20338,16290
823,1550,20021,16252
822,1534,20144,16270
835,1567,20528,16530
