2769,10000
746,1447,17631,14038
739,1451,17513,13941
738,1450,17491,13916
739,1435,17558,14023
738,1467,17419,13826
740,1431,17586,14017
737,1448,17463,13894
738,1433,17520,13968
738,1436,17521,13988
736,1437,17412,13873
741,1441,17636,14040
744,1463,17549,13952
743,1433,17568,13968
738,1436,17497,13924
737,1451,17425,13855
740,1424,17584,14015
736,1460,17416,13859
739,1426,17558,13977
740,1414,17549,13966
738,1433,17490,13933
740,1424,17573,14022
735,1437,17412,13872
739,1434,17532,13966
736,1448,17494,13923
738,1457,17450,13882
740,1423,17592,14018
735,1455,17397,13858
738,1431,17512,13966
737,1454,17456,13912
738,1439,17494,13943
741,1417,17626,14032
738,1451,17480,13922
738,1444,17484,13925
738,1439,17475,13905
735,1442,17430,13919
740,1425,17584,14021
739,1440,17495,13918
748,1457,17705,14075
742,1447,17564,13942
737,1452,17457,13893
739,1426,17562,14016
736,1442,17400,13831
739,1440,17541,13954
739,1433,17517,13937
739,1447,17470,13904
739,1423,17532,13942
737,1462,17429,13868
739,1443,17521,13949
737,1437,17480,13934
736,1437,17448,13916
740,1450,17548,13956
736,1460,17421,13858
738,1435,17520,13967
737,1446,17494,13950
735,1449,17417,13889
738,1443,17511,13954
735,1452,17369,13794
738,1436,17546,13963
740,1430,17575,13999
738,1439,17489,13933
738,1447,17499,13949
736,1462,17387,13821
739,1429,17557,13998
739,1431,17535,13963
738,1439,17456,13884
738,1450,17506,13928
737,1458,17419,13865
739,1430,17549,14007
736,1437,17417,13879
740,1439,17518,13963
740,1450,17544,13935
737,1449,17449,13892
740,1425,17590,14039
735,1455,17395,13853
735,1414,17400,13854
737,1453,17484,13924
738,1444,17501,13936
741,1422,17625,14041
736,1455,17426,13845
737,1456,17427,13851
738,1448,17463,13913
736,1447,17412,13887
742,1424,17622,14050
736,1470,17415,13839
736,1442,17470,13933
739,1438,17506,13932
740,1459,17484,13897
738,1425,17526,13978
740,1466,17506,13875
740,1445,17554,14001
745,1449,17601,13993
736,1442,17430,13878
738,1429,17521,13974
736,1457,17386,13810
737,1431,17476,13968
737,1430,17470,13914
739,1443,17510,13951
739,1445,17526,13929
735,1467,17411,13822
739,1427,17559,14011
736,1435,17445,13919
738,1436,17477,13937
740,1450,17535,13945
735,1461,17382,13803
739,1433,17533,13976
739,1435,17514,13936
736,1452,17459,13911
737,1433,17490,13955
733,1450,17332,13808
739,1421,17567,14027
740,1442,17520,13927
738,1433,17509,13940
740,1446,17508,13946
735,1443,17392,13834
739,1424,17521,13969
738,1448,17493,13925
739,1449,17478,13906
738,1431,17512,13945
736,1454,17435,13860
739,1428,17519,13958
734,1444,17372,13859
739,1463,17475,13908
738,1434,17489,13924
738,1440,17496,13911
739,1436,17554,14006
736,1453,17415,13855
739,1443,17504,13952
749,1442,17730,14151
748,1465,17651,14053
743,1426,17602,14021
737,1451,17452,13879
739,1435,17532,13973
736,1442,17468,13902
738,1431,17482,13931
739,1425,17549,14010
737,1453,17457,13887
734,1439,17441,13903
738,1431,17516,13933
740,1453,17538,13933
739,1413,17579,14019
735,1458,17382,13844
738,1439,17479,13937
738,1445,17482,13901
738,1464,17488,13909
737,1431,17498,13948
736,1448,17421,13866
738,1433,17517,13971
737,1442,17481,13945
737,1445,17448,13912
743,1429,17652,14083
743,1471,17509,13881
738,1432,17519,13945
739,1442,17536,13971
737,1448,17438,13880
733,1420,17362,13901
735,1449,17407,13846
739,1440,17539,13969
738,1439,17507,13916
738,1448,17515,13941
737,1446,17501,13939
734,1444,17348,13794
738,1438,17518,13958
738,1449,17513,13944
739,1433,17523,13955
738,1443,17492,13938
737,1467,17425,13844
739,1431,17553,14000
738,1455,17460,13898
736,1438,17436,13904
739,1437,17538,13970
737,1465,17448,13870
740,1426,17590,14042
736,1442,17414,13887
738,1439,17491,13949
736,1436,17472,13946
737,1448,17463,13899
740,1425,17580,14026
736,1458,17426,13853
739,1433,17529,13936
737,1447,17517,13963
735,1447,17410,13848
740,1425,17576,14029
738,1439,17445,13867
737,1439,17477,13903
737,1426,17563,14000
736,1458,17449,13888
741,1437,17611,14052
735,1451,17381,13841
738,1430,17520,13978
741,1437,17501,13927
739,1442,17502,13934
742,1413,17591,14012
737,1445,17436,13864
737,1456,17449,13895
736,1435,17439,13912
737,1443,17475,13903
740,1429,17575,14008
748,1460,17654,14031
753,1450,17855,14220
752,1446,17844,14235
738,1457,17425,13866
737,1425,17501,13967
732,1442,17371,13842
740,1439,17561,13978
738,1443,17483,13920
738,1448,17451,13886
737,1450,17473,13922
736,1449,17433,13893
737,1439,17509,13975
737,1438,17476,13951
738,1439,17486,13899
738,1441,17517,13968
736,1441,17401,13853
739,1434,17517,13967
737,1439,17474,13934
738,1432,17490,13923
736,1434,17560,13988
735,1455,17395,13824
741,1431,17587,13995
739,1437,17534,13961
736,1437,17471,13948
740,1425,17558,13998
738,1464,17429,13826
740,1427,17590,14017
738,1439,17462,13883
737,1441,17494,13928
737,1437,17489,13943
736,1454,17402,13856
739,1422,17527,13995
735,1439,17410,13874
738,1444,17504,13922
737,1442,17476,13923
736,1442,17427,13873
743,1429,17601,14009
735,1451,17388,13855
737,1439,17476,13930
738,1436,17513,13963
737,1443,17474,13903
741,1423,17612,14025
736,1452,17425,13865
737,1445,17457,13909
738,1431,17457,13902
737,1451,17439,13873
742,1419,17619,14030
735,1448,17386,13839
736,1447,17447,13904
737,1449,17463,13930
736,1436,17438,13892
738,1434,17509,13956
736,1459,17417,13867
739,1442,17530,13946
740,1437,17545,13986
736,1455,17409,13856
739,1422,17546,13992
734,1462,17349,13827
739,1387,17545,13969
738,1436,17485,13903
737,1439,17492,13925
738,1455,17529,13940
733,1447,17364,13838
738,1431,17502,13962
737,1444,17461,13920
739,1440,17545,13965
739,1422,17500,13925
733,1470,17330,13791
743,1427,17586,14032
738,1433,17497,13930
737,1450,17457,13893
741,1435,17543,13970
734,1458,17333,13779
741,1429,17591,14000
739,1456,17509,13943
736,1447,17439,13901
737,1442,17489,13948
735,1447,17375,13844
739,1431,17554,13989
737,1450,17472,13918
740,1448,17562,13979
741,1433,17543,13938
737,1443,17447,13896
740,1430,17577,14030
737,1449,17464,13922
738,1452,17472,13896
738,1444,17504,13940
737,1440,17464,13917
739,1439,17558,13971
737,1458,17440,13883
737,1442,17439,13874
741,1428,17594,14039
742,1449,17501,13925
741,1430,17611,14031
736,1455,17432,13894
737,1453,17455,13911
739,1425,17539,13973
736,1439,17451,13911
740,1419,17598,14029
736,1451,17416,13864
738,1438,17503,13924
738,1432,17526,13954
736,1452,17429,13899
741,1435,17633,14097
736,1453,17401,13836
737,1441,17482,13900
738,1454,17507,13909
738,1434,17473,13922
738,1426,17544,13998
735,1454,17393,13842
739,1436,17515,13958
736,1456,17446,13902
736,1439,17420,13887
739,1430,17537,13969
742,1456,17499,13895
739,1439,17540,13979
738,1423,17499,13934
735,1437,17428,13890
743,1441,17567,13978
736,1449,17395,13829
739,1431,17551,13974
739,1448,17553,13960
740,1433,17534,13970
750,1434,17777,14177
747,1439,17704,14104
739,1421,17578,14004
739,1444,17540,13955
737,1440,17454,13912
740,1422,17560,13990
734,1451,17383,13837
739,1428,17548,14009
737,1422,17493,13960
739,1440,17530,13988
740,1449,17551,13944
735,1467,17400,13831
741,1434,17588,14026
736,1443,17425,13874
737,1439,17462,13925
740,1456,17577,14010
739,1462,17462,13855
741,1431,17610,14042
738,1454,17445,13858
739,1433,17544,13965
739,1450,17513,13931
737,1453,17455,13899
740,1437,17562,13982
737,1454,17454,13867
736,1458,17413,13850
737,1423,17501,13921
738,1448,17469,13907
747,1438,17673,14089
737,1444,17414,13838
737,1444,17467,13914
739,1445,17511,13925
736,1442,17447,13895
741,1427,17580,14001
736,1448,17434,13872
735,1448,17423,13906
737,1446,17484,13931
740,1438,17523,13946
743,1433,17618,13997
736,1439,17458,13886
739,1432,17507,13959
736,1449,17432,13886
737,1445,17450,13917
740,1432,17559,13963
735,1443,17410,13847
740,1431,17573,14018
748,1448,17667,14062
737,1451,17433,13865
738,1438,17504,13966
735,1450,17385,13844
739,1437,17504,13955
738,1429,17526,13926
738,1443,17500,13926
737,1435,17482,13932
735,1460,17390,13830
738,1440,17507,13978
738,1443,17501,13935
740,1424,17547,13974
739,1446,17527,13948
736,1446,17398,13815
743,1436,17575,13987
738,1443,17501,13938
736,1446,17446,13909
739,1441,17559,13995
738,1499,17436,13865
740,1426,17570,14017
738,1445,17481,13904
738,1451,17483,13928
740,1429,17545,13995
741,1466,17476,13883
739,1432,17548,13992
739,1464,17466,13840
737,1441,17476,13912
735,1439,17441,13899
737,1450,17476,13918
739,1428,17530,13985
736,1464,17424,13850
737,1440,17455,13900
739,1438,17536,13961
738,1449,17497,13915
739,1432,17554,13983
735,1444,17399,13865
735,1418,17477,13927
740,1431,17519,13926
739,1449,17518,13931
741,1430,17594,14042
736,1447,17420,13848
735,1446,17401,13860
738,1428,17505,13967
736,1452,17413,13868
740,1427,17570,14015
737,1462,17429,13842
738,1441,17512,13964
737,1440,17472,13924
736,1450,17451,13904
739,1431,17535,14003
735,1442,17399,13839
740,1421,17579,14016
741,1457,17542,13926
739,1449,17505,13911
742,1444,17556,13959
735,1442,17376,13845
742,1438,17539,13974
738,1437,17498,13934
737,1457,17479,13909
744,1442,17583,13995
735,1455,17364,13798
738,1437,17513,13971
739,1438,17494,13929
737,1449,17444,13870
738,1440,17503,13976
737,1457,17380,13784
739,1439,17543,13965
738,1441,17512,13944
738,1434,17475,13926
737,1427,17463,13916
735,1451,17377,13824
740,1430,17579,14014
738,1441,17501,13911
739,1431,17539,13981
737,1431,17489,13951
732,1441,17361,13861
741,1448,17537,13982
736,1442,17451,13887
739,1441,17541,13966
738,1431,17499,13943
737,1461,17454,13898
740,1423,17570,14016
736,1439,17395,13842
736,1435,17456,13931
738,1454,17484,13930
738,1453,17490,13900
739,1417,17554,14004
737,1463,17418,13846
737,1446,17458,13904
738,1435,17496,13948
735,1440,17451,13871
740,1428,17602,14042
737,1452,17445,13871
741,1443,17530,13921
739,1430,17530,13981
738,1440,17438,13866
740,1424,17584,14035
736,1454,17425,13856
737,1454,17476,13896
736,1444,17439,13901
737,1438,17459,13906
739,1420,17544,14012
736,1448,17413,13867
737,1444,17492,13948
738,1434,17492,13961
745,1454,17593,13971
739,1438,17513,13937
736,1465,17419,13858
738,1429,17507,13952
736,1439,17449,13912
736,1443,17436,13891
740,1431,17551,13985
736,1447,17428,13856
741,1429,17577,13985
737,1429,17478,13935
738,1444,17473,13927
736,1420,17487,13945
737,1458,17465,13885
744,1443,17610,14000
739,1439,17524,13960
737,1443,17477,13908
739,1444,17527,13966
736,1471,17359,13786
738,1430,17511,13965
739,1444,17517,13965
738,1451,17477,13883
738,1438,17513,13964
734,1447,17370,13837
742,1423,17609,14038
737,1440,17492,13964
745,1463,17594,14000
739,1440,17511,13924
736,1458,17430,13854
740,1443,17566,13951
736,1439,17427,13870
736,1450,17442,13906
738,1430,17491,13949
738,1442,17482,13927
740,1425,17588,14009
734,1456,17387,13849
736,1441,17462,13921
737,1430,17475,13936
738,1442,17468,13914
739,1419,17558,14017
736,1458,17418,13868
738,1446,17478,13903
739,1430,17500,13939
739,1447,17460,13877
739,1448,17556,14000
735,1451,17380,13851
737,1439,17483,13940
738,1442,17489,13916
736,1449,17445,13871
741,1440,17644,14065
735,1439,17402,13878
738,1426,17515,13980
738,1450,17490,13947
737,1443,17449,13894
739,1430,17558,13983
735,1444,17396,13856
739,1429,17581,14024
737,1452,17472,13927
738,1460,17447,13884
738,1445,17484,13947
737,1460,17381,13857
742,1426,17606,14019
738,1444,17488,13922
736,1445,17433,13892
739,1453,17485,13920
733,1444,17323,13786
739,1428,17546,13975
740,1453,17507,13921
738,1447,17490,13919
739,1439,17518,13940
734,1455,17333,13781
738,1432,17519,14002
742,1454,17514,13933
739,1440,17485,13931
741,1445,17555,13942
734,1468,17366,13804
739,1428,17536,13977
734,1435,17423,13895
736,1440,17453,13935
738,1437,17480,13943
737,1450,17436,13894
739,1438,17549,13964
738,1445,17481,13940
742,1443,17518,13938
738,1434,17488,13951
735,1447,17379,13872
739,1436,17571,14013
735,1463,17384,13842
739,1439,17500,13929
740,1423,17563,13985
736,1454,17415,13869
738,1425,17522,13997
735,1450,17366,13820
738,1439,17492,13913
738,1488,17520,13969
736,1463,17421,13869
740,1434,17568,14007
735,1448,17405,13869
736,1448,17450,13910
740,1479,17524,13993
736,1463,17393,13843
740,1424,17600,14025
742,1462,17501,13903
740,1456,17478,13910
736,1442,17468,13944
736,1432,17427,13907
751,1449,17779,14160
742,1449,17498,13895
740,1442,17554,13977
738,1449,17501,13932
736,1439,17415,13880
739,1420,17528,13977
737,1463,17389,13828
739,1434,17542,13979
739,1446,17496,13924
735,1442,17394,13864
739,1428,17527,13961
734,1467,17340,13799
737,1443,17466,13936
739,1424,17546,14007
742,1460,17524,13945
739,1461,17514,13919
735,1447,17337,13774
737,1437,17498,13955
738,1441,17478,13932
738,1443,17469,13918
738,1441,17527,13977
736,1469,17402,13836
738,1435,17535,13972
737,1422,17514,13947
738,1439,17468,13906
737,1447,17466,13945
734,1452,17360,13818
740,1439,17544,13975
736,1439,17460,13901
737,1434,17473,13943
739,1456,17497,13917
735,1444,17386,13845
739,1425,17547,13990
736,1457,17388,13849
737,1444,17460,13941
738,1437,17502,13958
736,1435,17435,13915
742,1445,17575,13993
736,1450,17418,13875
737,1455,17413,13854
737,1444,17488,13935
737,1434,17460,13899
741,1424,17608,14028
736,1464,17435,13853
736,1450,17443,13903
737,1439,17450,13917
740,1456,17438,13889
741,1431,17606,14032
736,1456,17426,13869
736,1444,17440,13898
738,1441,17500,13937
736,1462,17396,13840
739,1439,17518,13989
740,1465,17423,13845
739,1425,17507,13977
738,1428,17494,13938
736,1455,17427,13869
736,1424,17481,13957
735,1458,17390,13858
737,1434,17477,13946
737,1437,17459,13902
737,1449,17487,13937
738,1434,17516,13957
735,1455,17396,13823
738,1387,17508,13959
738,1450,17453,13897
736,1437,17414,13891
737,1435,17496,13950
736,1451,17408,13857
736,1441,17443,13899
738,1443,17499,13951
737,1448,17450,13922
737,1448,17451,13922
733,1456,17308,13782
737,1429,17499,13972
738,1438,17507,13942
738,1450,17496,13958
740,1423,17514,13960
735,1445,17407,13863
738,1424,17520,13983
743,1466,17506,13901
736,1449,17466,13923
742,1438,17536,13943
737,1448,17447,13884
739,1441,17542,13981
736,1446,17385,13843
736,1441,17439,13906
742,1455,17551,13942
736,1446,17426,13853
739,1433,17550,14021
735,1467,17387,13845
736,1436,17460,13938
736,1420,17474,13944
735,1444,17419,13892
739,1446,17525,13985
737,1455,17417,13833
737,1448,17451,13907
737,1431,17456,13923
737,1452,17465,13917
747,1456,17663,14079
744,1455,17521,13903
735,1446,17426,13886
738,1446,17495,13927
738,1489,17487,13954
739,1423,17502,13957
734,1453,17374,13847
738,1436,17507,13961
739,1438,17534,13970
736,1434,17435,13883
738,1440,17514,13978
740,1463,17427,13841
738,1426,17516,13973
737,1457,17436,13891
736,1450,17414,13893
737,1434,17469,13935
734,1444,17362,13794
742,1451,17536,13955
737,1475,17468,13950
735,1445,17410,13883
736,1446,17433,13893
734,1444,17372,13819
738,1437,17521,13963
743,1449,17562,13950
738,1419,17514,13948
737,1439,17487,13959
734,1467,17346,13797
735,1432,17446,13912
738,1441,17520,13965
739,1431,17504,13953
738,1440,17474,13924
734,1464,17352,13786
738,1429,17507,13986
735,1451,17408,13876
735,1447,17408,13891
737,1431,17481,13940
737,1436,17479,13918
739,1435,17543,13995
735,1451,17378,13856
738,1437,17489,13946
736,1453,17421,13900
736,1451,17430,13888
739,1419,17564,14027
736,1452,17416,13854
738,1449,17496,13913
738,1440,17534,13981
735,1441,17395,13866
742,1420,17562,13995
736,1449,17423,13869
738,1451,17486,13903
737,1440,17471,13917
737,1435,17454,13918
739,1423,17578,14044
735,1455,17368,13822
737,1442,17453,13903
736,1435,17442,13911
738,1448,17480,13936
739,1429,17525,13978
734,1455,17358,13808
738,1442,17502,13957
748,1451,17766,14213
742,1458,17500,13896
737,1433,17514,13962
737,1458,17441,13866
739,1445,17521,13943
737,1440,17481,13946
736,1439,17435,13905
738,1433,17522,13993
736,1444,17422,13873
739,1440,17553,13988
738,1429,17500,13958
737,1458,17421,13850
737,1444,17483,13953
734,1452,17367,13837
739,1440,17489,13938
738,1450,17449,13895
741,1446,17573,13951
737,1438,17495,13963
735,1455,17373,13830
737,1428,17514,13978
737,1444,17477,13947
736,1455,17463,13900
737,1439,17475,13916
737,1453,17419,13848
740,1442,17522,13929
736,1436,17463,13931
737,1438,17445,13897
739,1449,17464,13931
735,1459,17395,13861
744,1439,17649,14002
735,1445,17423,13890
741,1456,17501,13915
738,1439,17488,13943
733,1437,17336,13799
738,1417,17508,13985
734,1460,17384,13836
739,1447,17515,13956
740,1437,17490,13928
736,1411,17413,13850
739,1429,17539,13994
736,1458,17389,13846
737,1444,17452,13900
737,1452,17458,13899
738,1433,17487,13924
740,1425,17580,14000
736,1439,17420,13884
735,1447,17392,13857
739,1436,17525,14002
736,1442,17419,13856
740,1428,17610,14051
734,1447,17367,13846
739,1441,17507,13942
738,1448,17461,13901
737,1446,17451,13917
738,1438,17496,13952
734,1446,17351,13828
740,1429,17511,13927
737,1447,17450,13891
736,1452,17444,13908
741,1455,17519,13954
735,1445,17374,13858
738,1433,17502,13941
736,1460,17451,13888
736,1443,17449,13895
739,1442,17519,13948
734,1451,17349,13812
738,1431,17519,13991
736,1437,17462,13927
737,1435,17475,13927
740,1437,17559,13972
734,1464,17342,13772
740,1431,17556,13984
742,1493,17539,13985
736,1446,17415,13885
736,1448,17440,13905
736,1449,17389,13842
739,1438,17550,13975
738,1434,17498,13962
736,1439,17430,13902
738,1413,17507,13954
734,1462,17357,13819
739,1440,17546,13986
735,1450,17415,13874
741,1425,17577,14009
753,1446,17864,14235
736,1458,17424,13889
738,1436,17526,13992
735,1440,17377,13847
738,1441,17486,13916
737,1453,17498,13915
741,1447,17515,13971
739,1418,17522,13980
735,1458,17406,13865
736,1437,17446,13924
737,1427,17471,13932
733,1444,17363,13850
739,1430,17569,13985
735,1448,17385,13839
736,1440,17443,13910
736,1436,17438,13911
734,1405,17412,13902
743,1441,17581,14015
736,1443,17405,13853
738,1448,17482,13908
738,1468,17525,13967
737,1449,17411,13841
739,1427,17550,14012
734,1465,17347,13803
737,1448,17482,13911
738,1439,17512,13945
739,1436,17449,13889
737,1427,17511,13973
734,1456,17349,13799
736,1432,17463,13935
736,1449,17437,13914
735,1442,17376,13852
740,1431,17552,13976
734,1459,17360,13812
737,1431,17498,13969
737,1429,17489,13960
735,1442,17372,13840
738,1438,17512,13962
735,1453,17344,13782
739,1434,17550,13999
738,1436,17476,13904
738,1424,17503,13952
737,1437,17468,13922
734,1456,17339,13787
739,1429,17530,13961
735,1438,17465,13903
737,1440,17458,13921
737,1455,17472,13938
735,1453,17380,13840
739,1431,17481,13933
735,1443,17423,13890
740,1471,17490,13943
738,1432,17519,13930
735,1440,17386,13837
740,1425,17547,13996
736,1451,17410,13855
735,1448,17441,13919
743,1448,17542,13938
735,1446,17394,13851
737,1418,17539,14017
736,1447,17442,13846
736,1441,17461,13929
738,1441,17461,13913
736,1441,17431,13901
739,1433,17555,14008
737,1461,17460,13900
736,1448,17434,13899
736,1439,17466,13918
738,1435,17497,13949
738,1436,17529,13986
734,1455,17367,13839
735,1439,17419,13886
737,1441,17481,13922
734,1440,17407,13876
739,1433,17554,14005
734,1450,17360,13817
736,1444,17417,13889
737,1456,17427,13859
737,1455,17463,13903
738,1444,17524,13950
735,1461,17374,13793
738,1426,17518,13979
743,1462,17526,13936
737,1420,17485,13942
743,1455,17573,13981
736,1452,17426,13864
739,1439,17502,13955
738,1452,17486,13917
736,1458,17417,13893
737,1451,17456,13926
733,1442,17323,13795
738,1430,17490,13949
737,1452,17498,13928
736,1436,17422,13880
736,1434,17425,13890
733,1444,17325,13790
737,1437,17497,13961
738,1446,17505,13945
740,1459,17486,13880
738,1430,17497,13927
735,1446,17370,13779
739,1428,17517,13970
737,1440,17458,13916
737,1438,17431,13877
737,1436,17495,13950
736,1468,17421,13838
739,1431,17530,13970
735,1446,17403,13860
737,1441,17456,13925
737,1433,17472,13928
735,1444,17392,13859
738,1440,17522,14004
736,1463,17402,13833
736,1437,17447,13909
740,1444,17496,13928
734,1453,17379,13827
738,1446,17495,13960
738,1454,17424,13842
738,1434,17496,13945
742,1454,17544,13931
736,1456,17454,13900
738,1437,17512,13959
735,1440,17384,13858
736,1441,17433,13898
738,1448,17474,13894
737,1448,17480,13904
740,1429,17581,14034
737,1459,17408,13833
736,1442,17432,13899
736,1441,17448,13909
735,1469,17368,13844
737,1434,17486,13944
737,1447,17434,13854
740,1448,17507,13921
737,1442,17468,13939
733,1442,17383,13856
738,1428,17498,13962
735,1444,17377,13804
739,1438,17536,13989
738,1444,17494,13930
737,1439,17457,13887
737,1425,17465,13914
734,1454,17388,13850
738,1443,17511,13964
733,1437,17399,13909
737,1448,17466,13906
739,1444,17497,13957
735,1462,17346,13772
737,1436,17492,13952
737,1451,17459,13917
736,1444,17426,13874
737,1442,17467,13911
735,1446,17377,13800
739,1442,17526,13974
737,1430,17481,13951
742,1452,17540,13933
737,1426,17470,13948
740,1481,17436,13835
739,1427,17556,14015
736,1428,17465,13916
738,1432,17507,13933
737,1452,17475,13937
742,1468,17492,13916
742,1444,17548,13988
735,1454,17386,13818
739,1443,17509,13947
737,1446,17491,13949
736,1450,17418,13867
738,1431,17499,13964
734,1449,17389,13856
738,1447,17517,13974
743,1438,17545,13984
736,1445,17410,13861
739,1432,17559,14028
736,1455,17413,13875
737,1442,17473,13924
734,1453,17392,13873
737,1453,17450,13891
740,1430,17563,13998
737,1441,17465,13890
736,1450,17465,13886
737,1442,17461,13898
737,1438,17451,13920
738,1424,17511,13964
736,1457,17436,13875
738,1440,17487,13911
738,1426,17496,13956
736,1445,17402,13848
742,1433,17608,14031
745,1472,17551,13958
738,1443,17461,13916
738,1439,17488,13958
739,1449,17448,13853
737,1440,17491,13946
734,1462,17378,13836
737,1437,17479,13942
735,1456,17395,13859
738,1454,17444,13869
737,1442,17474,13908
735,1467,17396,13840
740,1431,17547,13955
735,1429,17470,13926
736,1447,17443,13923
736,1450,17444,13924
735,1465,17371,13806
738,1428,17521,13955
737,1448,17472,13920
736,1461,17440,13883
737,1443,17464,13922
733,1449,17343,13809
738,1416,17521,13991
737,1452,17458,13905
739,1448,17489,13910
737,1432,17457,13923
735,1440,17392,13852
737,1425,17505,13974
734,1457,17381,13860
737,1433,17461,13931
738,1445,17485,13921
738,1440,17469,13906
739,1437,17539,13969
737,1438,17463,13919
739,1453,17446,13897
737,1423,17475,13962
738,1452,17473,13915
740,1442,17567,13982
734,1461,17367,13847
738,1447,17490,13939
736,1440,17457,13931
736,1430,17422,13895
743,1439,17576,14011
735,1454,17376,13830
738,1435,17477,13914
736,1452,17450,13917
736,1460,17414,13851
739,1428,17524,13983
733,1443,17346,13822
736,1449,17415,13875
736,1451,17462,13901
736,1448,17440,13881
737,1387,17521,13966
734,1448,17368,13835
738,1435,17502,13964
736,1449,17430,13887
737,1464,17477,13933
738,1429,17507,13962
735,1451,17391,13844
738,1438,17516,13965
736,1434,17435,13914
737,1436,17463,13937
736,1432,17458,13947
735,1450,17398,13859
740,1431,17561,14003
737,1447,17480,13951
735,1441,17391,13876
739,1426,17509,13975
735,1456,17380,13863
739,1443,17528,13953
738,1442,17492,13971
737,1447,17457,13909
740,1434,17537,13941
734,1460,17354,13811
737,1438,17483,13958
737,1427,17482,13966
740,1448,17498,13922
738,1440,17519,13961
735,1457,17407,13866
743,1440,17572,13987
735,1449,17421,13898
737,1441,17437,13881
736,1448,17470,13951
735,1437,17398,13876
739,1426,17561,14006
737,1446,17396,13827
737,1433,17465,13928
738,1449,17467,13915
736,1450,17395,13881
738,1434,17535,13999
736,1450,17430,13885
738,1447,17485,13927
744,1448,17576,13985
735,1448,17400,13852
739,1417,17544,14013
735,1439,17396,13876
736,1454,17443,13896
741,1433,17585,14020
743,1466,17525,13944
741,1430,17592,14044
735,1444,17397,13859
736,1451,17438,13901
735,1450,17408,13878
737,1452,17440,13901
739,1427,17566,14005
736,1445,17399,13850
738,1447,17494,13962
736,1452,17419,13883
736,1443,17432,13902
737,1438,17480,13928
735,1456,17372,13821
739,1434,17530,13965
738,1437,17509,13941
736,1452,17415,13863
738,1419,17492,13968
735,1451,17367,13821
740,1440,17559,13986
738,1439,17492,13932
743,1445,17547,13967
738,1437,17511,13958
734,1464,17339,13784
737,1456,17472,13960
736,1447,17428,13899
737,1450,17437,13910
738,1439,17487,13924
735,1456,17366,13812
745,1449,17610,14026
738,1444,17450,13897
735,1455,17392,13882
738,1432,17481,13942
735,1460,17341,13778
739,1439,17529,13971
732,1440,17463,13907
736,1450,17441,13913
737,1425,17480,13958
733,1446,17331,13812
739,1426,17562,13999
736,1452,17405,13831
736,1430,17458,13934
738,1457,17490,13928
733,1448,17364,13853
741,1436,17549,14001
735,1451,17375,13837
736,1439,17446,13915
741,1443,17534,13949
736,1446,17404,13848
738,1428,17527,14000
735,1456,17390,13868
736,1445,17384,13860
736,1446,17455,13928
736,1427,17442,13893
740,1440,17544,13978
736,1444,17443,13878
736,1453,17394,13851
736,1448,17427,13902
733,1444,17355,13852
740,1443,17575,14030
736,1446,17422,13861
736,1445,17428,13890
738,1445,17470,13905
737,1445,17443,13905
737,1439,17487,13957
734,1466,17364,13856
741,1444,17486,13923
739,1443,17535,13966
734,1445,17384,13866
736,1446,17450,13934
734,1457,17344,13818
737,1437,17466,13935
738,1446,17496,13946
736,1452,17419,13871
738,1390,17498,13927
738,1463,17396,13795
737,1439,17488,13943
737,1440,17445,13921
737,1443,17464,13947
735,1426,17451,13936
734,1456,17356,13803
739,1430,17553,14015
737,1456,17469,13923
740,1444,17498,13945
737,1437,17451,13926
733,1449,17325,13801
738,1428,17505,13993
738,1441,17479,13908
736,1442,17448,13931
735,1440,17424,13905
734,1469,17350,13801
737,1440,17482,13966
737,1498,17415,13886
736,1446,17442,13915
737,1437,17469,13904
738,1448,17482,13916
738,1427,17508,13978
735,1461,17332,13786
736,1444,17423,13905
738,1445,17458,13893
736,1446,17435,13896
738,1432,17498,13971
733,1458,17349,13815
736,1442,17437,13913
735,1439,17433,13914
736,1450,17429,13897
738,1420,17521,13999
736,1440,17418,13867
735,1441,17412,13885
737,1451,17429,13877
736,1449,17421,13892
738,1439,17507,13996
739,1456,17435,13867
736,1455,17438,13898
736,1443,17443,13895
736,1431,17442,13910
736,1413,17485,13974
733,1451,17332,13811
737,1449,17457,13930
736,1450,17442,13907
735,1442,17421,13862
737,1447,17478,13966
736,1457,17378,13801
737,1438,17473,13946
734,1439,17383,13864
735,1443,17426,13926
737,1445,17456,13922
734,1447,17384,13851
737,1445,17455,13936
737,1443,17451,13919
735,1453,17396,13858
734,1457,17385,13870
734,1463,17350,13800
739,1427,17542,14008
737,1452,17471,13925
738,1432,17492,13929
738,1455,17458,13898
733,1456,17314,13802
737,1431,17486,13966
736,1448,17450,13891
739,1478,17489,13914
736,1431,17445,13907
733,1454,17337,13801
738,1425,17484,13944
735,1441,17423,13904
737,1450,17439,13900
736,1441,17443,13910
736,1444,17422,13881
739,1423,17525,13974
738,1444,17459,13910
735,1448,17403,13883
736,1449,17381,13874
732,1453,17306,13827
735,1425,17435,13935
732,1450,17330,13836
733,1451,17347,13878
734,1436,17393,13906
735,1468,17336,13828
735,1433,17424,13962
732,1464,17283,13791
732,1449,17348,13878
733,1442,17336,13872
730,1463,17258,13800
735,1430,17404,13947
730,1460,17246,13789
732,1446,17313,13871
732,1427,17307,13843
734,1444,17361,13874
735,1436,17416,13948
729,1458,17225,13767
733,1433,17347,13888
732,1439,17314,13878
732,1459,17332,13847
733,1441,17377,13917
731,1455,17275,13804
735,1434,17412,13927
732,1431,17315,13860
733,1445,17342,13883
733,1437,17351,13905
729,1448,17228,13773
734,1432,17398,13920
733,1442,17353,13887
731,1462,17293,13825
733,1435,17337,13879
730,1458,17211,13744
733,1432,17372,13913
733,1442,17342,13884
732,1453,17315,13831
734,1436,17357,13912
730,1450,17246,13785
735,1454,17379,13899
732,1453,17326,13871
733,1444,17348,13866
737,1452,17372,13891
729,1456,17220,13745
735,1439,17450,13957
733,1446,17346,13895
732,1458,17292,13816
733,1454,17337,13877
731,1462,17269,13781
735,1435,17440,13959
735,1468,17316,13815
733,1441,17352,13895
734,1444,17364,13875
730,1466,17255,13797
734,1443,17384,13916
730,1457,17243,13810
733,1450,17357,13889
733,1441,17322,13870
731,1452,17277,13810
734,1450,17397,13941
732,1457,17281,13841
732,1443,17311,13829
732,1450,17342,13868
733,1450,17345,13863
737,1424,17488,13994
730,1451,17249,13777
735,1435,17386,13926
744,1460,17567,14045
743,1464,17523,14000
739,1441,17472,13958
731,1441,17275,13823
735,1457,17344,13833
733,1446,17332,13868
730,1456,17265,13814
735,1435,17414,13944
730,1449,17232,13780
735,1445,17413,13930
733,1464,17319,13843
733,1449,17324,13860
732,1434,17351,13888
731,1460,17251,13809
734,1448,17394,13918
734,1448,17347,13861
734,1433,17359,13870
741,1450,17495,13955
730,1468,17235,13753
733,1444,17367,13912
733,1448,17333,13890
732,1453,17310,13834
734,1425,17410,13915
730,1461,17256,13791
734,1435,17397,13930
733,1450,17354,13881
734,1453,17386,13917
733,1453,17320,13863
731,1467,17259,13798
734,1439,17398,13921
733,1449,17343,13887
732,1439,17330,13869
732,1450,17340,13881
729,1451,17212,13781
736,1439,17422,13968
732,1437,17333,13866
734,1433,17399,13945
735,1432,17444,13962
738,1477,17371,13866
733,1429,17356,13909
732,1444,17295,13848
732,1462,17308,13844
733,1449,17364,13876
730,1441,17257,13830
736,1423,17442,13971
735,1460,17338,13842
730,1421,17302,13845
732,1446,17324,13891
731,1453,17274,13806
738,1439,17473,13963
731,1474,17301,13843
731,1453,17285,13840
733,1430,17351,13907
730,1439,17267,13813
736,1439,17468,13991
732,1453,17272,13793
733,1450,17340,13872
734,1450,17351,13860
733,1448,17328,13858
735,1446,17406,13968
730,1464,17246,13789
732,1449,17304,13835
732,1453,17309,13834
732,1442,17312,13866
735,1435,17391,13919
730,1450,17251,13818
733,1438,17329,13898
733,1455,17329,13885
732,1434,17310,13867
735,1439,17424,13956
730,1453,17221,13772
735,1438,17397,13944
731,1448,17300,13829
731,1447,17287,13857
734,1439,17363,13900
730,1459,17253,13788
733,1444,17355,13885
733,1452,17338,13871
729,1458,17251,13809
732,1450,17303,13896
729,1460,17196,13760
734,1438,17377,13918
733,1453,17360,13880
732,1455,17304,13840
733,1443,17340,13858
729,1457,17225,13763
734,1440,17352,13903
732,1453,17285,13851
732,1445,17293,13866
733,1442,17337,13883
731,1445,17267,13826
733,1437,17351,13922
732,1453,17319,13884
732,1452,17267,13834
733,1441,17362,13907
730,1451,17253,13818
734,1441,17387,13928
730,1451,17260,13824
731,1455,17263,13842
732,1436,17304,13891
731,1447,17252,13841
732,1448,17359,13914
734,1468,17291,13800
734,1450,17337,13889
732,1441,17329,13894
730,1450,17256,13830
734,1435,17369,13950
728,1464,17173,13746
731,1439,17269,13856
733,1448,17352,13894
729,1455,17231,13810
735,1427,17396,13969
729,1446,17192,13765
733,1432,17322,13920
744,1463,17525,14024
740,1466,17422,13937
734,1432,17380,13930
731,1442,17279,13829
731,1449,17282,13849
732,1455,17269,13833
731,1463,17252,13825
733,1436,17356,13922
730,1451,17255,13801
733,1440,17331,13901
731,1451,17302,13860
731,1457,17250,13843
735,1421,17410,13980
729,1465,17200,13754
732,1445,17323,13894
732,1449,17297,13853
731,1452,17280,13844
731,1426,17309,13887
728,1470,17165,13714
733,1449,17300,13876
732,1434,17288,13836
733,1478,17342,13917
733,1446,17357,13901
729,1461,17236,13768
732,1455,17320,13880
733,1443,17325,13914
732,1442,17293,13841
731,1443,17309,13872
730,1458,17246,13812
732,1445,17318,13894
732,1435,17340,13910
733,1447,17313,13895
732,1445,17314,13895
731,1455,17229,13826
733,1432,17334,13933
731,1445,17270,13801
735,1443,17381,13941
741,1454,17448,13977
731,1455,17250,13820
734,1444,17349,13914
732,1449,17326,13865
731,1454,17271,13843
734,1458,17344,13880
732,1458,17307,13854
732,1431,17337,13933
731,1450,17273,13820
734,1468,17320,13874
734,1443,17387,13937
742,1469,17481,13980
737,1447,17406,13942
729,1454,17217,13795
731,1449,17269,13834
733,1446,17333,13892
740,1461,17404,13919
737,1431,17433,13968
727,1460,17229,13768
732,1459,17286,13843
731,1444,17275,13846
730,1443,17245,13820
734,1427,17375,13965
728,1463,17200,13752
734,1442,17372,13937
732,1438,17326,13882
733,1446,17311,13835
732,1436,17311,13873
730,1457,17220,13807
733,1424,17336,13911
733,1442,17349,13905
732,1461,17307,13843
733,1446,17330,13905
732,1455,17254,13822
734,1435,17367,13932
732,1456,17299,13859
730,1454,17282,13857
731,1449,17264,13848
732,1451,17283,13828
734,1445,17343,13888
733,1449,17340,13894
730,1452,17244,13787
732,1438,17304,13899
729,1450,17187,13729
733,1438,17359,13912
732,1446,17333,13869
733,1448,17330,13868
731,1445,17289,13857
731,1463,17259,13809
734,1438,17386,13956
731,1456,17285,13817
732,1453,17306,13868
734,1449,17341,13891
733,1443,17321,13864
733,1441,17344,13910
729,1468,17204,13770
733,1454,17296,13838
732,1446,17316,13878
731,1455,17271,13807
734,1449,17358,13921
730,1459,17237,13800
731,1450,17294,13851
731,1440,17273,13857
731,1453,17261,13807
735,1432,17413,13967
730,1448,17261,13811
732,1446,17311,13858
732,1444,17317,13871
731,1441,17290,13859
734,1441,17368,13937
732,1451,17318,13868
731,1454,17283,13807
733,1430,17349,13918
731,1455,17257,13829
734,1420,17398,13957
728,1458,17172,13738
733,1445,17321,13892
732,1462,17280,13820
730,1456,17277,13826
733,1439,17351,13915
729,1457,17236,13807
733,1443,17361,13930
731,1443,17270,13859
730,1440,17252,13805
733,1445,17321,13871
730,1453,17271,13807
733,1442,17370,13895
732,1445,17311,13866
730,1458,17239,13815
732,1435,17299,13881
728,1447,17209,13761
733,1444,17348,13898
731,1441,17268,13861
731,1453,17296,13862
732,1445,17284,13858
728,1470,17192,13769
732,1445,17324,13887
733,1428,17344,13916
736,1463,17338,13836
733,1440,17336,13905
730,1464,17179,13709
734,1441,17354,13923
731,1436,17277,13871
730,1444,17253,13826
733,1430,17366,13930
730,1462,17254,13804
734,1430,17386,13935
731,1443,17269,13853
731,1451,17272,13846
733,1438,17329,13898
730,1455,17253,13796
733,1434,17372,13918
730,1454,17227,13812
730,1458,17271,13818
732,1436,17297,13869
731,1459,17259,13857
734,1425,17354,13942
729,1457,17230,13801
732,1456,17298,13833
731,1456,17283,13859
730,1458,17261,13803
733,1428,17365,13945
730,1454,17223,13813
731,1446,17284,13842
731,1453,17281,13842
732,1441,17302,13850
734,1424,17403,13960
729,1452,17208,13772
731,1448,17279,13849
737,1451,17348,13895
731,1457,17262,13815
734,1439,17387,13920
730,1455,17215,13751
732,1449,17314,13876
730,1429,17264,13854
730,1447,17256,13817
734,1433,17364,13944
726,1427,17147,13707
734,1449,17371,13918
730,1449,17264,13824
731,1455,17273,13845
735,1464,17348,13868
727,1463,17145,13729
733,1439,17365,13925
732,1428,17316,13882
733,1458,17339,13893
733,1454,17327,13862
727,1459,17166,13730
732,1438,17296,13869
731,1451,17298,13885
731,1460,17278,13845
735,1445,17372,13935
728,1444,17162,13731
732,1444,17346,13904
732,1453,17321,13885
732,1445,17306,13860
731,1432,17298,13866
730,1468,17206,13756
733,1442,17353,13887
731,1447,17279,13854
731,1452,17256,13820
731,1454,17292,13871
731,1444,17254,13820
733,1432,17358,13915
731,1455,17284,13831
732,1446,17314,13874
732,1446,17334,13857
731,1458,17286,13857
734,1437,17372,13957
729,1462,17187,13800
733,1439,17334,13904
733,1432,17342,13886
731,1448,17286,13853
734,1440,17385,13939
729,1447,17216,13788
732,1438,17305,13878
734,1453,17321,13866
730,1453,17244,13811
737,1440,17454,13983
729,1457,17214,13777
732,1446,17315,13896
734,1452,17316,13841
729,1458,17207,13779
735,1415,17384,13950
729,1461,17210,13775
734,1443,17364,13916
732,1448,17352,13883
731,1463,17243,13782
731,1432,17307,13875
730,1448,17246,13820
733,1434,17352,13909
732,1449,17331,13901
731,1451,17255,13819
732,1447,17328,13896
731,1443,17270,13843
731,1445,17298,13871
733,1454,17333,13910
729,1440,17212,13790
734,1442,17381,13939
728,1467,17172,13736
734,1439,17365,13943
732,1455,17290,13855
730,1457,17226,13828
731,1432,17294,13845
730,1447,17236,13794
737,1464,17404,13908
732,1455,17317,13851
730,1460,17262,13843
731,1450,17277,13860
727,1449,17158,13734
733,1443,17357,13906
733,1433,17342,13900
731,1442,17284,13818
733,1425,17337,13907
729,1455,17205,13771
734,1431,17352,13940
737,1462,17354,13903
731,1441,17259,13832
732,1456,17344,13891
731,1471,17239,13773
734,1441,17349,13929
729,1445,17213,13783
730,1456,17246,13833
733,1439,17347,13901
730,1461,17242,13789
734,1440,17385,13921
731,1456,17261,13794
731,1444,17283,13852
733,1439,17310,13898
730,1447,17222,13807
734,1413,17398,13969
729,1462,17219,13759
734,1446,17352,13916
735,1454,17346,13863
730,1448,17242,13813
736,1440,17443,14020
732,1466,17239,13778
730,1452,17248,13817
731,1433,17316,13884
731,1447,17264,13830
732,1439,17330,13900
730,1458,17246,13829
731,1449,17262,13857
733,1443,17348,13911
732,1441,17311,13871
734,1446,17398,13936
730,1464,17251,13790
734,1440,17353,13915
731,1441,17290,13849
730,1455,17256,13827
732,1437,17313,13863
731,1458,17254,13807
738,1446,17414,13948
731,1458,17293,13855
732,1450,17282,13852
734,1448,17334,13885
728,1454,17145,13719
734,1435,17374,13932
733,1435,17344,13892
731,1453,17265,13833
732,1440,17293,13868
728,1471,17154,13717
734,1426,17376,13970
735,1453,17355,13881
731,1453,17284,13859
735,1440,17422,13980
730,1454,17263,13801
734,1445,17368,13922
731,1449,17280,13847
731,1448,17282,13862
735,1429,17384,13943
735,1463,17315,13828
736,1433,17436,13992
730,1460,17245,13804
733,1435,17329,13894
733,1452,17316,13858
730,1470,17246,13811
737,1459,17402,13937
730,1449,17252,13799
732,1448,17287,13835
732,1447,17337,13880
732,1455,17266,13816
734,1431,17365,13957
730,1459,17220,13767
730,1454,17269,13825
731,1435,17322,13879
732,1435,17319,13866
736,1435,17395,13951
730,1452,17199,13765
732,1453,17272,13834
734,1433,17361,13927
730,1458,17272,13832
735,1428,17428,13993
733,1497,17277,13831
732,1442,17314,13891
731,1452,17284,13856
733,1445,17316,13882
732,1441,17325,13896
730,1450,17254,13791
733,1447,17365,13919
731,1442,17284,13840
733,1449,17315,13900
732,1436,17301,13892
729,1452,17212,13772
734,1437,17380,13949
732,1436,17334,13905
731,1455,17295,13842
732,1439,17322,13894
729,1456,17226,13811
733,1446,17340,13911
730,1447,17281,13836
732,1445,17315,13867
732,1448,17315,13879
730,1463,17256,13804
732,1446,17330,13913
733,1442,17306,13871
732,1440,17286,13855
733,1452,17311,13890
732,1462,17249,13802
734,1439,17362,13927
740,1453,17454,13983
732,1446,17282,13849
734,1458,17347,13900
730,1459,17220,13791
733,1431,17352,13933
733,1448,17307,13826
733,1452,17353,13881
734,1441,17348,13917
729,1443,17226,13788
734,1417,17356,13944
731,1465,17279,13807
732,1446,17307,13848
733,1431,17337,13930
731,1453,17272,13813
736,1432,17419,13975
733,1466,17280,13820
728,1445,17268,13828
731,1439,17284,13869
733,1445,17335,13902
734,1426,17381,13944
731,1456,17261,13844
728,1435,17260,13831
733,1437,17334,13918
731,1460,17280,13851
736,1425,17437,14005
732,1454,17289,13842
732,1441,17325,13877
732,1438,17297,13889
733,1444,17312,13883
733,1438,17349,13909
732,1443,17324,13892
734,1442,17335,13876
733,1438,17320,13900
732,1465,17276,13828
733,1433,17354,13933
729,1455,17186,13778
732,1441,17314,13901
733,1438,17302,13885
738,1460,17396,13893
732,1443,17315,13892
729,1458,17208,13788
733,1444,17341,13907
730,1458,17248,13822
733,1440,17325,13898
742,1452,17486,13998
734,1476,17284,13805
734,1432,17387,13921
731,1455,17284,13856
731,1458,17286,13860
731,1448,17284,13873
729,1460,17219,13774
735,1434,17425,13964
731,1441,17308,13875
733,1450,17345,13913
732,1446,17301,13854
730,1453,17220,13801
734,1438,17364,13940
733,1450,17304,13870
732,1450,17323,13849
731,1438,17299,13869
729,1454,17207,13774
734,1433,17379,13943
729,1458,17218,13793
733,1445,17316,13876
730,1421,17274,13912
731,1443,17305,13842
735,1444,17396,13915
731,1452,17249,13824
731,1453,17267,13824
734,1425,17391,13959
731,1447,17274,13810
734,1450,17391,13941
730,1459,17237,13809
731,1437,17290,13854
732,1446,17296,13862
730,1444,17256,13825
734,1442,17355,13919
730,1454,17212,13784
728,1439,17241,13856
733,1447,17337,13910
730,1449,17252,13839
735,1423,17418,13999
729,1456,17186,13756
731,1446,17282,13841
732,1461,17306,13860
732,1449,17315,13870
735,1435,17400,13958
729,1438,17213,13795
734,1428,17356,13939
731,1451,17286,13875
733,1454,17324,13893
734,1428,17375,13928
728,1460,17172,13765
735,1435,17419,13974
733,1463,17288,13834
731,1446,17262,13853
734,1431,17353,13925
729,1464,17195,13759
732,1439,17351,13908
734,1454,17329,13861
732,1433,17295,13869
733,1449,17303,13860
728,1455,17167,13766
732,1439,17330,13895
732,1439,17296,13860
731,1443,17312,13876
733,1450,17344,13891
730,1452,17206,13742
733,1436,17362,13929
737,1458,17375,13918
732,1449,17274,13824
731,1443,17318,13860
728,1456,17172,13763
733,1439,17349,13921
732,1450,17293,13866
731,1441,17258,13869
731,1444,17281,13859
730,1460,17230,13806
734,1427,17401,13966
729,1437,17213,13776
731,1450,17271,13850
732,1438,17296,13886
730,1453,17235,13839
733,1436,17349,13936
731,1449,17267,13834
731,1450,17263,13831
731,1447,17323,13888
729,1456,17210,13798
734,1423,17357,13962
729,1450,17196,13796
732,1442,17330,13890
731,1460,17297,13850
729,1448,17230,13832
734,1433,17374,13941
729,1449,17199,13765
729,1460,17211,13791
730,1441,17268,13872
730,1446,17232,13819
732,1432,17347,13892
730,1462,17252,13833
730,1450,17243,13848
731,1457,17266,13869
729,1453,17195,13793
732,1430,17328,13903
728,1461,17185,13762
732,1443,17316,13890
732,1439,17323,13885
729,1439,17219,13810
731,1449,17285,13869
728,1450,17186,13787
733,1443,17329,13901
732,1452,17306,13857
729,1440,17208,13820
733,1463,17311,13857
728,1470,17149,13726
732,1445,17281,13866
731,1426,17267,13868
729,1455,17227,13829
731,1451,17294,13863
729,1461,17193,13778
733,1441,17334,13919
735,1459,17341,13886
730,1453,17245,13832
731,1447,17289,13883
728,1456,17173,13741
732,1428,17332,13903
732,1452,17345,13907
730,1449,17245,13815
732,1448,17288,13887
729,1457,17209,13820
732,1441,17344,13918
730,1454,17243,13809
733,1433,17348,13922
742,1455,17498,14023
733,1471,17250,13795
732,1431,17304,13904
729,1471,17197,13797
730,1447,17235,13837
731,1446,17294,13863
732,1439,17318,13886
740,1445,17459,14005
730,1459,17203,13786
728,1447,17193,13809
737,1434,17383,13948
739,1475,17395,13919
733,1432,17368,13933
730,1468,17230,13793
731,1450,17239,13821
731,1440,17282,13880
730,1467,17228,13829
734,1432,17393,13951
739,1468,17419,13922
742,1461,17467,13993
743,1462,17517,14029
735,1458,17298,13834
734,1424,17377,13963
729,1469,17195,13788
728,1426,17228,13870
731,1444,17289,13861
733,1451,17270,13862
732,1439,17296,13871
728,1438,17218,13819
733,1442,17314,13915
731,1441,17276,13851
730,1448,17240,13833
730,1428,17284,13859
728,1455,17219,13786
733,1440,17331,13921
732,1447,17288,13887
730,1454,17233,13839
732,1436,17313,13892
729,1448,17173,13703
732,1439,17326,13925
732,1447,17321,13890
732,1439,17293,13884
731,1451,17273,13898
727,1461,17124,13737
732,1442,17295,13891
732,1442,17305,13866
731,1452,17246,13835
732,1435,17318,13914
727,1456,17146,13733
733,1440,17348,13955
742,1454,17503,14043
744,1448,17546,14068
740,1451,17555,14094
729,1468,17238,13784
734,1445,17328,13906
729,1451,17185,13787
731,1442,17280,13871
733,1452,17326,13898
730,1464,17237,13810
732,1429,17315,13920
729,1445,17226,13803
735,1451,17314,13848
731,1451,17281,13882
729,1437,17192,13814
735,1432,17391,13982
733,1459,17267,13785
731,1448,17272,13877
730,1435,17250,13849
729,1457,17226,13805
733,1430,17326,13932
729,1440,17215,13781
730,1452,17253,13827
731,1458,17272,13839
733,1435,17344,13923
732,1428,17332,13907
728,1446,17188,13779
733,1438,17323,13927
732,1454,17299,13870
733,1445,17327,13891
732,1435,17328,13918
729,1452,17217,13789
733,1408,17346,13922
731,1456,17259,13837
731,1452,17239,13785
732,1439,17288,13881
730,1456,17247,13808
732,1452,17304,13857
732,1450,17270,13860
731,1450,17255,13845
731,1447,17283,13881
729,1462,17203,13767
733,1436,17356,13926
734,1463,17324,13847
730,1456,17280,13839
730,1434,17258,13861
726,1472,17112,13710
733,1423,17346,13952
736,1448,17370,13910
730,1447,17285,13842
733,1445,17308,13903
727,1457,17137,13716
733,1429,17341,13930
732,1444,17277,13864
733,1444,17312,13896
731,1451,17273,13874
730,1432,17247,13817
732,1438,17310,13897
731,1435,17277,13856
733,1455,17279,13858
731,1435,17259,13874
731,1438,17268,13833
733,1434,17350,13943
731,1455,17277,13855
731,1460,17282,13834
731,1435,17304,13891
731,1454,17261,13857
734,1437,17348,13919
730,1444,17245,13816
730,1460,17254,13832
734,1443,17369,13952
737,1458,17341,13878
734,1430,17375,13963
729,1454,17210,13815
731,1444,17261,13849
730,1450,17244,13828
731,1448,17274,13835
734,1440,17375,13943
729,1450,17189,13775
731,1453,17253,13821
730,1443,17259,13863
730,1448,17244,13810
733,1436,17367,13941
729,1458,17232,13804
731,1450,17275,13839
729,1417,17253,13845
731,1459,17258,13851
732,1441,17308,13921
729,1462,17225,13800
731,1435,17299,13889
731,1458,17247,13826
731,1454,17256,13833
732,1454,17302,13882
729,1447,17195,13801
737,1442,17396,13943
732,1447,17284,13863
732,1451,17279,13843
732,1441,17310,13905
729,1448,17194,13788
732,1439,17305,13875
735,1440,17374,13962
741,1462,17459,14003
738,1444,17420,13941
732,1459,17276,13832
733,1427,17370,13921
731,1452,17282,13885
731,1442,17221,13815
731,1443,17283,13865
728,1460,17198,13778
734,1442,17390,13952
731,1447,17291,13889
732,1445,17307,13889
735,1439,17357,13901
729,1448,17202,13805
732,1443,17308,13902
729,1456,17214,13792
732,1437,17311,13876
732,1442,17283,13879
730,1454,17198,13769
734,1429,17361,13953
730,1459,17200,13768
730,1442,17250,13821
732,1439,17337,13920
731,1455,17277,13840
733,1439,17363,13930
729,1457,17215,13803
731,1444,17287,13871
731,1435,17283,13865
730,1460,17285,13848
735,1420,17409,13974
730,1456,17246,13844
732,1454,17291,13866
731,1447,17250,13843
731,1451,17240,13851
733,1428,17363,13954
731,1445,17247,13841
733,1451,17297,13825
731,1449,17282,13865
735,1466,17309,13857
733,1431,17340,13921
729,1465,17188,13771
733,1441,17334,13892
732,1439,17279,13856
731,1451,17271,13823
735,1431,17369,13898
729,1463,17184,13768
732,1436,17315,13901
731,1446,17274,13860
732,1457,17265,13801
734,1437,17363,13932
730,1457,17201,13734
733,1436,17326,13910
732,1440,17291,13867
731,1463,17268,13840
731,1450,17289,13875
729,1464,17167,13735
734,1435,17370,13933
732,1436,17286,13859
732,1448,17319,13898
731,1455,17299,13859
729,1447,17195,13804
734,1435,17375,13947
732,1442,17305,13868
733,1441,17335,13894
732,1427,17347,13900
729,1469,17175,13751
734,1434,17370,13947
731,1451,17252,13820
732,1449,17306,13869
731,1454,17279,13843
731,1454,17245,13823
733,1435,17369,13940
730,1451,17247,13831
730,1453,17239,13841
735,1438,17371,13966
731,1444,17251,13835
734,1439,17386,13942
731,1461,17277,13847
730,1444,17271,13860
734,1438,17349,13935
728,1448,17204,13785
735,1444,17412,13983
737,1479,17348,13863
732,1450,17298,13855
732,1453,17314,13858
732,1443,17299,13871
745,1439,17579,14091
735,1462,17298,13837
732,1454,17273,13838
732,1455,17308,13846
731,1445,17262,13841
735,1439,17396,13944
729,1470,17200,13766
734,1446,17316,13871
731,1460,17260,13812
730,1451,17240,13826
733,1432,17348,13906
732,1466,17241,13792
732,1427,17312,13886
731,1450,17272,13844
730,1455,17230,13821
732,1447,17320,13883
728,1453,17199,13746
733,1448,17340,13875
732,1453,17308,13835
731,1438,17271,13857
731,1438,17264,13858
727,1468,17151,13728
732,1441,17326,13885
732,1438,17306,13855
730,1449,17239,13841
732,1438,17321,13888
728,1465,17183,13758
732,1432,17343,13925
731,1452,17289,13856
731,1447,17260,13859
733,1444,17339,13893
728,1469,17159,13700
733,1436,17348,13935
732,1450,17313,13881
734,1443,17337,13924
738,1455,17415,13940
729,1466,17214,13779
733,1439,17378,13938
730,1442,17280,13839
731,1445,17262,13841
730,1439,17265,13866
731,1457,17249,13845
737,1447,17410,13930
730,1458,17257,13809
734,1454,17308,13840
733,1476,17336,13912
729,1457,17210,13780
733,1437,17355,13949
729,1458,17211,13796
732,1447,17292,13872
731,1453,17279,13836
730,1450,17255,13806
733,1432,17350,13913
730,1460,17227,13810
730,1447,17233,13824
732,1444,17315,13897
733,1453,17283,13809
734,1433,17377,13942
730,1457,17260,13799
733,1443,17320,13905
731,1456,17266,13864
731,1443,17268,13846
733,1433,17358,13922
729,1457,17220,13772
734,1438,17362,13939
732,1456,17305,13842
730,1451,17225,13810
732,1434,17327,13899
729,1452,17196,13768
732,1439,17314,13896
733,1438,17340,13910
731,1457,17236,13811
732,1441,17309,13902
729,1453,17202,13796
733,1439,17324,13918
732,1430,17307,13880
731,1452,17287,13858
733,1450,17341,13877
730,1451,17234,13783
733,1444,17327,13907
733,1440,17315,13909
733,1439,17279,13826
733,1439,17342,13906
735,1476,17290,13792
731,1409,17302,13871
733,1439,17311,13877
731,1448,17249,13831
731,1447,17277,13871
728,1460,17153,13749
734,1425,17371,13955
732,1445,17311,13849
733,1459,17323,13893
732,1446,17302,13876
734,1462,17249,13849
733,1440,17321,13913
730,1462,17239,13795
732,1448,17305,13891
733,1435,17346,13916
729,1451,17236,13775
733,1442,17379,13947
729,1447,17215,13780
731,1455,17292,13880
733,1472,17335,13909
732,1443,17301,13875
734,1416,17386,13966
729,1462,17230,13793
730,1453,17244,13821
733,1436,17346,13938
729,1441,17223,13789
734,1436,17389,13961
730,1454,17256,13802
731,1441,17261,13828
731,1444,17271,13842
732,1442,17306,13879
738,1447,17427,13968
729,1455,17227,13789
731,1473,17264,13849
732,1451,17303,13835
732,1449,17334,13869
740,1449,17448,13988
729,1453,17188,13769
732,1432,17313,13899
731,1455,17292,13848
732,1436,17329,13875
733,1446,17338,13910
730,1466,17216,13763
732,1439,17311,13887
732,1481,17295,13873
730,1456,17223,13808
733,1434,17316,13898
730,1454,17240,13790
734,1433,17348,13906
731,1448,17285,13840
730,1463,17248,13821
730,1436,17239,13830
728,1467,17202,13763
734,1428,17360,13929
732,1450,17321,13863
732,1444,17334,13883
732,1429,17308,13894
728,1459,17169,13724
734,1441,17369,13947
732,1448,17318,13877
731,1439,17296,13847
734,1430,17366,13943
733,1464,17267,13800
732,1435,17330,13889
730,1446,17252,13853
732,1437,17296,13891
732,1431,17302,13881
729,1457,17253,13790
733,1443,17342,13905
730,1449,17242,13823
732,1453,17280,13857
732,1421,17314,13900
729,1460,17202,13760
734,1446,17384,13952
735,1465,17318,13826
732,1441,17331,13875
733,1443,17342,13911
730,1462,17239,13809
738,1446,17408,13958
730,1439,17263,13821
733,1446,17331,13881
737,1454,17397,13938
730,1461,17240,13820
735,1426,17398,13968
735,1456,17309,13844
730,1459,17246,13825
731,1463,17305,13894
732,1449,17308,13865
734,1424,17368,13955
730,1447,17245,13816
731,1448,17269,13846
731,1442,17270,13859
731,1446,17259,13839
732,1439,17330,13904
731,1455,17267,13813
733,1444,17366,13907
732,1448,17298,13873
730,1444,17265,13848
733,1434,17323,13905
730,1454,17229,13783
735,1437,17433,13977
732,1452,17279,13842
733,1421,17352,13904
738,1464,17406,13933
728,1467,17183,13759
733,1438,17348,13932
732,1440,17287,13845
731,1447,17282,13825
732,1452,17302,13881
728,1477,17177,13742
732,1441,17312,13897
733,1440,17326,13927
731,1448,17253,13837
732,1429,17347,13915
728,1456,17182,13752
732,1441,17311,13889
732,1430,17292,13886
729,1452,17239,13837
732,1445,17274,13873
730,1463,17208,13784
733,1431,17365,13926
729,1447,17210,13803
734,1441,17355,13919
733,1453,17302,13873
732,1454,17285,13824
734,1425,17365,13951
729,1454,17189,13781
731,1441,17296,13870
731,1437,17309,13898
731,1469,17234,13840
735,1439,17405,14002
731,1455,17218,13779
729,1458,17238,13831
733,1445,17347,13920
735,1449,17291,13856
734,1422,17410,13965
730,1454,17231,13824
731,1449,17256,13852
731,1447,17231,13820
730,1438,17275,13857
736,1432,17469,13987
728,1451,17184,13794
731,1451,17263,13858
729,1432,17228,13838
729,1447,17192,13802
732,1433,17323,13932
728,1456,17175,13777
732,1443,17317,13906
731,1444,17278,13896
728,1455,17193,13807
732,1446,17313,13928
727,1451,17117,13747
731,1437,17274,13878
731,1439,17256,13838
730,1450,17249,13851
732,1430,17337,13915
728,1456,17178,13798
733,1430,17315,13941
730,1432,17252,13855
729,1453,17245,13822
730,1439,17273,13870
728,1453,17168,13797
732,1432,17314,13914
730,1437,17255,13878
732,1442,17279,13904
732,1454,17263,13858
727,1450,17148,13763
732,1439,17319,13902
730,1447,17273,13857
731,1443,17272,13889
730,1437,17267,13877
727,1456,17149,13774
731,1443,17296,13885
730,1449,17233,13847
730,1449,17267,13861
731,1444,17289,13866
730,1457,17226,13840
732,1426,17310,13938
728,1449,17160,13778
729,1448,17231,13842
731,1445,17273,13849
730,1445,17211,13824
732,1435,17344,13950
729,1453,17181,13804
730,1449,17224,13833
732,1433,17284,13910
734,1469,17240,13814
732,1436,17360,13953
729,1459,17171,13775
730,1449,17235,13827
731,1452,17258,13846
728,1443,17178,13817
733,1442,17343,13947
729,1440,17224,13835
730,1450,17240,13822
733,1449,17352,13935
728,1468,17182,13789
732,1432,17309,13959
728,1451,17180,13792
730,1457,17246,13833
731,1442,17295,13907
729,1443,17199,13805
732,1439,17295,13920
728,1452,17162,13770
734,1432,17338,13948
733,1456,17259,13852
728,1452,17167,13800
731,1446,17297,13885
728,1454,17185,13791
730,1402,17284,13896
730,1445,17218,13821
731,1442,17241,13872
739,1439,17417,13968
729,1459,17183,13747
731,1452,17286,13866
730,1462,17267,13839
727,1463,17176,13785
730,1439,17245,13870
725,1464,17089,13700
734,1438,17349,13958
731,1432,17285,13882
729,1451,17225,13819
731,1440,17288,13894
725,1462,17084,13682
732,1426,17311,13934
730,1449,17234,13846
730,1443,17254,13868
731,1438,17298,13889
729,1441,17181,13801
732,1441,17291,13906
729,1449,17209,13802
730,1437,17232,13863
731,1451,17287,13885
729,1456,17222,13830
733,1435,17348,13932
729,1457,17218,13798
729,1450,17206,13821
730,1441,17254,13869
730,1449,17216,13854
733,1433,17335,13912
732,1447,17285,13871
730,1452,17218,13809
731,1441,17271,13891
729,1438,17218,13834
732,1424,17312,13923
729,1459,17174,13801
728,1439,17190,13804
732,1450,17268,13840
730,1454,17220,13831
738,1421,17378,13955
729,1453,17187,13807
730,1447,17229,13863
731,1450,17278,13873
735,1449,17320,13884
733,1436,17360,13944
728,1460,17191,13775
732,1453,17260,13852
730,1434,17221,13840
729,1462,17205,13827
743,1454,17534,14065
740,1467,17421,13962
739,1448,17383,13949
732,1414,17273,13832
730,1453,17238,13853
730,1439,17236,13859
728,1452,17129,13734
730,1431,17265,13899
730,1443,17256,13851
729,1458,17196,13803
731,1432,17283,13902
726,1463,17108,13727
737,1436,17350,13965
730,1437,17250,13850
731,1453,17262,13870
730,1443,17267,13867
730,1445,17258,13845
732,1438,17289,13905
730,1439,17251,13856
730,1449,17248,13883
731,1442,17289,13867
726,1477,17113,13690
732,1435,17318,13937
729,1443,17227,13828
730,1438,17265,13868
731,1437,17256,13890
726,1423,17141,13755
732,1438,17328,13941
730,1452,17211,13785
731,1443,17261,13865
730,1452,17240,13848
729,1447,17207,13820
737,1443,17363,13951
727,1462,17172,13775
730,1445,17246,13847
731,1452,17282,13867
729,1449,17219,13784
731,1430,17304,13905
727,1455,17138,13757
730,1445,17215,13833
733,1446,17303,13877
728,1450,17210,13794
732,1441,17315,13931
728,1438,17160,13764
731,1443,17264,13879
736,1466,17329,13908
733,1465,17240,13832
733,1421,17332,13954
728,1457,17181,13768
729,1445,17220,13847
729,1449,17218,13832
731,1457,17243,13848
730,1434,17246,13882
729,1451,17200,13813
731,1447,17259,13857
732,1443,17341,13934
729,1451,17210,13792
733,1434,17338,13955
736,1469,17301,13855
731,1448,17249,13846
730,1463,17230,13811
728,1453,17201,13787
729,1446,17221,13846
726,1461,17134,13729
730,1445,17256,13877
730,1444,17241,13869
730,1441,17229,13836
731,1438,17280,13895
728,1471,17170,13723
734,1452,17357,13908
728,1444,17196,13810
732,1437,17271,13892
730,1447,17234,13848
727,1457,17121,13730
732,1438,17315,13912
732,1439,17290,13853
731,1445,17281,13872
730,1451,17257,13857
727,1469,17137,13751
731,1437,17269,13902
729,1444,17211,13807
730,1450,17264,13873
730,1434,17254,13863
728,1457,17183,13785
735,1431,17320,13925
729,1445,17183,13790
728,1453,17196,13818
731,1427,17281,13920
730,1447,17242,13846
732,1423,17300,13909
728,1441,17155,13760
730,1448,17231,13850
730,1449,17244,13871
728,1448,17188,13789
736,1438,17364,13943
727,1451,17170,13757
731,1441,17299,13880
737,1458,17366,13903
728,1437,17155,13784
734,1434,17380,13981
728,1465,17180,13767
729,1454,17212,13807
731,1431,17287,13890
730,1459,17190,13775
732,1431,17316,13927
727,1459,17153,13781
730,1458,17209,13809
729,1442,17209,13848
729,1445,17212,13783
731,1446,17295,13896
727,1468,17126,13731
732,1436,17299,13924
731,1440,17228,13832
729,1445,17204,13799
729,1450,17255,13866
728,1451,17185,13784
732,1428,17324,13914
730,1436,17247,13859
727,1459,17150,13785
730,1443,17242,13860
727,1451,17172,13774
732,1434,17322,13917
729,1460,17204,13805
729,1460,17235,13836
729,1450,17223,13843
726,1450,17099,13734
729,1445,17219,13829
730,1451,17256,13870
729,1444,17243,13834
729,1434,17237,13853
728,1453,17134,13767
733,1442,17282,13858
733,1445,17314,13926
730,1438,17250,13860
730,1444,17258,13853
730,1445,17258,13837
732,1439,17336,13928
728,1448,17186,13799
731,1437,17265,13896
741,1461,17424,13981
728,1470,17185,13784
732,1436,17347,13940
728,1445,17172,13787
729,1449,17206,13820
732,1418,17294,13919
730,1472,17202,13792
731,1439,17293,13923
729,1447,17207,13838
730,1446,17250,13842
730,1446,17244,13862
728,1455,17205,13805
736,1449,17370,13943
727,1466,17128,13747
730,1446,17237,13839
734,1445,17293,13857
730,1464,17245,13851
733,1428,17373,13956
729,1449,17168,13795
728,1450,17183,13768
730,1449,17230,13851
730,1456,17257,13844
731,1443,17306,13885
728,1442,17181,13817
731,1435,17260,13873
729,1446,17221,13836
728,1462,17202,13825
732,1436,17275,13889
727,1443,17145,13761
732,1448,17309,13897
730,1446,17252,13875
730,1453,17242,13858
731,1435,17259,13873
727,1455,17139,13752
730,1439,17256,13873
732,1446,17315,13897
730,1448,17230,13816
730,1449,17298,13871
727,1455,17126,13711
730,1438,17241,13852
730,1439,17221,13841
730,1445,17252,13869
733,1450,17310,13879
727,1462,17130,13730
732,1444,17305,13912
737,1467,17336,13906
730,1448,17206,13849
729,1438,17217,13852
727,1461,17141,13758
732,1443,17321,13916
730,1452,17215,13821
730,1442,17238,13848
730,1454,17241,13859
729,1453,17206,13845
729,1439,17242,13845
728,1445,17186,13790
731,1442,17286,13873
730,1450,17285,13869
729,1454,17189,13807
731,1434,17276,13906
728,1453,17142,13754
730,1444,17261,13854
731,1444,17301,13904
727,1433,17173,13863
734,1429,17337,13924
725,1445,17147,13749
730,1453,17216,13833
731,1442,17272,13877
728,1447,17173,13797
734,1428,17371,13969
729,1460,17187,13792
727,1453,17170,13793
734,1439,17269,13898
729,1454,17178,13798
732,1437,17325,13912
727,1461,17148,13749
731,1453,17280,13869
736,1467,17347,13889
730,1451,17250,13847
732,1439,17282,13888
727,1470,17124,13746
731,1435,17306,13898
729,1444,17229,13838
731,1442,17237,13850
735,1453,17330,13901
727,1468,17125,13758
732,1436,17279,13903
736,1456,17310,13894
727,1461,17160,13779
732,1438,17326,13919
728,1457,17143,13715
732,1440,17295,13905
731,1431,17262,13875
730,1443,17234,13858
729,1456,17227,13829
728,1475,17142,13731
732,1430,17319,13917
730,1451,17263,13834
730,1447,17261,13865
730,1439,17213,13846
726,1463,17106,13727
731,1439,17303,13885
730,1460,17255,13834
730,1443,17237,13862
730,1426,17234,13866
729,1442,17187,13808
731,1442,17256,13866
733,1441,17299,13908
736,1461,17312,13884
731,1445,17298,13867
729,1441,17208,13822
732,1479,17316,13930
732,1459,17265,13870
732,1460,17215,13825
731,1447,17278,13881
730,1444,17230,13843
732,1421,17336,13929
727,1457,17181,13763
729,1448,17208,13827
730,1447,17227,13851
726,1441,17194,13833
733,1440,17348,13959
728,1456,17167,13766
730,1449,17241,13851
729,1447,17226,13827
728,1457,17186,13781
732,1435,17319,13947
728,1454,17152,13760
730,1438,17233,13871
739,1450,17443,14000
731,1454,17221,13783
732,1442,17303,13931
728,1452,17155,13768
731,1440,17265,13890
728,1455,17219,13823
729,1451,17195,13820
731,1437,17294,13897
730,1448,17245,13825
732,1447,17278,13871
731,1441,17246,13864
729,1457,17204,13818
731,1442,17297,13887
728,1459,17168,13760
735,1434,17388,13988
738,1470,17380,13939
727,1446,17174,13788
729,1438,17228,13836
727,1448,17156,13767
731,1437,17291,13903
733,1458,17291,13860
730,1447,17233,13839
730,1449,17255,13869
727,1464,17135,13750
731,1435,17277,13901
730,1449,17263,13866
729,1448,17230,13848
734,1451,17319,13883
727,1465,17168,13752
731,1442,17276,13894
728,1452,17198,13808
729,1443,17217,13842
730,1441,17261,13880
728,1456,17204,13798
732,1437,17291,13906
729,1450,17204,13816
729,1441,17219,13808
732,1443,17286,13903
728,1458,17163,13778
732,1479,17262,13883
731,1452,17248,13844
729,1451,17219,13827
731,1445,17278,13890
727,1454,17156,13779
733,1431,17322,13954
730,1457,17222,13821
730,1448,17245,13840
731,1445,17291,13892
731,1456,17260,13837
731,1426,17290,13908
726,1459,17138,13746
729,1451,17205,13822
738,1445,17483,13954
736,1448,17410,13858
739,1436,17584,14062
727,1462,17178,13775
739,1443,17523,13943
739,1434,17544,13974
733,1454,17340,13846
740,1430,17581,14007
739,1461,17498,13869
743,1453,17592,13974
739,1440,17477,13887
740,1443,17535,13963
730,1437,17244,13876
726,1465,17150,13740
731,1431,17288,13893
730,1453,17270,13858
730,1452,17240,13832
730,1445,17265,13877
726,1467,17111,13740
731,1436,17250,13883
729,1454,17231,13836
729,1454,17214,13806
730,1453,17275,13877
727,1458,17113,13707
729,1440,17244,13855
730,1448,17226,13839
732,1447,17278,13892
731,1435,17270,13871
726,1465,17135,13740
741,1418,17597,14015
740,1428,17556,13976
729,1444,17218,13825
733,1441,17286,13926
728,1465,17160,13748
741,1428,17614,14018
739,1443,17543,13943
741,1436,17615,13996
738,1434,17519,13959
737,1442,17451,13885
744,1434,17679,14085
754,1451,17849,14192
750,1455,17848,14211
750,1437,17737,14124
742,1448,17530,13925
741,1434,17585,14005
738,1448,17453,13875
738,1448,17491,13936
739,1428,17523,13978
739,1440,17530,13937
738,1438,17559,14047
741,1448,17488,13892
737,1431,17473,13911
738,1451,17498,13935
740,1447,17548,13968
743,1424,17646,14043
738,1449,17462,13890
740,1439,17538,13917
740,1441,17534,13941
737,1442,17442,13883
740,1430,17594,14032
735,1439,17401,13857
742,1435,17613,14020
739,1442,17499,13926
739,1453,17525,13967
736,1426,17482,13957
736,1441,17432,13894
735,1439,17426,13926
739,1437,17545,13996
739,1442,17567,13963
743,1436,17645,14063
726,1449,17129,13748
728,1445,17214,13837
727,1439,17192,13815
736,1438,17431,13936
733,1439,17320,13919
738,1470,17411,13751
733,1444,17303,13894
729,1452,17233,13846
730,1439,17232,13857
733,1446,17266,13867
728,1456,17190,13781
744,1446,17553,14085
744,1465,17616,14183
735,1438,17386,13983
748,1441,17667,14159
748,1442,17738,14172
743,1456,17599,13989
751,1452,17792,14205
743,1432,17625,14011
743,1470,17534,13865
738,1472,17426,13805
741,1453,17529,13924
737,1459,17406,13817
740,1464,17503,13875
741,1463,17557,13910
740,1462,17521,13901
744,1452,17666,14014
740,1453,17525,13927
739,1438,17514,13918
742,1457,17566,13958
740,1456,17548,13946
744,1435,17708,14100
740,1461,17493,13883
740,1441,17542,13925
740,1426,17540,13951
739,1460,17478,13884
739,1447,17510,13949
739,1465,17440,13820
741,1459,17561,13928
741,1439,17576,13999
739,1442,17503,13906
745,1449,17672,14043
735,1476,17353,13780
741,1468,17514,13874
746,1457,17620,13959
742,1464,17557,13899
743,1445,17652,14001
731,1462,17259,13820
732,1426,17285,13899
732,1436,17303,13917
735,1430,17407,14012
743,1452,17534,14067
738,1465,17339,13892
735,1429,17400,13993
737,1457,17368,13936
731,1440,17297,13904
733,1421,17326,13950
730,1453,17195,13809
735,1431,17405,13971
733,1443,17328,13931
732,1446,17300,13897
734,1433,17321,13939
730,1457,17235,13831
734,1428,17391,13981
737,1448,17439,14041
734,1433,17358,13929
736,1428,17420,13995
730,1450,17236,13840
745,1455,17708,14156
750,1474,17716,14056
744,1452,17623,14008
749,1439,17745,14076
745,1441,17678,14070
747,1452,17727,14074
734,1435,17341,13950
741,1439,17596,14050
744,1445,17659,14108
738,1426,17419,13991
742,1474,17618,14189
737,1431,17427,14021
736,1440,17422,14030
740,1433,17492,14050
737,1449,17425,14043
743,1454,17591,14158
740,1447,17521,14101
740,1448,17548,14114
744,1445,17593,14115
739,1437,17456,14028
751,1474,17925,14306
741,1462,17537,14140
743,1469,17630,14192
744,1469,17649,14204
744,1455,17591,14159
746,1492,17746,14305
741,1448,17531,14115
753,1471,17928,14303
746,1480,17685,14263
751,1470,17879,14282
748,1490,17772,14325
752,1457,17886,14256
748,1494,17767,14313
748,1484,17771,14282
746,1495,17689,14276
759,1487,18106,14414
746,1476,17710,14266
749,1500,17816,14363
763,1481,18164,14409
756,1452,18027,14389
749,1499,17785,14357
759,1495,18110,14447
759,1500,18075,14469
752,1501,17876,14397
750,1489,17786,14346
763,1499,18199,14484
758,1497,18071,14394
762,1506,18196,14531
762,1505,18207,14540
759,1508,18142,14518
761,1500,18229,14541
758,1489,18061,14427
763,1506,18276,14579
770,1501,18339,14589
761,1513,18200,14554
761,1508,18196,14543
759,1505,18153,14491
763,1498,18329,14597
764,1501,18294,14561
763,1510,18257,14571
760,1503,18198,14549
760,1499,18139,14501
759,1503,18225,14580
762,1503,18237,14546
764,1517,18294,14611
763,1528,18284,14593
761,1499,18209,14566
762,1488,18111,14549
756,1508,18011,14458
764,1511,18273,14598
764,1503,18320,14605
756,1505,18007,14485
765,1508,18364,14680
765,1512,18243,14556
754,1513,17912,14463
768,1490,18311,14558
761,1492,18204,14521
768,1500,18445,14681
773,1527,18446,14661
756,1507,17967,14466
754,1507,17906,14484
753,1506,17882,14442
763,1511,18314,14651
753,1504,17916,14422
768,1505,18321,14593
765,1513,18333,14589
752,1490,17865,14399
751,1512,17869,14437
759,1497,18113,14480
756,1494,17978,14461
753,1494,17907,14414
755,1495,18018,14453
754,1495,17940,14441
753,1488,17936,14369
760,1501,18165,14491
749,1498,17805,14354
752,1508,17897,14431
763,1497,18013,14496
748,1489,17753,14301
757,1497,18093,14456
752,1487,17885,14376
748,1496,17740,14311
749,1494,17802,14329
757,1462,18004,14321
749,1482,17775,14322
754,1482,17995,14393
754,1474,17943,14315
761,1459,18018,14340
752,1432,17823,14171
755,1478,17990,14336
757,1486,18054,14354
753,1472,17917,14286
747,1482,17720,14291
751,1442,17832,14181
754,1474,17956,14304
753,1460,17903,14231
755,1474,17980,14317
751,1465,17889,14296
747,1442,17740,14149
752,1466,17907,14267
749,1451,17783,14172
753,1456,17878,14237
752,1454,17888,14230
750,1453,17860,14198
752,1466,17925,14309
744,1449,17669,14115
744,1438,17649,14114
748,1465,17800,14209
747,1437,17737,14124
749,1472,17838,14232
744,1424,17644,14067
743,1436,17654,14116
738,1441,17490,14050
747,1432,17720,14101
747,1461,17785,14190
744,1426,17685,14085
747,1428,17728,14095
746,1428,17726,14073
737,1446,17442,14006
754,1439,17895,14240
736,1441,17403,13954
746,1444,17708,14088
745,1454,17666,14032
732,1457,17282,13869
746,1445,17654,14015
744,1426,17670,14048
747,1437,17729,14106
734,1439,17387,14008
737,1443,17469,13956
734,1465,17344,13968
739,1448,17516,13904
732,1433,17335,13943
733,1427,17324,13938
733,1437,17316,13932
739,1430,17549,14056
728,1456,17185,13786
741,1440,17556,13970
742,1444,17633,14012
743,1444,17618,13992
737,1450,17377,13949
738,1439,17489,13909
733,1438,17322,13940
745,1436,17644,14013
732,1438,17324,13909
740,1431,17593,14022
730,1463,17215,13805
737,1433,17471,14003
735,1430,17528,14004
741,1433,17596,14002
740,1430,17582,14005
741,1464,17576,13956
735,1429,17351,13941
740,1414,17587,13962
741,1457,17526,13908
737,1425,17525,14015
740,1464,17531,13908
745,1431,17721,14110
738,1454,17468,13881
737,1436,17496,13995
750,1438,17758,14150
731,1448,17233,13819
742,1438,17642,14102
738,1452,17510,13960
736,1450,17442,13896
736,1446,17437,13967
732,1439,17339,13859
735,1431,17411,13951
734,1442,17350,13885
733,1454,17349,13867
735,1429,17395,13926
734,1445,17363,13907
739,1443,17479,13982
734,1441,17338,13903
734,1455,17297,13845
731,1447,17275,13869
733,1439,17323,13884
734,1445,17374,13937
729,1465,17239,13781
733,1439,17366,13921
731,1443,17270,13836
731,1445,17273,13885
733,1446,17336,13924
729,1449,17189,13761
731,1444,17284,13872
733,1427,17340,13913
730,1446,17267,13836
731,1438,17272,13850
729,1459,17180,13770
733,1434,17356,13947
733,1442,17331,13912
733,1450,17359,13882
735,1443,17376,13878
732,1457,17270,13775
735,1439,17428,13959
738,1433,17497,13963
738,1451,17572,13925
741,1458,17561,13931
736,1453,17432,13823
733,1428,17348,13933
743,1456,17589,13964
736,1427,17448,13970
739,1451,17475,13892
731,1445,17268,13838
731,1446,17298,13895
728,1449,17200,13816
732,1445,17331,13875
739,1428,17556,13971
739,1471,17478,13875
742,1423,17614,14023
734,1409,17434,13882
729,1451,17221,13809
736,1434,17436,13931
728,1455,17175,13764
734,1436,17360,13967
748,1458,17661,14039
729,1446,17214,13814
730,1442,17256,13863
730,1454,17215,13795
734,1434,17389,13957
728,1461,17153,13756
739,1430,17512,13966
741,1445,17530,13905
740,1482,17505,13895
742,1456,17585,13937
738,1448,17477,13884
739,1438,17523,13921
732,1450,17324,13873
729,1435,17214,13841
733,1414,17345,13961
728,1467,17154,13751
729,1458,17237,13812
730,1461,17219,13840
729,1459,17221,13827
732,1434,17301,13926
728,1438,17165,13795
732,1433,17318,13924
729,1461,17208,13811
729,1454,17217,13813
731,1435,17274,13851
726,1456,17130,13725
731,1440,17276,13902
728,1455,17195,13810
730,1451,17250,13858
729,1444,17259,13845
726,1462,17127,13743
733,1441,17303,13915
729,1441,17222,13838
728,1454,17175,13804
733,1440,17334,13922
739,1471,17378,13939
742,1446,17488,14039
744,1463,17585,14146
729,1460,17216,13838
731,1443,17256,13841
725,1461,17078,13684
732,1429,17320,13917
730,1446,17249,13851
729,1448,17263,13844
730,1438,17282,13881
728,1468,17178,13793
732,1445,17294,13911
729,1436,17240,13859
730,1440,17258,13844
732,1446,17291,13902
729,1454,17179,13808
732,1439,17316,13923
727,1450,17132,13734
