3276,10000
733,1440,17356,13942
729,1448,17211,13835
731,1451,17267,13855
730,1450,17251,13846
729,1449,17208,13837
733,1441,17296,13893
728,1450,17165,13792
730,1445,17283,13873
731,1431,17274,13887
728,1452,17186,13806
733,1430,17324,13931
729,1464,17165,13752
731,1453,17272,13862
732,1447,17294,13899
731,1451,17271,13870
743,1449,17524,14058
729,1461,17182,13761
730,1453,17233,13858
730,1445,17245,13860
730,1446,17248,13850
735,1435,17415,13990
728,1458,17166,13770
730,1455,17233,13830
731,1445,17246,13835
730,1444,17211,13839
732,1430,17324,13953
728,1453,17178,13807
731,1448,17278,13882
731,1440,17250,13870
731,1459,17255,13845
731,1433,17312,13920
727,1462,17141,13763
731,1439,17292,13896
731,1448,17255,13849
731,1452,17266,13855
732,1449,17325,13893
728,1460,17170,13790
731,1443,17265,13881
730,1443,17229,13839
730,1457,17239,13833
731,1442,17300,13894
727,1459,17144,13754
731,1437,17304,13906
731,1430,17292,13911
729,1447,17207,13811
730,1451,17238,13875
728,1442,17144,13757
732,1425,17327,13929
745,1457,17588,14151
743,1451,17552,14138
734,1455,17302,13875
726,1456,17099,13723
732,1435,17325,13929
731,1436,17302,13903
732,1465,17261,13827
732,1443,17311,13895
728,1454,17168,13790
734,1442,17336,13938
728,1447,17195,13804
727,1407,17210,13796
731,1439,17288,13889
729,1442,17206,13810
732,1441,17317,13909
727,1455,17159,13773
729,1447,17188,13821
732,1431,17299,13913
728,1452,17183,13796
735,1424,17399,13989
731,1457,17213,13799
730,1447,17245,13855
731,1435,17283,13895
729,1449,17199,13816
733,1425,17338,13953
729,1454,17221,13818
729,1443,17239,13833
731,1454,17307,13896
729,1450,17209,13821
735,1441,17387,14004
729,1464,17170,13780
730,1447,17255,13843
732,1427,17309,13901
729,1452,17208,13805
733,1433,17326,13932
728,1460,17175,13789
731,1444,17266,13884
730,1451,17240,13868
734,1459,17320,13930
741,1465,17564,14148
728,1457,17168,13772
732,1444,17300,13893
730,1448,17224,13838
730,1442,17201,13828
732,1452,17305,13901
731,1464,17193,13771
732,1441,17323,13914
732,1456,17280,13853
730,1452,17235,13860
732,1449,17275,13871
730,1470,17185,13787
731,1441,17295,13899
732,1431,17285,13895
729,1444,17233,13829
731,1456,17281,13878
729,1461,17170,13785
731,1432,17293,13918
732,1443,17283,13912
730,1443,17232,13854
733,1438,17332,13918
727,1473,17142,13737
732,1440,17307,13925
730,1442,17231,13850
729,1449,17190,13831
733,1427,17361,13961
728,1452,17173,13768
733,1439,17349,13929
731,1450,17278,13865
730,1452,17223,13838
731,1449,17285,13911
728,1461,17171,13813
733,1416,17342,13950
730,1464,17214,13786
730,1411,17276,13870
733,1439,17295,13867
731,1439,17254,13872
733,1438,17309,13902
728,1466,17151,13768
731,1454,17231,13838
731,1439,17288,13873
732,1457,17227,13815
733,1434,17347,13960
729,1440,17211,13824
729,1451,17209,13836
730,1443,17251,13856
729,1450,17214,13809
733,1432,17382,13974
728,1467,17176,13768
730,1448,17239,13857
730,1458,17222,13845
729,1440,17212,13828
733,1435,17348,13948
728,1463,17190,13780
733,1441,17309,13918
731,1450,17250,13828
729,1460,17179,13785
732,1437,17284,13913
728,1463,17166,13779
731,1443,17284,13898
730,1455,17249,13837
729,1453,17216,13815
732,1440,17304,13900
728,1467,17139,13751
734,1423,17355,13989
739,1448,17389,13955
730,1449,17230,13826
731,1442,17285,13876
730,1454,17222,13827
731,1429,17274,13897
730,1445,17261,13879
729,1443,17225,13855
732,1450,17297,13868
727,1462,17157,13745
734,1434,17355,13964
732,1439,17274,13872
729,1459,17224,13826
730,1436,17254,13869
728,1449,17165,13784
740,1453,17440,13995
736,1470,17347,13899
732,1453,17291,13885
727,1427,17239,13873
729,1446,17184,13805
732,1436,17308,13947
729,1465,17205,13791
731,1436,17287,13892
733,1438,17345,13938
729,1446,17228,13803
733,1435,17357,13947
729,1452,17197,13795
729,1461,17186,13794
731,1432,17259,13852
731,1458,17269,13867
732,1438,17315,13930
730,1449,17244,13836
730,1452,17206,13816
730,1447,17261,13894
729,1456,17188,13779
734,1430,17360,13977
730,1450,17219,13790
730,1437,17230,13847
731,1431,17267,13877
729,1465,17189,13795
731,1432,17305,13939
725,1458,17166,13769
730,1445,17228,13833
731,1439,17289,13889
730,1450,17235,13802
732,1433,17304,13916
727,1445,17148,13772
730,1445,17264,13880
731,1452,17271,13871
730,1442,17215,13824
731,1428,17278,13902
728,1458,17179,13756
732,1430,17306,13926
737,1465,17339,13899
729,1450,17194,13810
731,1432,17254,13888
728,1462,17192,13775
732,1442,17290,13904
730,1443,17241,13840
728,1451,17194,13802
730,1439,17233,13862
728,1461,17165,13761
732,1448,17316,13913
731,1452,17269,13847
730,1447,17274,13852
730,1444,17247,13861
726,1473,17111,13721
732,1435,17294,13905
732,1428,17301,13921
731,1442,17262,13878
730,1449,17256,13846
733,1464,17294,13867
734,1445,17324,13909
729,1448,17187,13820
730,1443,17225,13833
733,1442,17333,13954
730,1457,17222,13785
732,1433,17300,13895
729,1453,17201,13822
731,1452,17272,13873
730,1458,17242,13827
728,1455,17206,13801
734,1426,17355,13947
732,1455,17243,13805
729,1450,17255,13853
731,1442,17272,13898
728,1449,17180,13803
733,1420,17334,13949
728,1457,17205,13799
730,1462,17231,13812
732,1444,17255,13854
730,1451,17207,13793
735,1429,17401,14015
733,1448,17254,13794
730,1451,17215,13855
730,1457,17230,13855
728,1445,17226,13816
734,1433,17365,13966
727,1462,17186,13752
732,1451,17261,13860
730,1439,17247,13861
730,1449,17229,13842
732,1445,17297,13877
727,1418,17181,13766
733,1433,17365,13949
733,1425,17300,13901
728,1455,17180,13791
731,1469,17240,13883
729,1455,17218,13821
732,1436,17331,13918
732,1445,17281,13897
731,1454,17246,13836
735,1439,17396,13953
727,1454,17106,13712
731,1434,17279,13892
730,1447,17235,13856
733,1445,17320,13906
735,1450,17387,13897
727,1466,17132,13737
732,1444,17301,13922
731,1435,17261,13887
730,1459,17232,13847
734,1435,17393,13962
728,1461,17153,13749
736,1430,17432,13983
731,1442,17236,13824
730,1446,17247,13871
731,1433,17278,13912
735,1461,17299,13858
733,1440,17348,13930
728,1458,17187,13801
731,1450,17247,13838
727,1448,17186,13823
730,1450,17225,13824
731,1437,17302,13914
729,1465,17187,13806
732,1441,17273,13860
732,1434,17286,13897
735,1460,17267,13857
732,1435,17303,13917
729,1452,17189,13821
730,1444,17252,13862
730,1453,17262,13867
730,1439,17234,13829
733,1425,17385,13969
728,1460,17171,13765
732,1422,17289,13930
730,1444,17235,13849
729,1452,17210,13813
735,1424,17427,14002
728,1456,17164,13773
732,1445,17278,13884
730,1450,17239,13832
729,1458,17199,13794
732,1431,17293,13925
730,1445,17228,13847
733,1439,17313,13891
733,1455,17282,13854
731,1448,17269,13889
732,1428,17276,13891
728,1424,17154,13774
732,1440,17316,13910
732,1451,17268,13856
730,1452,17251,13856
729,1444,17239,13815
728,1453,17191,13808
738,1453,17385,13936
731,1452,17263,13896
730,1463,17220,13826
731,1441,17291,13874
729,1448,17210,13807
744,1444,17545,14094
744,1454,17512,14077
742,1457,17486,14063
745,1442,17536,14106
737,1455,17353,13941
732,1444,17323,13920
732,1447,17279,13901
731,1435,17282,13885
732,1438,17286,13897
727,1465,17133,13760
733,1434,17343,13949
731,1440,17253,13846
731,1439,17281,13872
732,1445,17316,13899
729,1461,17188,13802
733,1435,17318,13944
729,1448,17213,13827
731,1458,17265,13858
731,1427,17284,13866
729,1460,17194,13800
733,1439,17333,13938
730,1449,17219,13814
730,1442,17257,13882
731,1445,17259,13874
729,1446,17200,13829
735,1426,17412,13990
731,1461,17228,13801
731,1436,17267,13889
734,1464,17331,13889
729,1457,17190,13827
738,1434,17428,13992
729,1458,17195,13786
728,1466,17205,13784
732,1439,17297,13882
731,1455,17225,13810
732,1428,17322,13943
728,1466,17178,13782
731,1466,17250,13847
730,1442,17278,13869
730,1445,17225,13828
733,1447,17322,13899
729,1452,17202,13818
732,1433,17281,13903
730,1448,17200,13820
729,1449,17211,13810
731,1436,17318,13905
729,1464,17167,13780
731,1442,17273,13880
732,1439,17305,13919
735,1469,17278,13867
731,1447,17286,13884
727,1473,17146,13744
732,1437,17323,13919
732,1438,17333,13914
731,1455,17239,13836
732,1440,17293,13902
726,1463,17129,13739
732,1434,17324,13914
732,1442,17319,13900
730,1447,17226,13840
728,1445,17200,13861
728,1460,17131,13761
732,1432,17309,13928
730,1437,17250,13862
731,1441,17243,13876
731,1429,17307,13895
729,1457,17187,13787
734,1430,17368,13967
732,1459,17243,13822
732,1434,17262,13886
732,1439,17289,13894
729,1457,17224,13826
734,1427,17344,13929
729,1448,17200,13788
732,1441,17278,13891
745,1446,17566,14132
737,1449,17368,13949
736,1431,17424,14009
741,1472,17443,13968
734,1454,17268,13848
732,1439,17295,13893
729,1449,17212,13824
733,1438,17327,13948
729,1447,17184,13817
728,1454,17181,13784
734,1471,17371,13983
729,1461,17210,13804
733,1429,17338,13941
729,1454,17184,13800
731,1440,17261,13885
731,1448,17271,13862
729,1449,17201,13810
735,1427,17376,13988
729,1456,17208,13779
731,1452,17257,13864
732,1447,17260,13858
730,1450,17223,13829
731,1446,17305,13908
728,1454,17190,13782
731,1443,17285,13874
731,1448,17281,13872
729,1456,17201,13829
731,1431,17275,13897
727,1455,17133,13753
735,1430,17382,13988
733,1447,17299,13878
730,1442,17236,13865
731,1444,17297,13902
725,1423,17117,13701
731,1450,17271,13887
732,1436,17299,13895
732,1441,17296,13888
729,1460,17227,13815
728,1460,17181,13749
731,1440,17291,13904
732,1438,17278,13912
731,1445,17231,13849
728,1434,17264,13912
729,1476,17197,13797
732,1441,17309,13924
731,1443,17280,13885
730,1453,17260,13860
731,1450,17263,13861
729,1449,17176,13799
733,1427,17321,13940
731,1459,17248,13803
732,1441,17282,13880
732,1445,17283,13872
729,1454,17182,13788
732,1434,17301,13925
729,1452,17224,13816
732,1441,17293,13893
731,1445,17301,13886
732,1432,17312,13889
736,1431,17365,13952
730,1450,17199,13822
730,1451,17233,13844
731,1444,17267,13872
732,1430,17268,13872
735,1441,17363,13963
729,1454,17207,13811
729,1448,17208,13806
732,1438,17306,13929
727,1446,17171,13785
734,1431,17360,13987
729,1449,17216,13804
732,1444,17295,13901
738,1470,17352,13925
730,1451,17210,13801
732,1432,17317,13944
732,1466,17239,13799
733,1450,17322,13929
730,1437,17259,13848
731,1444,17262,13832
731,1444,17283,13885
727,1473,17143,13763
733,1436,17353,13988
733,1460,17299,13861
732,1462,17296,13884
734,1444,17323,13891
727,1464,17157,13757
732,1435,17264,13875
731,1449,17265,13871
729,1459,17215,13809
732,1458,17291,13898
727,1430,17149,13730
731,1442,17301,13900
730,1448,17255,13863
732,1445,17286,13893
730,1419,17256,13886
729,1458,17181,13794
734,1434,17363,13965
734,1439,17357,13948
736,1471,17344,13896
728,1441,17215,13873
730,1449,17221,13828
732,1432,17290,13909
730,1441,17249,13829
730,1451,17280,13874
732,1444,17285,13911
729,1445,17196,13773
732,1437,17320,13935
730,1448,17219,13852
731,1452,17216,13830
732,1428,17264,13853
729,1459,17216,13806
734,1435,17373,13970
729,1452,17187,13803
730,1447,17235,13840
732,1441,17308,13928
730,1460,17222,13792
734,1429,17402,13986
730,1448,17244,13826
732,1440,17308,13902
740,1463,17436,13981
731,1462,17213,13809
733,1439,17338,13938
728,1457,17179,13772
731,1437,17266,13845
731,1442,17288,13902
730,1453,17252,13869
733,1433,17329,13934
729,1452,17175,13782
731,1454,17242,13858
732,1453,17274,13893
731,1459,17280,13864
731,1431,17276,13900
728,1449,17164,13778
732,1438,17308,13914
730,1453,17243,13865
731,1450,17259,13866
732,1426,17307,13910
728,1446,17186,13772
732,1443,17329,13903
730,1452,17239,13847
730,1442,17229,13844
731,1431,17265,13885
729,1449,17200,13799
733,1439,17349,13940
731,1445,17261,13885
731,1442,17248,13841
731,1441,17253,13876
728,1456,17174,13789
731,1439,17284,13907
732,1439,17297,13926
731,1462,17242,13821
732,1442,17292,13916
727,1461,17127,13722
733,1445,17307,13905
730,1454,17231,13852
731,1437,17264,13865
732,1453,17273,13843
729,1472,17210,13805
733,1438,17343,13930
729,1443,17199,13809
732,1432,17289,13904
728,1435,17283,13902
730,1450,17230,13810
734,1437,17345,13936
730,1457,17193,13789
730,1446,17214,13822
731,1445,17281,13904
728,1441,17181,13817
732,1421,17303,13937
728,1468,17173,13785
732,1482,17299,13893
731,1446,17264,13875
730,1452,17220,13835
734,1427,17354,13978
728,1452,17168,13791
732,1446,17297,13907
732,1439,17290,13883
730,1448,17248,13849
735,1434,17416,13994
728,1466,17172,13789
729,1458,17204,13832
733,1454,17275,13873
731,1447,17271,13870
731,1439,17328,13933
731,1453,17253,13852
738,1460,17371,13926
731,1446,17258,13877
738,1472,17339,13905
731,1449,17287,13901
725,1466,17110,13723
733,1441,17346,13930
730,1437,17257,13861
731,1446,17258,13872
731,1437,17268,13898
729,1456,17186,13800
734,1444,17343,13938
741,1460,17438,13980
732,1455,17267,13844
733,1449,17320,13890
726,1453,17121,13745
731,1436,17270,13888
731,1446,17269,13880
731,1460,17288,13891
731,1450,17268,13851
729,1462,17178,13792
732,1437,17304,13910
732,1443,17304,13920
729,1458,17224,13840
731,1439,17280,13882
731,1461,17240,13841
732,1425,17334,13927
729,1460,17232,13846
733,1441,17283,13902
730,1450,17238,13850
731,1443,17246,13863
733,1439,17336,13939
729,1454,17219,13836
731,1452,17293,13888
733,1428,17353,13934
729,1446,17188,13799
732,1442,17304,13901
730,1454,17204,13826
732,1451,17268,13863
730,1452,17263,13863
730,1437,17232,13838
733,1428,17353,13959
727,1464,17153,13762
730,1434,17267,13891
732,1442,17287,13894
742,1446,17457,14022
738,1444,17426,13990
729,1456,17208,13816
730,1447,17220,13821
730,1433,17258,13867
729,1459,17207,13830
738,1448,17410,13983
729,1446,17181,13763
732,1441,17314,13908
730,1460,17278,13853
728,1444,17211,13821
731,1430,17273,13893
728,1452,17170,13778
732,1446,17308,13891
732,1445,17287,13878
730,1452,17204,13818
731,1427,17303,13915
728,1458,17178,13795
732,1442,17292,13901
730,1453,17237,13840
729,1460,17194,13802
732,1442,17319,13909
729,1455,17192,13798
731,1437,17304,13928
731,1463,17254,13876
731,1431,17258,13884
731,1437,17288,13876
727,1465,17157,13752
732,1450,17315,13907
732,1444,17306,13906
730,1450,17237,13850
732,1438,17297,13925
727,1467,17104,13720
731,1439,17305,13902
735,1433,17379,13966
738,1454,17389,13946
731,1433,17291,13886
729,1446,17198,13824
732,1438,17317,13943
728,1448,17190,13803
731,1440,17249,13889
733,1447,17317,13877
728,1459,17176,13777
732,1437,17310,13919
730,1466,17194,13766
731,1447,17263,13894
740,1446,17460,14012
729,1449,17204,13792
734,1437,17359,13941
732,1457,17259,13821
732,1451,17278,13883
730,1440,17210,13874
727,1452,17157,13778
735,1434,17396,13999
731,1448,17228,13790
731,1447,17277,13888
731,1445,17269,13854
730,1459,17206,13820
734,1427,17358,13974
728,1460,17167,13776
729,1447,17195,13815
731,1449,17265,13860
730,1441,17239,13839
733,1430,17339,13949
728,1474,17164,13784
732,1438,17289,13923
730,1444,17236,13846
730,1452,17242,13841
732,1431,17332,13913
728,1470,17190,13772
731,1442,17277,13904
732,1433,17316,13927
730,1445,17209,13820
735,1439,17379,13972
728,1452,17167,13761
734,1427,17361,13966
737,1451,17364,13927
730,1444,17251,13856
730,1439,17250,13878
726,1454,17151,13746
732,1436,17312,13924
730,1448,17263,13853
731,1446,17246,13877
732,1441,17294,13905
729,1459,17174,13789
739,1451,17391,13955
730,1447,17261,13878
731,1450,17262,13866
731,1448,17296,13902
728,1473,17139,13723
735,1439,17355,13951
730,1447,17265,13881
730,1447,17267,13879
733,1422,17335,13943
729,1460,17217,13800
734,1438,17343,13930
730,1464,17224,13826
731,1439,17244,13865
731,1434,17260,13883
731,1444,17235,13861
733,1428,17322,13943
728,1468,17191,13790
732,1441,17269,13907
732,1433,17292,13911
731,1442,17256,13856
732,1439,17302,13927
731,1437,17275,13872
735,1455,17320,13883
732,1441,17337,13927
730,1457,17256,13836
733,1445,17332,13926
728,1463,17178,13800
730,1442,17220,13856
733,1431,17337,13926
730,1451,17255,13832
735,1436,17409,14023
730,1442,17189,13777
733,1448,17289,13873
731,1455,17267,13883
729,1456,17208,13846
731,1427,17298,13928
729,1463,17209,13790
733,1440,17342,13944
730,1453,17247,13857
730,1444,17221,13827
732,1441,17301,13913
737,1466,17340,13892
736,1447,17356,13921
731,1444,17277,13856
729,1448,17245,13835
731,1438,17273,13894
727,1468,17146,13745
731,1433,17287,13915
733,1432,17321,13916
730,1445,17249,13841
732,1446,17285,13891
729,1472,17167,13748
732,1437,17310,13933
730,1447,17254,13881
731,1440,17242,13864
731,1435,17281,13906
727,1458,17174,13766
735,1433,17393,13997
737,1469,17343,13904
731,1438,17253,13856
732,1442,17288,13907
728,1465,17172,13776
734,1430,17366,13979
729,1439,17244,13835
732,1444,17306,13905
731,1443,17270,13882
730,1448,17253,13895
733,1421,17322,13956
729,1448,17203,13799
732,1447,17319,13906
730,1443,17254,13862
731,1463,17251,13856
743,1449,17512,14071
732,1458,17212,13801
731,1449,17253,13843
731,1452,17267,13874
732,1457,17269,13835
733,1431,17346,13947
729,1451,17214,13817
730,1459,17234,13837
738,1447,17327,13908
730,1436,17253,13844
733,1436,17336,13941
731,1459,17265,13862
733,1452,17280,13830
730,1437,17256,13873
731,1455,17238,13865
732,1431,17313,13936
729,1468,17201,13801
730,1447,17260,13854
731,1433,17245,13867
731,1438,17257,13864
732,1437,17321,13912
727,1452,17143,13777
731,1439,17266,13894
733,1449,17306,13917
732,1458,17276,13832
731,1434,17298,13903
728,1457,17187,13805
734,1436,17350,13969
730,1458,17229,13838
730,1449,17269,13876
733,1456,17291,13875
729,1447,17219,13813
732,1436,17314,13899
731,1439,17267,13879
732,1454,17272,13888
731,1429,17257,13878
727,1457,17145,13729
733,1436,17325,13921
730,1449,17244,13854
731,1457,17293,13881
731,1443,17262,13864
727,1450,17130,13730
732,1431,17315,13931
733,1450,17287,13878
731,1438,17293,13891
731,1439,17271,13899
729,1451,17183,13809
732,1434,17333,13935
730,1456,17214,13813
731,1453,17256,13858
732,1439,17305,13906
730,1439,17224,13823
732,1428,17350,13932
729,1457,17197,13804
731,1442,17251,13868
733,1448,17287,13878
729,1456,17195,13780
735,1436,17408,13996
729,1459,17189,13799
730,1445,17259,13852
732,1437,17293,13905
730,1437,17220,13807
733,1427,17349,13971
729,1451,17210,13851
730,1441,17226,13811
730,1432,17241,13866
729,1450,17224,13830
734,1434,17369,13998
739,1473,17375,13934
729,1458,17201,13814
731,1456,17261,13862
730,1444,17238,13805
733,1435,17364,13972
729,1460,17188,13800
731,1431,17275,13892
728,1452,17193,13809
730,1464,17216,13813
733,1430,17327,13928
728,1449,17175,13775
731,1451,17264,13865
731,1443,17263,13874
728,1451,17193,13806
731,1437,17269,13883
727,1463,17132,13743
736,1447,17346,13924
731,1443,17263,13866
730,1448,17223,13843
732,1432,17317,13936
729,1460,17151,13746
732,1439,17323,13916
730,1435,17278,13875
736,1466,17329,13889
733,1439,17338,13906
727,1472,17145,13765
733,1431,17324,13946
733,1439,17278,13884
732,1429,17321,13903
732,1447,17327,13892
729,1459,17209,13821
733,1437,17336,13935
732,1426,17296,13913
730,1439,17237,13849
733,1440,17313,13944
728,1467,17168,13767
735,1429,17400,13994
729,1444,17227,13839
730,1449,17225,13843
730,1446,17238,13858
729,1449,17201,13840
734,1424,17377,13984
729,1450,17220,13805
731,1452,17277,13876
736,1450,17373,13925
728,1450,17185,13823
734,1430,17367,13992
728,1448,17184,13824
733,1452,17309,13890
734,1441,17319,13880
729,1449,17222,13826
735,1435,17420,14024
727,1462,17165,13773
730,1445,17224,13842
733,1457,17267,13862
727,1438,17190,13820
736,1437,17435,14028
743,1440,17536,14110
738,1441,17420,14000
738,1435,17421,14013
738,1439,17447,14041
735,1433,17387,13997
735,1481,17299,13842
733,1446,17328,13913
733,1447,17255,13851
731,1441,17272,13888
731,1446,17268,13893
729,1452,17200,13819
732,1435,17327,13931
732,1446,17281,13852
733,1455,17287,13874
731,1441,17291,13883
729,1448,17193,13806
728,1426,17291,13930
731,1435,17261,13874
731,1455,17236,13857
731,1444,17310,13908
728,1448,17171,13789
731,1438,17278,13897
732,1425,17288,13910
731,1457,17258,13888
732,1452,17281,13893
727,1437,17143,13804
733,1431,17349,13937
732,1455,17298,13880
731,1448,17253,13853
732,1437,17295,13929
728,1450,17167,13781
733,1427,17356,13955
730,1451,17243,13817
731,1442,17259,13872
731,1438,17283,13902
731,1465,17206,13774
732,1436,17314,13946
728,1458,17178,13792
731,1444,17254,13881
732,1434,17311,13915
729,1447,17234,13841
733,1439,17320,13931
729,1452,17188,13816
730,1449,17213,13839
731,1437,17293,13911
730,1444,17249,13853
734,1439,17356,13940
731,1453,17286,13860
731,1441,17235,13834
731,1432,17271,13875
730,1452,17203,13818
734,1426,17378,13972
729,1467,17221,13799
732,1434,17297,13918
730,1427,17262,13850
730,1460,17248,13863
731,1428,17297,13932
729,1446,17175,13828
730,1448,17252,13866
731,1449,17281,13860
730,1453,17222,13821
733,1424,17332,13946
729,1472,17173,13750
732,1432,17296,13915
732,1446,17312,13917
730,1454,17231,13821
733,1441,17332,13908
730,1448,17236,13811
732,1441,17296,13889
731,1464,17222,13828
730,1438,17229,13859
731,1421,17314,13904
728,1463,17187,13787
732,1458,17282,13892
731,1455,17258,13854
731,1441,17267,13882
732,1440,17273,13879
727,1447,17148,13763
732,1439,17284,13900
733,1422,17331,13924
731,1440,17262,13894
742,1463,17488,14028
740,1485,17386,13925
737,1454,17362,13935
730,1444,17238,13850
731,1452,17265,13864
732,1445,17307,13901
729,1469,17200,13796
732,1422,17354,13963
733,1460,17244,13831
731,1438,17262,13882
732,1431,17309,13916
729,1468,17204,13800
732,1437,17307,13915
729,1443,17217,13830
732,1446,17279,13886
732,1443,17300,13896
729,1455,17194,13805
732,1435,17313,13919
730,1458,17251,13845
729,1440,17237,13835
731,1448,17261,13883
730,1455,17219,13843
733,1437,17340,13949
730,1466,17205,13781
730,1447,17268,13872
731,1444,17307,13894
731,1445,17249,13824
734,1430,17374,13989
730,1460,17181,13773
731,1444,17264,13883
741,1450,17451,13995
737,1469,17359,13900
733,1429,17329,13952
729,1458,17197,13781
731,1451,17256,13866
731,1444,17242,13868
735,1449,17290,13862
732,1442,17287,13903
729,1448,17188,13778
731,1437,17287,13904
734,1448,17263,13892
729,1469,17215,13829
731,1438,17270,13901
729,1452,17195,13795
732,1432,17324,13920
730,1454,17252,13844
732,1452,17307,13885
731,1448,17250,13879
726,1465,17121,13741
731,1433,17286,13910
731,1446,17279,13879
733,1432,17322,13913
732,1434,17285,13907
728,1459,17161,13771
735,1447,17310,13928
730,1439,17262,13874
730,1453,17239,13862
732,1449,17256,13861
729,1461,17210,13787
733,1440,17335,13923
730,1446,17255,13884
730,1444,17246,13850
732,1443,17290,13907
729,1464,17207,13801
733,1432,17352,13955
731,1461,17237,13801
732,1437,17313,13909
732,1439,17289,13888
729,1455,17191,13802
733,1447,17322,13941
728,1451,17187,13798
732,1444,17303,13896
735,1467,17302,13864
729,1463,17206,13795
734,1434,17374,13986
739,1468,17376,13951
733,1452,17263,13856
731,1441,17255,13870
733,1450,17267,13825
734,1437,17359,13988
729,1456,17183,13802
731,1444,17270,13888
732,1441,17263,13858
729,1454,17210,13807
732,1428,17332,13950
730,1449,17241,13834
731,1448,17293,13880
730,1452,17233,13840
731,1461,17244,13848
732,1434,17305,13929
729,1451,17230,13811
732,1441,17308,13896
730,1447,17241,13861
729,1453,17228,13844
732,1426,17308,13919
728,1457,17162,13773
732,1449,17278,13884
731,1426,17282,13904
730,1441,17261,13854
732,1444,17286,13878
727,1458,17139,13744
732,1435,17307,13912
730,1455,17232,13844
731,1459,17232,13823
732,1440,17295,13914
728,1466,17168,13756
734,1437,17379,13971
731,1431,17268,13890
730,1460,17239,13849
740,1469,17434,14001
737,1470,17333,13891
738,1456,17407,13959
731,1443,17279,13899
733,1436,17290,13866
730,1443,17255,13876
728,1454,17168,13798
732,1449,17270,13876
730,1446,17232,13862
731,1447,17275,13855
732,1462,17295,13895
728,1451,17160,13779
734,1428,17371,13983
729,1465,17162,13761
731,1440,17280,13888
731,1446,17259,13862
735,1441,17302,13891
733,1430,17366,13951
730,1452,17236,13849
730,1443,17250,13863
731,1454,17263,13860
731,1447,17252,13868
733,1428,17362,13952
730,1450,17214,13835
730,1452,17237,13829
731,1439,17263,13873
730,1436,17215,13828
734,1437,17346,13944
727,1458,17146,13759
730,1452,17241,13838
731,1444,17244,13876
728,1456,17184,13786
732,1434,17336,13950
728,1463,17144,13771
732,1445,17314,13922
730,1439,17245,13855
730,1441,17257,13854
732,1449,17334,13914
726,1445,17147,13753
732,1428,17299,13913
732,1446,17278,13891
730,1442,17276,13871
738,1457,17415,13957
732,1460,17209,13786
732,1438,17298,13908
731,1439,17286,13890
730,1460,17207,13825
731,1442,17275,13898
729,1471,17149,13727
732,1434,17336,13930
729,1443,17246,13852
731,1455,17239,13853
730,1442,17252,13880
728,1453,17140,13770
733,1431,17329,13941
730,1453,17239,13854
730,1456,17251,13837
732,1426,17330,13919
728,1445,17153,13773
733,1428,17344,13963
731,1448,17253,13873
729,1434,17247,13845
731,1441,17291,13890
730,1455,17208,13818
733,1442,17340,13930
729,1448,17193,13802
730,1445,17241,13884
731,1433,17285,13901
728,1453,17197,13807
733,1451,17348,13929
732,1473,17221,13793
731,1446,17276,13889
731,1436,17265,13874
734,1461,17252,13838
733,1426,17364,13978
729,1453,17203,13816
732,1438,17287,13892
732,1439,17312,13890
728,1453,17202,13810
733,1439,17317,13929
727,1462,17138,13753
731,1445,17264,13860
732,1446,17343,13876
730,1462,17213,13802
732,1421,17332,13948
729,1452,17194,13803
732,1456,17240,13836
730,1451,17226,13850
730,1442,17206,13827
731,1422,17317,13928
728,1464,17181,13769
732,1454,17289,13899
730,1445,17244,13855
728,1461,17185,13824
733,1428,17348,13942
728,1464,17181,13758
734,1429,17392,13968
731,1451,17278,13872
731,1442,17246,13864
732,1440,17273,13873
727,1453,17143,13752
731,1450,17302,13881
731,1450,17266,13868
730,1450,17230,13841
732,1426,17300,13918
729,1462,17205,13819
734,1452,17294,13877
730,1432,17258,13891
730,1445,17242,13858
734,1465,17343,13895
727,1462,17145,13761
733,1434,17322,13939
732,1426,17332,13946
729,1446,17190,13796
731,1444,17302,13889
730,1455,17215,13813
736,1448,17368,13925
731,1453,17262,13843
730,1447,17234,13845
732,1435,17292,13907
728,1453,17156,13796
737,1438,17378,13953
731,1446,17261,13861
730,1445,17242,13849
731,1445,17274,13864
734,1448,17301,13916
731,1433,17278,13907
730,1456,17225,13830
728,1445,17213,13834
732,1443,17293,13885
728,1451,17176,13791
733,1435,17331,13944
730,1463,17216,13815
731,1454,17275,13882
732,1455,17287,13866
730,1439,17245,13877
735,1434,17409,13997
730,1458,17246,13835
730,1452,17220,13826
730,1441,17239,13840
728,1457,17180,13794
731,1428,17318,13924
729,1456,17211,13800
730,1448,17239,13858
730,1447,17230,13842
733,1441,17306,13908
738,1456,17391,13966
728,1475,17159,13785
738,1457,17362,13929
729,1442,17230,13825
730,1453,17227,13834
731,1447,17282,13893
728,1460,17166,13777
731,1425,17280,13913
730,1438,17263,13879
729,1449,17204,13798
732,1443,17315,13895
728,1456,17169,13767
732,1430,17312,13926
730,1439,17249,13854
731,1441,17236,13864
731,1448,17269,13889
728,1461,17183,13760
732,1432,17314,13936
731,1449,17305,13892
732,1435,17292,13909
732,1449,17259,13856
727,1455,17118,13751
732,1444,17287,13907
731,1444,17293,13887
732,1446,17314,13905
743,1443,17500,14067
743,1446,17504,14074
732,1430,17304,13923
729,1462,17203,13812
731,1446,17257,13873
730,1435,17282,13884
729,1442,17219,13801
732,1449,17280,13886
728,1471,17155,13752
730,1448,17238,13852
732,1436,17310,13918
728,1456,17192,13782
733,1435,17330,13940
729,1456,17207,13813
730,1450,17209,13827
730,1439,17246,13861
729,1460,17200,13812
732,1425,17311,13938
727,1455,17192,13782
730,1449,17211,13804
732,1424,17297,13912
729,1450,17202,13816
733,1447,17311,13913
729,1457,17203,13810
729,1455,17192,13782
732,1442,17305,13902
730,1453,17242,13817
732,1433,17308,13924
730,1452,17193,13800
730,1441,17240,13862
735,1462,17296,13877
731,1447,17257,13865
731,1433,17278,13895
728,1457,17185,13798
731,1430,17284,13907
734,1453,17311,13926
729,1454,17185,13802
731,1448,17269,13880
729,1451,17204,13777
727,1437,17219,13859
730,1458,17242,13865
729,1455,17204,13824
730,1448,17241,13860
728,1456,17157,13752
732,1436,17300,13910
730,1450,17253,13874
731,1455,17257,13849
731,1427,17257,13875
726,1459,17129,13726
732,1445,17298,13912
731,1449,17245,13849
729,1438,17241,13830
731,1441,17271,13882
729,1465,17163,13733
732,1443,17317,13930
734,1455,17295,13860
730,1445,17240,13862
730,1449,17270,13877
728,1465,17204,13780
733,1431,17329,13942
729,1449,17221,13826
734,1447,17286,13865
731,1446,17241,13864
729,1456,17178,13793
733,1440,17355,13957
728,1451,17198,13767
732,1450,17293,13875
730,1440,17249,13858
729,1448,17202,13841
734,1458,17355,13995
730,1450,17233,13833
729,1450,17232,13835
731,1449,17276,13893
730,1443,17267,13858
731,1425,17310,13926
728,1446,17182,13808
730,1457,17220,13837
730,1454,17256,13879
729,1456,17209,13801
736,1421,17376,13960
729,1464,17168,13773
731,1447,17275,13894
730,1434,17222,13848
731,1472,17259,13860
730,1431,17277,13887
729,1453,17187,13783
731,1449,17279,13864
729,1442,17200,13828
732,1445,17265,13878
740,1463,17431,13993
728,1462,17152,13741
731,1442,17311,13909
732,1449,17260,13867
730,1460,17233,13833
730,1443,17247,13869
725,1462,17103,13731
735,1440,17335,13931
730,1437,17230,13826
730,1446,17266,13856
730,1453,17240,13845
727,1460,17131,13740
732,1425,17333,13940
730,1436,17233,13857
730,1444,17225,13803
731,1445,17287,13887
728,1454,17159,13757
733,1439,17344,13918
731,1438,17273,13886
730,1453,17235,13864
731,1436,17273,13871
728,1467,17169,13739
734,1432,17369,13957
729,1448,17225,13833
733,1433,17315,13921
731,1456,17248,13839
728,1459,17153,13773
732,1423,17303,13926
729,1453,17168,13771
731,1444,17268,13863
733,1447,17281,13851
728,1443,17204,13816
734,1441,17333,13920
728,1461,17168,13785
730,1457,17225,13830
732,1443,17276,13891
730,1455,17246,13820
731,1428,17303,13938
728,1454,17180,13799
730,1449,17249,13877
732,1434,17289,13910
729,1452,17203,13798
733,1429,17377,13975
729,1451,17200,13810
732,1453,17245,13820
732,1445,17275,13863
729,1445,17192,13817
732,1428,17306,13942
728,1457,17150,13771
731,1449,17245,13833
729,1441,17232,13831
729,1429,17235,13843
731,1437,17301,13895
729,1447,17204,13830
735,1453,17325,13880
731,1444,17306,13904
730,1451,17242,13849
732,1427,17315,13904
729,1457,17191,13814
732,1439,17293,13915
729,1445,17216,13843
730,1457,17229,13846
732,1441,17341,13930
728,1467,17140,13730
733,1431,17349,13959
733,1446,17324,13879
731,1428,17258,13881
732,1435,17261,13901
727,1456,17123,13730
733,1440,17319,13904
730,1456,17257,13869
731,1448,17252,13883
731,1441,17277,13890
726,1470,17111,13725
729,1430,17251,13879
732,1436,17316,13927
731,1448,17272,13861
731,1437,17312,13900
728,1457,17165,13772
732,1429,17292,13897
730,1449,17222,13831
732,1443,17284,13876
740,1462,17445,13978
728,1446,17163,13773
733,1438,17357,13952
729,1456,17198,13808
730,1453,17242,13849
735,1445,17316,13890
730,1442,17206,13829
733,1433,17341,13934
728,1444,17185,13803
731,1451,17251,13853
732,1441,17271,13858
728,1450,17169,13801
733,1443,17321,13929
729,1447,17196,13785
730,1446,17264,13849
731,1454,17282,13858
729,1454,17209,13828
733,1434,17330,13940
730,1453,17236,13835
733,1443,17305,13901
733,1464,17293,13848
731,1439,17269,13893
733,1431,17335,13941
728,1456,17175,13779
731,1442,17262,13886
740,1464,17427,13991
729,1449,17153,13747
732,1436,17340,13920
728,1456,17162,13767
732,1441,17284,13885
729,1451,17217,13828
730,1460,17232,13846
731,1433,17304,13910
728,1447,17166,13779
733,1430,17347,13941
731,1443,17262,13861
731,1446,17205,13792
729,1440,17236,13874
728,1467,17161,13789
735,1438,17345,13923
731,1449,17268,13861
729,1452,17221,13830
730,1451,17263,13873
725,1458,17104,13710
737,1452,17402,14022
734,1449,17309,13886
730,1444,17226,13835
733,1445,17317,13886
728,1466,17161,13761
729,1433,17248,13889
731,1443,17282,13897
730,1447,17239,13861
731,1439,17283,13895
729,1449,17181,13769
731,1393,17326,13910
730,1453,17256,13844
730,1447,17253,13848
730,1437,17237,13870
730,1449,17215,13824
733,1438,17319,13902
729,1448,17247,13825
730,1444,17240,13838
732,1439,17308,13899
730,1459,17215,13828
733,1436,17310,13939
729,1451,17197,13820
729,1449,17210,13847
732,1433,17284,13865
730,1452,17218,13825
733,1432,17332,13940
728,1461,17153,13762
729,1453,17197,13808
729,1435,17223,13816
730,1448,17249,13841
737,1442,17423,13975
728,1448,17197,13798
730,1442,17243,13859
729,1448,17222,13833
727,1463,17156,13780
729,1427,17325,13924
736,1463,17371,13857
730,1448,17243,13862
731,1449,17252,13836
724,1456,17090,13751
731,1435,17282,13919
727,1455,17140,13745
733,1436,17334,13943
738,1443,17482,13933
731,1456,17254,13868
730,1414,17274,13897
729,1453,17196,13825
734,1448,17302,13902
730,1444,17262,13859
730,1454,17262,13860
734,1441,17355,13925
728,1471,17180,13760
733,1440,17338,13940
735,1451,17324,13903
730,1443,17206,13810
732,1434,17298,13868
726,1450,17150,13738
732,1443,17291,13899
731,1461,17250,13854
732,1439,17276,13905
729,1443,17222,13833
728,1451,17172,13791
733,1430,17350,13960
733,1451,17289,13851
731,1450,17276,13879
733,1442,17307,13911
727,1467,17155,13752
732,1449,17283,13902
730,1449,17218,13817
730,1450,17222,13812
731,1440,17291,13876
732,1479,17232,13763
731,1441,17287,13895
728,1459,17164,13798
732,1429,17278,13899
733,1438,17325,13900
730,1452,17249,13842
736,1422,17351,13943
728,1438,17196,13799
729,1453,17228,13839
730,1454,17257,13875
728,1456,17181,13800
735,1433,17356,13947
728,1449,17206,13778
731,1453,17270,13872
730,1448,17266,13837
730,1451,17211,13831
735,1428,17389,14012
729,1458,17192,13787
730,1449,17265,13856
730,1452,17233,13848
731,1441,17293,13875
731,1447,17286,13895
730,1460,17225,13838
730,1443,17238,13849
731,1450,17300,13890
728,1450,17197,13796
733,1426,17346,13942
730,1467,17193,13762
732,1440,17316,13924
731,1444,17238,13850
729,1457,17189,13805
731,1442,17257,13868
727,1474,17144,13727
733,1430,17319,13937
730,1440,17239,13860
732,1435,17270,13882
731,1448,17253,13876
727,1466,17129,13722
733,1432,17331,13938
740,1463,17451,13998
732,1466,17276,13824
732,1440,17282,13901
728,1470,17174,13771
741,1438,17485,14048
739,1449,17509,14085
731,1443,17289,13872
730,1444,17257,13865
731,1447,17243,13854
737,1455,17361,13924
729,1439,17209,13820
729,1449,17207,13831
729,1449,17235,13865
731,1451,17269,13847
735,1432,17322,13901
730,1453,17244,13846
732,1464,17256,13840
733,1446,17293,13913
729,1451,17215,13821
732,1437,17312,13912
730,1455,17233,13819
731,1453,17276,13855
730,1439,17267,13879
730,1442,17221,13846
734,1445,17338,13933
729,1450,17213,13807
740,1440,17573,13982
739,1425,17539,13967
730,1458,17236,13834
733,1426,17343,13961
727,1466,17152,13757
731,1442,17258,13889
731,1445,17262,13883
732,1454,17265,13831
733,1442,17343,13952
728,1454,17172,13787
730,1442,17240,13841
731,1436,17256,13877
730,1454,17229,13854
733,1443,17353,13957
740,1456,17429,13982
744,1446,17575,14103
741,1459,17525,14116
730,1452,17227,13843
731,1446,17282,13901
728,1448,17182,13767
732,1438,17324,13917
742,1458,17477,14021
735,1471,17286,13832
730,1440,17250,13879
726,1460,17104,13714
731,1445,17279,13906
731,1454,17257,13867
731,1454,17296,13891
730,1439,17235,13857
728,1448,17167,13766
731,1432,17290,13894
731,1450,17260,13885
730,1444,17235,13821
732,1428,17308,13905
727,1455,17145,13728
733,1435,17339,13938
730,1454,17237,13852
730,1444,17239,13883
733,1442,17286,13880
729,1459,17180,13775
735,1437,17390,13979
729,1455,17190,13782
731,1441,17278,13874
732,1435,17305,13908
729,1465,17187,13765
730,1417,17294,13907
728,1463,17154,13751
730,1444,17250,13838
731,1436,17271,13869
728,1459,17176,13803
732,1451,17296,13911
729,1458,17175,13791
730,1448,17227,13826
732,1442,17294,13903
728,1456,17214,13794
734,1430,17383,13973
729,1457,17220,13823
730,1443,17212,13810
728,1454,17181,13824
732,1450,17295,13893
734,1421,17369,13942
729,1459,17169,13776
729,1449,17230,13837
731,1449,17254,13845
728,1446,17179,13810
733,1414,17335,13966
731,1460,17212,13791
732,1449,17291,13886
731,1442,17252,13857
731,1444,17252,13855
731,1428,17271,13884
727,1473,17142,13748
732,1439,17299,13880
730,1457,17246,13848
730,1449,17240,13843
733,1428,17359,13933
728,1446,17179,13791
731,1447,17285,13908
732,1439,17272,13895
730,1444,17239,13822
732,1430,17329,13908
727,1458,17120,13746
734,1438,17361,13959
730,1434,17247,13866
732,1439,17282,13896
730,1449,17242,13844
728,1458,17162,13786
733,1436,17339,13916
732,1434,17272,13853
729,1454,17221,13833
732,1455,17301,13907
729,1463,17159,13779
732,1436,17310,13909
729,1445,17226,13834
732,1449,17305,13895
731,1453,17277,13851
728,1461,17160,13762
734,1438,17321,13918
724,1434,17126,13780
731,1442,17269,13869
731,1447,17313,13885
729,1466,17181,13772
733,1436,17321,13920
730,1448,17205,13808
729,1456,17186,13809
730,1448,17242,13874
731,1447,17226,13840
735,1428,17399,13961
729,1456,17215,13823
730,1457,17225,13845
730,1453,17240,13848
730,1445,17230,13854
734,1435,17362,13954
728,1447,17189,13787
732,1447,17280,13875
730,1441,17275,13863
727,1424,17195,13870
732,1439,17339,13954
729,1452,17199,13836
730,1453,17236,13836
731,1456,17272,13846
729,1450,17194,13788
732,1428,17342,13938
728,1458,17180,13808
731,1451,17256,13855
729,1444,17208,13822
729,1461,17193,13807
731,1447,17297,13895
727,1461,17155,13763
732,1430,17308,13927
729,1445,17200,13815
730,1440,17227,13856
732,1447,17290,13881
728,1464,17171,13769
733,1441,17329,13905
731,1440,17283,13879
730,1452,17220,13848
731,1439,17251,13870
727,1464,17132,13744
733,1448,17311,13877
733,1444,17320,13905
732,1470,17252,13831
731,1447,17282,13882
727,1469,17138,13748
731,1441,17294,13909
730,1441,17237,13853
730,1444,17237,13851
732,1440,17297,13901
730,1444,17208,13798
732,1432,17312,13917
728,1442,17191,13820
729,1458,17209,13842
730,1433,17266,13875
729,1463,17197,13796
733,1428,17351,13940
730,1462,17239,13829
730,1443,17232,13845
732,1448,17289,13908
728,1457,17192,13811
733,1444,17328,13910
730,1452,17219,13816
729,1448,17224,13837
730,1437,17283,13890
728,1459,17179,13796
734,1433,17368,13997
731,1460,17220,13811
730,1447,17233,13850
732,1454,17303,13862
729,1447,17223,13819
733,1461,17322,13958
730,1450,17230,13834
730,1459,17200,13802
729,1443,17250,13851
735,1463,17320,13888
736,1436,17405,13973
730,1438,17235,13818
732,1445,17299,13920
731,1450,17234,13839
732,1453,17248,13858
732,1428,17324,13922
731,1458,17215,13780
731,1444,17282,13897
731,1457,17252,13844
730,1440,17208,13830
731,1435,17278,13896
728,1450,17162,13778
732,1441,17278,13906
731,1437,17273,13882
728,1459,17199,13819
733,1430,17325,13943
728,1458,17165,13771
731,1439,17268,13886
730,1452,17232,13862
732,1446,17305,13883
731,1446,17264,13862
729,1463,17198,13789
732,1435,17308,13936
731,1454,17256,13882
730,1447,17229,13854
731,1447,17272,13861
727,1464,17143,13731
731,1447,17281,13887
731,1435,17287,13886
730,1455,17252,13858
730,1439,17250,13852
729,1460,17161,13790
732,1435,17290,13910
732,1437,17303,13877
731,1444,17265,13872
731,1453,17235,13847
728,1461,17178,13802
731,1430,17279,13913
728,1427,17185,13771
731,1439,17274,13880
731,1443,17290,13872
730,1458,17219,13794
733,1428,17331,13934
726,1444,17183,13804
730,1447,17239,13868
737,1454,17366,13949
729,1444,17217,13806
734,1428,17364,13976
729,1458,17200,13809
731,1436,17264,13877
730,1450,17231,13851
730,1442,17221,13841
735,1430,17392,14020
727,1460,17180,13769
730,1442,17227,13847
730,1439,17231,13852
731,1448,17254,13877
731,1434,17288,13922
729,1455,17175,13801
732,1451,17273,13879
731,1451,17272,13849
729,1448,17236,13811
731,1438,17284,13909
727,1450,17150,13776
732,1434,17302,13918
730,1444,17246,13845
731,1459,17269,13840
735,1459,17324,13902
726,1445,17153,13762
731,1444,17281,13888
729,1437,17251,13871
729,1451,17211,13816
730,1451,17214,13833
729,1470,17193,13783
734,1429,17373,13980
730,1460,17226,13827
728,1450,17190,13834
731,1441,17261,13880
731,1470,17201,13752
732,1437,17315,13916
732,1445,17311,13891
730,1455,17248,13830
730,1435,17249,13866
728,1468,17164,13773
732,1434,17310,13922
732,1434,17303,13891
731,1436,17270,13861
730,1447,17244,13867
728,1472,17179,13758
731,1430,17298,13929
729,1451,17187,13818
730,1447,17213,13847
731,1433,17282,13882
728,1454,17184,13788
732,1439,17320,13917
729,1462,17167,13784
731,1450,17267,13880
730,1450,17246,13858
728,1450,17213,13803
731,1440,17295,13909
729,1475,17217,13832
731,1443,17274,13864
731,1444,17258,13858
731,1448,17240,13863
735,1429,17378,13980
729,1446,17226,13836
730,1456,17253,13822
731,1440,17269,13892
729,1449,17216,13827
733,1435,17343,13950
729,1461,17202,13814
730,1461,17230,13832
730,1453,17230,13834
729,1462,17201,13782
731,1426,17298,13916
730,1458,17190,13762
729,1454,17217,13831
730,1440,17229,13859
728,1466,17193,13794
732,1437,17302,13907
728,1456,17200,13801
730,1450,17294,13869
729,1446,17227,13846
731,1435,17257,13902
732,1435,17294,13929
734,1467,17251,13811
729,1430,17255,13859
732,1441,17298,13911
729,1453,17189,13791
731,1442,17259,13865
728,1465,17161,13765
731,1442,17265,13884
734,1424,17316,13925
730,1446,17264,13848
730,1447,17254,13859
726,1458,17129,13739
732,1436,17306,13918
730,1449,17234,13862
730,1441,17236,13833
731,1440,17282,13900
727,1459,17162,13768
733,1423,17338,13937
730,1441,17244,13867
730,1456,17219,13835
730,1448,17254,13872
727,1462,17173,13775
733,1431,17366,13955
729,1449,17190,13807
730,1444,17261,13865
730,1455,17260,13886
729,1434,17193,13821
733,1445,17300,13890
728,1464,17167,13777
730,1456,17237,13801
732,1434,17308,13901
734,1459,17262,13828
732,1423,17325,13963
734,1477,17286,13794
730,1452,17250,13853
731,1445,17263,13858
730,1444,17205,13785
733,1439,17341,13928
727,1467,17148,13764
730,1451,17219,13836
728,1443,17207,13827
729,1455,17231,13830
734,1431,17398,13975
728,1455,17165,13776
732,1456,17246,13837
730,1432,17221,13843
728,1455,17186,13779
733,1436,17362,13985
728,1452,17139,13768
731,1435,17289,13891
732,1435,17285,13912
728,1459,17182,13794
731,1431,17295,13919
728,1447,17152,13756
731,1447,17280,13875
732,1441,17308,13913
732,1438,17264,13823
732,1443,17340,13906
726,1456,17119,13740
730,1443,17260,13886
730,1446,17244,13861
730,1450,17245,13842
730,1440,17282,13882
726,1462,17112,13706
733,1437,17318,13900
731,1435,17322,13923
729,1449,17197,13823
730,1443,17237,13869
727,1457,17107,13723
731,1444,17303,13883
731,1437,17267,13874
730,1455,17232,13859
731,1438,17255,13862
728,1462,17166,13799
737,1439,17507,13978
729,1444,17218,13821
731,1430,17290,13874
731,1437,17285,13851
728,1459,17155,13764
731,1432,17283,13907
727,1451,17154,13791
731,1445,17257,13869
731,1424,17289,13890
729,1456,17211,13821
732,1440,17327,13938
728,1446,17175,13800
729,1437,17216,13824
730,1441,17242,13867
727,1452,17164,13784
733,1430,17356,13956
729,1446,17198,13811
729,1440,17222,13832
730,1448,17260,13866
728,1454,17161,13792
733,1421,17348,13954
727,1463,17151,13740
732,1437,17337,13917
730,1453,17268,13855
729,1459,17196,13807
733,1428,17342,13976
728,1450,17160,13777
731,1438,17264,13876
730,1448,17284,13886
729,1452,17210,13822
731,1426,17282,13955
728,1446,17162,13770
729,1442,17239,13864
730,1446,17230,13846
736,1472,17277,13849
731,1439,17294,13886
733,1465,17238,13786
732,1443,17294,13905
731,1449,17265,13884
726,1461,17118,13737
731,1436,17271,13872
726,1453,17128,13722
732,1439,17311,13909
732,1439,17282,13860
726,1422,17217,13823
732,1431,17288,13900
727,1465,17138,13733
730,1444,17284,13892
732,1433,17295,13910
730,1448,17222,13849
730,1452,17228,13824
728,1434,17168,13790
732,1438,17279,13901
730,1449,17243,13848
732,1430,17307,13948
731,1465,17282,13847
728,1455,17152,13758
732,1435,17292,13906
729,1434,17227,13852
731,1449,17243,13844
732,1440,17288,13896
729,1456,17188,13798
731,1434,17305,13901
729,1444,17213,13796
728,1451,17206,13812
730,1444,17251,13881
732,1448,17227,13816
732,1435,17325,13924
729,1455,17222,13818
730,1456,17232,13843
731,1432,17290,13899
728,1456,17172,13768
732,1425,17308,13924
734,1479,17244,13814
729,1456,17199,13814
730,1445,17267,13865
727,1451,17162,13774
733,1423,17339,13960
727,1452,17161,13779
729,1451,17189,13839
730,1449,17259,13868
728,1446,17198,13811
733,1430,17376,13980
728,1458,17181,13761
731,1442,17260,13869
728,1444,17199,13817
728,1449,17169,13786
734,1458,17336,13891
728,1470,17182,13776
733,1431,17317,13932
730,1433,17242,13827
728,1458,17195,13811
730,1446,17240,13865
727,1458,17151,13775
732,1442,17270,13871
732,1440,17316,13900
730,1456,17191,13771
730,1443,17241,13870
728,1449,17160,13788
733,1442,17286,13886
730,1441,17268,13880
735,1453,17294,13886
731,1444,17272,13869
734,1471,17267,13794
731,1419,17308,13923
733,1459,17267,13873
730,1450,17238,13861
734,1449,17306,13868
727,1458,17159,13745
731,1440,17295,13909
729,1437,17235,13862
730,1452,17248,13858
729,1433,17227,13853
728,1453,17168,13783
732,1424,17306,13930
729,1457,17218,13808
730,1438,17257,13849
731,1430,17305,13917
729,1447,17197,13807
732,1427,17330,13942
728,1450,17193,13798
728,1451,17191,13811
732,1435,17331,13915
730,1451,17232,13814
733,1420,17337,13956
732,1456,17200,13792
731,1441,17257,13869
733,1451,17295,13877
730,1449,17259,13847
733,1439,17343,13964
729,1459,17172,13758
729,1441,17228,13857
730,1450,17228,13834
729,1440,17234,13862
733,1436,17315,13921
730,1444,17235,13836
729,1437,17239,13845
730,1451,17252,13871
729,1451,17179,13804
731,1428,17273,13910
728,1458,17189,13796
730,1446,17257,13844
729,1440,17229,13827
729,1449,17256,13838
736,1442,17344,13922
728,1462,17148,13761
730,1434,17270,13900
730,1451,17260,13870
731,1447,17262,13855
729,1410,17247,13862
727,1461,17195,13787
731,1442,17266,13878
731,1444,17260,13872
730,1451,17226,13844
731,1445,17256,13851
728,1462,17172,13752
731,1440,17285,13901
731,1446,17266,13872
733,1447,17245,13847
730,1432,17248,13863
727,1462,17145,13753
731,1439,17281,13883
731,1433,17294,13894
731,1446,17282,13842
732,1444,17266,13855
726,1458,17107,13730
731,1432,17289,13906
730,1454,17227,13820
731,1443,17268,13869
731,1450,17240,13846
728,1460,17186,13787
731,1436,17291,13925
728,1457,17166,13786
730,1427,17279,13900
730,1439,17245,13864
729,1445,17234,13837
732,1434,17332,13941
737,1472,17340,13899
739,1457,17378,13935
734,1459,17264,13866
730,1450,17219,13845
735,1438,17339,13913
729,1451,17211,13801
730,1452,17281,13854
731,1442,17245,13854
728,1449,17151,13793
732,1424,17322,13929
729,1446,17209,13810
730,1453,17232,13834
730,1444,17241,13843
728,1445,17205,13829
732,1440,17325,13942
728,1457,17187,13805
729,1460,17182,13817
731,1444,17236,13862
729,1458,17230,13822
730,1431,17292,13899
726,1449,17124,13760
733,1436,17326,13934
729,1438,17199,13828
730,1435,17248,13857
733,1426,17319,13923
727,1461,17154,13750
733,1437,17359,13941
730,1445,17218,13825
728,1457,17176,13778
729,1443,17201,13833
727,1453,17146,13746
732,1431,17321,13917
730,1443,17239,13843
730,1443,17252,13854
730,1447,17219,13820
727,1453,17117,13730
733,1446,17298,13880
730,1438,17231,13866
733,1441,17294,13879
731,1440,17253,13871
727,1454,17108,13709
731,1445,17275,13881
729,1439,17230,13854
736,1473,17290,13857
731,1440,17273,13857
728,1458,17196,13770
730,1444,17314,13886
729,1454,17229,13848
729,1453,17214,13828
731,1438,17264,13882
729,1457,17200,13796
732,1443,17333,13917
729,1456,17200,13809
729,1439,17222,13830
731,1434,17265,13899
729,1460,17195,13819
732,1426,17290,13913
727,1453,17139,13761
731,1436,17278,13869
732,1433,17310,13908
730,1446,17229,13844
732,1428,17310,13928
728,1451,17153,13783
732,1444,17275,13887
730,1447,17232,13839
729,1439,17254,13858
740,1446,17402,13959
729,1450,17210,13828
730,1457,17225,13808
730,1451,17237,13862
730,1441,17239,13844
733,1431,17379,13967
728,1449,17178,13810
731,1453,17241,13820
729,1440,17222,13829
728,1446,17166,13779
733,1433,17309,13909
726,1449,17138,13758
731,1447,17309,13886
729,1454,17217,13826
731,1447,17261,13862
732,1442,17278,13872
727,1456,17146,13780
731,1443,17302,13906
729,1447,17223,13824
730,1457,17243,13831
732,1443,17321,13896
727,1459,17142,13769
730,1438,17275,13899
731,1441,17234,13863
729,1445,17208,13817
732,1439,17332,13904
727,1462,17137,13754
732,1427,17323,13934
729,1454,17228,13836
728,1457,17193,13816
731,1444,17277,13900
728,1451,17120,13714
732,1435,17322,13933
731,1438,17250,13854
728,1454,17209,13805
730,1441,17257,13864
726,1459,17104,13721
731,1423,17296,13910
730,1432,17235,13834
732,1453,17231,13842
732,1448,17312,13896
727,1441,17153,13772
732,1428,17301,13922
728,1462,17143,13747
729,1449,17235,13832
731,1430,17301,13904
727,1445,17150,13774
731,1439,17288,13890
729,1447,17228,13846
730,1455,17207,13832
730,1454,17236,13851
729,1454,17198,13812
733,1431,17356,13948
740,1460,17429,13982
741,1456,17435,14011
743,1464,17577,14135
735,1463,17296,13866
734,1438,17365,13944
727,1456,17168,13769
730,1444,17252,13851
732,1424,17312,13895
730,1456,17236,13845
733,1424,17331,13965
727,1460,17135,13751
732,1441,17298,13891
729,1450,17222,13803
731,1444,17276,13873
737,1455,17389,13944
727,1450,17147,13766
731,1435,17242,13855
729,1451,17219,13847
729,1459,17188,13822
730,1436,17271,13870
729,1446,17185,13790
732,1442,17280,13875
729,1452,17224,13844
731,1457,17244,13854
731,1438,17256,13839
727,1460,17135,13727
732,1428,17312,13906
730,1454,17271,13849
730,1440,17234,13833
733,1441,17272,13853
726,1465,17125,13730
732,1422,17335,13923
731,1454,17266,13854
729,1439,17201,13815
730,1446,17237,13849
727,1463,17148,13758
730,1443,17228,13864
730,1449,17237,13864
731,1467,17263,13912
731,1433,17267,13857
727,1455,17161,13757
731,1443,17285,13906
729,1456,17198,13804
732,1445,17233,13835
731,1448,17263,13857
728,1468,17176,13779
732,1442,17317,13907
728,1454,17213,13775
730,1439,17260,13874
729,1447,17238,13853
727,1452,17153,13772
733,1432,17343,13930
726,1449,17201,13808
729,1442,17219,13840
731,1432,17308,13904
728,1460,17160,13777
734,1436,17367,13998
727,1448,17136,13761
728,1450,17183,13799
729,1450,17227,13836
729,1454,17204,13834
734,1439,17342,13922
728,1462,17182,13780
730,1451,17223,13843
729,1458,17230,13841
730,1442,17246,13848
732,1426,17342,13935
728,1463,17190,13788
730,1459,17205,13804
729,1440,17213,13838
730,1441,17230,13871
740,1460,17445,13999
728,1455,17180,13764
732,1439,17272,13906
729,1440,17226,13833
731,1439,17263,13861
732,1447,17270,13850
726,1460,17113,13744
731,1449,17273,13879
731,1448,17252,13852
729,1447,17206,13814
731,1438,17269,13896
726,1462,17108,13717
731,1437,17253,13884
730,1437,17242,13860
731,1452,17258,13871
731,1444,17256,13862
727,1461,17142,13735
731,1427,17284,13911
730,1444,17257,13883
729,1453,17199,13824
734,1443,17372,13956
733,1478,17251,13791
732,1437,17293,13901
731,1446,17249,13844
729,1454,17228,13827
730,1442,17230,13852
728,1460,17173,13792
733,1428,17330,13954
729,1458,17233,13821
729,1449,17213,13826
730,1448,17242,13867
728,1456,17174,13781
735,1445,17314,13907
728,1447,17193,13810
735,1473,17294,13858
737,1457,17354,13906
727,1448,17167,13763
733,1432,17336,13954
725,1451,17127,13770
730,1452,17233,13858
730,1449,17239,13833
731,1453,17275,13866
733,1441,17323,13911
728,1449,17211,13813
730,1443,17242,13859
730,1443,17227,13841
728,1443,17188,13811
733,1430,17329,13949
728,1462,17173,13766
732,1439,17299,13896
734,1456,17298,13867
728,1457,17193,13801
732,1428,17320,13949
728,1465,17172,13765
731,1447,17268,13870
734,1443,17310,13863
731,1454,17271,13859
732,1441,17280,13883
727,1460,17167,13763
730,1426,17268,13891
730,1446,17241,13836
730,1445,17244,13843
732,1427,17311,13935
726,1454,17128,13722
732,1438,17294,13909
732,1449,17246,13835
728,1445,17172,13799
737,1447,17340,13918
727,1469,17146,13718
731,1431,17281,13896
730,1450,17259,13881
728,1449,17206,13812
730,1443,17219,13848
727,1453,17128,13738
731,1438,17308,13903
730,1440,17277,13867
729,1443,17241,13822
731,1446,17283,13890
726,1453,17106,13723
731,1437,17269,13885
730,1450,17240,13840
731,1443,17264,13864
731,1439,17249,13869
728,1450,17179,13780
732,1445,17295,13907
728,1453,17179,13816
728,1419,17196,13809
729,1445,17226,13832
731,1462,17280,13856
732,1431,17270,13885
729,1447,17211,13819
733,1442,17297,13892
728,1458,17199,13837
730,1455,17239,13850
734,1447,17344,13935
730,1449,17241,13845
731,1444,17271,13856
730,1447,17231,13822
727,1453,17169,13807
740,1450,17429,14003
729,1490,17196,13795
729,1444,17234,13828
730,1441,17252,13851
729,1447,17224,13827
737,1422,17348,13975
727,1459,17156,13779
728,1445,17179,13786
730,1454,17244,13858
729,1447,17222,13820
729,1420,17302,13924
727,1456,17151,13752
731,1450,17257,13885
730,1444,17236,13868
727,1445,17167,13756
731,1442,17302,13899
727,1461,17166,13758
732,1451,17328,13920
730,1444,17256,13858
729,1429,17194,13881
730,1442,17240,13846
730,1468,17220,13819
731,1457,17277,13862
731,1441,17265,13878
728,1461,17220,13813
731,1440,17275,13892
728,1459,17170,13774
730,1442,17254,13867
731,1448,17257,13861
731,1440,17281,13865
739,1461,17407,13955
729,1467,17159,13744
731,1432,17289,13914
730,1448,17225,13841
731,1449,17251,13841
731,1448,17268,13874
732,1471,17196,13753
731,1434,17320,13909
734,1449,17291,13879
730,1455,17215,13846
730,1446,17249,13881
729,1450,17171,13754
733,1431,17327,13916
728,1454,17167,13756
731,1444,17275,13878
731,1443,17236,13865
728,1463,17151,13784
732,1434,17298,13906
727,1455,17146,13764
730,1449,17243,13840
731,1452,17256,13852
728,1457,17182,13774
731,1429,17298,13909
728,1457,17165,13791
727,1450,17189,13808
731,1437,17265,13872
728,1440,17204,13802
732,1435,17364,13949
729,1440,17220,13847
728,1454,17182,13815
730,1435,17233,13866
729,1464,17198,13782
733,1436,17362,13956
728,1465,17177,13803
729,1451,17231,13820
728,1447,17178,13779
732,1443,17293,13893
736,1451,17343,13927
727,1453,17129,13761
729,1444,17224,13816
729,1446,17233,13830
730,1444,17192,13790
731,1439,17292,13911
732,1451,17188,13782
732,1436,17307,13917
731,1451,17258,13839
733,1448,17333,13860
734,1451,17314,13879
726,1460,17130,13742
731,1439,17272,13878
730,1437,17248,13852
730,1451,17232,13853
733,1446,17327,13904
725,1451,17087,13699
731,1438,17307,13905
732,1451,17255,13854
728,1430,17175,13852
732,1434,17296,13925
727,1458,17111,13724
731,1441,17303,13882
731,1448,17255,13846
729,1456,17187,13804
729,1452,17233,13854
727,1453,17124,13750
731,1438,17310,13913
731,1442,17275,13877
730,1446,17245,13836
732,1438,17323,13907
729,1454,17191,13775
731,1443,17293,13912
727,1452,17158,13791
731,1442,17262,13855
730,1442,17254,13850
729,1450,17203,13831
732,1436,17319,13944
728,1450,17174,13781
729,1439,17209,13821
733,1433,17324,13935
728,1460,17160,13777
733,1448,17336,13936
728,1443,17187,13784
729,1494,17187,13806
730,1446,17250,13871
728,1454,17167,13812
733,1429,17335,13944
729,1450,17203,13821
733,1462,17281,13836
731,1441,17270,13858
728,1451,17170,13771
733,1424,17328,13952
728,1457,17156,13754
729,1440,17249,13854
733,1449,17293,13846
729,1444,17200,13834
732,1424,17314,13923
731,1472,17187,13761
730,1446,17240,13843
728,1449,17186,13818
730,1445,17221,13846
731,1442,17280,13870
727,1459,17167,13772
730,1439,17249,13873
730,1452,17241,13866
728,1432,17189,13819
731,1450,17288,13896
728,1466,17155,13769
732,1432,17330,13927
730,1433,17282,13864
730,1441,17244,13873
730,1450,17245,13854
726,1461,17110,13752
732,1431,17322,13927
731,1437,17272,13852
728,1455,17174,13799
733,1434,17321,13917
726,1450,17118,13743
729,1440,17246,13877
728,1458,17184,13804
728,1456,17190,13797
730,1447,17283,13855
727,1462,17126,13735
730,1434,17257,13865
728,1445,17202,13825
729,1451,17215,13831
730,1435,17267,13869
728,1464,17177,13767
731,1438,17297,13887
729,1451,17204,13803
728,1451,17196,13800
730,1441,17246,13874
728,1451,17148,13786
733,1433,17356,13949
729,1456,17197,13800
730,1453,17208,13817
730,1435,17271,13879
728,1456,17180,13803
732,1427,17303,13916
728,1454,17170,13784
729,1450,17212,13837
730,1450,17264,13855
728,1464,17209,13809
733,1437,17343,13941
729,1459,17213,13814
729,1461,17164,13779
731,1443,17253,13875
728,1457,17182,13770
732,1429,17357,13975
728,1459,17188,13782
733,1438,17304,13904
739,1462,17389,13964
731,1454,17190,13777
732,1444,17331,13935
726,1472,17133,13725
733,1426,17316,13929
737,1471,17360,13893
729,1456,17192,13815
729,1447,17199,13820
727,1455,17138,13753
730,1442,17244,13858
731,1442,17299,13890
728,1452,17195,13799
730,1448,17251,13860
728,1449,17181,13784
730,1442,17266,13891
731,1451,17246,13841
730,1441,17245,13842
729,1440,17238,13832
727,1470,17167,13736
731,1436,17281,13880
730,1442,17238,13859
731,1465,17208,13806
730,1451,17268,13878
726,1463,17130,13711
732,1435,17317,13925
740,1471,17451,13989
732,1461,17249,13839
730,1437,17239,13866
728,1463,17157,13766
731,1447,17280,13881
728,1453,17210,13811
730,1434,17247,13849
732,1455,17272,13867
728,1462,17190,13794
731,1446,17252,13861
728,1450,17179,13776
730,1445,17245,13857
730,1443,17271,13861
729,1452,17233,13817
732,1452,17284,13878
730,1458,17203,13816
729,1438,17214,13827
730,1444,17285,13873
729,1449,17214,13823
732,1436,17315,13938
728,1463,17184,13789
730,1449,17232,13861
729,1446,17200,13824
730,1445,17232,13854
732,1416,17303,13927
727,1451,17169,13771
729,1456,17217,13827
730,1446,17226,13846
727,1451,17158,13789
731,1422,17271,13901
728,1458,17181,13787
734,1466,17290,13839
730,1455,17266,13855
729,1448,17207,13802
731,1433,17276,13912
730,1461,17224,13830
730,1442,17268,13883
729,1444,17215,13820
728,1456,17204,13804
731,1433,17288,13895
730,1471,17194,13761
731,1443,17262,13879
729,1459,17207,13827
729,1448,17219,13827
729,1447,17227,13838
728,1461,17167,13746
731,1447,17264,13854
729,1447,17193,13797
731,1435,17233,13865
729,1447,17202,13830
727,1459,17143,13764
730,1431,17266,13880
731,1429,17290,13895
729,1454,17197,13769
730,1453,17253,13850
725,1459,17069,13684
731,1435,17266,13882
731,1433,17281,13881
729,1467,17221,13805
731,1435,17275,13897
728,1451,17163,13774
732,1439,17300,13921
728,1448,17166,13775
730,1451,17240,13832
729,1448,17212,13827
727,1459,17184,13777
731,1425,17290,13892
728,1448,17199,13816
731,1447,17247,13864
731,1442,17261,13857
729,1441,17207,13813
734,1430,17325,13903
728,1464,17198,13784
733,1449,17316,13894
743,1449,17568,14149
734,1463,17251,13812
731,1432,17311,13921
728,1456,17189,13789
730,1451,17248,13841
732,1444,17247,13826
729,1460,17207,13816
733,1443,17337,13926
730,1459,17210,13826
728,1451,17180,13813
730,1451,17231,13847
730,1442,17238,13840
731,1433,17282,13897
728,1451,17173,13785
730,1441,17236,13850
730,1447,17250,13864
728,1448,17201,13816
731,1451,17291,13891
729,1466,17193,13786
733,1436,17358,13930
730,1439,17199,13824
727,1460,17171,13796
731,1436,17272,13901
726,1449,17115,13708
732,1433,17311,13902
730,1451,17231,13828
730,1448,17235,13848
731,1442,17239,13843
727,1441,17130,13748
731,1431,17270,13882
729,1444,17206,13830
732,1449,17284,13883
731,1439,17286,13872
727,1448,17139,13762
733,1437,17289,13867
730,1442,17255,13879
729,1459,17215,13843
731,1449,17255,13865
728,1455,17167,13749
734,1436,17366,13961
733,1458,17272,13846
729,1448,17216,13830
731,1444,17229,13828
729,1460,17220,13824
731,1440,17310,13914
728,1462,17163,13764
731,1431,17278,13892
744,1461,17574,14130
727,1462,17152,13766
730,1436,17258,13885
727,1430,17155,13766
732,1428,17318,13911
743,1456,17505,14049
737,1474,17330,13895
746,1461,17625,14176
729,1450,17163,13801
730,1447,17242,13836
730,1448,17258,13875
728,1460,17225,13827
733,1433,17357,13943
728,1445,17169,13804
730,1452,17239,13855
730,1460,17227,13817
729,1461,17207,13795
733,1435,17357,13959
727,1451,17166,13796
731,1437,17261,13854
730,1448,17235,13821
729,1462,17163,13798
731,1442,17285,13884
727,1439,17154,13787
731,1454,17310,13901
731,1445,17253,13879
730,1446,17222,13836
732,1429,17312,13935
727,1447,17122,13741
732,1449,17304,13902
729,1446,17221,13828
728,1440,17196,13792
733,1447,17340,13920
726,1449,17118,13722
730,1445,17274,13890
731,1448,17217,13816
729,1447,17204,13810
731,1447,17296,13865
727,1460,17129,13727
731,1436,17271,13881
730,1439,17233,13830
729,1455,17206,13835
729,1446,17207,13815
727,1462,17138,13760
731,1445,17298,13889
730,1435,17235,13852
730,1452,17228,13819
730,1434,17258,13867
727,1466,17118,13734
732,1436,17312,13919
729,1440,17232,13835
729,1431,17254,13851
731,1448,17275,13883
728,1456,17161,13779
732,1427,17303,13937
729,1452,17188,13788
731,1436,17292,13905
729,1442,17262,13858
729,1445,17195,13810
733,1432,17332,13932
730,1459,17210,13825
730,1445,17230,13850
731,1443,17263,13892
729,1447,17202,13818
733,1430,17370,13966
729,1464,17200,13801
730,1451,17214,13835
730,1448,17210,13814
728,1451,17195,13831
733,1426,17336,13928
728,1462,17185,13799
729,1453,17232,13825
730,1450,17267,13858
730,1436,17238,13832
731,1432,17301,13898
728,1466,17160,13771
730,1448,17254,13856
729,1446,17248,13842
729,1448,17205,13806
732,1429,17316,13907
727,1458,17167,13773
730,1448,17234,13838
730,1450,17218,13834
728,1448,17192,13794
734,1440,17324,13900
727,1459,17131,13758
733,1438,17303,13898
730,1441,17233,13838
728,1444,17188,13792
731,1438,17277,13875
729,1450,17188,13792
730,1440,17288,13871
731,1445,17297,13880
729,1458,17211,13842
730,1431,17224,13868
725,1474,17060,13686
732,1429,17322,13921
732,1463,17278,13857
729,1442,17188,13820
729,1431,17277,13887
728,1459,17159,13770
732,1441,17282,13882
730,1439,17260,13882
729,1452,17223,13852
734,1437,17331,13909
729,1442,17196,13811
732,1447,17293,13887
729,1440,17209,13831
729,1446,17214,13835
730,1442,17233,13845
728,1467,17187,13789
732,1447,17300,13880
729,1450,17212,13815
726,1445,17155,13808
731,1441,17278,13887
731,1473,17208,13786
732,1436,17341,13943
731,1465,17227,13799
729,1443,17216,13840
731,1440,17273,13866
727,1452,17165,13783
732,1434,17342,13972
727,1456,17148,13764
729,1451,17193,13786
731,1459,17269,13852
729,1457,17186,13781
733,1424,17359,13962
734,1467,17240,13790
728,1459,17180,13793
730,1445,17252,13859
729,1441,17191,13790
734,1427,17395,14009
728,1445,17182,13769
730,1447,17242,13857
731,1451,17240,13831
728,1460,17169,13802
732,1445,17316,13916
727,1446,17170,13753
731,1445,17256,13872
732,1455,17301,13907
732,1455,17231,13821
730,1431,17256,13864
726,1454,17135,13747
730,1447,17274,13896
730,1438,17255,13856
731,1448,17244,13844
731,1439,17273,13891
726,1461,17133,13749
732,1434,17304,13930
730,1442,17269,13875
733,1443,17310,13901
733,1453,17313,13874
727,1476,17173,13762
731,1442,17265,13882
731,1440,17232,13844
730,1444,17211,13830
730,1444,17251,13838
726,1463,17141,13718
729,1452,17224,13838
731,1427,17300,13911
731,1453,17227,13826
730,1455,17233,13836
727,1471,17133,13750
732,1431,17270,13880
729,1450,17228,13819
731,1428,17303,13921
731,1450,17271,13888
728,1450,17168,13782
731,1430,17267,13892
729,1456,17213,13813
735,1467,17288,13847
733,1454,17291,13851
729,1465,17214,13790
731,1441,17277,13895
729,1450,17187,13823
729,1443,17220,13840
730,1442,17255,13853
730,1446,17238,13834
732,1432,17308,13915
728,1464,17188,13781
729,1453,17197,13822
732,1439,17266,13893
729,1442,17195,13825
732,1435,17317,13935
731,1456,17200,13816
728,1450,17200,13833
730,1442,17228,13837
729,1456,17204,13814
730,1438,17267,13893
730,1456,17216,13823
728,1423,17209,13803
732,1433,17309,13912
730,1447,17218,13795
731,1452,17268,13880
727,1456,17133,13750
732,1431,17318,13938
736,1466,17333,13885
730,1445,17247,13835
730,1438,17256,13882
727,1462,17133,13742
732,1437,17315,13915
730,1437,17234,13845
729,1447,17204,13814
737,1454,17350,13914
728,1462,17156,13718
731,1435,17274,13889
730,1456,17238,13837
730,1436,17247,13873
730,1433,17243,13871
727,1450,17119,13702
733,1427,17347,13956
730,1449,17264,13852
731,1444,17261,13865
731,1439,17253,13859
727,1455,17139,13764
732,1446,17285,13875
729,1438,17240,13844
731,1451,17293,13885
732,1439,17290,13876
729,1448,17204,13800
732,1444,17306,13916
729,1443,17203,13829
728,1439,17194,13814
733,1450,17296,13894
728,1451,17207,13800
733,1432,17354,13954
728,1449,17163,13771
729,1438,17213,13824
732,1433,17278,13904
727,1436,17171,13779
734,1446,17349,13949
729,1439,17201,13809
731,1454,17262,13823
729,1436,17241,13848
728,1449,17154,13797
732,1430,17320,13959
727,1440,17172,13766
733,1437,17315,13911
729,1456,17200,13800
729,1448,17190,13799
733,1425,17309,13917
726,1449,17086,13701
730,1455,17217,13833
735,1462,17318,13881
730,1457,17217,13801
732,1425,17307,13916
727,1462,17114,13705
733,1454,17279,13850
729,1453,17198,13812
729,1445,17215,13831
732,1440,17269,13858
728,1457,17187,13779
731,1443,17299,13894
730,1450,17229,13841
729,1443,17215,13840
730,1432,17275,13896
727,1461,17168,13769
732,1439,17334,13935
731,1455,17239,13853
728,1450,17200,13792
731,1437,17290,13910
727,1473,17110,13697
730,1438,17251,13860
729,1440,17212,13847
732,1442,17279,13892
730,1445,17239,13834
726,1468,17109,13729
732,1432,17313,13941
730,1438,17212,13832
729,1449,17192,13821
732,1437,17319,13913
728,1459,17144,13725
731,1444,17292,13878
729,1438,17223,13856
730,1451,17241,13854
730,1436,17247,13863
730,1472,17178,13746
733,1432,17349,13948
727,1457,17157,13775
728,1447,17219,13825
725,1442,17220,13852
728,1458,17157,13785
732,1439,17303,13891
727,1464,17155,13767
730,1437,17289,13867
731,1443,17270,13874
730,1446,17196,13795
733,1434,17313,13925
728,1452,17171,13795
729,1466,17211,13820
729,1439,17220,13845
729,1449,17205,13794
733,1431,17344,13931
728,1459,17181,13804
726,1439,17145,13799
728,1448,17191,13812
732,1453,17277,13868
735,1437,17386,13951
731,1440,17229,13799
730,1455,17206,13794
729,1442,17226,13824
729,1456,17206,13826
733,1443,17287,13866
727,1457,17140,13765
730,1439,17271,13860
730,1429,17263,13883
729,1451,17179,13797
731,1434,17264,13890
725,1447,17092,13721
731,1439,17277,13885
733,1457,17272,13836
728,1452,17206,13800
731,1392,17317,13902
726,1466,17101,13731
731,1437,17249,13860
730,1451,17250,13852
731,1438,17264,13852
730,1446,17265,13861
726,1452,17109,13715
730,1446,17260,13870
730,1444,17234,13852
728,1453,17178,13810
730,1444,17233,13845
729,1460,17133,13724
732,1432,17321,13915
729,1444,17223,13814
728,1458,17181,13807
731,1435,17270,13889
736,1476,17271,13839
733,1451,17316,13891
728,1450,17187,13801
730,1432,17280,13866
731,1431,17299,13899
728,1463,17169,13765
732,1444,17302,13926
727,1458,17134,13765
732,1444,17284,13890
731,1431,17291,13867
728,1465,17178,13787
732,1427,17300,13921
727,1458,17162,13767
729,1439,17226,13850
729,1434,17230,13871
730,1451,17213,13843
733,1445,17340,13925
728,1453,17159,13755
731,1453,17245,13851
732,1454,17250,13842
726,1471,17138,13761
730,1429,17271,13905
728,1445,17183,13780
731,1450,17277,13860
730,1445,17273,13852
729,1454,17224,13831
733,1422,17326,13962
728,1444,17192,13810
729,1450,17211,13802
730,1454,17257,13845
732,1474,17222,13798
732,1430,17314,13920
727,1446,17162,13768
730,1452,17258,13863
729,1448,17222,13843
727,1452,17152,13787
731,1440,17296,13886
727,1455,17126,13719
730,1444,17233,13850
729,1448,17212,13830
728,1451,17163,13793
730,1433,17280,13888
726,1467,17133,13720
730,1446,17291,13885
732,1441,17287,13898
730,1443,17212,13830
730,1429,17263,13888
725,1467,17067,13705
733,1434,17334,13935
729,1432,17232,13828
729,1449,17207,13834
732,1446,17310,13920
725,1460,17089,13694
731,1445,17275,13905
731,1443,17255,13884
728,1434,17201,13808
732,1441,17315,13903
728,1471,17134,13729
730,1442,17257,13867
729,1440,17222,13839
729,1452,17192,13826
729,1449,17249,13850
728,1454,17168,13761
732,1433,17309,13913
729,1463,17208,13791
728,1450,17187,13806
728,1451,17188,13805
727,1457,17128,13749
735,1424,17382,13972
727,1454,17176,13767
730,1446,17249,13874
735,1458,17304,13876
728,1436,17192,13801
732,1434,17286,13899
727,1463,17150,13759
729,1453,17227,13834
730,1461,17246,13831
731,1451,17214,13790
732,1422,17325,13913
727,1448,17143,13754
729,1452,17207,13838
731,1447,17260,13859
728,1458,17178,13775
731,1431,17317,13927
729,1448,17197,13788
728,1457,17168,13784
731,1450,17228,13840
728,1455,17187,13789
731,1447,17312,13907
729,1467,17204,13791
730,1446,17242,13849
729,1454,17231,13841
731,1436,17251,13869
729,1451,17247,13864
725,1467,17121,13734
731,1435,17256,13888
730,1435,17260,13859
730,1451,17219,13846
732,1439,17299,13926
731,1474,17182,13748
730,1445,17234,13862
730,1427,17249,13857
728,1462,17207,13813
732,1419,17322,13928
727,1466,17118,13707
731,1441,17281,13897
731,1455,17226,13829
731,1439,17257,13879
731,1426,17283,13882
728,1462,17150,13723
730,1433,17265,13872
735,1452,17322,13883
727,1459,17151,13758
730,1440,17242,13862
732,1459,17211,13769
732,1443,17279,13873
728,1450,17200,13804
729,1453,17192,13812
729,1434,17224,13825
728,1446,17187,13797
733,1433,17334,13956
728,1466,17175,13746
729,1458,17208,13816
730,1444,17254,13833
728,1449,17190,13759
731,1444,17302,13916
727,1442,17154,13767
730,1442,17223,13853
729,1447,17246,13830
730,1459,17247,13850
732,1445,17297,13908
727,1455,17171,13762
728,1454,17182,13794
732,1437,17302,13892
728,1454,17176,13786
732,1448,17296,13916
729,1459,17210,13808
730,1433,17236,13834
732,1455,17253,13828
729,1457,17178,13805
731,1431,17295,13922
727,1457,17146,13744
731,1434,17282,13899
730,1459,17227,13825
730,1451,17239,13808
730,1438,17283,13880
728,1453,17181,13812
731,1434,17252,13850
729,1437,17230,13838
728,1465,17195,13793
730,1435,17249,13886
726,1451,17114,13698
731,1446,17249,13852
728,1438,17195,13821
729,1441,17205,13832
730,1439,17231,13845
727,1454,17150,13786
731,1448,17272,13870
730,1449,17228,13833
729,1447,17211,13818
731,1446,17238,13850
728,1468,17191,13782
731,1438,17291,13902
731,1451,17277,13864
732,1430,17292,13887
730,1447,17246,13854
727,1472,17138,13760
730,1441,17249,13869
729,1440,17237,13855
726,1445,17212,13836
734,1457,17300,13855
728,1466,17181,13788
733,1436,17283,13874
728,1446,17180,13805
729,1459,17188,13793
735,1437,17329,13955
728,1458,17175,13763
733,1426,17356,13958
727,1454,17138,13738
730,1438,17268,13873
731,1451,17282,13896
729,1461,17206,13817
731,1433,17298,13902
728,1447,17203,13790
731,1444,17274,13834
729,1449,17214,13828
729,1459,17191,13836
734,1439,17331,13917
727,1450,17166,13769
729,1450,17200,13787
729,1447,17211,13845
728,1455,17174,13780
733,1431,17325,13935
727,1456,17131,13717
728,1457,17182,13792
729,1438,17203,13806
729,1454,17203,13793
731,1442,17295,13910
727,1469,17132,13756
730,1443,17232,13848
729,1441,17212,13850
729,1458,17198,13802
733,1430,17333,13935
727,1454,17159,13759
733,1438,17350,13935
730,1456,17217,13815
729,1444,17209,13803
731,1434,17265,13879
729,1470,17165,13751
731,1444,17291,13885
730,1440,17256,13866
730,1440,17228,13840
731,1440,17274,13906
725,1461,17075,13704
731,1443,17253,13878
730,1445,17236,13861
730,1453,17238,13842
730,1450,17221,13846
726,1458,17102,13713
732,1434,17310,13906
730,1452,17223,13847
729,1444,17229,13831
731,1452,17247,13864
728,1453,17215,13813
733,1442,17315,13881
730,1451,17259,13852
730,1442,17240,13862
730,1451,17223,13865
729,1445,17195,13793
732,1437,17332,13928
732,1459,17227,13813
730,1455,17236,13847
729,1437,17229,13837
727,1449,17150,13765
731,1446,17278,13902
728,1461,17160,13765
730,1439,17205,13792
731,1436,17251,13863
729,1459,17193,13810
732,1416,17337,13941
727,1458,17131,13764
730,1434,17229,13837
729,1444,17236,13832
729,1450,17238,13837
733,1433,17333,13934
728,1448,17166,13777
729,1447,17206,13832
728,1449,17197,13816
728,1449,17211,13825
733,1425,17374,13980
727,1460,17143,13754
730,1453,17236,13827
729,1442,17216,13818
729,1469,17193,13818
731,1430,17249,13885
729,1448,17198,13809
731,1442,17287,13886
729,1453,17229,13852
728,1455,17178,13796
732,1426,17297,13915
729,1465,17186,13802
731,1442,17279,13881
728,1449,17221,13823
730,1456,17225,13816
732,1449,17296,13879
729,1453,17200,13793
731,1442,17271,13886
729,1440,17214,13833
728,1467,17174,13770
730,1436,17301,13899
730,1472,17167,13741
732,1446,17309,13902
730,1452,17241,13853
735,1456,17294,13865
731,1435,17272,13880
728,1459,17145,13765
731,1439,17305,13897
729,1437,17239,13861
730,1439,17233,13848
729,1448,17213,13823
728,1465,17175,13790
742,1447,17531,13995
728,1436,17195,13804
730,1459,17253,13836
732,1492,17296,13870
727,1449,17161,13764
731,1446,17272,13884
728,1437,17167,13769
731,1447,17293,13872
730,1451,17260,13860
730,1448,17200,13831
731,1436,17290,13902
729,1450,17194,13822
736,1455,17337,13861
730,1449,17238,13852
728,1457,17176,13802
733,1427,17348,13931
729,1463,17204,13797
729,1445,17210,13816
729,1443,17219,13819
732,1435,17251,13896
735,1441,17358,13926
729,1450,17196,13786
730,1449,17235,13833
729,1452,17245,13841
729,1448,17209,13818
733,1429,17332,13958
727,1452,17135,13731
732,1443,17305,13903
729,1447,17252,13849
734,1442,17262,13840
731,1442,17291,13892
728,1454,17180,13797
733,1443,17283,13865
732,1437,17252,13872
728,1442,17178,13795
732,1451,17300,13877
728,1445,17168,13782
732,1438,17296,13913
730,1447,17247,13864
729,1455,17215,13828
730,1436,17276,13894
726,1464,17115,13737
731,1440,17289,13887
731,1436,17295,13874
732,1441,17280,13892
732,1416,17282,13912
726,1489,17085,13700
732,1435,17320,13921
730,1457,17273,13843
736,1455,17439,13945
732,1422,17312,13911
728,1467,17181,13750
732,1442,17268,13884
729,1452,17212,13842
730,1454,17245,13872
731,1450,17279,13876
731,1438,17254,13868
731,1442,17283,13885
730,1463,17228,13832
729,1444,17211,13830
735,1436,17326,13940
730,1455,17219,13821
737,1452,17461,13969
730,1447,17227,13816
733,1436,17307,13925
731,1442,17248,13857
730,1446,17223,13845
733,1421,17370,13965
739,1438,17533,13978
730,1417,17274,13887
745,1451,17597,14156
733,1443,17313,13907
744,1447,17541,14104
743,1447,17531,14097
729,1451,17210,13848
741,1434,17604,13990
729,1453,17219,13827
736,1438,17416,14023
731,1455,17238,13837
739,1443,17505,13941
730,1450,17263,13847
729,1450,17208,13803
732,1426,17345,13941
729,1447,17231,13819
737,1441,17445,13956
735,1435,17407,13932
729,1454,17217,13835
732,1440,17318,13913
730,1463,17238,13827
733,1446,17308,13879
732,1442,17287,13899
730,1447,17232,13852
731,1430,17261,13884
728,1460,17180,13798
734,1435,17378,13983
733,1449,17310,13883
730,1439,17244,13865
733,1443,17318,13944
734,1455,17251,13811
731,1437,17281,13912
731,1436,17287,13889
731,1439,17268,13882
731,1442,17296,13889
730,1453,17227,13807
732,1445,17311,13918
733,1459,17292,13916
730,1444,17230,13822
730,1453,17259,13840
739,1468,17473,13897
741,1441,17576,14078
734,1433,17401,13933
730,1443,17225,13837
729,1450,17224,13847
732,1440,17293,13895
737,1428,17402,14014
731,1446,17284,13886
732,1440,17311,13916
733,1445,17318,13910
729,1456,17202,13806
733,1415,17338,13939
732,1437,17310,13893
735,1436,17395,14006
735,1445,17348,13923
732,1439,17303,13898
733,1428,17340,13945
731,1453,17242,13851
731,1443,17274,13890
739,1454,17452,14002
734,1431,17374,13964
735,1444,17418,14038
733,1463,17301,13897
732,1442,17293,13898
739,1452,17499,14093
735,1435,17361,13964
739,1472,17527,14125
735,1447,17388,13963
737,1433,17431,14012
736,1429,17422,14002
740,1436,17514,14044
737,1449,17461,14077
737,1437,17423,14016
743,1439,17538,14091
738,1443,17501,14080
737,1445,17463,14016
740,1456,17518,14121
738,1448,17422,14001
740,1454,17537,14133
751,1451,17825,14203
739,1451,17522,14090
739,1445,17502,14104
739,1435,17466,14045
744,1463,17688,14187
742,1466,17590,14175
756,1443,17880,14231
749,1462,17835,14251
751,1448,17843,14203
745,1484,17670,14249
744,1477,17637,14209
748,1464,17687,14229
745,1467,17642,14223
743,1457,17589,14165
746,1491,17731,14291
745,1487,17708,14265
748,1493,17764,14290
749,1475,17747,14309
745,1471,17630,14206
749,1502,17800,14373
749,1486,17784,14322
750,1484,17815,14358
749,1492,17778,14346
751,1506,17859,14405
751,1504,17853,14415
747,1485,17714,14292
750,1495,17800,14378
760,1505,18144,14571
756,1515,17982,14494
764,1514,18318,14626
750,1493,17813,14374
753,1505,17897,14439
760,1518,18129,14544
761,1504,18179,14570
757,1503,18058,14582
756,1509,17986,14495
755,1509,17991,14503
755,1517,17973,14509
765,1512,18262,14579
757,1496,18038,14569
758,1514,18035,14545
761,1516,18128,14614
757,1528,18040,14568
757,1493,17969,14476
757,1504,18052,14585
756,1495,17965,14515
762,1519,18087,14578
758,1526,18046,14581
756,1504,18003,14535
757,1506,18036,14570
759,1518,17966,14532
759,1520,18076,14588
764,1504,18247,14630
758,1504,18059,14564
758,1514,18083,14590
756,1508,17984,14470
758,1512,18089,14581
757,1513,18016,14554
756,1503,17962,14512
756,1504,18008,14548
755,1512,17978,14494
757,1513,18048,14564
756,1526,17976,14519
756,1506,17985,14513
757,1516,17968,14515
757,1516,17998,14482
765,1506,18292,14582
755,1503,17932,14476
753,1506,17930,14447
761,1510,18229,14549
761,1502,18152,14480
751,1504,17862,14416
751,1491,17834,14404
752,1510,17898,14425
751,1494,17829,14379
751,1480,17801,14329
762,1493,18213,14475
748,1499,17767,14333
758,1484,18069,14422
751,1486,17801,14345
744,1477,17676,14254
756,1495,17884,14397
746,1472,17688,14257
746,1483,17715,14270
755,1486,17995,14361
749,1482,17791,14262
749,1495,17815,14335
742,1462,17574,14161
745,1477,17687,14233
748,1460,17711,14224
742,1466,17580,14184
746,1463,17671,14228
741,1462,17527,14130
745,1463,17692,14186
741,1463,17529,14116
741,1454,17574,14137
746,1474,17720,14249
741,1431,17562,14077
740,1446,17498,14101
741,1439,17570,14083
748,1437,17771,14148
750,1478,17885,14275
748,1460,17727,14071
738,1445,17496,14083
738,1439,17439,14049
742,1444,17621,14026
747,1458,17780,14189
743,1443,17619,14041
743,1472,17620,14171
735,1438,17374,13966
733,1444,17343,13949
735,1437,17371,13996
741,1434,17551,13985
739,1449,17501,14093
740,1448,17463,14013
733,1450,17334,13911
735,1435,17385,13984
728,1461,17180,13801
735,1431,17378,13975
731,1432,17309,13913
742,1449,17642,14032
734,1430,17349,13928
735,1452,17393,13899
736,1438,17384,13955
734,1422,17345,13965
731,1438,17288,13875
732,1434,17311,13939
731,1459,17221,13836
736,1451,17411,13961
743,1442,17675,14042
742,1457,17555,13961
732,1447,17312,13921
731,1446,17237,13849
735,1429,17387,13981
731,1446,17255,13840
733,1438,17316,13918
733,1428,17367,13957
730,1446,17241,13855
733,1443,17321,13923
730,1439,17212,13844
731,1446,17266,13874
732,1445,17315,13902
730,1445,17269,13842
733,1433,17358,13949
731,1447,17249,13863
730,1442,17233,13852
731,1449,17272,13898
728,1449,17174,13799
735,1436,17434,14015
732,1465,17235,13802
730,1444,17257,13877
732,1443,17286,13872
728,1450,17199,13835
733,1417,17340,13960
731,1445,17257,13873
731,1442,17260,13856
733,1442,17356,13934
729,1463,17161,13769
733,1424,17337,13964
728,1459,17155,13770
731,1453,17283,13874
730,1452,17249,13836
730,1431,17215,13832
733,1429,17357,13959
729,1460,17191,13782
730,1439,17268,13867
729,1452,17211,13837
731,1435,17247,13867
738,1455,17408,13951
729,1445,17216,13829
736,1450,17341,13909
728,1446,17198,13813
730,1440,17216,13855
742,1429,17639,14040
733,1449,17353,13843
732,1438,17328,13927
731,1444,17283,13869
730,1434,17251,13846
745,1455,17574,13972
727,1456,17126,13724
733,1431,17352,13944
742,1448,17564,13908
736,1435,17455,13938
731,1444,17278,13883
728,1454,17155,13768
730,1433,17256,13873
730,1440,17241,13879
730,1447,17240,13879
741,1442,17615,14008
736,1442,17430,13866
735,1427,17385,13991
735,1465,17284,13850
729,1458,17202,13827
743,1443,17667,14035
739,1453,17488,13878
745,1444,17723,14070
730,1454,17248,13837
731,1456,17265,13864
730,1449,17250,13870
729,1445,17203,13832
734,1431,17393,13974
729,1460,17225,13814
730,1449,17237,13857
729,1431,17221,13817
731,1442,17277,13869
741,1441,17461,14039
728,1460,17170,13755
728,1453,17183,13805
729,1395,17251,13845
729,1453,17233,13833
734,1423,17349,13970
727,1455,17174,13785
729,1452,17185,13806
728,1424,17267,13870
729,1451,17207,13785
733,1425,17358,13956
727,1453,17172,13752
734,1443,17319,13933
730,1456,17221,13840
728,1452,17169,13796
732,1441,17327,13922
727,1463,17163,13758
733,1424,17334,13952
730,1439,17255,13854
728,1467,17194,13800
730,1443,17247,13871
726,1445,17106,13734
733,1425,17342,13963
731,1444,17253,13883
739,1444,17514,13928
730,1439,17240,13848
735,1456,17371,13780
743,1439,17664,14097
743,1462,17592,13955
729,1450,17217,13806
733,1426,17341,13946
735,1430,17403,13843
744,1444,17636,14002
738,1443,17498,13958
735,1444,17392,13904
730,1448,17269,13847
727,1469,17163,13764
733,1430,17341,13948
739,1458,17491,13875
730,1443,17246,13863
739,1440,17513,13955
733,1449,17328,13822
737,1436,17488,13980
740,1451,17498,13878
731,1435,17268,13879
741,1428,17556,13986
738,1449,17484,13892
741,1430,17607,14023
728,1446,17183,13794
730,1453,17215,13822
732,1436,17328,13910
730,1459,17248,13813
737,1428,17492,13986
737,1442,17448,13911
735,1438,17391,13900
730,1434,17259,13854
729,1453,17219,13815
732,1427,17317,13945
728,1458,17163,13742
729,1452,17206,13823
729,1444,17201,13827
736,1448,17423,13908
733,1421,17341,13969
728,1467,17186,13765
730,1445,17242,13831
731,1446,17235,13811
729,1443,17203,13822
