2767,10000
738,1462,17446,13843
741,1475,17458,13830
730,1473,17193,13604
732,1478,17241,13633
721,1461,16956,13556
733,1456,17296,13655
730,1473,17212,13635
728,1467,17170,13633
731,1461,17185,13579
719,1457,16914,13550
722,1471,17039,13625
719,1471,16919,13519
730,1480,17210,13633
726,1462,17129,13654
732,1471,17220,13601
734,1459,17315,13731
731,1460,17191,13604
727,1471,17196,13601
732,1474,17261,13642
735,1467,17289,13676
737,1462,17321,13680
730,1472,17200,13609
735,1506,17330,13763
732,1455,17256,13660
731,1469,17237,13635
736,1465,17367,13731
732,1457,17247,13591
734,1472,17315,13724
732,1469,17229,13635
734,1477,17300,13712
735,1473,17311,13669
730,1467,17217,13614
733,1470,17289,13708
741,1446,17522,13907
731,1474,17242,13677
734,1462,17337,13771
738,1471,17304,13670
731,1470,17245,13662
733,1471,17295,13690
733,1459,17297,13695
732,1463,17278,13694
730,1470,17196,13627
732,1452,17316,13768
733,1466,17305,13705
733,1478,17286,13703
736,1470,17335,13688
732,1463,17249,13644
732,1461,17264,13679
729,1457,17221,13669
731,1470,17250,13656
734,1474,17320,13711
732,1486,17238,13620
735,1475,17327,13736
731,1464,17238,13638
733,1468,17295,13709
730,1475,17230,13674
732,1466,17211,13617
733,1472,17292,13708
731,1470,17260,13658
731,1468,17254,13676
732,1471,17258,13673
732,1469,17290,13718
733,1454,17317,13758
732,1463,17277,13690
731,1471,17244,13656
733,1468,17298,13694
733,1458,17289,13679
733,1463,17296,13704
730,1462,17198,13608
737,1463,17410,13819
742,1461,17574,13954
737,1460,17385,13753
745,1464,17631,14004
738,1472,17384,13757
738,1468,17461,13865
730,1472,17208,13634
733,1472,17280,13696
733,1460,17288,13697
732,1471,17251,13626
734,1466,17328,13745
731,1460,17230,13638
732,1478,17260,13681
730,1467,17237,13678
731,1466,17225,13628
734,1471,17319,13723
732,1465,17278,13662
733,1460,17277,13653
734,1463,17335,13744
736,1475,17255,13635
734,1472,17308,13727
730,1461,17233,13666
731,1465,17270,13669
733,1475,17282,13695
733,1480,17264,13667
733,1463,17273,13684
729,1458,17210,13666
726,1461,17093,13590
727,1484,17147,13631
731,1460,17254,13650
732,1465,17264,13692
728,1449,17190,13664
727,1466,17109,13609
725,1472,17088,13637
729,1455,17105,13551
729,1454,17217,13718
728,1465,17159,13628
728,1469,17178,13651
730,1466,17232,13726
737,1485,17302,13761
732,1468,17204,13681
728,1467,17157,13634
728,1464,17161,13628
727,1466,17143,13635
729,1455,17169,13633
741,1447,17507,13973
731,1474,17156,13618
726,1465,17110,13626
727,1452,17133,13652
737,1462,17396,13863
732,1455,17268,13767
739,1482,17354,13793
740,1469,17451,13905
736,1478,17315,13786
728,1466,17098,13577
730,1451,17241,13747
726,1454,17084,13564
732,1470,17250,13708
734,1468,17244,13710
725,1464,17081,13606
727,1456,17147,13673
727,1473,17151,13625
728,1468,17164,13637
728,1474,17157,13654
726,1461,17109,13588
727,1447,17178,13690
726,1465,17109,13602
726,1467,17108,13616
731,1462,17225,13640
731,1466,17256,13675
731,1463,17281,13730
720,1463,16941,13552
722,1471,16980,13593
721,1468,16961,13592
729,1456,17200,13665
732,1459,17247,13646
733,1464,17230,13578
726,1468,17128,13680
721,1465,16976,13592
719,1456,16914,13526
721,1469,16984,13596
718,1451,16936,13523
723,1462,17047,13635
720,1448,16932,13544
722,1456,17001,13600
725,1466,17067,13683
726,1476,17054,13639
727,1464,17122,13723
734,1484,17226,13795
733,1472,17227,13794
729,1469,17161,13742
721,1459,16979,13571
730,1482,17157,13719
722,1454,16959,13571
722,1469,17014,13610
722,1473,17007,13613
719,1473,16941,13533
722,1464,17027,13636
720,1455,16945,13563
721,1460,16972,13610
725,1478,17040,13597
721,1472,16993,13601
728,1470,17117,13667
720,1459,16928,13521
720,1469,16971,13563
720,1468,16947,13574
720,1475,16933,13546
723,1458,17022,13643
718,1472,16901,13515
722,1465,17020,13602
721,1468,16979,13576
719,1463,16891,13513
725,1447,17069,13697
720,1461,16935,13554
720,1473,16951,13542
723,1470,17031,13625
721,1469,16959,13544
724,1459,17091,13677
718,1445,16890,13510
720,1468,16947,13555
722,1485,16988,13621
720,1458,16949,13537
725,1439,17116,13716
721,1466,16941,13528
721,1470,16980,13587
726,1474,17076,13683
726,1468,17026,13615
720,1467,16943,13585
721,1463,16950,13553
722,1464,17047,13642
721,1473,16960,13582
720,1464,16934,13555
723,1471,17013,13634
719,1459,16886,13518
721,1471,16982,13589
720,1463,16953,13566
721,1470,16967,13561
721,1459,16981,13574
719,1462,16915,13589
723,1468,16988,13595
721,1465,16987,13600
721,1462,16974,13582
725,1454,17104,13672
730,1484,17118,13677
728,1478,17089,13664
721,1469,16983,13613
720,1463,16951,13585
724,1463,17076,13600
729,1469,17155,13562
726,1465,17140,13696
724,1464,17072,13638
732,1457,17251,13631
724,1459,17051,13575
731,1469,17213,13618
720,1469,16972,13581
724,1464,17043,13640
725,1456,17014,13585
732,1467,17263,13633
731,1460,17244,13655
734,1473,17274,13654
720,1462,16911,13511
723,1453,17033,13613
724,1472,17020,13585
729,1473,17190,13643
722,1454,17026,13633
729,1458,17147,13533
731,1466,17195,13598
732,1473,17235,13624
721,1466,16941,13568
722,1466,17030,13635
718,1459,16907,13522
725,1462,17056,13648
737,1482,17346,13722
738,1488,17351,13715
729,1458,17179,13773
726,1462,17076,13658
734,1472,17273,13823
719,1462,17025,13600
731,1471,17203,13595
733,1473,17260,13667
719,1466,16924,13539
732,1466,17237,13605
721,1470,16987,13577
738,1474,17360,13713
734,1477,17247,13798
720,1455,16921,13528
722,1469,17023,13630
721,1466,16974,13585
719,1463,16910,13532
721,1454,16987,13576
720,1469,16924,13529
722,1467,16999,13599
720,1471,16954,13548
719,1461,16920,13556
722,1462,17002,13617
718,1453,16904,13511
723,1475,17048,13637
725,1457,17079,13671
721,1471,16942,13546
721,1455,16954,13585
721,1474,16944,13562
721,1466,17009,13617
723,1473,17022,13617
721,1469,16978,13598
721,1450,16994,13601
719,1456,16897,13506
720,1472,16954,13583
723,1474,17003,13617
728,1472,17087,13647
721,1467,16992,13567
719,1475,16905,13520
721,1457,17001,13632
720,1460,16958,13592
721,1464,16936,13584
722,1452,17000,13583
720,1453,16935,13545
723,1469,17051,13649
721,1468,16971,13561
720,1464,16954,13569
721,1452,16974,13598
720,1473,16948,13571
722,1467,17009,13621
723,1465,17010,13594
725,1459,17017,13589
736,1468,17311,13876
720,1467,16926,13518
723,1462,17018,13655
719,1470,16912,13545
721,1465,16948,13581
722,1467,17011,13607
718,1467,16887,13549
722,1460,16996,13626
719,1474,16929,13553
722,1461,16988,13612
720,1466,16967,13558
722,1472,16980,13589
723,1461,17025,13619
720,1456,16953,13536
720,1458,16936,13563
721,1476,16959,13585
719,1462,16916,13527
721,1457,17016,13635
723,1459,17014,13606
732,1481,17164,13714
720,1458,16950,13542
723,1466,16992,13625
721,1472,16944,13570
722,1467,16967,13585
721,1471,16950,13566
721,1460,16988,13600
721,1470,16971,13582
723,1463,17004,13619
720,1456,16916,13546
720,1468,16957,13561
720,1472,16962,13576
721,1463,16957,13575
725,1471,17078,13666
725,1454,17033,13581
724,1460,17043,13656
720,1457,16944,13547
720,1478,16942,13558
721,1460,16977,13585
719,1461,16922,13500
722,1464,17014,13641
720,1473,16966,13560
721,1463,16973,13581
722,1463,16979,13607
719,1468,16897,13516
721,1461,16977,13614
722,1452,17013,13622
719,1469,16922,13548
721,1453,16994,13607
718,1467,16904,13491
722,1462,17011,13634
722,1461,16973,13551
721,1461,16987,13604
722,1461,17012,13624
720,1461,16954,13545
721,1460,16989,13595
719,1472,16920,13550
727,1467,17094,13705
733,1475,17280,13842
721,1462,16978,13581
723,1473,17029,13615
719,1465,16917,13518
721,1464,16944,13574
722,1463,16972,13600
721,1460,16980,13588
721,1466,16969,13592
720,1470,16944,13549
725,1462,17049,13635
733,1465,17232,13794
720,1450,16950,13523
723,1449,17037,13663
719,1465,16893,13510
727,1464,17117,13705
721,1459,16978,13582
721,1468,16974,13561
721,1466,17009,13621
719,1465,16915,13524
721,1469,16946,13575
720,1469,16945,13548
721,1467,16999,13599
721,1460,16981,13616
721,1464,16958,13562
718,1460,16910,13581
722,1471,16991,13607
721,1460,16917,13522
721,1468,16969,13594
727,1461,17133,13720
720,1463,16975,13589
721,1471,16991,13598
723,1459,17012,13633
728,1488,17067,13669
718,1458,16910,13499
723,1458,17024,13643
721,1460,16985,13564
723,1471,17035,13630
723,1471,17025,13654
725,1468,16969,13531
722,1464,16989,13612
722,1471,16997,13603
721,1455,16956,13552
720,1477,16949,13571
719,1460,16912,13501
724,1460,17037,13653
721,1456,16950,13560
723,1478,17002,13626
728,1469,17099,13685
722,1464,16941,13512
720,1469,16979,13591
718,1461,16911,13533
721,1468,16967,13597
719,1461,16905,13536
720,1472,16949,13540
723,1466,17048,13651
720,1461,16966,13563
723,1461,17018,13608
720,1470,16943,13563
723,1469,17017,13596
722,1464,16989,13577
721,1474,16964,13567
727,1466,17111,13680
724,1471,17028,13644
728,1469,17094,13637
723,1472,17058,13685
720,1472,16924,13508
721,1464,16952,13587
725,1465,17076,13676
733,1470,17254,13816
722,1465,17022,13625
720,1468,16937,13554
721,1467,16961,13581
720,1460,16929,13541
719,1466,16933,13531
723,1456,17051,13676
720,1456,16954,13558
721,1466,16964,13575
722,1473,16998,13591
721,1475,16968,13588
721,1462,16993,13633
722,1471,16974,13577
726,1449,17121,13719
729,1478,17110,13654
721,1471,16971,13582
721,1449,16982,13595
718,1473,16894,13519
728,1473,17125,13725
718,1466,16901,13516
722,1457,17008,13608
724,1461,17015,13584
720,1468,16916,13523
723,1467,16990,13611
721,1464,16972,13591
720,1468,16953,13549
721,1470,16977,13603
718,1462,16897,13490
723,1462,17043,13628
720,1472,16954,13584
721,1458,16967,13585
721,1462,16991,13596
719,1453,16920,13528
723,1463,17032,13636
723,1461,17020,13629
721,1470,16942,13546
722,1469,16998,13609
719,1473,16902,13533
721,1462,16959,13578
720,1466,16971,13588
720,1470,16973,13570
719,1451,16960,13590
719,1462,16925,13522
722,1470,17006,13617
721,1468,16965,13596
721,1459,16970,13576
724,1458,17059,13661
732,1482,17169,13698
733,1480,17227,13770
719,1461,16916,13514
720,1476,16930,13553
720,1457,16925,13567
721,1472,16980,13555
723,1465,17053,13643
720,1453,16931,13532
720,1463,16955,13539
733,1461,17265,13866
723,1467,17003,13626
721,1457,16970,13599
721,1475,16953,13564
720,1463,16966,13579
721,1456,16952,13581
721,1457,16984,13569
721,1463,16996,13619
723,1467,17006,13622
727,1471,17068,13620
716,1457,16953,13585
722,1457,17019,13603
722,1463,17025,13636
720,1475,16931,13538
719,1464,16924,13548
722,1448,16988,13607
719,1466,16926,13525
723,1462,17045,13653
718,1480,16886,13513
729,1469,17133,13688
720,1463,16934,13549
731,1481,17142,13702
720,1461,16956,13562
719,1460,16920,13536
721,1459,16965,13556
721,1460,16977,13583
720,1472,16961,13570
723,1457,16990,13582
719,1471,16891,13502
725,1463,17088,13691
727,1468,17052,13614
721,1461,16999,13587
722,1471,17022,13600
718,1459,16890,13496
722,1459,17001,13641
722,1460,16994,13610
721,1480,16969,13576
723,1460,17048,13644
719,1461,16895,13520
721,1462,16989,13600
734,1464,17242,13830
721,1471,16958,13587
719,1459,16936,13557
719,1466,16912,13535
722,1466,17018,13610
720,1454,16962,13565
721,1463,16961,13581
720,1466,16937,13560
718,1453,16877,13504
721,1454,16985,13598
731,1469,17220,13597
731,1472,17248,13669
722,1456,17013,13608
719,1463,16909,13512
722,1457,17006,13633
718,1469,16902,13507
731,1467,17266,13679
722,1469,17025,13614
731,1473,17206,13611
733,1443,17309,13700
730,1451,17152,13547
732,1469,17244,13645
731,1460,17206,13610
730,1471,17187,13574
724,1457,17084,13675
719,1478,16915,13516
734,1477,17266,13659
739,1475,17338,13687
730,1457,17166,13564
731,1447,17215,13793
723,1467,17012,13606
726,1470,17050,13601
735,1463,17292,13663
728,1447,17157,13615
730,1449,17256,13701
721,1459,16960,13568
727,1477,17080,13628
719,1458,16932,13524
721,1477,16970,13576
719,1464,16939,13555
720,1473,16953,13545
723,1463,17019,13636
720,1466,16940,13563
720,1473,16940,13572
722,1471,17018,13628
718,1471,16898,13500
724,1464,17039,13652
722,1461,17000,13616
720,1457,16934,13538
720,1470,16966,13584
720,1462,16915,13524
723,1462,17037,13648
721,1457,17009,13595
720,1464,16931,13568
721,1471,16960,13598
715,1473,16870,13490
723,1461,17040,13641
721,1461,16984,13582
721,1475,16988,13605
722,1471,16981,13545
719,1469,16908,13502
724,1458,17065,13677
719,1458,16925,13535
721,1455,16951,13570
722,1466,17046,13659
719,1465,16908,13520
722,1457,17011,13620
719,1470,16919,13534
722,1471,16991,13614
721,1463,16993,13611
721,1463,16956,13556
729,1448,17179,13730
724,1465,17056,13610
728,1482,17080,13642
728,1466,17174,13674
731,1470,17196,13608
736,1475,17361,13721
742,1469,17484,13799
728,1472,17163,13654
732,1468,17251,13640
732,1463,17245,13672
732,1469,17282,13698
719,1461,16907,13522
720,1469,16930,13552
732,1468,17262,13631
732,1468,17198,13604
732,1460,17236,13634
730,1461,17226,13646
731,1470,17203,13608
732,1462,17220,13595
732,1469,17222,13605
734,1473,17327,13686
730,1461,17180,13550
723,1453,17007,13629
726,1464,17099,13594
727,1461,17136,13645
721,1464,16994,13590
730,1467,17170,13548
731,1469,17243,13679
728,1465,17178,13695
731,1460,17213,13614
732,1468,17249,13653
731,1476,17198,13601
732,1485,17248,13673
732,1473,17238,13599
725,1463,17111,13666
731,1467,17267,13690
729,1460,17140,13541
732,1467,17222,13628
734,1474,17284,13659
731,1459,17193,13581
734,1477,17325,13716
721,1477,16981,13573
721,1466,16980,13609
721,1460,16985,13604
727,1480,17099,13688
720,1465,16963,13558
719,1473,16919,13513
722,1465,17006,13624
720,1474,16957,13566
721,1460,16977,13570
722,1459,16985,13602
719,1470,16915,13529
724,1462,17058,13676
726,1470,17045,13595
720,1464,16946,13557
721,1466,16958,13574
721,1469,16970,13573
722,1463,16983,13626
725,1467,17068,13656
732,1486,17210,13756
734,1468,17280,13844
720,1470,16946,13534
726,1460,17113,13712
724,1459,16985,13553
722,1465,16999,13613
721,1473,16977,13569
721,1449,16962,13568
722,1464,17015,13625
721,1467,16991,13575
720,1470,16933,13542
721,1461,16968,13599
718,1461,16914,13535
724,1467,17039,13663
719,1456,16938,13535
721,1460,16967,13575
719,1477,16920,13532
721,1464,16972,13583
724,1465,17055,13679
721,1467,16974,13562
720,1471,16951,13558
721,1464,16996,13593
720,1470,16965,13552
730,1448,17239,13839
720,1475,16934,13546
723,1458,17017,13635
720,1469,16956,13554
722,1461,16986,13594
721,1461,16968,13576
719,1459,16923,13518
722,1449,17024,13658
720,1474,16951,13569
720,1472,16933,13537
722,1462,16983,13601
719,1463,16937,13537
720,1468,16972,13601
722,1471,16983,13592
720,1459,16937,13555
723,1470,17033,13648
728,1481,17067,13609
722,1453,16996,13616
721,1459,16985,13582
721,1469,16987,13595
720,1462,16966,13583
721,1464,16960,13546
721,1464,16969,13605
721,1472,16984,13576
721,1465,17001,13574
720,1465,16955,13573
720,1469,16925,13533
726,1464,17101,13720
728,1446,17104,13714
729,1468,17128,13712
733,1468,17247,13835
722,1470,16980,13589
720,1454,16969,13608
718,1466,16909,13515
721,1464,16978,13596
721,1462,16956,13599
721,1472,16988,13586
721,1460,16995,13600
722,1468,16998,13598
720,1459,16970,13549
720,1476,16955,13565
719,1454,16909,13522
722,1466,17037,13641
719,1467,16921,13522
720,1471,16982,13585
720,1474,16965,13587
721,1469,16967,13575
723,1469,17047,13662
720,1467,16929,13542
719,1467,16923,13540
721,1463,16967,13593
722,1465,16991,13591
721,1449,16989,13622
722,1461,16985,13584
724,1466,17017,13577
720,1453,16944,13574
721,1466,16955,13554
729,1461,17168,13757
722,1462,17012,13598
725,1471,17058,13609
721,1468,16960,13567
720,1472,16947,13557
720,1461,16959,13595
720,1466,16954,13549
721,1464,16985,13573
722,1459,16991,13607
720,1469,16941,13541
720,1465,16947,13574
719,1464,16891,13512
722,1471,16994,13622
720,1462,16934,13568
721,1465,17000,13598
721,1474,16993,13594
725,1465,16974,13546
722,1466,16997,13608
725,1466,17063,13688
728,1471,17079,13636
721,1476,16967,13572
719,1468,16930,13515
724,1461,17100,13700
729,1476,17113,13684
720,1466,16961,13574
725,1461,17081,13701
731,1473,17179,13757
732,1477,17191,13729
720,1465,16942,13573
722,1459,16990,13595
720,1468,16945,13553
720,1466,16933,13556
720,1452,16953,13583
721,1457,16944,13572
720,1460,16957,13558
721,1460,16976,13592
719,1466,16905,13521
722,1460,17001,13624
720,1454,16918,13526
721,1464,16989,13594
722,1475,17005,13600
720,1468,16973,13583
723,1455,17030,13620
720,1463,16931,13537
722,1466,16984,13592
721,1463,16974,13610
720,1459,16959,13566
722,1460,17032,13615
719,1451,16893,13522
721,1466,16984,13590
721,1473,16972,13589
719,1457,16909,13520
722,1464,17018,13633
720,1448,16919,13528
721,1467,17002,13589
720,1464,16948,13573
721,1472,16950,13576
722,1453,17042,13654
718,1460,16883,13508
721,1467,16979,13586
722,1477,16993,13606
721,1465,16975,13558
725,1456,17096,13684
723,1451,16961,13529
721,1472,16989,13603
722,1469,17003,13630
721,1456,16963,13565
723,1462,17036,13631
718,1463,16901,13501
739,1474,17320,13894
729,1481,17124,13670
719,1466,16941,13562
721,1464,16968,13587
718,1466,16878,13504
722,1463,17038,13634
719,1454,16928,13547
729,1473,17081,13644
720,1447,16949,13566
719,1454,16902,13520
721,1467,17000,13620
723,1465,17034,13644
721,1471,16973,13570
722,1456,17029,13612
722,1469,16908,13529
722,1480,16998,13620
720,1464,16953,13580
722,1459,16997,13600
722,1460,17027,13639
720,1475,16928,13520
724,1461,17073,13675
720,1462,16947,13562
720,1471,16962,13576
721,1471,16978,13591
721,1471,16937,13553
723,1471,17033,13628
719,1457,16917,13538
720,1450,16934,13556
721,1465,16990,13601
718,1466,16882,13509
722,1458,16993,13609
722,1460,16985,13576
721,1450,17001,13617
721,1471,16996,13596
719,1466,16924,13542
723,1458,17037,13672
723,1460,16980,13565
720,1465,16973,13577
720,1464,16972,13563
720,1471,16936,13583
722,1465,17015,13617
720,1456,16941,13562
722,1465,16983,13601
720,1457,16949,13553
720,1464,16921,13550
726,1447,17139,13733
718,1471,16897,13499
722,1470,16965,13585
721,1480,16970,13595
720,1465,16927,13550
724,1456,17074,13671
719,1457,16919,13498
722,1461,17012,13614
723,1473,17043,13627
721,1474,16948,13575
723,1462,17030,13660
722,1467,16946,13523
722,1468,17028,13644
720,1464,16939,13545
720,1453,16947,13557
721,1463,16987,13613
718,1459,16903,13510
727,1478,17046,13626
721,1462,16950,13582
720,1466,16940,13552
721,1454,16995,13582
719,1473,16927,13518
724,1461,17045,13668
721,1461,16961,13562
721,1462,16989,13601
722,1480,17000,13575
727,1473,17143,13710
722,1463,17014,13618
722,1454,16988,13586
720,1465,16935,13555
720,1460,16927,13595
723,1460,16971,13565
736,1470,17322,13875
720,1456,16964,13553
721,1471,16961,13593
719,1422,16957,13570
720,1480,16928,13551
722,1457,16995,13615
720,1460,16932,13554
721,1457,16971,13594
724,1477,17075,13663
720,1453,16924,13547
721,1462,16964,13611
720,1469,16938,13541
719,1459,16915,13526
723,1469,17005,13610
721,1465,16965,13580
721,1468,16999,13582
721,1460,16981,13565
720,1463,16936,13546
724,1460,17047,13653
726,1475,17018,13596
726,1468,17125,13716
723,1456,16978,13532
720,1467,16959,13572
723,1446,17043,13642
726,1472,17013,13596
724,1458,17047,13674
727,1481,17053,13620
719,1468,16920,13557
721,1473,16968,13566
718,1469,16908,13521
730,1461,17192,13793
723,1478,17011,13590
730,1475,17106,13662
720,1459,16936,13543
721,1464,16965,13581
722,1465,17015,13617
721,1458,16974,13559
723,1473,17030,13653
721,1470,16948,13580
720,1469,16931,13522
721,1467,16998,13587
720,1452,16946,13539
721,1459,16973,13590
720,1468,16952,13563
722,1465,16968,13598
718,1454,16908,13556
718,1455,16866,13466
721,1466,16970,13606
720,1462,16959,13573
733,1483,17261,13813
720,1465,16963,13586
720,1468,16920,13527
720,1454,16971,13610
721,1473,16989,13600
722,1457,16980,13592
723,1465,17043,13620
719,1463,16915,13511
722,1460,16997,13630
719,1460,16921,13545
721,1467,16956,13581
721,1467,16989,13586
721,1456,16964,13561
721,1466,16972,13594
720,1466,16960,13569
722,1455,17014,13623
732,1475,17182,13794
732,1473,17214,13801
727,1463,17085,13659
720,1472,16948,13538
721,1468,16968,13589
721,1467,16963,13565
719,1478,16911,13541
722,1468,17012,13652
720,1471,16956,13551
721,1493,16972,13589
721,1463,17017,13617
720,1462,16966,13545
723,1459,17014,13631
720,1464,16921,13534
730,1478,17131,13690
733,1482,17243,13794
733,1482,17213,13760
736,1469,17319,13897
721,1470,16965,13561
724,1463,16981,13570
721,1480,16954,13584
721,1472,16964,13577
723,1450,17018,13606
719,1458,16920,13518
723,1472,17023,13615
720,1465,16939,13536
722,1462,16994,13614
728,1476,17100,13694
719,1462,16912,13517
721,1468,16990,13602
721,1467,17000,13585
721,1477,16977,13579
720,1451,16966,13584
719,1464,16909,13510
722,1460,16991,13611
722,1471,16982,13562
720,1456,16943,13546
722,1467,16988,13625
725,1469,17049,13630
736,1460,17329,13911
729,1460,17147,13721
720,1471,16925,13566
720,1467,16941,13564
724,1468,16981,13579
721,1469,16972,13574
720,1456,16960,13572
720,1463,16952,13573
722,1453,17013,13631
727,1471,17027,13553
735,1468,17309,13881
720,1462,16959,13568
721,1468,16974,13569
721,1474,16954,13555
719,1470,16905,13498
721,1464,16990,13604
721,1463,16980,13583
722,1466,17001,13579
720,1455,16928,13621
720,1459,16944,13560
731,1461,17226,13823
719,1466,16919,13541
720,1464,16928,13562
722,1461,16991,13616
720,1469,16950,13553
722,1458,16995,13625
719,1455,16920,13541
720,1468,16926,13529
721,1462,16968,13580
724,1471,17040,13625
730,1441,17228,13831
720,1456,16944,13531
720,1467,16971,13558
720,1464,16952,13561
720,1463,16930,13548
722,1463,17005,13647
717,1448,16916,13522
723,1456,17026,13618
721,1469,16974,13581
720,1472,16939,13547
722,1469,17002,13617
720,1465,16922,13530
720,1461,16925,13557
720,1470,16935,13559
720,1468,16954,13546
721,1454,16969,13601
718,1471,16888,13513
735,1473,17274,13848
720,1460,16922,13554
721,1476,16973,13589
720,1452,16960,13583
719,1459,16925,13530
723,1465,17037,13614
723,1474,17009,13619
726,1474,17025,13590
721,1467,16952,13585
719,1458,16920,13524
721,1457,16999,13612
720,1469,16946,13571
720,1475,16959,13569
720,1458,16942,13545
717,1472,16870,13489
721,1468,16987,13598
722,1465,17014,13627
720,1460,16944,13546
720,1449,16961,13576
719,1455,16898,13509
720,1466,16973,13598
722,1466,16988,13614
719,1473,16926,13531
722,1463,16996,13603
719,1460,16917,13513
723,1469,17035,13624
722,1467,16992,13615
720,1450,16925,13534
723,1458,16992,13602
719,1470,16921,13517
721,1460,16996,13577
728,1464,17151,13746
721,1468,16960,13579
720,1465,16939,13569
719,1465,16910,13537
726,1463,17102,13704
730,1473,17176,13797
724,1457,17038,13619
732,1471,17186,13730
731,1488,17150,13715
721,1462,16966,13581
717,1454,16872,13503
724,1453,16981,13582
724,1458,17051,13638
719,1467,16936,13534
724,1470,17090,13690
721,1462,16953,13578
719,1458,16920,13522
720,1472,16948,13571
722,1465,16981,13580
722,1455,17017,13621
723,1475,17015,13567
719,1465,16937,13537
719,1466,16934,13544
732,1484,17151,13723
730,1485,17113,13696
718,1469,16891,13505
720,1455,16949,13541
720,1473,16974,13587
719,1472,16938,13549
723,1469,17012,13632
719,1460,16880,13501
722,1465,16995,13604
719,1471,16946,13554
721,1464,16983,13589
720,1464,16974,13564
719,1471,16920,13538
722,1460,16991,13618
719,1454,16923,13537
720,1471,16953,13552
720,1467,16977,13574
720,1465,16945,13564
723,1461,17019,13586
720,1468,16953,13571
719,1466,16915,13525
719,1471,16917,13561
719,1460,16905,13519
722,1456,17020,13618
720,1470,16951,13559
720,1473,16958,13569
721,1456,16964,13587
718,1457,16872,13492
722,1467,17016,13617
722,1460,16997,13594
722,1466,17009,13591
722,1451,17018,13670
719,1463,16888,13489
722,1466,17000,13616
718,1470,16907,13536
722,1476,16990,13602
720,1455,16977,13569
722,1471,16981,13581
724,1468,17027,13596
720,1463,16949,13565
720,1463,16935,13540
721,1458,16957,13570
720,1460,16940,13562
721,1469,16998,13590
722,1465,16975,13572
717,1461,16878,13504
721,1462,16971,13601
721,1458,16964,13571
722,1461,17015,13619
719,1472,16909,13507
720,1463,16954,13558
720,1457,16959,13557
722,1463,17008,13605
722,1457,16989,13602
719,1475,16914,13540
720,1463,16971,13562
722,1472,17003,13589
723,1469,17027,13637
730,1472,17149,13708
720,1463,16907,13520
719,1458,16919,13542
720,1455,16932,13561
719,1459,16907,13523
728,1462,17174,13756
722,1461,16945,13523
722,1466,17002,13606
720,1458,16927,13555
721,1465,16958,13578
720,1471,16977,13576
727,1468,17082,13661
728,1461,17142,13719
734,1472,17293,13836
722,1476,16986,13600
724,1462,16997,13587
719,1455,16886,13516
721,1463,17010,13610
721,1460,16986,13573
722,1465,16990,13600
721,1462,16975,13594
719,1473,16893,13507
721,1458,16971,13592
719,1456,16928,13547
719,1479,16909,13543
722,1459,17028,13625
719,1457,16905,13508
720,1465,16963,13577
721,1471,16977,13581
722,1463,16986,13591
720,1465,16946,13558
720,1466,16924,13516
721,1455,16994,13573
721,1459,17028,13621
721,1473,16948,13569
721,1467,16961,13571
732,1466,17234,13647
729,1464,17216,13697
731,1471,17229,13657
731,1460,17264,13711
729,1461,17188,13653
731,1460,17185,13579
734,1463,17301,13695
739,1466,17323,13665
721,1467,16938,13524
733,1473,17254,13625
731,1456,17192,13593
733,1470,17265,13642
720,1464,16948,13520
722,1462,16993,13593
723,1471,17013,13621
721,1469,16965,13530
738,1472,17398,13758
735,1468,17296,13643
734,1469,17257,13648
733,1477,17293,13700
725,1459,17055,13572
724,1449,17079,13635
729,1509,17193,13675
724,1463,17053,13571
727,1468,17139,13673
733,1480,17222,13713
724,1462,17080,13637
722,1464,17005,13555
725,1464,17082,13629
727,1467,17091,13610
722,1473,17005,13579
722,1468,17023,13584
725,1471,17052,13564
728,1452,17114,13726
729,1465,17139,13731
719,1461,16936,13513
736,1463,17375,13903
732,1493,17221,13763
736,1466,17378,13773
729,1463,17108,13622
729,1457,17166,13565
730,1472,17211,13598
732,1460,17213,13589
732,1465,17233,13630
746,1468,17597,13967
728,1471,17176,13622
731,1475,17202,13612
723,1467,16988,13508
733,1471,17264,13669
732,1460,17233,13595
722,1466,17009,13604
730,1457,17183,13579
730,1459,17153,13560
733,1466,17281,13702
732,1463,17239,13617
737,1475,17359,13747
735,1420,17323,13655
743,1485,17455,13782
733,1471,17285,13686
733,1461,17214,13598
732,1462,17231,13625
729,1466,17242,13679
726,1459,17090,13596
722,1462,17001,13594
732,1467,17221,13597
732,1477,17237,13632
729,1466,17166,13591
731,1475,17197,13603
733,1472,17271,13666
731,1463,17225,13610
731,1475,17234,13704
734,1459,17252,13648
733,1465,17278,13677
733,1466,17281,13707
735,1465,17309,13693
731,1464,17223,13622
744,1479,17492,13812
732,1471,17313,13680
734,1455,17308,13701
728,1466,17148,13591
729,1471,17196,13649
730,1462,17239,13659
732,1476,17225,13599
739,1468,17410,13780
738,1475,17348,13676
734,1477,17223,13692
719,1465,16933,13533
731,1462,17246,13682
731,1473,17255,13673
731,1453,17206,13562
732,1470,17239,13647
732,1471,17253,13654
732,1476,17224,13611
730,1463,17244,13681
734,1485,17282,13658
742,1474,17405,13742
735,1477,17329,13691
734,1457,17265,13622
733,1476,17269,13665
733,1459,17206,13591
734,1462,17296,13704
732,1472,17249,13651
734,1475,17297,13666
732,1456,17246,13649
730,1476,17177,13575
732,1468,17285,13689
732,1477,17239,13640
732,1464,17240,13649
732,1462,17242,13645
732,1463,17243,13621
733,1461,17279,13678
733,1468,17283,13686
731,1475,17246,13660
731,1465,17235,13657
731,1475,17204,13591
734,1469,17318,13708
733,1477,17308,13679
733,1464,17281,13662
731,1464,17225,13637
730,1460,17210,13642
733,1468,17299,13722
733,1470,17249,13612
731,1459,17274,13697
732,1465,17249,13678
733,1459,17238,13620
734,1477,17285,13669
730,1470,17170,13558
721,1468,16962,13581
730,1472,17186,13618
731,1456,17203,13568
732,1468,17277,13684
730,1463,17221,13644
735,1472,17278,13664
741,1460,17427,13827
733,1457,17248,13627
734,1457,17361,13744
731,1463,17194,13560
733,1469,17287,13664
730,1469,17192,13599
732,1461,17261,13676
722,1461,17025,13640
731,1437,17237,13605
732,1466,17236,13592
732,1455,17276,13678
720,1465,16952,13558
729,1461,17133,13717
730,1472,17187,13611
731,1468,17212,13626
730,1465,17218,13637
733,1459,17247,13609
719,1468,16924,13580
742,1470,17495,13878
724,1466,17052,13656
742,1480,17405,13767
739,1480,17319,13666
729,1476,17240,13594
732,1472,17286,13664
734,1471,17337,13715
731,1461,17251,13657
732,1471,17229,13629
719,1466,16938,13559
732,1477,17206,13586
732,1466,17286,13707
721,1458,16969,13604
732,1472,17278,13710
731,1464,17208,13577
729,1457,17140,13544
730,1464,17185,13591
731,1467,17201,13628
732,1461,17230,13589
732,1469,17225,13614
729,1460,17130,13518
731,1469,17229,13625
731,1465,17198,13600
731,1469,17219,13619
731,1471,17215,13607
732,1461,17211,13577
733,1459,17269,13630
731,1458,17195,13557
732,1474,17238,13636
732,1466,17236,13665
731,1462,17185,13565
733,1467,17282,13658
729,1453,17147,13544
731,1464,17208,13589
731,1477,17199,13592
731,1471,17196,13610
732,1465,17227,13634
735,1457,17275,13642
743,1489,17471,13792
737,1483,17357,13728
735,1469,17267,13647
743,1472,17518,13903
740,1472,17346,13701
730,1469,17187,13576
731,1468,17230,13622
731,1464,17203,13574
746,1478,17544,13832
742,1471,17341,13687
730,1471,17177,13590
731,1461,17199,13610
731,1456,17183,13555
732,1472,17279,13661
729,1467,17121,13512
732,1471,17220,13608
729,1474,17147,13557
732,1451,17245,13677
733,1467,17271,13665
731,1469,17198,13609
726,1462,17139,13638
730,1459,17160,13558
732,1473,17212,13610
732,1463,17191,13570
731,1469,17200,13605
733,1456,17296,13684
732,1463,17256,13666
735,1465,17266,13618
745,1486,17550,13860
730,1468,17157,13552
731,1470,17214,13623
731,1472,17211,13650
733,1459,17290,13715
734,1471,17251,13603
729,1459,17139,13537
733,1471,17248,13641
733,1463,17257,13644
730,1462,17181,13576
733,1470,17239,13626
730,1468,17174,13549
732,1471,17256,13643
732,1455,17227,13608
733,1459,17237,13628
732,1472,17214,13585
730,1479,17160,13573
732,1465,17230,13606
733,1460,17269,13640
741,1474,17384,13693
735,1468,17273,13609
732,1465,17194,13589
743,1475,17494,13850
732,1466,17210,13615
730,1461,17203,13570
733,1478,17285,13643
731,1475,17207,13599
733,1458,17282,13653
730,1466,17167,13578
731,1462,17195,13603
731,1466,17194,13597
730,1453,17157,13563
736,1483,17352,13720
739,1471,17311,13636
730,1462,17162,13569
731,1479,17217,13626
729,1461,17123,13534
733,1459,17273,13680
730,1463,17195,13587
731,1471,17220,13606
732,1471,17247,13612
730,1466,17170,13595
732,1461,17243,13656
730,1464,17167,13560
733,1473,17252,13626
735,1468,17306,13667
740,1470,17346,13695
731,1463,17222,13624
732,1464,17219,13618
739,1479,17332,13682
734,1474,17261,13647
730,1452,17152,13540
746,1482,17535,13806
742,1476,17398,13723
730,1469,17186,13598
732,1471,17226,13610
731,1468,17177,13583
731,1469,17209,13584
730,1468,17172,13547
738,1472,17395,13741
743,1478,17474,13792
737,1472,17263,13634
731,1473,17220,13623
730,1450,17152,13531
732,1476,17260,13626
733,1469,17275,13653
734,1481,17268,13649
733,1467,17243,13603
731,1474,17174,13559
732,1472,17229,13630
732,1471,17228,13646
731,1458,17172,13583
732,1460,17245,13615
731,1464,17167,13547
732,1476,17260,13654
731,1459,17201,13581
731,1475,17201,13607
731,1463,17202,13583
732,1459,17224,13602
732,1472,17264,13655
731,1465,17195,13562
731,1459,17199,13601
733,1482,17268,13658
729,1474,17157,13561
733,1470,17268,13654
729,1455,17150,13543
733,1473,17246,13640
739,1469,17341,13663
730,1470,17183,13585
734,1472,17298,13695
736,1461,17248,13605
731,1468,17186,13577
730,1466,17198,13590
732,1472,17226,13626
737,1475,17311,13664
731,1469,17185,13570
731,1461,17184,13588
733,1471,17254,13642
730,1479,17180,13586
735,1470,17334,13692
734,1476,17267,13612
732,1469,17206,13603
731,1467,17203,13606
731,1469,17184,13594
731,1457,17230,13618
732,1474,17221,13598
731,1475,17213,13602
732,1462,17224,13599
731,1465,17177,13584
732,1474,17240,13651
730,1469,17175,13564
732,1462,17217,13614
730,1468,17191,13572
731,1458,17197,13577
732,1476,17240,13646
733,1465,17246,13625
742,1483,17429,13773
735,1471,17250,13612
728,1462,17138,13608
731,1457,17230,13602
731,1451,17180,13534
732,1478,17228,13622
730,1452,17198,13601
731,1471,17221,13611
733,1471,17246,13625
731,1453,17187,13563
731,1464,17211,13606
731,1455,17211,13618
739,1470,17414,13802
733,1467,17233,13609
730,1465,17156,13535
733,1479,17255,13664
731,1468,17232,13608
731,1465,17227,13626
731,1466,17209,13609
731,1460,17189,13593
731,1475,17223,13640
732,1469,17241,13627
731,1457,17210,13585
739,1475,17429,13746
734,1473,17277,13643
733,1475,17275,13688
731,1454,17157,13552
731,1469,17214,13620
732,1477,17254,13644
733,1449,17226,13556
732,1472,17252,13654
730,1445,17168,13550
730,1463,17166,13577
732,1474,17249,13651
734,1466,17221,13592
733,1459,17251,13643
731,1480,17220,13609
731,1465,17204,13600
738,1477,17372,13724
736,1473,17313,13688
741,1490,17396,13765
730,1471,17157,13549
739,1461,17315,13651
732,1468,17247,13599
733,1475,17259,13617
732,1479,17253,13653
732,1467,17223,13612
732,1469,17213,13619
732,1459,17255,13617
732,1472,17228,13620
730,1456,17225,13640
730,1473,17183,13566
732,1469,17235,13623
731,1468,17195,13603
729,1455,17147,13559
732,1470,17241,13662
731,1467,17209,13582
733,1471,17290,13678
734,1463,17225,13612
731,1464,17204,13609
732,1466,17228,13647
732,1443,17162,13534
733,1471,17280,13659
731,1464,17230,13601
732,1458,17237,13592
731,1474,17188,13600
731,1471,17189,13570
732,1465,17223,13616
744,1496,17478,13823
737,1469,17268,13616
732,1456,17229,13625
730,1474,17182,13558
733,1472,17276,13664
733,1458,17238,13608
731,1477,17222,13639
730,1468,17190,13591
731,1465,17199,13563
732,1468,17254,13637
732,1468,17237,13631
736,1460,17271,13629
731,1467,17204,13608
732,1471,17210,13579
733,1471,17282,13675
731,1462,17195,13577
733,1475,17270,13649
731,1462,17226,13630
732,1466,17204,13599
734,1477,17297,13695
736,1456,17257,13593
733,1465,17279,13640
731,1467,17208,13601
732,1469,17237,13628
734,1470,17293,13701
731,1469,17192,13591
732,1476,17253,13664
731,1467,17212,13635
731,1477,17214,13590
732,1477,17260,13662
730,1448,17163,13562
741,1482,17462,13826
734,1479,17265,13668
741,1475,17416,13747
741,1480,17412,13736
734,1474,17292,13659
735,1457,17250,13593
733,1471,17259,13629
730,1477,17170,13577
745,1479,17560,13929
731,1470,17199,13576
734,1472,17313,13683
731,1463,17199,13601
731,1462,17197,13589
729,1466,17174,13563
730,1472,17164,13559
733,1471,17258,13650
730,1471,17197,13595
731,1475,17204,13595
732,1463,17213,13613
730,1459,17163,13557
733,1461,17262,13638
730,1471,17181,13599
732,1468,17245,13633
732,1466,17234,13616
732,1453,17202,13581
734,1468,17322,13680
732,1468,17224,13621
729,1477,17146,13596
732,1466,17221,13624
730,1468,17166,13546
736,1474,17354,13722
735,1463,17265,13636
732,1466,17247,13628
731,1466,17204,13595
731,1467,17188,13573
732,1467,17242,13662
730,1467,17193,13612
731,1465,17200,13586
734,1475,17291,13666
731,1451,17167,13551
734,1479,17301,13689
730,1464,17146,13550
743,1485,17489,13847
731,1446,17215,13603
731,1461,17201,13569
734,1483,17322,13669
730,1460,17177,13572
731,1457,17193,13581
731,1473,17221,13627
735,1464,17260,13600
734,1475,17335,13703
731,1468,17190,13579
739,1472,17387,13737
733,1469,17264,13668
731,1467,17172,13573
733,1470,17296,13704
730,1463,17184,13597
731,1465,17217,13606
731,1475,17217,13600
732,1473,17230,13615
732,1466,17256,13647
730,1467,17150,13563
738,1464,17348,13700
737,1468,17339,13699
740,1473,17417,13753
739,1479,17432,13773
738,1466,17327,13676
737,1471,17354,13737
736,1482,17320,13701
737,1469,17344,13695
737,1469,17355,13712
742,1485,17394,13730
742,1471,17426,13751
731,1480,17209,13588
730,1476,17180,13580
731,1439,17193,13587
730,1450,17153,13563
732,1466,17248,13628
732,1469,17247,13649
731,1465,17186,13568
733,1469,17261,13651
739,1480,17309,13659
732,1468,17250,13635
737,1483,17350,13704
743,1475,17537,13876
733,1467,17266,13631
731,1464,17181,13585
732,1466,17229,13615
730,1465,17174,13591
729,1481,17247,13628
733,1461,17250,13631
731,1464,17191,13573
733,1462,17252,13629
731,1467,17175,13563
731,1465,17213,13619
732,1461,17213,13632
730,1458,17163,13555
734,1468,17302,13663
730,1472,17187,13566
738,1477,17363,13733
737,1471,17338,13718
734,1474,17256,13659
742,1485,17443,13770
731,1466,17182,13562
737,1479,17350,13688
742,1475,17419,13747
731,1458,17176,13570
733,1479,17264,13668
732,1468,17222,13605
732,1468,17234,13615
732,1465,17245,13626
731,1473,17215,13610
733,1476,17278,13671
732,1473,17223,13611
731,1464,17189,13600
732,1461,17210,13602
733,1484,17242,13637
734,1473,17315,13695
731,1475,17205,13595
730,1457,17169,13558
732,1466,17244,13632
729,1476,17163,13563
734,1474,17308,13691
738,1458,17279,13609
738,1468,17363,13670
734,1469,17298,13670
731,1483,17201,13606
732,1469,17231,13623
731,1473,17198,13612
732,1459,17249,13637
736,1458,17334,13691
743,1474,17468,13826
731,1460,17221,13623
730,1457,17168,13561
730,1457,17203,13609
732,1474,17230,13640
731,1480,17215,13613
733,1474,17262,13631
730,1454,17159,13555
733,1471,17273,13659
732,1460,17246,13653
731,1469,17229,13626
730,1461,17194,13596
733,1480,17247,13627
734,1467,17309,13686
733,1459,17282,13641
736,1478,17316,13665
730,1463,17172,13593
732,1464,17196,13590
732,1463,17265,13641
737,1466,17344,13689
741,1486,17379,13707
733,1464,17258,13633
731,1453,17181,13557
733,1463,17262,13662
730,1463,17177,13570
729,1460,17179,13625
732,1461,17236,13608
732,1465,17205,13608
734,1471,17307,13691
730,1464,17182,13575
731,1475,17206,13617
731,1468,17201,13586
732,1471,17231,13622
734,1456,17317,13681
730,1471,17187,13562
731,1475,17217,13625
731,1473,17229,13627
731,1469,17195,13587
733,1466,17281,13651
730,1454,17180,13550
731,1468,17193,13597
731,1464,17218,13597
732,1470,17215,13605
731,1478,17227,13632
732,1472,17214,13630
732,1459,17192,13567
732,1467,17241,13629
734,1473,17251,13608
731,1474,17254,13659
731,1465,17190,13588
732,1471,17206,13617
732,1465,17236,13631
731,1458,17213,13607
745,1480,17529,13851
735,1467,17291,13632
742,1482,17424,13775
736,1458,17274,13644
729,1463,17170,13569
732,1462,17210,13573
731,1463,17193,13573
734,1469,17285,13681
734,1462,17243,13605
734,1470,17284,13652
745,1488,17511,13870
731,1471,17186,13573
732,1464,17240,13650
733,1470,17261,13636
731,1472,17210,13603
729,1475,17177,13583
730,1462,17156,13558
733,1471,17257,13665
732,1471,17238,13611
733,1467,17284,13658
732,1461,17228,13612
731,1460,17183,13552
732,1462,17232,13632
732,1478,17232,13628
731,1469,17192,13611
733,1464,17248,13618
736,1473,17318,13655
741,1469,17420,13776
737,1477,17346,13652
732,1472,17231,13624
731,1463,17209,13619
732,1468,17199,13599
732,1468,17249,13648
732,1462,17224,13575
730,1461,17189,13574
733,1464,17274,13662
730,1457,17174,13589
732,1482,17235,13641
731,1457,17187,13563
731,1464,17213,13607
732,1462,17221,13609
733,1464,17257,13629
746,1482,17591,13933
730,1461,17161,13557
732,1463,17213,13607
734,1472,17288,13658
733,1444,17250,13590
733,1477,17308,13713
730,1473,17184,13553
740,1480,17352,13716
731,1463,17183,13583
734,1464,17261,13642
733,1466,17251,13638
734,1467,17258,13617
730,1464,17183,13580
738,1477,17405,13793
731,1469,17189,13578
731,1462,17204,13613
732,1464,17198,13572
733,1470,17270,13659
736,1476,17356,13702
741,1471,17394,13728
731,1467,17207,13611
731,1481,17192,13604
730,1468,17189,13608
732,1466,17254,13648
734,1463,17301,13655
730,1465,17212,13616
735,1475,17274,13639
739,1472,17458,13839
732,1467,17217,13602
731,1466,17187,13594
731,1478,17217,13619
731,1454,17187,13565
733,1463,17272,13680
731,1474,17213,13610
732,1476,17251,13663
731,1459,17195,13589
731,1461,17181,13568
733,1471,17269,13660
732,1460,17237,13607
734,1466,17285,13641
730,1460,17190,13599
735,1470,17263,13639
744,1474,17534,13902
738,1471,17305,13635
731,1471,17227,13615
731,1471,17208,13618
732,1472,17222,13608
733,1469,17271,13662
731,1471,17196,13588
731,1475,17204,13611
731,1449,17173,13565
732,1454,17239,13613
736,1475,17364,13750
736,1470,17270,13609
731,1468,17205,13621
732,1470,17231,13631
734,1465,17266,13646
734,1479,17290,13669
732,1466,17230,13594
731,1470,17238,13616
731,1459,17205,13614
731,1457,17203,13610
733,1473,17267,13644
730,1469,17199,13574
732,1470,17252,13629
731,1466,17223,13628
731,1455,17193,13578
735,1468,17318,13698
733,1471,17203,13568
741,1471,17445,13830
732,1455,17215,13627
731,1464,17201,13569
732,1480,17257,13638
732,1466,17220,13603
733,1475,17256,13651
730,1465,17168,13586
733,1468,17266,13633
734,1474,17260,13611
732,1468,17206,13598
732,1461,17243,13603
732,1475,17231,13628
731,1482,17225,13628
735,1477,17251,13649
730,1466,17179,13554
731,1464,17228,13617
732,1451,17212,13616
732,1470,17251,13627
732,1476,17242,13604
728,1454,17132,13537
731,1463,17220,13631
732,1464,17217,13623
732,1477,17242,13628
731,1476,17214,13601
730,1468,17146,13563
735,1473,17337,13717
742,1477,17492,13858
737,1497,17372,13739
744,1484,17466,13813
741,1475,17365,13697
734,1465,17277,13639
733,1470,17273,13658
731,1465,17203,13615
731,1458,17196,13589
732,1470,17217,13598
733,1464,17265,13638
731,1458,17172,13568
732,1477,17247,13634
732,1471,17237,13644
731,1464,17186,13574
734,1469,17281,13681
731,1464,17196,13589
731,1470,17235,13616
734,1480,17280,13667
730,1455,17165,13577
734,1459,17331,13724
731,1472,17170,13560
732,1471,17231,13621
731,1458,17211,13605
731,1453,17213,13582
733,1476,17314,13683
729,1471,17161,13568
732,1472,17221,13618
731,1470,17216,13629
731,1472,17220,13611
737,1458,17400,13748
742,1495,17422,13756
744,1481,17496,13845
732,1467,17221,13590
730,1464,17185,13599
732,1475,17251,13664
731,1472,17182,13568
744,1487,17534,13871
735,1468,17295,13680
742,1464,17476,13829
730,1480,17214,13624
730,1471,17159,13564
734,1471,17291,13663
732,1472,17219,13595
731,1467,17215,13588
735,1477,17335,13691
729,1470,17153,13556
732,1470,17256,13668
731,1471,17187,13588
732,1460,17229,13596
734,1477,17278,13654
730,1469,17147,13539
736,1466,17332,13694
731,1462,17204,13615
731,1461,17212,13616
731,1470,17225,13644
728,1473,17116,13511
741,1474,17395,13706
732,1459,17229,13618
730,1481,17177,13573
732,1473,17221,13604
729,1466,17135,13543
733,1463,17286,13665
735,1475,17317,13694
736,1456,17278,13610
733,1480,17291,13667
730,1460,17157,13552
732,1466,17248,13652
732,1467,17221,13621
731,1470,17214,13585
734,1469,17314,13665
734,1472,17219,13589
733,1470,17267,13660
730,1462,17188,13598
734,1467,17278,13655
730,1473,17191,13614
730,1458,17171,13568
734,1462,17291,13643
730,1474,17193,13568
738,1471,17347,13699
741,1478,17471,13859
740,1488,17365,13723
740,1480,17389,13733
731,1462,17192,13574
732,1469,17248,13612
732,1472,17238,13619
730,1461,17180,13587
732,1474,17233,13635
729,1454,17157,13553
732,1470,17235,13607
734,1458,17248,13608
732,1470,17216,13618
732,1456,17275,13674
730,1473,17163,13566
731,1469,17208,13622
742,1481,17459,13834
730,1456,17171,13561
733,1477,17277,13663
732,1473,17211,13599
731,1470,17208,13609
733,1471,17256,13642
728,1462,17135,13559
733,1460,17286,13660
732,1462,17203,13592
733,1474,17279,13665
733,1471,17269,13646
732,1455,17198,13563
730,1469,17207,13602
738,1480,17324,13694
735,1470,17335,13699
744,1475,17522,13850
730,1466,17167,13572
734,1473,17292,13662
737,1458,17263,13593
732,1475,17234,13641
737,1472,17285,13642
731,1464,17222,13607
733,1468,17279,13652
732,1472,17212,13601
736,1471,17288,13645
731,1471,17232,13642
734,1479,17287,13696
735,1462,17259,13621
732,1478,17234,13618
734,1465,17291,13653
733,1476,17274,13642
735,1471,17257,13624
730,1465,17188,13607
740,1484,17424,13795
733,1471,17263,13644
729,1462,17205,13568
732,1468,17246,13625
732,1472,17251,13623
730,1469,17187,13589
732,1455,17248,13661
730,1457,17177,13570
730,1469,17188,13603
733,1473,17288,13646
735,1456,17296,13681
742,1480,17434,13774
730,1462,17168,13559
732,1466,17195,13596
731,1481,17225,13632
731,1475,17189,13588
734,1479,17303,13677
732,1476,17253,13614
733,1461,17229,13592
730,1469,17193,13601
731,1455,17183,13608
739,1467,17425,13782
743,1476,17499,13812
731,1471,17200,13593
738,1478,17357,13724
738,1479,17344,13720
734,1459,17284,13688
729,1461,17148,13540
734,1475,17286,13692
733,1465,17269,13654
732,1462,17208,13590
733,1471,17264,13661
741,1494,17376,13710
731,1457,17199,13608
731,1469,17216,13594
731,1453,17196,13589
734,1480,17282,13645
731,1457,17189,13547
732,1474,17234,13650
732,1469,17228,13628
731,1476,17196,13599
732,1475,17220,13596
736,1467,17265,13626
733,1466,17277,13690
731,1457,17217,13604
735,1471,17328,13698
733,1456,17236,13604
732,1468,17192,13599
734,1470,17287,13677
733,1468,17257,13626
746,1479,17549,13915
738,1476,17366,13749
737,1468,17307,13679
734,1470,17291,13690
739,1469,17349,13669
733,1484,17256,13642
734,1463,17298,13675
732,1470,17224,13596
734,1465,17297,13701
727,1463,17114,13512
732,1470,17225,13631
731,1467,17228,13617
741,1473,17383,13716
733,1476,17257,13636
728,1452,17120,13522
730,1475,17187,13606
731,1469,17216,13631
741,1464,17448,13821
735,1473,17325,13729
741,1482,17382,13693
730,1472,17181,13574
731,1473,17201,13605
730,1463,17188,13584
731,1468,17227,13638
729,1474,17186,13588
731,1471,17196,13598
733,1471,17259,13626
732,1461,17250,13609
734,1467,17315,13705
732,1468,17191,13546
732,1471,17222,13627
731,1467,17216,13603
731,1457,17215,13586
733,1480,17284,13683
730,1462,17173,13553
731,1469,17227,13626
733,1459,17254,13650
740,1467,17336,13694
732,1477,17231,13612
732,1481,17249,13607
734,1466,17302,13686
743,1482,17415,13757
733,1465,17215,13569
732,1463,17236,13646
730,1466,17178,13561
733,1468,17281,13663
740,1470,17416,13757
743,1464,17507,13837
736,1481,17333,13697
742,1493,17391,13741
740,1472,17343,13697
732,1465,17239,13600
735,1480,17312,13661
733,1465,17208,13586
731,1468,17185,13568
731,1466,17221,13625
733,1460,17244,13646
733,1469,17202,13623
736,1471,17318,13707
734,1468,17274,13635
738,1465,17329,13679
731,1472,17204,13610
736,1475,17317,13665
732,1465,17217,13609
731,1473,17213,13594
734,1471,17300,13674
732,1468,17219,13577
735,1475,17325,13682
732,1474,17208,13592
731,1464,17179,13596
732,1467,17247,13661
733,1471,17278,13639
735,1464,17258,13602
734,1479,17275,13655
731,1460,17181,13576
735,1458,17320,13723
731,1469,17174,13567
731,1464,17192,13582
732,1475,17223,13632
734,1478,17302,13666
731,1466,17216,13612
730,1457,17182,13578
732,1473,17231,13635
731,1471,17203,13603
733,1465,17243,13611
732,1459,17248,13640
730,1466,17175,13564
732,1463,17252,13611
732,1460,17211,13604
730,1463,17137,13549
731,1460,17242,13652
732,1471,17216,13579
733,1479,17267,13636
733,1460,17252,13667
731,1463,17195,13572
733,1477,17265,13666
730,1471,17152,13544
730,1469,17192,13598
731,1465,17212,13621
733,1466,17255,13635
733,1469,17276,13656
731,1463,17161,13566
733,1475,17264,13659
731,1451,17200,13594
734,1459,17271,13637
735,1472,17318,13690
743,1492,17431,13743
744,1478,17478,13805
739,1469,17322,13662
732,1474,17226,13641
733,1482,17251,13669
729,1465,17159,13536
730,1472,17228,13612
732,1464,17239,13639
732,1474,17254,13634
732,1463,17241,13635
730,1467,17146,13534
732,1466,17235,13648
737,1464,17327,13714
745,1481,17489,13795
730,1469,17202,13600
731,1466,17182,13583
731,1464,17223,13630
730,1471,17179,13598
735,1469,17258,13619
732,1466,17256,13638
732,1468,17229,13612
734,1469,17319,13695
733,1478,17253,13652
731,1461,17192,13594
730,1473,17199,13612
731,1472,17220,13597
737,1473,17375,13737
741,1477,17376,13710
733,1480,17257,13646
733,1462,17229,13594
732,1472,17228,13622
732,1462,17239,13651
730,1470,17162,13571
732,1477,17257,13642
730,1470,17185,13598
731,1459,17183,13597
735,1470,17268,13665
732,1473,17220,13609
732,1471,17239,13621
736,1475,17332,13709
739,1460,17372,13724
744,1483,17516,13841
730,1460,17149,13535
733,1476,17246,13653
731,1466,17188,13585
732,1466,17221,13607
732,1465,17271,13640
733,1454,17195,13556
733,1466,17269,13653
731,1472,17209,13591
743,1478,17469,13827
732,1463,17198,13586
730,1465,17168,13574
734,1467,17308,13677
732,1468,17196,13587
732,1476,17228,13627
732,1474,17244,13638
729,1469,17135,13544
732,1474,17260,13651
731,1459,17202,13598
733,1466,17275,13639
732,1463,17279,13650
730,1465,17166,13554
731,1462,17213,13612
741,1471,17460,13861
739,1474,17335,13665
732,1462,17239,13609
735,1472,17257,13635
745,1488,17537,13868
732,1466,17224,13619
735,1476,17306,13689
743,1479,17444,13807
743,1482,17422,13778
745,1482,17525,13843
738,1478,17368,13735
731,1448,17209,13595
732,1462,17247,13641
729,1470,17135,13564
733,1462,17282,13679
732,1451,17238,13610
732,1472,17247,13618
732,1465,17245,13622
730,1467,17176,13578
734,1459,17298,13710
743,1477,17393,13710
730,1467,17204,13577
731,1475,17236,13618
738,1463,17386,13774
733,1460,17288,13686
733,1467,17244,13640
735,1474,17257,13614
731,1468,17201,13609
731,1468,17177,13572
733,1466,17313,13709
730,1461,17177,13567
735,1482,17306,13694
742,1470,17469,13848
731,1463,17154,13552
732,1470,17276,13655
730,1465,17185,13567
734,1476,17284,13637
732,1472,17240,13614
730,1459,17208,13616
731,1458,17226,13626
730,1447,17164,13559
733,1471,17273,13664
733,1475,17272,13637
732,1474,17235,13622
733,1465,17244,13612
730,1472,17166,13543
732,1473,17239,13646
734,1464,17268,13669
733,1465,17205,13583
733,1461,17260,13618
733,1481,17242,13614
730,1461,17210,13606
732,1465,17228,13625
729,1472,17168,13573
733,1468,17270,13645
730,1461,17180,13556
745,1484,17573,13898
731,1466,17230,13615
732,1454,17229,13619
732,1456,17228,13622
731,1471,17194,13586
734,1464,17274,13639
732,1473,17250,13638
733,1474,17240,13645
731,1474,17221,13622
732,1475,17205,13592
731,1471,17234,13652
730,1468,17180,13591
731,1468,17191,13573
732,1466,17242,13620
731,1474,17194,13588
731,1473,17223,13630
730,1468,17172,13567
730,1464,17189,13607
732,1471,17234,13619
730,1471,17185,13585
741,1477,17469,13795
741,1477,17416,13735
737,1471,17277,13628
730,1467,17177,13586
735,1479,17284,13671
743,1481,17477,13816
739,1476,17323,13648
734,1469,17268,13655
738,1466,17317,13658
731,1463,17231,13619
733,1479,17272,13677
729,1456,17149,13549
731,1468,17198,13608
732,1469,17248,13614
729,1475,17159,13559
731,1459,17218,13673
729,1455,17154,13548
736,1470,17313,13693
734,1466,17298,13666
743,1487,17495,13847
741,1470,17390,13721
731,1470,17205,13566
739,1477,17434,13813
732,1467,17217,13614
731,1464,17162,13546
732,1459,17248,13637
732,1461,17231,13609
731,1470,17222,13620
732,1469,17237,13628
731,1463,17205,13608
730,1471,17197,13618
730,1467,17152,13535
732,1471,17250,13649
731,1468,17235,13605
730,1463,17169,13580
735,1471,17286,13659
734,1450,17197,13550
732,1473,17246,13658
732,1467,17234,13610
733,1473,17267,13642
731,1453,17218,13605
732,1469,17226,13593
732,1470,17246,13651
731,1476,17216,13632
731,1459,17186,13594
731,1477,17218,13625
733,1477,17236,13607
737,1473,17297,13649
730,1467,17197,13594
732,1466,17229,13628
732,1469,17218,13600
730,1459,17171,13568
731,1471,17223,13637
732,1469,17234,13612
733,1507,17252,13651
734,1481,17297,13694
742,1493,17434,13787
743,1480,17510,13884
733,1452,17200,13551
731,1471,17212,13616
733,1475,17275,13645
733,1474,17277,13648
736,1465,17352,13741
732,1472,17284,13690
731,1467,17210,13616
733,1476,17265,13649
731,1471,17212,13579
733,1460,17287,13693
731,1465,17191,13572
732,1457,17210,13605
733,1469,17251,13637
732,1463,17241,13647
742,1468,17358,13723
731,1468,17197,13572
732,1472,17224,13608
731,1479,17221,13625
731,1478,17220,13620
732,1469,17238,13653
730,1460,17172,13570
733,1469,17261,13652
738,1467,17375,13714
736,1475,17309,13652
743,1485,17504,13849
729,1452,17147,13551
734,1468,17302,13701
743,1485,17447,13776
738,1470,17300,13626
732,1459,17226,13623
729,1462,17146,13526
734,1471,17312,13705
731,1466,17177,13570
731,1469,17203,13624
734,1457,17265,13668
741,1476,17389,13681
732,1471,17237,13625
730,1479,17203,13600
732,1473,17218,13622
732,1475,17220,13616
729,1471,17143,13545
733,1468,17270,13646
732,1468,17241,13619
733,1456,17272,13647
730,1453,17186,13581
731,1458,17194,13583
732,1471,17231,13630
732,1471,17240,13620
731,1464,17224,13622
732,1466,17232,13635
733,1469,17247,13620
733,1473,17261,13652
729,1468,17154,13572
731,1464,17214,13627
738,1480,17376,13752
732,1472,17254,13632
732,1475,17269,13660
732,1473,17228,13623
731,1464,17181,13574
732,1469,17224,13621
731,1475,17205,13574
732,1462,17256,13633
732,1464,17215,13572
733,1465,17272,13623
731,1472,17226,13628
731,1475,17208,13613
732,1478,17231,13644
731,1464,17197,13584
731,1462,17218,13603
731,1460,17217,13606
731,1466,17211,13584
733,1477,17269,13680
729,1461,17147,13550
731,1469,17201,13609
730,1463,17181,13585
731,1470,17227,13592
729,1467,17199,13604
731,1452,17168,13548
733,1465,17265,13654
730,1467,17179,13589
731,1464,17201,13595
733,1474,17273,13647
731,1458,17189,13557
733,1459,17276,13649
732,1468,17232,13612
727,1464,17141,13578
729,1466,17167,13601
730,1462,17187,13583
731,1467,17249,13628
732,1460,17238,13639
730,1465,17175,13585
732,1475,17228,13628
729,1462,17131,13532
740,1464,17475,13863
732,1497,17209,13614
732,1477,17245,13620
733,1482,17275,13683
738,1458,17300,13646
731,1469,17220,13617
737,1475,17322,13715
742,1471,17482,13834
731,1458,17225,13636
731,1457,17208,13586
735,1470,17336,13674
731,1463,17201,13592
731,1472,17188,13599
732,1465,17219,13624
731,1473,17185,13564
737,1475,17376,13718
736,1466,17258,13619
733,1470,17274,13659
740,1482,17371,13728
731,1464,17190,13592
731,1473,17221,13645
733,1470,17243,13642
734,1461,17238,13582
733,1462,17256,13648
730,1456,17178,13564
732,1462,17256,13668
733,1515,17239,13650
732,1462,17206,13590
731,1459,17229,13611
743,1488,17458,13779
743,1470,17462,13773
730,1456,17144,13528
731,1472,17201,13602
731,1457,17206,13584
731,1473,17218,13605
733,1468,17271,13657
729,1471,17164,13579
732,1464,17200,13573
730,1459,17182,13587
732,1476,17220,13625
728,1463,17202,13636
735,1475,17286,13671
741,1481,17387,13715
731,1461,17214,13603
730,1463,17183,13580
731,1464,17203,13610
736,1469,17276,13655
743,1478,17517,13878
736,1465,17328,13697
743,1474,17478,13807
733,1470,17269,13644
729,1447,17135,13524
732,1464,17240,13640
732,1477,17211,13626
736,1460,17269,13601
732,1478,17241,13618
731,1453,17176,13564
732,1471,17235,13613
731,1472,17193,13599
730,1466,17178,13582
730,1463,17171,13595
730,1465,17139,13538
733,1464,17272,13648
735,1481,17288,13657
733,1464,17212,13583
732,1464,17245,13652
728,1446,17100,13501
732,1475,17239,13626
731,1460,17225,13606
732,1480,17263,13642
731,1450,17207,13597
731,1466,17188,13588
733,1470,17269,13662
731,1459,17179,13567
732,1462,17219,13599
732,1474,17273,13651
730,1464,17162,13547
733,1465,17287,13665
729,1460,17156,13555
735,1468,17289,13683
742,1485,17411,13758
731,1471,17196,13604
733,1469,17286,13666
730,1458,17167,13547
743,1473,17461,13830
732,1466,17222,13632
731,1473,17195,13583
733,1471,17289,13650
730,1453,17154,13535
733,1474,17258,13635
736,1459,17282,13608
732,1461,17228,13611
734,1480,17294,13707
730,1476,17177,13575
732,1471,17229,13606
732,1475,17257,13634
729,1471,17168,13568
727,1462,17178,13591
734,1471,17266,13631
744,1484,17463,13816
736,1464,17304,13688
742,1486,17440,13815
731,1469,17222,13588
729,1457,17139,13557
732,1471,17222,13614
734,1466,17275,13660
733,1456,17190,13540
731,1477,17213,13598
731,1463,17183,13571
734,1467,17297,13668
735,1467,17318,13675
736,1467,17256,13624
731,1470,17220,13640
728,1462,17122,13526
733,1471,17281,13654
732,1468,17253,13617
741,1481,17400,13730
731,1462,17213,13604
730,1445,17167,13571
732,1468,17234,13631
732,1474,17222,13611
731,1468,17210,13610
734,1453,17255,13609
728,1467,17127,13521
733,1474,17268,13659
730,1458,17202,13603
731,1478,17206,13623
732,1468,17233,13607
731,1460,17193,13574
734,1469,17284,13650
731,1471,17218,13601
730,1460,17181,13584
731,1460,17184,13589
733,1465,17227,13637
734,1472,17308,13684
731,1467,17198,13559
732,1477,17219,13624
739,1458,17382,13742
736,1467,17312,13697
737,1466,17351,13749
741,1489,17411,13779
739,1480,17377,13745
731,1478,17231,13616
732,1452,17223,13609
733,1475,17264,13646
731,1475,17198,13585
731,1473,17209,13626
731,1456,17201,13590
732,1463,17226,13600
734,1480,17327,13709
729,1475,17180,13555
730,1471,17186,13604
733,1456,17206,13595
731,1469,17206,13599
733,1470,17314,13689
732,1464,17237,13611
732,1459,17194,13576
732,1469,17228,13607
731,1467,17189,13580
737,1476,17322,13654
729,1460,17140,13553
732,1461,17226,13632
732,1461,17255,13634
732,1470,17214,13609
732,1469,17239,13651
730,1469,17175,13575
731,1462,17226,13643
731,1461,17227,13611
727,1475,17160,13607
734,1470,17286,13646
732,1465,17211,13578
732,1469,17242,13647
731,1450,17197,13610
730,1478,17185,13584
744,1475,17501,13848
733,1472,17237,13599
732,1462,17233,13609
733,1462,17246,13638
733,1463,17259,13636
731,1461,17188,13595
729,1462,17145,13551
733,1462,17258,13644
732,1463,17230,13619
734,1474,17269,13669
742,1481,17406,13754
730,1465,17155,13542
730,1470,17213,13642
732,1474,17245,13633
734,1471,17300,13674
740,1481,17357,13697
733,1456,17227,13594
733,1471,17268,13677
730,1474,17187,13582
730,1465,17178,13579
732,1454,17244,13618
733,1468,17267,13631
732,1473,17230,13620
731,1478,17216,13597
733,1479,17258,13656
731,1460,17206,13620
732,1473,17229,13623
733,1461,17265,13659
731,1474,17194,13553
732,1467,17224,13618
732,1461,17225,13620
731,1466,17174,13575
733,1482,17279,13682
731,1472,17193,13569
731,1472,17219,13609
733,1458,17259,13644
732,1455,17229,13609
732,1484,17281,13672
732,1463,17209,13612
735,1465,17240,13603
733,1461,17268,13637
731,1452,17223,13577
732,1468,17253,13650
730,1472,17175,13549
732,1466,17238,13629
733,1458,17219,13604
731,1465,17211,13601
733,1483,17261,13650
732,1469,17224,13609
732,1470,17234,13636
732,1462,17241,13643
735,1452,17227,13565
731,1470,17222,13641
730,1470,17175,13548
732,1458,17239,13635
733,1468,17265,13632
729,1477,17180,13620
737,1479,17351,13718
733,1470,17213,13622
742,1493,17431,13784
736,1468,17286,13627
734,1470,17291,13640
732,1480,17240,13634
732,1469,17214,13586
733,1464,17250,13642
733,1492,17269,13673
731,1470,17185,13592
731,1470,17230,13647
732,1463,17227,13595
733,1460,17261,13632
731,1469,17220,13616
732,1480,17234,13619
730,1463,17191,13605
731,1459,17184,13578
733,1469,17296,13664
731,1471,17223,13601
732,1461,17248,13625
732,1467,17234,13640
733,1466,17255,13648
743,1473,17433,13774
731,1472,17195,13574
732,1478,17251,13637
732,1487,17208,13615
730,1459,17190,13599
735,1477,17337,13714
739,1472,17310,13641
731,1469,17196,13604
737,1480,17343,13724
739,1471,17323,13655
732,1459,17259,13658
730,1463,17176,13578
731,1471,17207,13609
735,1472,17295,13696
742,1477,17471,13835
741,1474,17464,13802
733,1477,17271,13642
732,1460,17220,13572
731,1464,17217,13610
730,1460,17185,13586
731,1455,17224,13617
730,1468,17191,13583
734,1471,17286,13647
730,1478,17194,13609
733,1480,17247,13639
732,1468,17243,13628
730,1462,17159,13558
731,1472,17218,13634
732,1472,17220,13632
737,1465,17369,13701
735,1469,17271,13633
731,1464,17186,13581
732,1468,17243,13650
732,1459,17231,13639
731,1471,17198,13591
733,1475,17281,13680
731,1474,17213,13606
733,1463,17266,13618
733,1470,17251,13644
731,1471,17221,13613
729,1471,17167,13607
731,1462,17208,13605
739,1471,17351,13676
733,1468,17271,13665
733,1464,17229,13599
732,1467,17230,13627
728,1467,17121,13534
733,1471,17277,13678
732,1455,17199,13587
732,1478,17250,13628
733,1475,17273,13678
736,1464,17243,13600
737,1465,17315,13726
731,1466,17179,13575
735,1474,17319,13679
736,1468,17292,13639
734,1469,17293,13647
741,1472,17422,13743
729,1467,17134,13548
732,1478,17237,13650
731,1466,17202,13606
732,1462,17232,13608
733,1468,17287,13650
731,1462,17185,13590
731,1469,17216,13626
735,1471,17311,13702
742,1490,17409,13780
742,1472,17421,13766
733,1456,17199,13582
732,1476,17259,13630
730,1463,17187,13583
734,1452,17274,13654
732,1469,17242,13641
729,1472,17154,13563
732,1471,17242,13640
732,1474,17214,13610
732,1461,17249,13616
733,1460,17289,13641
730,1458,17176,13570
731,1469,17200,13604
742,1476,17497,13867
743,1483,17487,13831
736,1430,17378,13717
740,1477,17415,13795
739,1484,17360,13713
731,1461,17189,13590
730,1463,17173,13579
732,1475,17259,13668
731,1470,17178,13579
732,1472,17272,13639
731,1477,17219,13632
737,1474,17260,13639
742,1470,17508,13878
733,1462,17229,13621
739,1466,17348,13678
731,1474,17225,13610
733,1470,17283,13653
733,1472,17252,13612
728,1463,17125,13531
731,1471,17227,13635
732,1464,17216,13628
733,1459,17260,13640
731,1454,17228,13596
731,1457,17182,13575
732,1471,17250,13654
732,1472,17224,13606
731,1477,17224,13632
731,1472,17229,13637
731,1468,17194,13609
733,1470,17266,13634
731,1465,17216,13612
732,1469,17241,13633
731,1467,17224,13631
731,1474,17188,13600
734,1471,17321,13706
732,1467,17210,13588
735,1473,17321,13681
738,1467,17338,13665
732,1473,17220,13628
732,1459,17282,13696
731,1468,17183,13582
734,1476,17299,13663
732,1465,17245,13641
731,1463,17200,13591
735,1467,17338,13705
731,1461,17183,13570
732,1471,17229,13627
734,1466,17284,13674
733,1444,17190,13573
733,1470,17293,13666
732,1479,17249,13642
731,1472,17210,13611
730,1469,17193,13609
723,1462,16999,13602
740,1464,17372,13711
724,1473,17062,13578
733,1470,17251,13622
733,1468,17269,13636
718,1460,16889,13504
723,1459,17061,13632
731,1463,17208,13606
722,1466,17030,13632
722,1463,16999,13605
721,1471,16962,13559
723,1455,17055,13665
726,1471,17100,13570
721,1468,16969,13588
729,1466,17200,13671
756,1473,17855,13876
734,1475,17243,13671
729,1470,17204,13632
732,1464,17292,13722
719,1464,16936,13544
731,1462,17194,13587
732,1459,17228,13622
720,1461,16936,13521
736,1457,17414,13791
729,1482,17139,13689
730,1463,17184,13590
730,1466,17237,13672
729,1473,17204,13606
733,1472,17267,13640
733,1465,17288,13675
731,1468,17228,13627
743,1486,17484,13818
735,1468,17309,13695
745,1461,17560,13940
738,1471,17344,13723
740,1468,17415,13784
733,1479,17270,13643
731,1467,17193,13578
732,1463,17249,13652
731,1466,17239,13652
733,1473,17249,13645
733,1473,17283,13664
731,1472,17211,13600
734,1467,17282,13674
730,1455,17177,13563
730,1466,17185,13575
742,1483,17481,13847
733,1467,17225,13627
735,1463,17335,13693
742,1480,17468,13815
732,1476,17234,13646
733,1462,17313,13711
731,1471,17229,13624
734,1459,17341,13772
742,1456,17516,13906
737,1471,17368,13778
737,1462,17420,13805
741,1477,17439,13787
732,1468,17308,13732
742,1466,17516,13898
738,1471,17404,13801
731,1457,17251,13683
731,1463,17234,13654
732,1446,17329,13738
733,1462,17274,13651
734,1472,17324,13733
741,1473,17430,13812
729,1467,17190,13645
727,1471,17144,13731
743,1472,17474,13808
731,1461,17270,13732
732,1460,17233,13610
721,1468,16986,13584
719,1468,16933,13542
729,1461,17136,13537
723,1475,17017,13638
739,1451,17493,13839
728,1449,17170,13653
719,1461,16928,13547
716,1463,16848,13465
729,1465,17192,13643
723,1464,17042,13644
725,1471,17024,13608
724,1464,17045,13648
719,1464,16921,13501
721,1467,16968,13596
723,1469,16950,13521
720,1463,16971,13579
724,1471,17069,13665
718,1475,16916,13517
722,1468,17005,13621
719,1447,16924,13528
721,1454,16970,13585
726,1462,17119,13624
732,1484,17200,13767
731,1451,17208,13796
722,1467,17012,13597
724,1464,17051,13652
729,1482,17113,13702
721,1468,16933,13524
722,1447,17027,13659
720,1462,16951,13565
722,1464,16991,13583
722,1462,17022,13613
720,1460,16928,13515
721,1470,16999,13607
721,1459,16988,13554
722,1458,16973,13585
728,1467,17155,13662
720,1470,16956,13549
723,1464,17013,13626
721,1453,16974,13569
730,1468,17218,13639
736,1470,17360,13798
726,1470,17073,13654
737,1452,17345,13936
726,1466,17085,13576
722,1470,16987,13585
719,1470,16922,13527
732,1462,17237,13641
722,1435,17014,13654
720,1468,16960,13561
736,1472,17359,13751
720,1474,16951,13539
721,1471,16994,13580
720,1455,16948,13574
721,1463,16941,13568
721,1470,16978,13597
730,1450,17222,13663
735,1470,17270,13601
731,1459,17232,13681
731,1461,17205,13612
731,1481,17185,13777
722,1463,17008,13632
719,1454,16900,13529
721,1460,16964,13584
720,1472,16956,13543
722,1471,17001,13620
720,1470,16942,13577
722,1461,17004,13608
730,1466,17151,13742
729,1476,17147,13708
722,1464,16990,13578
735,1462,17385,13782
721,1457,16997,13580
719,1466,16935,13562
717,1477,16863,13475
720,1457,16948,13572
723,1460,17033,13640
734,1472,17316,13698
723,1457,17012,13622
717,1461,16870,13477
719,1465,16919,13550
727,1465,17113,13601
722,1457,16991,13598
723,1461,17022,13640
721,1472,16993,13589
722,1461,17007,13620
717,1451,16868,13476
722,1465,16998,13599
725,1455,17095,13607
724,1468,17045,13633
730,1458,17214,13763
720,1466,16955,13547
719,1461,16929,13527
721,1457,16979,13606
728,1468,17151,13752
723,1465,17035,13663
726,1470,17098,13629
725,1453,17081,13666
729,1463,17116,13676
716,1469,16886,13503
736,1464,17405,13825
722,1465,16962,13551
722,1471,16984,13589
722,1470,16980,13610
721,1473,16967,13577
722,1456,17008,13632
731,1471,17232,13638
719,1466,16932,13535
721,1457,16951,13579
727,1466,17143,13618
722,1463,17028,13642
721,1458,16951,13553
721,1471,17001,13588
722,1469,16982,13605
721,1476,16988,13612
732,1471,17215,13633
720,1468,16942,13530
735,1477,17326,13707
731,1458,17192,13583
721,1474,16965,13570
722,1461,16986,13610
721,1465,16954,13564
732,1478,17261,13672
730,1462,17234,13642
739,1472,17334,13650
721,1460,16985,13594
732,1473,17231,13657
732,1467,17238,13635
726,1463,17144,13644
732,1449,17303,13757
732,1464,17248,13643
722,1475,16992,13573
723,1469,17051,13647
732,1454,17302,13745
731,1476,17230,13661
733,1465,17277,13690
733,1466,17268,13643
747,1473,17647,13985
742,1469,17474,13883
742,1465,17478,13841
731,1467,17265,13693
732,1468,17282,13696
723,1460,17032,13654
719,1464,16907,13514
721,1467,16982,13583
721,1466,16997,13606
730,1476,17212,13700
740,1458,17495,13884
736,1480,17271,13700
719,1460,16930,13530
733,1474,17296,13723
725,1462,17053,13610
725,1464,17122,13721
725,1465,17068,13672
724,1467,16995,13582
719,1449,16920,13533
731,1464,17141,13661
735,1464,17348,13712
724,1465,17038,13647
724,1465,17064,13651
722,1473,17000,13620
720,1461,16926,13550
722,1467,17014,13632
718,1474,16899,13516
722,1461,17015,13605
726,1449,17098,13709
720,1458,16950,13568
728,1463,17145,13741
720,1468,16933,13545
731,1468,17218,13619
720,1471,16956,13545
722,1476,16991,13596
734,1460,17356,13723
719,1472,16924,13540
725,1462,17085,13697
729,1475,17088,13643
729,1457,17183,13602
735,1464,17349,13732
730,1465,17212,13631
733,1476,17276,13667
721,1459,16959,13577
722,1464,16982,13589
719,1467,16916,13535
728,1468,17140,13571
735,1471,17347,13726
737,1463,17418,13808
723,1463,16991,13581
722,1474,17001,13612
720,1471,16915,13522
731,1471,17249,13657
721,1470,16995,13601
735,1458,17325,13685
733,1474,17275,13649
720,1472,16950,13557
725,1466,17086,13687
741,1503,17458,13842
732,1465,17227,13599
734,1475,17294,13640
731,1472,17244,13655
730,1450,17271,13736
731,1474,17204,13606
732,1468,17242,13647
732,1460,17238,13643
734,1472,17282,13680
732,1467,17248,13648
722,1470,16998,13567
734,1464,17308,13715
739,1469,17336,13676
730,1477,17173,13577
736,1467,17334,13715
729,1463,17080,13633
720,1466,16953,13544
734,1469,17272,13640
733,1476,17265,13660
730,1460,17247,13705
730,1461,17136,13531
732,1469,17266,13651
736,1469,17334,13680
729,1464,17238,13675
731,1465,17244,13655
725,1459,17067,13549
741,1475,17424,13791
720,1461,16956,13576
732,1469,17278,13706
721,1453,16983,13601
717,1458,16864,13491
739,1478,17357,13737
723,1465,17011,13620
722,1457,16971,13574
735,1456,17375,13780
724,1468,16982,13561
719,1469,16944,13541
718,1466,16920,13508
720,1463,16926,13533
722,1468,16980,13618
720,1472,16933,13553
722,1462,17003,13615
719,1467,16922,13520
717,1468,16866,13489
731,1465,17218,13628
726,1469,17019,13563
721,1467,16994,13613
719,1466,16913,13536
717,1460,16862,13492
730,1471,17188,13622
718,1453,16857,13462
721,1473,16977,13589
719,1465,16922,13545
720,1463,16927,13548
720,1454,16948,13538
717,1467,16870,13460
721,1463,16995,13603
720,1472,16951,13542
729,1468,17182,13654
731,1464,17196,13588
719,1461,16898,13514
721,1465,16987,13588
725,1478,17038,13604
718,1460,16902,13528
720,1466,16941,13569
731,1471,17192,13582
722,1469,16991,13611
730,1467,17169,13560
729,1461,17136,13554
730,1461,17183,13569
738,1477,17343,13703
730,1453,17183,13573
732,1465,17223,13619
719,1470,16906,13536
732,1460,17246,13626
729,1471,17191,13617
732,1478,17253,13637
735,1468,17291,13626
740,1469,17338,13689
719,1450,16913,13520
734,1507,17281,13671
742,1485,17438,13779
731,1456,17193,13558
737,1470,17334,13724
743,1476,17491,13840
725,1478,17067,13672
742,1486,17480,13844
728,1449,17109,13508
720,1457,16942,13562
723,1467,17028,13608
731,1468,17197,13582
732,1480,17235,13624
729,1454,17132,13519
731,1463,17184,13592
735,1476,17320,13681
741,1486,17408,13752
732,1465,17215,13589
732,1460,17257,13650
734,1471,17295,13688
733,1469,17272,13657
731,1470,17228,13618
731,1456,17259,13685
729,1441,17128,13496
732,1448,17313,13728
732,1478,17249,13629
757,1466,17972,13833
721,1460,16971,13592
726,1454,17101,13551
731,1462,17194,13586
731,1466,17225,13614
731,1463,17187,13591
731,1461,17190,13585
729,1460,17165,13587
730,1470,17196,13615
732,1472,17236,13615
731,1479,17217,13608
722,1459,17028,13630
734,1465,17249,13607
739,1476,17358,13702
725,1464,17130,13532
730,1458,17170,13583
719,1465,16933,13546
731,1466,17194,13572
732,1470,17264,13673
730,1464,17206,13606
729,1464,17152,13561
731,1463,17189,13606
730,1462,17155,13548
733,1461,17246,13636
737,1476,17266,13595
730,1460,17184,13585
730,1472,17183,13577
732,1463,17236,13613
729,1472,17213,13620
729,1471,17133,13536
730,1466,17182,13565
734,1469,17305,13695
734,1501,17301,13696
733,1460,17254,13655
731,1462,17176,13576
731,1466,17215,13647
732,1460,17234,13617
735,1473,17324,13676
744,1494,17484,13835
730,1456,17159,13539
733,1471,17280,13678
736,1473,17314,13662
729,1466,17148,13566
732,1461,17238,13653
731,1454,17190,13541
731,1463,17202,13593
730,1454,17151,13556
736,1466,17326,13687
733,1463,17208,13599
732,1462,17204,13590
733,1453,17247,13600
731,1463,17227,13595
733,1471,17251,13616
731,1467,17229,13637
730,1470,17170,13592
736,1464,17359,13757
733,1451,17275,13647
734,1470,17334,13707
730,1469,17216,13640
730,1466,17210,13623
732,1457,17275,13681
732,1471,17271,13694
730,1461,17222,13672
731,1481,17277,13715
730,1458,17198,13593
731,1461,17283,13709
731,1473,17248,13680
731,1471,17244,13661
729,1459,17213,13673
732,1468,17237,13617
733,1472,17269,13655
730,1456,17231,13615
737,1465,17315,13644
737,1470,17357,13738
742,1473,17380,13708
732,1474,17255,13672
738,1467,17306,13649
733,1469,17273,13654
734,1467,17277,13674
732,1465,17210,13586
728,1463,17140,13596
736,1470,17300,13696
737,1471,17336,13706
741,1485,17399,13733
731,1472,17206,13569
737,1473,17363,13728
744,1467,17492,13846
737,1459,17360,13748
732,1463,17271,13701
731,1472,17236,13626
733,1464,17302,13696
731,1469,17214,13598
731,1470,17234,13597
730,1473,17175,13581
735,1483,17278,13668
740,1477,17368,13724
729,1475,17161,13542
735,1468,17303,13665
739,1477,17381,13737
743,1468,17503,13884
731,1462,17230,13644
730,1450,17149,13574
732,1471,17241,13643
731,1474,17199,13586
733,1467,17292,13660
733,1449,17334,13766
730,1467,17190,13610
743,1479,17517,13878
738,1469,17273,13662
730,1464,17215,13644
734,1456,17277,13670
731,1468,17251,13659
734,1476,17309,13669
731,1472,17222,13620
732,1471,17228,13626
744,1477,17513,13885
731,1451,17184,13540
734,1473,17311,13677
732,1461,17233,13617
733,1474,17253,13659
730,1465,17210,13613
731,1464,17171,13574
733,1475,17261,13665
732,1467,17236,13645
733,1461,17295,13664
733,1463,17273,13672
730,1457,17157,13557
732,1475,17261,13670
731,1473,17222,13629
732,1453,17239,13621
732,1473,17227,13624
743,1478,17504,13830
735,1471,17367,13727
731,1465,17210,13617
731,1468,17234,13652
738,1479,17364,13761
740,1481,17377,13718
734,1474,17297,13661
734,1470,17294,13680
732,1461,17230,13615
734,1475,17280,13662
732,1466,17230,13624
732,1476,17252,13665
730,1465,17185,13583
739,1479,17387,13754
743,1476,17439,13784
731,1480,17203,13600
733,1465,17288,13693
732,1475,17218,13624
733,1464,17263,13640
735,1470,17322,13697
737,1476,17278,13623
734,1473,17338,13719
731,1467,17216,13642
732,1464,17237,13638
