2648,10000
735,1480,17346,13712
734,1469,17317,13680
734,1471,17294,13688
733,1462,17271,13668
731,1427,17208,13610
735,1473,17342,13720
734,1476,17306,13677
731,1465,17219,13643
734,1466,17319,13711
733,1466,17213,13587
734,1470,17296,13699
736,1482,17352,13746
741,1485,17392,13763
739,1471,17341,13714
733,1475,17267,13666
733,1475,17299,13700
734,1472,17311,13700
743,1478,17437,13816
741,1475,17388,13711
734,1475,17287,13672
736,1447,17387,13760
733,1485,17284,13643
733,1473,17237,13632
739,1471,17412,13796
744,1488,17536,13913
736,1475,17346,13718
733,1472,17274,13640
738,1467,17368,13738
747,1450,17680,14019
738,1471,17362,13755
747,1476,17596,13953
740,1471,17423,13800
734,1470,17304,13719
734,1475,17287,13665
732,1473,17267,13663
735,1469,17341,13730
733,1456,17241,13642
733,1477,17281,13682
734,1471,17305,13686
733,1471,17255,13622
736,1474,17381,13754
734,1464,17301,13661
734,1465,17313,13724
734,1474,17297,13708
732,1468,17250,13668
734,1467,17317,13715
733,1461,17263,13636
734,1472,17290,13690
732,1474,17265,13669
733,1476,17292,13713
735,1468,17334,13737
730,1470,17184,13587
746,1455,17636,14006
737,1475,17400,13771
733,1464,17274,13659
735,1477,17320,13732
731,1454,17206,13605
734,1465,17329,13747
734,1476,17315,13718
733,1479,17277,13684
734,1458,17334,13736
733,1474,17288,13669
735,1471,17325,13720
734,1489,17291,13697
733,1474,17296,13704
735,1464,17353,13750
737,1460,17331,13687
735,1472,17354,13745
732,1478,17269,13679
734,1464,17294,13700
733,1469,17278,13703
734,1467,17291,13680
733,1462,17304,13715
736,1474,17354,13726
732,1466,17268,13663
734,1473,17309,13729
733,1459,17285,13691
734,1477,17304,13695
733,1467,17275,13672
732,1466,17276,13687
737,1472,17403,13764
736,1474,17329,13674
734,1469,17350,13754
736,1466,17282,13666
733,1471,17263,13680
732,1472,17270,13679
737,1464,17379,13737
733,1475,17314,13718
733,1472,17300,13699
731,1468,17302,13693
735,1468,17326,13724
732,1465,17239,13648
735,1476,17357,13775
732,1474,17238,13620
733,1461,17264,13658
734,1463,17307,13716
733,1462,17286,13681
733,1466,17291,13713
728,1468,17197,13668
735,1468,17348,13739
734,1464,17328,13695
738,1472,17412,13773
741,1488,17429,13784
731,1466,17202,13619
734,1466,17304,13709
737,1464,17406,13778
735,1469,17310,13664
734,1469,17347,13769
732,1473,17228,13626
735,1469,17338,13741
734,1465,17328,13728
732,1474,17254,13682
733,1472,17277,13706
732,1471,17257,13659
733,1468,17299,13707
733,1479,17280,13692
746,1473,17618,13969
735,1464,17328,13738
732,1463,17256,13665
734,1466,17331,13735
736,1460,17363,13735
734,1469,17327,13698
733,1469,17284,13710
730,1460,17163,13610
735,1464,17367,13772
734,1467,17334,13727
733,1473,17317,13703
732,1468,17278,13675
732,1466,17269,13666
736,1459,17341,13717
744,1486,17507,13851
737,1467,17319,13701
732,1435,17260,13669
735,1472,17325,13707
735,1463,17352,13741
733,1478,17261,13676
732,1477,17275,13693
732,1466,17294,13712
732,1463,17261,13659
734,1466,17351,13752
733,1482,17288,13660
736,1477,17371,13746
734,1468,17333,13751
733,1470,17272,13684
735,1459,17382,13798
733,1470,17266,13650
733,1464,17307,13717
734,1462,17276,13665
732,1453,17273,13667
740,1460,17502,13893
735,1468,17272,13652
733,1476,17276,13697
731,1465,17247,13665
736,1476,17369,13739
740,1473,17419,13779
731,1483,17210,13624
737,1468,17369,13772
736,1463,17297,13674
732,1483,17262,13665
735,1463,17366,13751
732,1458,17260,13633
734,1466,17342,13731
734,1458,17302,13711
735,1465,17330,13727
732,1469,17276,13687
733,1464,17278,13687
735,1462,17351,13748
732,1469,17274,13711
734,1479,17341,13716
741,1471,17405,13760
730,1466,17207,13620
734,1454,17356,13773
733,1466,17273,13685
741,1471,17460,13823
744,1489,17516,13872
741,1478,17387,13751
736,1460,17380,13794
733,1462,17284,13711
733,1475,17313,13718
733,1475,17314,13720
735,1463,17299,13686
736,1463,17414,13800
731,1459,17269,13688
733,1458,17290,13705
732,1466,17270,13683
735,1477,17324,13707
738,1466,17393,13751
732,1469,17269,13689
734,1473,17345,13749
734,1467,17331,13762
731,1462,17226,13651
738,1467,17452,13843
733,1469,17255,13641
735,1466,17360,13744
738,1470,17358,13763
731,1465,17246,13659
734,1447,17346,13775
732,1477,17256,13680
733,1467,17302,13715
734,1458,17287,13687
736,1463,17366,13757
735,1468,17379,13760
733,1462,17281,13696
735,1476,17295,13695
731,1465,17251,13683
734,1460,17327,13709
736,1462,17409,13805
732,1464,17249,13666
734,1463,17300,13688
733,1459,17296,13719
732,1476,17262,13675
737,1451,17423,13842
734,1468,17248,13636
734,1474,17360,13759
733,1472,17301,13704
733,1465,17279,13673
733,1474,17315,13721
727,1458,17138,13620
748,1450,17695,14046
732,1468,17276,13685
737,1476,17396,13748
738,1468,17377,13701
732,1470,17239,13655
733,1465,17289,13713
735,1473,17363,13758
734,1467,17317,13703
736,1470,17386,13756
732,1474,17262,13666
734,1467,17329,13728
732,1459,17270,13710
733,1475,17310,13719
732,1471,17276,13711
730,1479,17180,13614
734,1466,17372,13779
733,1468,17288,13687
734,1468,17316,13707
732,1453,17280,13693
730,1471,17206,13641
736,1458,17396,13812
733,1465,17289,13669
732,1461,17302,13706
733,1465,17332,13712
734,1475,17310,13730
733,1459,17329,13775
731,1469,17245,13676
733,1470,17307,13697
734,1460,17359,13739
731,1462,17228,13665
736,1447,17427,13832
731,1471,17244,13661
734,1470,17305,13716
736,1475,17366,13753
731,1453,17221,13643
739,1451,17494,13877
745,1496,17526,13885
742,1461,17551,13948
731,1465,17250,13671
731,1464,17244,13679
748,1462,17683,14025
744,1462,17564,13943
732,1466,17295,13705
735,1469,17371,13740
735,1472,17338,13744
734,1447,17337,13772
734,1478,17317,13736
743,1465,17485,13839
733,1469,17308,13710
734,1457,17303,13732
734,1466,17329,13725
733,1468,17297,13706
739,1468,17368,13748
732,1464,17253,13680
731,1463,17231,13664
733,1464,17336,13734
730,1474,17213,13642
734,1460,17354,13789
732,1459,17271,13686
733,1480,17289,13722
734,1468,17341,13754
732,1477,17237,13648
734,1463,17376,13785
735,1456,17363,13759
732,1462,17268,13684
732,1475,17288,13716
731,1465,17209,13637
734,1454,17359,13773
732,1466,17298,13702
732,1474,17292,13707
733,1479,17326,13715
729,1464,17180,13605
730,1468,17222,13686
732,1453,17274,13699
727,1459,17143,13661
734,1467,17299,13678
731,1465,17204,13595
726,1449,17090,13712
737,1455,17287,13643
733,1472,17275,13709
734,1474,17289,13677
737,1480,17355,13737
740,1465,17437,13780
734,1469,17286,13643
732,1460,17278,13703
731,1480,17237,13662
732,1466,17217,13620
735,1468,17318,13689
733,1462,17243,13631
731,1471,17212,13610
732,1469,17257,13653
733,1469,17261,13651
735,1478,17326,13713
732,1468,17208,13603
733,1477,17287,13692
729,1471,17273,13702
732,1465,17274,13709
735,1457,17332,13738
733,1458,17265,13655
732,1467,17261,13677
731,1467,17272,13710
730,1456,17225,13660
735,1452,17393,13810
730,1451,17220,13625
729,1437,17189,13636
730,1467,17209,13664
731,1448,17239,13684
733,1451,17339,13781
731,1454,17246,13649
730,1466,17230,13674
733,1452,17327,13745
729,1447,17180,13636
733,1453,17296,13741
729,1460,17190,13633
731,1458,17267,13733
731,1459,17272,13711
730,1451,17217,13645
732,1468,17298,13745
732,1466,17191,13617
731,1466,17267,13724
731,1466,17269,13713
731,1463,17258,13709
731,1463,17274,13709
731,1479,17246,13670
731,1468,17273,13711
731,1464,17252,13710
730,1452,17230,13682
735,1446,17371,13788
732,1466,17241,13617
737,1469,17355,13747
732,1459,17287,13712
734,1451,17348,13772
733,1457,17303,13763
728,1471,17149,13581
733,1456,17340,13798
735,1455,17373,13785
736,1467,17295,13696
732,1457,17293,13725
734,1469,17340,13754
743,1472,17473,13865
730,1455,17203,13621
731,1444,17247,13684
730,1471,17239,13682
735,1471,17360,13743
742,1468,17475,13845
729,1464,17201,13654
732,1455,17283,13740
731,1464,17240,13675
734,1459,17324,13746
735,1463,17331,13747
743,1459,17511,13896
735,1459,17350,13775
741,1472,17456,13863
728,1470,17185,13648
735,1450,17376,13816
731,1452,17234,13646
729,1463,17220,13666
730,1471,17229,13666
734,1464,17311,13746
735,1448,17327,13755
730,1466,17218,13656
732,1459,17319,13767
733,1458,17330,13751
732,1468,17284,13696
731,1449,17295,13763
729,1467,17181,13629
736,1462,17365,13795
735,1474,17317,13708
735,1474,17323,13715
733,1440,17308,13772
736,1477,17290,13698
729,1455,17204,13677
730,1468,17219,13696
731,1458,17228,13662
733,1464,17316,13777
730,1473,17228,13638
730,1461,17257,13721
727,1472,17166,13662
729,1459,17171,13652
730,1452,17223,13711
728,1451,17145,13603
730,1469,17249,13730
730,1473,17237,13696
730,1463,17223,13663
730,1465,17231,13676
727,1454,17123,13594
733,1465,17307,13781
741,1470,17444,13853
732,1451,17208,13638
731,1462,17239,13693
731,1470,17210,13613
735,1473,17343,13739
737,1476,17303,13672
733,1479,17249,13647
733,1462,17264,13663
734,1465,17289,13674
732,1471,17277,13671
733,1476,17252,13649
732,1452,17233,13639
732,1473,17264,13660
732,1479,17258,13674
744,1485,17493,13826
733,1460,17236,13605
735,1473,17332,13699
733,1462,17262,13644
734,1479,17296,13687
736,1470,17309,13695
733,1471,17245,13633
735,1470,17326,13710
733,1481,17270,13668
733,1469,17266,13655
734,1461,17312,13706
739,1466,17410,13805
732,1461,17242,13638
734,1466,17296,13706
733,1485,17257,13649
733,1470,17306,13706
736,1477,17314,13702
731,1463,17208,13603
732,1473,17234,13659
734,1474,17303,13679
735,1466,17363,13750
735,1461,17272,13618
747,1482,17628,13938
742,1482,17461,13812
739,1477,17345,13717
732,1471,17254,13668
733,1462,17254,13636
735,1470,17349,13721
737,1460,17368,13761
740,1478,17380,13720
734,1469,17313,13718
731,1458,17195,13584
735,1464,17329,13729
731,1467,17233,13649
733,1472,17257,13642
745,1471,17570,13944
727,1460,17108,13569
734,1465,17306,13701
733,1481,17271,13693
732,1476,17256,13632
739,1475,17407,13799
738,1467,17367,13709
743,1465,17563,13917
732,1465,17245,13670
733,1469,17257,13672
730,1457,17231,13690
734,1460,17277,13647
734,1479,17339,13713
734,1470,17307,13721
733,1471,17266,13641
733,1466,17288,13696
732,1466,17212,13627
734,1464,17312,13709
744,1488,17522,13883
740,1462,17422,13780
737,1476,17342,13709
734,1462,17284,13675
743,1471,17522,13886
731,1473,17219,13647
741,1477,17454,13819
736,1465,17368,13735
738,1461,17336,13661
743,1461,17581,13898
736,1469,17324,13710
743,1479,17451,13816
740,1481,17388,13734
734,1473,17303,13672
735,1471,17360,13729
731,1476,17218,13642
735,1472,17329,13725
740,1482,17381,13733
732,1477,17238,13660
735,1478,17345,13757
733,1459,17231,13632
735,1469,17314,13691
733,1466,17289,13704
733,1480,17270,13671
736,1469,17419,13844
743,1481,17492,13886
749,1470,17670,13991
746,1466,17613,13962
733,1469,17274,13648
735,1484,17375,13749
732,1458,17214,13604
735,1470,17307,13715
733,1466,17251,13642
733,1467,17276,13671
735,1469,17336,13727
732,1476,17228,13634
735,1468,17321,13704
733,1461,17280,13678
733,1483,17263,13666
736,1471,17303,13683
726,1468,17132,13611
735,1474,17347,13720
734,1466,17299,13685
733,1469,17284,13686
736,1459,17370,13766
735,1461,17245,13617
735,1470,17341,13726
733,1471,17276,13663
734,1473,17325,13714
734,1478,17308,13691
734,1466,17267,13653
733,1466,17288,13673
733,1477,17297,13713
734,1471,17301,13678
734,1475,17321,13699
733,1477,17270,13670
735,1468,17338,13719
732,1470,17239,13644
743,1483,17524,13913
736,1465,17349,13748
733,1476,17248,13635
740,1463,17511,13858
743,1495,17463,13808
733,1472,17268,13680
732,1471,17250,13661
733,1468,17285,13686
734,1469,17318,13705
734,1477,17296,13687
733,1466,17289,13667
736,1464,17380,13746
731,1458,17241,13662
747,1496,17588,13963
740,1478,17374,13741
733,1469,17275,13655
739,1467,17471,13829
745,1480,17565,13923
740,1472,17424,13770
733,1478,17244,13637
732,1468,17254,13673
732,1464,17264,13665
735,1468,17268,13654
738,1473,17440,13812
741,1488,17405,13737
733,1468,17271,13685
734,1465,17315,13734
735,1475,17330,13734
733,1467,17302,13693
732,1471,17242,13649
737,1466,17385,13755
735,1466,17329,13685
735,1483,17306,13699
734,1468,17322,13714
735,1461,17299,13708
747,1466,17659,14005
745,1474,17508,13844
739,1474,17349,13695
733,1461,17307,13697
732,1466,17210,13623
735,1470,17326,13727
733,1475,17304,13708
732,1468,17254,13670
747,1470,17658,13983
739,1467,17376,13735
746,1469,17625,13991
738,1467,17407,13781
744,1491,17479,13830
733,1475,17268,13648
743,1480,17529,13872
738,1463,17424,13785
740,1480,17418,13729
733,1467,17288,13693
735,1458,17318,13711
733,1477,17271,13677
734,1465,17327,13697
734,1476,17309,13676
734,1472,17319,13712
732,1476,17274,13667
732,1459,17243,13650
734,1468,17329,13734
732,1473,17240,13642
735,1472,17298,13709
734,1460,17328,13705
733,1471,17268,13674
734,1468,17298,13692
732,1457,17248,13635
732,1473,17250,13686
735,1472,17334,13736
733,1472,17275,13662
736,1474,17421,13790
733,1471,17289,13666
732,1463,17252,13661
733,1473,17303,13709
739,1485,17404,13795
747,1456,17693,14044
733,1486,17301,13684
733,1472,17268,13684
733,1470,17290,13684
739,1462,17438,13822
740,1459,17461,13855
744,1479,17483,13831
746,1477,17571,13931
737,1480,17399,13768
746,1478,17517,13843
738,1465,17359,13724
740,1491,17409,13788
734,1472,17316,13734
733,1464,17265,13655
741,1470,17460,13817
734,1472,17309,13668
734,1473,17302,13674
733,1467,17288,13683
733,1458,17274,13695
733,1481,17288,13691
734,1468,17321,13709
733,1467,17290,13661
734,1453,17315,13734
733,1470,17287,13672
735,1478,17337,13736
735,1467,17299,13690
733,1507,17242,13650
735,1464,17343,13756
735,1464,17329,13727
734,1463,17293,13683
736,1478,17354,13755
738,1467,17314,13669
734,1470,17301,13721
735,1471,17356,13736
736,1480,17369,13750
745,1490,17512,13835
735,1457,17271,13618
734,1466,17323,13741
732,1470,17258,13673
733,1468,17290,13688
733,1469,17301,13704
733,1467,17278,13654
735,1472,17347,13754
733,1471,17265,13632
731,1474,17232,13695
734,1473,17286,13677
731,1461,17230,13636
737,1473,17397,13798
739,1486,17367,13691
733,1474,17288,13693
733,1474,17295,13730
733,1467,17260,13676
735,1466,17349,13760
733,1481,17300,13669
734,1469,17276,13665
735,1453,17357,13749
733,1470,17275,13652
747,1475,17582,13923
732,1461,17213,13609
734,1473,17307,13724
739,1473,17363,13717
733,1476,17305,13692
735,1462,17355,13748
732,1479,17256,13648
733,1471,17275,13669
735,1466,17341,13742
734,1454,17248,13644
736,1469,17387,13794
734,1473,17312,13667
735,1462,17329,13714
732,1468,17263,13678
733,1471,17278,13660
734,1463,17311,13730
732,1472,17244,13629
734,1468,17310,13700
735,1481,17325,13703
733,1481,17300,13665
735,1473,17355,13753
732,1469,17221,13607
741,1468,17477,13875
736,1462,17369,13763
735,1468,17302,13650
733,1468,17284,13703
733,1459,17286,13692
735,1455,17362,13758
732,1458,17267,13675
735,1474,17323,13736
736,1476,17329,13705
735,1483,17306,13668
733,1463,17283,13691
735,1474,17344,13713
734,1467,17308,13692
733,1461,17282,13676
733,1478,17255,13647
739,1452,17445,13830
746,1484,17602,13944
747,1470,17665,13996
744,1534,17491,13863
731,1468,17212,13618
735,1463,17360,13776
732,1467,17253,13635
735,1480,17354,13719
732,1470,17268,13684
734,1477,17297,13694
739,1469,17471,13849
743,1471,17507,13883
733,1467,17266,13671
733,1467,17309,13725
733,1461,17276,13658
735,1472,17364,13742
732,1456,17266,13670
732,1475,17266,13688
736,1480,17360,13762
741,1472,17394,13730
736,1456,17401,13793
733,1471,17298,13682
734,1473,17309,13680
735,1469,17331,13731
731,1466,17214,13646
741,1452,17494,13884
744,1474,17582,13933
739,1468,17419,13783
745,1476,17570,13944
734,1464,17318,13715
733,1476,17300,13701
732,1478,17258,13659
733,1478,17288,13695
738,1459,17391,13797
745,1470,17507,13828
733,1471,17307,13704
731,1480,17232,13638
732,1464,17293,13721
733,1463,17268,13698
734,1474,17300,13686
732,1476,17298,13691
732,1468,17250,13631
736,1460,17387,13754
733,1471,17264,13685
746,1469,17570,13931
732,1469,17262,13681
731,1473,17190,13573
735,1466,17359,13751
733,1466,17268,13660
735,1471,17327,13703
734,1477,17304,13716
728,1459,17149,13577
734,1471,17322,13727
736,1457,17317,13699
734,1467,17304,13700
731,1480,17312,13697
731,1470,17203,13594
736,1471,17361,13758
732,1465,17263,13684
734,1479,17313,13707
734,1465,17288,13680
735,1513,17317,13719
735,1457,17351,13728
733,1464,17274,13669
733,1467,17306,13710
733,1465,17283,13689
735,1473,17327,13725
736,1456,17355,13693
732,1467,17270,13676
735,1480,17332,13729
734,1459,17277,13678
732,1469,17238,13667
735,1468,17377,13782
733,1467,17248,13648
729,1472,17249,13694
734,1463,17316,13710
732,1462,17265,13669
736,1456,17377,13780
732,1462,17222,13615
733,1467,17269,13655
734,1466,17298,13712
735,1470,17329,13722
735,1460,17376,13742
735,1479,17281,13674
732,1477,17249,13659
731,1458,17241,13671
735,1471,17337,13704
735,1475,17366,13743
733,1484,17273,13665
733,1471,17292,13700
734,1466,17313,13709
732,1466,17250,13669
734,1472,17323,13742
734,1472,17285,13695
733,1469,17318,13680
734,1475,17312,13721
733,1468,17271,13695
732,1463,17271,13678
732,1470,17230,13655
734,1465,17314,13719
734,1471,17325,13707
737,1470,17363,13703
748,1470,17668,13992
731,1467,17210,13626
734,1469,17326,13753
733,1464,17288,13714
735,1470,17328,13725
735,1477,17352,13724
734,1471,17270,13679
734,1465,17339,13735
734,1454,17331,13731
733,1475,17306,13714
733,1464,17315,13729
731,1469,17198,13614
737,1455,17436,13825
733,1466,17300,13695
733,1464,17297,13690
733,1478,17292,13702
731,1471,17222,13634
735,1467,17367,13761
733,1461,17305,13705
735,1474,17327,13708
735,1464,17349,13718
733,1466,17286,13703
733,1464,17317,13734
732,1477,17256,13680
734,1462,17336,13724
737,1472,17416,13793
736,1471,17298,13664
736,1474,17396,13794
733,1468,17278,13664
732,1425,17303,13725
746,1469,17599,13970
744,1467,17572,13956
748,1467,17720,14064
733,1473,17284,13688
732,1467,17288,13703
732,1474,17270,13681
731,1470,17244,13675
734,1455,17382,13787
729,1456,17218,13637
734,1466,17346,13730
732,1467,17275,13685
731,1461,17253,13671
733,1442,17329,13746
732,1474,17250,13659
733,1465,17331,13739
732,1454,17282,13685
732,1463,17274,13704
734,1451,17352,13779
730,1473,17192,13630
732,1464,17291,13726
732,1456,17259,13690
733,1461,17314,13727
733,1463,17322,13701
732,1469,17286,13695
732,1460,17287,13699
731,1470,17275,13718
730,1457,17221,13677
733,1450,17326,13742
730,1461,17218,13640
734,1467,17365,13764
732,1462,17302,13716
732,1466,17289,13722
734,1460,17334,13773
738,1486,17346,13730
733,1466,17325,13739
735,1464,17379,13780
731,1450,17241,13672
735,1464,17385,13794
737,1466,17290,13672
733,1462,17330,13778
732,1457,17296,13747
730,1470,17237,13678
730,1469,17247,13664
732,1478,17260,13683
734,1444,17346,13785
730,1467,17224,13663
734,1452,17346,13765
735,1467,17414,13841
734,1474,17309,13729
734,1457,17384,13805
731,1461,17254,13655
733,1466,17310,13749
731,1470,17264,13700
730,1463,17203,13644
732,1452,17310,13744
731,1452,17242,13650
731,1471,17248,13673
732,1457,17300,13728
731,1469,17243,13677
735,1446,17378,13817
729,1463,17177,13624
733,1464,17312,13751
735,1468,17313,13707
731,1468,17259,13690
735,1452,17378,13821
726,1448,17146,13584
733,1471,17300,13727
732,1466,17254,13667
733,1451,17297,13726
734,1461,17362,13784
733,1464,17291,13670
732,1462,17285,13703
734,1471,17314,13730
734,1476,17292,13702
744,1485,17492,13805
732,1465,17271,13657
737,1469,17407,13809
737,1469,17325,13682
733,1457,17254,13651
732,1468,17265,13683
732,1460,17251,13674
734,1465,17318,13738
736,1459,17367,13733
733,1479,17290,13702
732,1469,17263,13684
732,1467,17223,13622
732,1470,17286,13731
735,1477,17338,13734
734,1456,17305,13713
733,1473,17320,13718
732,1465,17270,13637
733,1466,17305,13729
732,1457,17262,13685
732,1467,17253,13694
733,1471,17317,13714
731,1473,17242,13629
737,1464,17408,13799
733,1465,17287,13707
731,1456,17270,13700
732,1459,17272,13700
730,1471,17224,13649
732,1464,17300,13741
737,1464,17333,13693
732,1464,17270,13717
731,1441,17286,13741
744,1463,17567,13949
741,1454,17535,13951
731,1463,17264,13686
732,1462,17266,13683
733,1451,17353,13756
732,1465,17275,13666
734,1469,17365,13788
729,1448,17181,13640
730,1451,17225,13643
733,1473,17326,13733
732,1463,17268,13671
733,1444,17299,13730
739,1470,17494,13901
730,1429,17222,13656
735,1466,17378,13809
740,1478,17398,13814
733,1455,17326,13767
730,1453,17232,13648
731,1463,17243,13674
731,1471,17266,13699
730,1468,17232,13649
733,1448,17344,13807
731,1453,17208,13619
741,1466,17471,13873
733,1460,17321,13741
734,1465,17353,13767
732,1448,17292,13741
728,1466,17181,13639
731,1457,17272,13717
730,1460,17247,13675
730,1456,17242,13670
736,1468,17386,13817
741,1463,17404,13775
731,1459,17250,13679
740,1467,17503,13941
737,1465,17303,13727
730,1450,17235,13684
731,1466,17222,13648
734,1462,17366,13786
733,1467,17274,13694
730,1457,17215,13671
729,1459,17229,13714
730,1467,17206,13640
732,1450,17296,13729
732,1456,17310,13738
731,1456,17280,13723
731,1465,17259,13713
731,1468,17229,13668
731,1462,17281,13739
735,1457,17361,13788
738,1476,17385,13771
732,1457,17298,13745
730,1454,17192,13631
731,1466,17264,13702
731,1466,17271,13735
735,1447,17274,13694
732,1464,17329,13775
730,1467,17216,13654
732,1464,17296,13751
730,1466,17175,13625
731,1464,17249,13726
729,1457,17189,13671
730,1459,17221,13677
732,1466,17283,13754
730,1457,17224,13664
731,1460,17263,13690
731,1466,17237,13705
726,1461,17130,13632
731,1460,17243,13713
728,1456,17163,13627
738,1459,17455,13880
730,1450,17227,13684
729,1471,17219,13665
731,1464,17297,13780
729,1471,17201,13658
729,1450,17207,13658
728,1472,17178,13646
734,1465,17317,13737
733,1463,17292,13721
728,1462,17191,13632
733,1465,17284,13702
732,1460,17254,13712
732,1474,17231,13639
735,1449,17387,13806
733,1467,17272,13635
735,1459,17382,13802
733,1474,17223,13674
732,1469,17275,13702
729,1468,17221,13703
730,1457,17217,13639
734,1454,17335,13750
729,1461,17200,13693
728,1476,17164,13643
730,1465,17216,13667
728,1471,17153,13631
729,1460,17203,13708
724,1471,17067,13611
727,1467,17164,13655
728,1453,17175,13670
726,1449,17091,13580
726,1484,17113,13650
726,1460,17119,13680
726,1457,17115,13652
725,1456,17098,13637
725,1469,17069,13610
725,1455,17113,13677
723,1464,17054,13615
724,1468,17048,13640
724,1467,17052,13614
725,1451,17019,13547
728,1456,17195,13741
723,1470,17039,13596
725,1465,17084,13639
725,1470,17090,13668
723,1463,17007,13582
725,1462,17081,13674
723,1474,17025,13602
724,1472,17068,13630
724,1463,17107,13654
724,1470,17064,13614
727,1466,17156,13724
725,1472,17066,13618
724,1461,17089,13639
725,1470,17077,13643
723,1454,17021,13577
726,1455,17148,13699
723,1463,17030,13586
726,1462,17103,13649
725,1457,17089,13633
734,1461,17281,13791
734,1458,17328,13845
736,1471,17322,13846
726,1470,17109,13666
727,1469,17133,13667
724,1470,17083,13633
727,1447,17152,13713
731,1467,17219,13803
724,1462,17069,13629
724,1458,17056,13612
724,1465,17048,13642
725,1466,17113,13697
723,1460,16968,13538
725,1459,17092,13660
724,1462,17060,13613
731,1466,17218,13741
727,1475,17151,13704
722,1457,16980,13543
724,1466,17052,13636
722,1462,17003,13577
722,1485,17014,13599
726,1458,17115,13692
724,1466,17033,13612
727,1461,17143,13717
725,1470,17078,13668
722,1467,17013,13593
727,1463,17124,13712
720,1463,16919,13530
722,1451,17016,13616
723,1467,17043,13643
719,1470,16931,13560
723,1475,17022,13639
720,1452,16923,13523
723,1462,17040,13654
722,1463,17016,13607
721,1476,17012,13592
722,1476,17010,13597
720,1457,16943,13557
721,1454,16987,13610
720,1472,16961,13575
722,1464,17018,13603
721,1459,16982,13595
721,1470,16946,13551
737,1449,17377,13953
725,1463,17072,13656
725,1473,17015,13609
722,1466,17010,13625
728,1463,17097,13684
734,1475,17259,13804
719,1472,16928,13544
730,1460,17192,13796
734,1469,17225,13759
730,1473,17157,13748
725,1462,17120,13732
720,1469,16936,13532
722,1470,17027,13626
723,1458,17014,13602
720,1468,16949,13556
724,1461,17061,13667
720,1475,16934,13560
723,1471,17019,13616
724,1461,17044,13641
721,1457,16966,13580
725,1466,17091,13716
720,1458,16925,13546
732,1471,17266,13682
737,1451,17407,13831
740,1464,17441,13838
737,1450,17447,13843
732,1473,17149,13703
727,1476,17069,13625
721,1464,16974,13578
723,1462,16996,13618
722,1465,17003,13628
720,1473,16952,13542
723,1467,17039,13638
721,1456,16990,13576
722,1473,17002,13608
722,1475,17004,13635
721,1468,16960,13575
724,1463,17076,13683
727,1462,17125,13701
733,1480,17191,13747
723,1441,17004,13581
720,1475,16945,13553
722,1465,17000,13606
734,1459,17294,13896
718,1473,16903,13523
721,1462,16995,13609
724,1475,17012,13593
732,1469,17204,13762
721,1463,16985,13592
721,1460,16969,13583
722,1475,17000,13609
720,1457,16924,13541
725,1456,17082,13675
735,1471,17327,13867
723,1478,17013,13631
721,1471,16971,13592
719,1472,16903,13532
724,1463,17065,13676
725,1465,17087,13667
729,1473,17114,13664
722,1477,16991,13599
721,1458,16948,13574
721,1452,16987,13605
721,1465,16967,13565
721,1471,16963,13596
723,1465,17035,13636
719,1465,16930,13552
728,1472,17099,13677
719,1464,16929,13538
722,1472,16988,13622
727,1452,17131,13733
727,1463,17113,13700
735,1471,17285,13825
722,1471,16980,13555
721,1465,16945,13570
721,1459,16984,13608
721,1467,16951,13573
725,1459,17126,13714
720,1464,16973,13554
723,1466,17014,13624
722,1478,16998,13606
721,1460,16982,13604
722,1471,17033,13649
721,1453,17007,13629
722,1471,16994,13610
722,1458,17002,13594
721,1473,16973,13574
736,1465,17352,13934
721,1469,16937,13505
724,1460,17030,13669
722,1465,16988,13569
735,1479,17287,13847
722,1463,17010,13608
722,1479,17015,13597
721,1463,16980,13613
723,1469,17012,13631
719,1460,16919,13557
722,1465,16986,13588
721,1466,16967,13554
725,1463,17079,13684
725,1459,17039,13613
722,1467,17003,13613
720,1458,16950,13559
719,1472,16914,13534
721,1463,16986,13607
723,1462,17020,13615
720,1455,16934,13515
736,1477,17314,13880
720,1479,16938,13546
722,1465,17003,13639
731,1470,17217,13776
723,1471,17047,13641
722,1465,17008,13599
722,1462,16995,13580
727,1464,17124,13726
732,1477,17172,13727
722,1464,16983,13567
724,1461,17041,13647
727,1465,17046,13597
723,1460,17045,13667
721,1468,16970,13562
721,1469,16965,13581
721,1444,16966,13584
722,1472,16974,13599
725,1468,17091,13716
723,1459,17024,13612
722,1468,16976,13565
721,1474,16958,13588
733,1462,17271,13672
736,1465,17400,13826
734,1463,17256,13619
733,1477,17270,13662
735,1471,17326,13700
726,1456,17103,13612
735,1460,17383,13799
737,1467,17383,13776
741,1512,17442,13888
743,1491,17532,13874
738,1469,17402,13783
747,1440,17694,14093
734,1466,17266,13651
738,1473,17347,13723
735,1479,17308,13702
743,1479,17469,13833
732,1453,17247,13647
732,1468,17245,13613
733,1465,17336,13758
732,1462,17259,13675
733,1457,17261,13675
733,1469,17286,13701
731,1471,17239,13635
734,1462,17341,13755
732,1461,17290,13699
734,1456,17343,13746
734,1459,17267,13686
729,1469,17193,13621
735,1455,17358,13777
736,1477,17326,13697
733,1446,17300,13712
737,1460,17410,13823
738,1473,17384,13747
742,1465,17561,13959
732,1458,17263,13709
742,1458,17501,13936
730,1461,17232,13688
730,1458,17215,13621
734,1460,17355,13765
734,1466,17330,13765
732,1462,17316,13739
731,1461,17262,13699
732,1474,17260,13676
735,1456,17386,13811
732,1462,17275,13669
733,1459,17306,13708
731,1474,17262,13698
729,1465,17208,13669
732,1459,17301,13757
732,1458,17247,13641
735,1465,17376,13766
735,1464,17295,13697
731,1460,17251,13695
732,1450,17297,13760
728,1465,17163,13633
739,1451,17479,13895
731,1460,17282,13707
731,1466,17251,13674
733,1448,17332,13779
730,1446,17196,13628
733,1456,17302,13744
729,1468,17197,13658
731,1465,17247,13678
737,1459,17444,13863
738,1473,17361,13730
737,1471,17385,13781
740,1452,17518,13950
730,1459,17197,13624
739,1441,17479,13909
742,1468,17529,13911
735,1469,17275,13687
729,1455,17189,13667
732,1454,17275,13710
731,1457,17267,13718
726,1449,17174,13597
731,1463,17258,13719
729,1471,17182,13663
731,1462,17253,13670
730,1452,17239,13673
730,1468,17221,13653
731,1464,17254,13688
731,1459,17237,13693
727,1446,17151,13615
731,1459,17292,13731
731,1475,17237,13661
736,1456,17433,13846
733,1464,17314,13771
737,1460,17309,13720
730,1469,17191,13660
729,1458,17189,13619
733,1461,17339,13761
730,1467,17223,13680
731,1452,17244,13707
730,1467,17221,13675
729,1476,17183,13648
730,1459,17249,13713
729,1462,17220,13689
731,1464,17241,13678
730,1459,17222,13671
728,1475,17143,13619
730,1462,17241,13719
729,1453,17183,13664
730,1472,17220,13677
730,1476,17225,13692
732,1469,17256,13676
735,1461,17402,13841
736,1470,17289,13705
727,1463,17134,13625
728,1466,17178,13694
731,1462,17233,13644
736,1470,17358,13720
733,1456,17231,13612
733,1473,17268,13655
732,1483,17245,13643
731,1475,17195,13613
733,1465,17280,13706
732,1471,17228,13631
741,1477,17386,13712
733,1463,17261,13621
732,1473,17238,13647
733,1474,17297,13715
731,1470,17208,13637
733,1463,17278,13665
737,1459,17391,13775
746,1488,17554,13854
740,1469,17490,13847
742,1478,17405,13759
733,1467,17273,13658
734,1484,17293,13697
733,1469,17280,13670
722,1449,17018,13631
721,1474,16963,13572
739,1478,17371,13718
732,1479,17247,13643
735,1480,17319,13711
736,1471,17330,13715
731,1459,17231,13654
735,1457,17362,13743
733,1482,17296,13693
732,1473,17258,13675
738,1453,17376,13732
730,1467,17207,13643
736,1468,17401,13792
733,1478,17289,13685
733,1470,17310,13695
735,1491,17346,13741
730,1461,17217,13637
735,1467,17361,13767
734,1454,17343,13763
742,1474,17427,13771
735,1463,17356,13737
730,1468,17191,13611
736,1471,17390,13774
735,1469,17306,13690
731,1467,17277,13699
735,1458,17347,13762
730,1468,17193,13595
737,1461,17433,13823
732,1483,17281,13686
735,1452,17375,13783
732,1469,17279,13703
731,1467,17219,13639
738,1464,17459,13850
739,1469,17367,13731
733,1463,17284,13683
733,1460,17355,13743
731,1483,17233,13641
734,1460,17335,13774
732,1473,17242,13662
732,1463,17298,13685
736,1459,17368,13757
732,1478,17275,13701
735,1466,17404,13806
730,1474,17218,13644
733,1457,17297,13730
734,1472,17325,13742
732,1474,17281,13712
734,1464,17370,13781
732,1471,17258,13677
731,1463,17250,13668
732,1469,17264,13683
731,1472,17247,13682
734,1458,17366,13785
731,1462,17238,13666
733,1465,17331,13725
732,1463,17302,13679
730,1465,17225,13657
734,1462,17354,13793
741,1470,17423,13830
742,1478,17456,13820
735,1461,17369,13777
729,1473,17217,13651
732,1467,17283,13712
730,1471,17208,13645
733,1461,17333,13763
732,1458,17247,13658
732,1471,17285,13713
733,1471,17324,13735
731,1471,17223,13649
735,1448,17368,13799
737,1481,17352,13737
730,1477,17229,13666
734,1463,17357,13768
730,1468,17224,13637
734,1447,17369,13788
733,1470,17313,13703
731,1462,17253,13682
735,1451,17337,13729
736,1460,17280,13672
732,1466,17320,13731
735,1462,17395,13802
733,1471,17265,13668
733,1478,17326,13734
732,1475,17237,13640
735,1450,17382,13799
730,1466,17245,13680
732,1411,17293,13710
734,1455,17350,13768
732,1467,17237,13624
734,1466,17358,13777
731,1475,17236,13655
725,1462,17172,13657
735,1460,17372,13783
732,1463,17275,13679
734,1462,17368,13768
737,1472,17350,13673
731,1465,17263,13701
733,1448,17312,13748
731,1472,17219,13642
736,1457,17437,13836
729,1476,17205,13619
731,1460,17244,13681
734,1446,17349,13766
732,1472,17271,13693
722,1465,17015,13643
721,1475,16948,13564
720,1458,16959,13588
732,1459,17308,13732
741,1460,17486,13840
728,1466,17170,13770
733,1489,17190,13767
728,1476,17074,13642
736,1468,17388,13775
734,1463,17291,13671
724,1461,17094,13685
723,1475,17043,13622
727,1471,17077,13641
721,1457,16973,13603
720,1463,16972,13593
722,1464,17032,13624
718,1472,16899,13495
722,1453,16996,13609
723,1471,17025,13634
722,1475,16984,13603
721,1465,16979,13598
719,1458,16905,13538
728,1499,17140,13762
733,1476,17241,13762
721,1479,16986,13584
721,1470,16986,13607
725,1475,17040,13619
735,1448,17327,13934
724,1448,17013,13591
723,1469,17016,13635
718,1460,16945,13603
721,1464,16970,13543
722,1461,17002,13632
723,1464,17005,13627
721,1469,16976,13579
724,1469,17061,13651
728,1461,17086,13618
722,1457,16995,13608
724,1463,17072,13666
721,1461,16971,13586
725,1459,17054,13685
720,1471,16920,13530
723,1458,17058,13688
724,1458,17069,13672
722,1474,16978,13538
727,1455,17102,13716
725,1464,17021,13589
724,1453,17043,13674
719,1472,16910,13530
723,1466,17034,13634
727,1460,17085,13644
722,1460,17015,13601
726,1450,17098,13724
719,1463,16909,13511
723,1465,17040,13659
730,1479,17143,13687
720,1471,16967,13562
724,1463,17086,13696
721,1462,16964,13562
723,1471,17019,13631
721,1459,16977,13593
720,1469,16954,13578
725,1462,17105,13718
721,1468,16976,13572
723,1461,17003,13633
721,1466,16976,13590
723,1462,17013,13618
724,1469,17036,13652
720,1460,16949,13554
722,1464,17007,13618
728,1468,17082,13627
721,1475,16995,13589
723,1465,17027,13649
722,1479,16971,13594
722,1467,16989,13626
724,1459,17053,13642
722,1472,17013,13598
725,1470,17093,13693
729,1477,17091,13640
721,1461,16974,13587
725,1461,17085,13696
731,1474,17147,13705
722,1463,16982,13602
720,1455,16946,13531
725,1454,17090,13705
726,1468,17055,13635
722,1468,16999,13617
721,1465,16977,13597
719,1472,16901,13529
722,1462,17013,13622
736,1458,17345,13883
722,1469,17000,13593
727,1469,17085,13693
719,1472,16892,13510
725,1458,17077,13697
724,1464,17064,13656
721,1469,16983,13592
723,1463,17028,13658
722,1469,16993,13578
723,1456,17035,13662
721,1464,16976,13601
722,1463,17010,13630
722,1467,16984,13620
721,1461,16970,13558
724,1459,17068,13677
722,1473,16976,13564
723,1471,17017,13643
722,1469,16969,13596
729,1461,17160,13738
732,1454,17242,13837
723,1463,17041,13632
722,1457,17019,13598
721,1467,16976,13611
722,1468,16982,13600
723,1459,17014,13638
720,1472,16952,13553
721,1465,16982,13580
724,1459,17034,13646
720,1466,16974,13555
725,1454,17111,13719
727,1464,17053,13622
720,1472,16929,13555
729,1465,17167,13776
724,1467,17052,13633
724,1470,17049,13641
724,1462,17033,13639
733,1470,17212,13782
725,1447,17054,13673
729,1475,17117,13670
723,1463,17027,13618
721,1456,16988,13585
724,1464,17060,13651
722,1468,17014,13627
722,1462,16991,13611
723,1460,17025,13646
719,1468,16933,13534
724,1465,17068,13663
721,1468,16969,13577
723,1482,17029,13617
725,1460,17037,13619
719,1466,16904,13515
723,1465,17023,13646
723,1467,17028,13641
721,1465,16985,13570
721,1459,16999,13624
719,1465,16920,13529
727,1464,17075,13656
722,1471,16986,13620
726,1470,17108,13685
731,1433,17185,13741
719,1462,16910,13508
726,1463,17121,13716
731,1481,17166,13732
723,1463,16987,13583
723,1461,17025,13635
730,1472,17112,13646
722,1462,17007,13611
735,1464,17315,13889
721,1468,17003,13624
720,1459,16951,13564
721,1467,16955,13574
723,1462,17037,13667
722,1464,16980,13591
724,1458,17011,13614
721,1469,16990,13609
722,1474,16966,13598
723,1456,17022,13639
721,1467,16953,13566
721,1470,16968,13587
722,1464,17005,13616
720,1464,16960,13559
724,1462,17091,13682
724,1460,17020,13600
721,1467,16968,13597
722,1470,16996,13610
722,1474,16991,13584
722,1453,17038,13640
725,1464,17041,13630
728,1466,17092,13630
720,1460,16955,13569
723,1465,16989,13620
722,1461,17013,13624
720,1470,16955,13567
722,1476,17003,13618
722,1472,16984,13603
721,1462,16973,13579
723,1461,17038,13663
720,1463,16930,13552
721,1468,16992,13595
723,1464,17038,13641
723,1468,17017,13613
722,1458,17014,13620
720,1464,16943,13540
722,1466,17014,13631
723,1454,16967,13566
722,1463,16989,13597
723,1467,17060,13639
721,1471,16951,13569
721,1459,17005,13615
721,1470,16967,13595
722,1469,16978,13603
725,1449,17091,13700
720,1465,16918,13515
725,1470,17094,13689
720,1466,16977,13582
724,1459,17031,13633
722,1473,16982,13592
718,1459,16867,13497
722,1458,16999,13623
723,1464,17037,13649
721,1473,16978,13570
721,1450,17003,13585
721,1470,16964,13535
722,1459,17023,13659
722,1458,16988,13612
724,1454,17084,13665
722,1474,17016,13620
722,1476,16969,13594
723,1446,17036,13647
722,1461,16997,13609
720,1469,16954,13556
723,1467,17016,13648
719,1466,16922,13553
724,1461,17060,13671
723,1470,17024,13619
730,1476,17135,13687
719,1469,16931,13533
722,1473,16973,13603
725,1459,17100,13723
721,1448,16947,13542
724,1470,17050,13650
723,1464,17029,13585
733,1469,17291,13708
735,1441,17399,13823
732,1471,17225,13622
733,1473,17276,13651
729,1468,17194,13644
732,1469,17230,13651
736,1452,17435,13843
735,1469,17290,13683
738,1480,17325,13676
732,1476,17244,13652
733,1465,17241,13630
735,1478,17374,13734
731,1470,17215,13628
735,1474,17316,13720
735,1477,17336,13738
741,1480,17392,13762
733,1473,17292,13668
734,1476,17298,13678
734,1470,17340,13705
736,1463,17364,13751
731,1472,17215,13637
736,1459,17364,13768
744,1491,17482,13821
748,1478,17657,14006
734,1475,17325,13714
734,1464,17295,13680
734,1449,17285,13674
734,1482,17279,13662
741,1478,17411,13762
735,1465,17329,13737
732,1470,17236,13668
735,1481,17342,13719
732,1474,17240,13632
739,1476,17358,13713
731,1476,17254,13689
737,1476,17310,13684
734,1467,17330,13725
733,1473,17259,13638
734,1468,17324,13700
733,1474,17315,13695
734,1455,17313,13721
733,1475,17269,13697
732,1471,17229,13646
734,1470,17328,13734
733,1455,17282,13668
734,1470,17282,13685
733,1457,17312,13715
732,1478,17245,13666
733,1461,17305,13741
733,1464,17258,13661
734,1467,17284,13673
733,1481,17299,13694
735,1479,17314,13716
737,1464,17336,13729
733,1463,17253,13662
733,1470,17272,13687
733,1469,17299,13692
732,1471,17254,13657
735,1463,17356,13754
733,1451,17290,13651
734,1472,17303,13708
731,1471,17250,13680
732,1484,17258,13680
737,1463,17363,13741
732,1462,17257,13637
733,1471,17281,13671
738,1470,17420,13783
743,1490,17449,13817
736,1449,17399,13808
732,1474,17241,13637
733,1474,17267,13688
733,1477,17283,13668
733,1463,17294,13698
733,1464,17278,13708
733,1460,17264,13651
732,1473,17256,13675
733,1479,17308,13703
732,1479,17236,13654
733,1473,17301,13684
732,1455,17256,13629
735,1468,17335,13738
737,1471,17387,13790
740,1471,17364,13716
734,1469,17338,13714
733,1474,17270,13651
737,1469,17394,13786
737,1468,17338,13704
736,1471,17344,13736
738,1477,17321,13695
731,1465,17214,13623
733,1465,17310,13733
733,1480,17301,13689
733,1459,17292,13690
731,1461,17245,13698
731,1471,17216,13618
733,1471,17305,13736
734,1476,17321,13713
734,1460,17309,13714
733,1458,17287,13668
739,1471,17404,13759
746,1470,17639,14012
737,1477,17294,13668
730,1427,17211,13615
734,1471,17322,13714
733,1465,17278,13633
736,1470,17397,13811
732,1462,17241,13629
734,1471,17266,13672
733,1468,17285,13683
731,1476,17228,13670
734,1478,17332,13746
732,1429,17240,13616
734,1471,17294,13694
733,1462,17295,13723
733,1476,17272,13680
735,1472,17365,13781
736,1469,17359,13732
747,1459,17659,14018
732,1480,17304,13691
734,1466,17313,13701
736,1476,17375,13781
732,1465,17232,13640
732,1471,17242,13645
734,1462,17315,13697
734,1470,17304,13675
734,1465,17331,13741
732,1464,17249,13654
734,1472,17301,13688
732,1472,17253,13668
732,1461,17255,13670
732,1473,17249,13664
733,1460,17269,13656
734,1461,17339,13729
733,1471,17287,13690
734,1477,17298,13698
733,1461,17284,13694
733,1472,17277,13666
734,1472,17311,13717
734,1462,17317,13701
734,1466,17337,13717
733,1462,17303,13730
730,1457,17195,13617
734,1461,17319,13725
733,1475,17324,13719
732,1475,17278,13657
733,1461,17286,13707
731,1471,17237,13628
735,1468,17353,13763
733,1464,17283,13704
732,1471,17281,13697
734,1466,17299,13710
732,1457,17232,13614
735,1471,17366,13767
733,1478,17278,13692
732,1461,17255,13687
733,1475,17311,13723
734,1458,17293,13677
735,1461,17378,13773
732,1476,17276,13680
735,1461,17322,13686
734,1464,17300,13705
732,1480,17253,13654
735,1463,17357,13763
732,1470,17260,13646
734,1465,17292,13670
732,1465,17284,13683
736,1473,17355,13719
735,1482,17316,13701
733,1477,17273,13699
731,1470,17232,13664
735,1474,17360,13772
734,1463,17274,13660
737,1469,17440,13819
736,1473,17282,13663
734,1468,17307,13711
734,1465,17303,13712
732,1471,17288,13657
735,1475,17384,13777
731,1462,17215,13591
734,1469,17324,13710
734,1469,17330,13729
731,1475,17241,13675
734,1463,17315,13714
733,1461,17261,13653
735,1466,17327,13698
733,1472,17299,13705
733,1463,17277,13686
731,1469,17303,13768
731,1461,17208,13633
733,1465,17309,13720
734,1465,17298,13708
734,1472,17328,13702
734,1460,17286,13679
732,1467,17223,13628
734,1467,17319,13713
733,1475,17273,13690
733,1450,17257,13656
745,1484,17566,13919
743,1476,17457,13790
746,1481,17577,13892
741,1477,17411,13765
733,1475,17292,13713
732,1464,17274,13685
731,1468,17244,13647
735,1465,17365,13754
733,1459,17272,13673
736,1463,17374,13761
732,1476,17251,13672
732,1471,17216,13628
734,1470,17322,13728
734,1472,17289,13679
733,1475,17301,13696
734,1477,17296,13684
733,1465,17272,13672
737,1462,17415,13831
744,1476,17494,13849
735,1471,17304,13676
735,1464,17334,13729
736,1474,17346,13713
735,1472,17382,13752
732,1470,17246,13653
732,1437,17287,13696
733,1461,17294,13708
732,1469,17260,13654
733,1468,17336,13734
731,1473,17214,13646
730,1466,17285,13679
733,1473,17295,13706
731,1470,17248,13658
737,1473,17403,13816
736,1491,17309,13709
734,1465,17318,13691
733,1459,17278,13676
731,1464,17242,13641
738,1455,17448,13832
734,1467,17257,13664
733,1471,17280,13679
733,1468,17296,13691
734,1477,17296,13687
735,1450,17402,13771
731,1478,17234,13639
734,1476,17275,13682
732,1471,17262,13670
733,1468,17280,13671
733,1472,17315,13708
733,1465,17262,13683
734,1472,17327,13729
731,1473,17253,13673
733,1477,17284,13689
733,1467,17298,13705
730,1470,17195,13635
735,1471,17347,13714
731,1466,17267,13671
733,1464,17275,13678
732,1476,17273,13693
733,1474,17274,13696
735,1468,17333,13708
734,1459,17308,13721
733,1477,17273,13661
735,1463,17379,13757
730,1463,17185,13599
735,1468,17341,13746
737,1465,17333,13710
735,1461,17346,13729
733,1478,17296,13689
730,1471,17198,13609
737,1464,17414,13791
740,1482,17423,13786
731,1469,17234,13675
733,1473,17306,13724
732,1474,17233,13630
735,1466,17359,13739
732,1471,17286,13695
733,1465,17319,13728
732,1460,17272,13691
731,1472,17211,13639
735,1468,17348,13737
732,1469,17271,13666
732,1466,17282,13666
735,1473,17350,13727
742,1469,17562,13952
734,1453,17314,13723
732,1469,17241,13665
732,1472,17274,13677
735,1468,17361,13750
732,1474,17251,13645
736,1461,17404,13803
731,1484,17220,13622
734,1464,17315,13717
733,1474,17289,13692
733,1468,17277,13675
736,1471,17395,13779
733,1472,17282,13692
732,1462,17263,13673
734,1466,17291,13698
732,1476,17244,13655
735,1462,17404,13801
738,1466,17297,13665
732,1472,17284,13669
735,1469,17376,13735
733,1481,17279,13689
732,1466,17276,13693
734,1466,17275,13685
733,1463,17329,13725
734,1480,17336,13721
732,1473,17243,13641
734,1468,17312,13705
733,1463,17274,13683
738,1464,17353,13741
734,1479,17308,13695
732,1479,17239,13651
733,1475,17318,13715
733,1467,17273,13662
734,1472,17302,13712
732,1464,17251,13668
731,1474,17278,13694
739,1466,17372,13731
732,1462,17235,13639
737,1466,17423,13787
732,1477,17285,13670
735,1465,17335,13745
734,1447,17309,13722
732,1469,17212,13613
741,1470,17496,13869
742,1473,17508,13867
734,1471,17318,13736
738,1475,17356,13719
731,1470,17228,13631
734,1474,17324,13739
733,1469,17276,13680
742,1457,17558,13964
739,1479,17391,13743
733,1468,17266,13661
734,1472,17337,13747
732,1474,17272,13693
733,1466,17258,13677
734,1461,17314,13712
737,1466,17398,13783
744,1476,17531,13863
733,1476,17280,13634
736,1459,17387,13830
743,1482,17460,13842
733,1471,17285,13684
735,1485,17373,13761
732,1465,17265,13652
735,1467,17316,13723
733,1460,17288,13664
733,1469,17294,13694
735,1456,17349,13771
729,1453,17193,13616
732,1462,17257,13669
736,1473,17383,13753
731,1477,17239,13631
739,1465,17471,13872
741,1471,17405,13764
733,1455,17250,13641
734,1460,17326,13724
733,1480,17283,13680
734,1454,17342,13736
738,1480,17407,13763
746,1473,17596,13949
733,1469,17266,13666
732,1475,17266,13691
734,1471,17308,13718
733,1480,17296,13674
733,1463,17287,13690
745,1471,17606,13965
733,1474,17273,13653
734,1461,17319,13733
734,1475,17287,13687
734,1467,17300,13702
734,1474,17335,13714
735,1467,17349,13750
732,1472,17279,13682
734,1465,17280,13678
735,1469,17304,13706
735,1463,17350,13738
734,1480,17319,13708
740,1473,17392,13748
733,1466,17279,13660
735,1460,17351,13747
733,1458,17267,13673
734,1473,17296,13700
733,1463,17290,13680
733,1468,17251,13625
737,1460,17401,13792
743,1486,17477,13805
733,1475,17253,13662
733,1467,17300,13716
732,1456,17233,13633
735,1472,17342,13751
734,1468,17314,13696
733,1465,17297,13695
733,1471,17285,13707
732,1462,17243,13664
736,1464,17388,13802
737,1473,17327,13682
734,1471,17328,13729
736,1468,17339,13696
734,1468,17332,13710
733,1471,17298,13717
732,1459,17242,13669
732,1473,17251,13673
732,1469,17284,13703
733,1459,17294,13675
735,1474,17355,13752
732,1459,17261,13664
735,1466,17329,13739
732,1465,17268,13683
745,1477,17514,13884
745,1472,17559,13948
731,1440,17235,13597
732,1464,17258,13668
736,1467,17365,13775
745,1480,17533,13876
741,1450,17497,13891
736,1471,17326,13708
742,1477,17433,13780
738,1462,17426,13788
741,1473,17402,13732
733,1474,17320,13726
732,1455,17234,13657
734,1469,17323,13743
734,1463,17323,13717
734,1460,17300,13680
736,1464,17283,13704
732,1466,17245,13650
734,1462,17332,13743
734,1461,17310,13720
731,1479,17239,13663
734,1475,17314,13732
732,1468,17257,13643
734,1462,17326,13725
732,1463,17270,13692
734,1469,17323,13715
733,1463,17269,13697
733,1460,17261,13658
735,1465,17364,13770
737,1469,17439,13808
736,1472,17314,13678
734,1477,17326,13741
733,1472,17264,13677
733,1462,17298,13707
737,1459,17402,13767
736,1468,17395,13760
736,1464,17305,13682
735,1471,17319,13706
733,1467,17306,13713
734,1478,17288,13702
732,1469,17278,13711
734,1469,17312,13722
734,1462,17302,13681
735,1463,17362,13765
731,1463,17241,13634
734,1467,17340,13757
732,1479,17248,13687
735,1479,17329,13734
734,1466,17334,13712
733,1474,17303,13685
735,1469,17359,13759
733,1454,17291,13708
732,1467,17254,13693
734,1453,17323,13732
731,1456,17255,13662
728,1468,17225,13706
730,1463,17244,13675
732,1463,17268,13691
734,1462,17363,13782
733,1466,17242,13680
732,1470,17266,13707
736,1463,17388,13809
735,1468,17310,13679
733,1457,17376,13808
736,1467,17341,13709
742,1478,17450,13835
737,1469,17331,13744
730,1462,17243,13679
733,1459,17325,13749
730,1464,17225,13640
735,1460,17381,13765
731,1452,17243,13668
733,1453,17292,13733
730,1452,17243,13712
731,1455,17246,13671
733,1457,17351,13768
731,1456,17252,13685
731,1471,17276,13705
730,1464,17258,13694
729,1474,17181,13631
733,1454,17321,13767
732,1459,17274,13720
733,1462,17307,13725
731,1476,17248,13683
729,1473,17184,13623
732,1460,17279,13718
732,1457,17289,13730
731,1471,17275,13693
733,1460,17325,13745
730,1477,17202,13624
735,1454,17395,13802
733,1460,17262,13671
733,1459,17304,13745
732,1456,17255,13675
729,1472,17190,13613
735,1459,17408,13814
735,1459,17302,13711
731,1468,17255,13677
733,1471,17290,13716
730,1464,17228,13672
732,1456,17318,13777
740,1479,17406,13813
732,1454,17274,13669
732,1467,17283,13709
729,1459,17208,13639
734,1453,17344,13783
729,1457,17198,13647
731,1462,17271,13714
733,1451,17312,13752
730,1458,17216,13644
735,1439,17409,13825
731,1465,17240,13659
730,1464,17220,13678
730,1472,17240,13700
731,1460,17236,13648
738,1461,17482,13860
740,1486,17404,13791
733,1463,17331,13768
733,1460,17255,13678
731,1465,17240,13698
732,1455,17299,13756
729,1474,17191,13632
732,1457,17289,13703
743,1454,17585,13975
730,1470,17204,13647
733,1456,17319,13750
729,1465,17175,13625
746,1459,17648,14038
730,1473,17218,13653
731,1471,17265,13681
733,1466,17300,13701
731,1465,17246,13686
731,1461,17260,13703
732,1459,17279,13716
732,1458,17269,13688
730,1469,17267,13675
730,1473,17224,13648
732,1455,17299,13735
730,1457,17241,13694
730,1472,17248,13702
735,1463,17356,13784
735,1476,17271,13652
736,1464,17432,13831
736,1460,17329,13723
727,1452,17252,13704
732,1462,17288,13735
732,1473,17279,13710
737,1467,17366,13753
733,1454,17311,13737
731,1468,17237,13667
732,1456,17303,13710
731,1456,17220,13651
733,1450,17336,13786
731,1470,17236,13670
732,1462,17307,13718
733,1468,17329,13755
731,1472,17234,13678
733,1460,17337,13777
729,1460,17194,13647
730,1462,17232,13691
731,1471,17226,13662
734,1470,17321,13757
746,1464,17650,14028
732,1463,17279,13713
733,1478,17240,13662
730,1458,17254,13711
729,1465,17211,13674
733,1449,17344,13791
734,1455,17315,13728
740,1482,17409,13776
732,1456,17298,13696
730,1456,17248,13684
732,1451,17322,13781
729,1475,17192,13631
732,1461,17276,13708
731,1467,17272,13702
730,1451,17221,13656
736,1445,17411,13840
735,1460,17325,13695
730,1468,17214,13677
732,1470,17247,13674
733,1452,17297,13724
745,1466,17589,13963
742,1480,17437,13813
743,1466,17537,13933
739,1451,17494,13934
730,1454,17220,13677
733,1457,17299,13727
731,1480,17252,13682
731,1464,17267,13691
741,1471,17493,13866
734,1457,17324,13757
726,1442,17195,13663
729,1459,17178,13618
742,1463,17528,13911
734,1463,17350,13768
730,1463,17223,13678
731,1461,17278,13713
729,1458,17164,13589
732,1457,17280,13720
730,1457,17222,13664
732,1463,17264,13716
738,1462,17366,13733
728,1458,17169,13617
733,1460,17324,13768
732,1458,17284,13733
731,1469,17258,13716
734,1459,17371,13785
733,1464,17251,13648
732,1456,17323,13746
731,1434,17247,13634
731,1446,17270,13702
731,1462,17265,13717
729,1466,17178,13631
733,1450,17336,13757
743,1459,17559,13942
736,1467,17362,13787
747,1468,17633,13997
728,1465,17175,13636
733,1464,17340,13796
729,1452,17186,13630
730,1469,17232,13667
732,1466,17288,13702
729,1470,17203,13656
733,1457,17338,13784
730,1460,17194,13629
729,1463,17203,13651
745,1443,17613,14001
738,1468,17362,13744
733,1452,17310,13734
731,1455,17246,13669
730,1467,17204,13637
743,1473,17523,13939
743,1458,17545,13975
736,1450,17433,13851
730,1457,17220,13647
731,1454,17257,13700
737,1470,17413,13817
740,1467,17401,13805
732,1458,17297,13753
729,1456,17169,13597
731,1469,17266,13714
734,1466,17326,13738
733,1451,17249,13657
742,1465,17480,13879
729,1461,17175,13606
743,1478,17482,13879
732,1463,17274,13691
731,1460,17247,13698
729,1455,17221,13682
734,1466,17335,13742
742,1482,17480,13854
732,1468,17269,13706
731,1464,17242,13678
731,1470,17250,13696
729,1469,17183,13616
733,1457,17329,13773
732,1470,17294,13714
731,1464,17247,13708
735,1450,17278,13699
728,1462,17136,13595
730,1468,17256,13740
733,1458,17319,13765
736,1454,17301,13670
744,1462,17550,13962
728,1453,17153,13618
734,1464,17335,13805
742,1458,17535,13969
740,1454,17492,13951
731,1466,17265,13695
729,1474,17195,13626
732,1458,17286,13766
728,1455,17134,13589
729,1459,17202,13671
732,1465,17279,13723
729,1468,17200,13630
732,1457,17292,13770
729,1450,17177,13631
730,1451,17227,13688
743,1460,17573,14016
734,1475,17256,13670
731,1467,17272,13744
730,1464,17222,13654
731,1459,17251,13712
730,1460,17188,13652
730,1464,17228,13676
730,1444,17254,13732
730,1461,17209,13654
729,1453,17186,13656
732,1461,17278,13709
729,1462,17207,13657
736,1456,17397,13848
732,1454,17196,13627
728,1456,17168,13641
730,1460,17225,13702
728,1458,17179,13625
731,1451,17267,13746
729,1455,17176,13623
731,1455,17245,13703
729,1466,17188,13643
728,1479,17164,13648
729,1451,17209,13697
728,1443,17140,13574
732,1467,17288,13750
734,1468,17251,13702
740,1452,17482,13941
733,1448,17346,13827
738,1474,17331,13767
738,1474,17344,13783
729,1472,17213,13680
730,1471,17208,13678
731,1465,17203,13672
726,1453,17099,13605
728,1469,17178,13674
730,1465,17213,13703
728,1451,17178,13645
733,1463,17296,13771
735,1468,17255,13693
729,1466,17200,13700
728,1472,17157,13651
725,1458,17114,13641
727,1454,17144,13641
728,1472,17155,13633
733,1470,17255,13711
726,1462,17135,13636
729,1449,17203,13699
727,1458,17147,13643
731,1464,17220,13672
729,1467,17215,13696
730,1463,17213,13684
730,1463,17211,13677
728,1453,17186,13680
728,1453,17143,13616
729,1472,17219,13704
726,1461,17157,13606
730,1462,17223,13685
729,1466,17189,13661
728,1470,17137,13609
734,1474,17287,13776
727,1454,17104,13587
727,1451,17155,13664
730,1471,17204,13688
727,1468,17162,13656
729,1466,17222,13723
727,1468,17142,13638
731,1465,17238,13729
739,1482,17387,13854
740,1470,17437,13913
729,1453,17222,13739
727,1466,17133,13612
727,1450,17173,13673
727,1463,17142,13669
727,1459,17140,13638
728,1459,17194,13698
729,1456,17165,13633
730,1457,17247,13725
729,1467,17202,13675
733,1466,17290,13742
739,1473,17372,13819
726,1452,17093,13577
731,1464,17253,13733
729,1460,17207,13680
728,1470,17184,13670
727,1465,17163,13674
728,1468,17143,13634
737,1452,17394,13852
731,1454,17252,13745
728,1464,17131,13615
729,1462,17199,13696
728,1466,17121,13583
730,1466,17219,13693
727,1475,17156,13659
729,1476,17209,13704
728,1452,17167,13657
728,1466,17148,13605
732,1465,17289,13746
728,1471,17152,13638
730,1448,17251,13744
728,1467,17168,13651
726,1456,17104,13587
735,1470,17296,13731
729,1456,17186,13677
729,1470,17213,13673
731,1448,17255,13724
727,1467,17130,13607
730,1455,17252,13744
727,1471,17143,13654
729,1453,17172,13661
730,1464,17231,13703
728,1470,17172,13646
731,1452,17269,13735
728,1462,17121,13595
728,1459,17190,13699
732,1467,17203,13678
729,1467,17177,13659
731,1449,17258,13746
727,1475,17138,13634
727,1468,17155,13649
729,1462,17208,13685
729,1470,17174,13680
728,1471,17196,13704
727,1480,17145,13652
729,1462,17201,13685
728,1468,17152,13647
728,1475,17179,13679
730,1453,17208,13696
727,1471,17108,13621
728,1471,17173,13658
732,1468,17257,13730
735,1472,17270,13689
729,1461,17228,13723
727,1456,17128,13633
728,1463,17168,13680
727,1457,17135,13636
729,1464,17195,13672
728,1473,17172,13658
726,1456,17088,13595
728,1467,17182,13673
729,1470,17192,13707
726,1476,17117,13634
735,1464,17326,13811
737,1477,17363,13854
735,1472,17293,13739
727,1469,17139,13634
732,1465,17240,13717
733,1472,17262,13700
725,1474,17050,13576
729,1459,17206,13711
727,1467,17157,13656
728,1475,17172,13682
729,1446,17223,13723
730,1464,17184,13671
740,1451,17489,13988
730,1485,17217,13734
727,1469,17140,13650
728,1458,17166,13671
726,1470,17074,13584
729,1471,17199,13714
725,1454,17118,13658
728,1461,17141,13640
727,1476,17145,13672
726,1469,17092,13610
732,1457,17284,13782
731,1463,17157,13642
727,1468,17148,13672
727,1465,17125,13653
727,1463,17138,13667
730,1459,17242,13729
725,1482,17117,13611
727,1463,17130,13650
727,1470,17146,13654
739,1474,17350,13804
729,1477,17183,13680
725,1468,17080,13593
727,1459,17144,13651
727,1472,17135,13643
724,1459,17089,13628
731,1439,17323,13842
729,1464,17133,13609
726,1463,17117,13664
727,1457,17146,13663
730,1463,17208,13701
742,1446,17572,14042
739,1477,17389,13858
738,1472,17322,13777
725,1463,17080,13619
726,1462,17117,13644
728,1461,17172,13669
726,1471,17108,13622
730,1460,17221,13711
728,1461,17161,13650
726,1471,17122,13644
728,1464,17151,13651
737,1478,17389,13887
742,1455,17523,13985
734,1469,17249,13677
727,1474,17153,13671
729,1468,17186,13687
724,1468,17057,13578
734,1458,17317,13821
739,1446,17439,13949
726,1472,17131,13663
726,1459,17142,13640
726,1466,17098,13605
726,1455,17132,13657
728,1469,17165,13665
726,1457,17114,13620
729,1442,17196,13687
738,1479,17313,13774
742,1468,17494,13953
737,1455,17441,13911
726,1467,17097,13603
725,1471,17082,13620
726,1464,17099,13614
730,1459,17227,13729
727,1467,17147,13658
730,1468,17159,13674
728,1467,17152,13668
726,1466,17103,13620
729,1461,17229,13752
725,1463,17079,13604
727,1464,17148,13674
741,1459,17511,13988
732,1459,17194,13658
729,1472,17209,13715
726,1459,17097,13587
734,1462,17345,13858
727,1472,17120,13634
727,1465,17123,13616
730,1459,17245,13746
728,1468,17148,13629
726,1464,17114,13638
728,1454,17164,13676
728,1479,17175,13678
735,1453,17306,13751
728,1465,17156,13645
727,1465,17135,13652
735,1470,17346,13840
731,1471,17220,13719
730,1465,17200,13709
726,1475,17104,13613
726,1456,17090,13620
728,1452,17162,13668
726,1467,17107,13621
723,1460,17075,13671
725,1461,17079,13617
725,1466,17089,13662
727,1468,17141,13667
728,1448,17138,13636
728,1459,17169,13669
728,1462,17174,13643
728,1460,17161,13695
725,1455,17085,13632
727,1466,17123,13661
729,1467,17199,13711
726,1470,17104,13616
728,1465,17181,13689
732,1462,17193,13661
726,1462,17116,13644
727,1474,17147,13684
729,1477,17157,13665
728,1452,17142,13658
729,1455,17204,13704
726,1467,17086,13617
726,1455,17128,13678
726,1463,17084,13610
727,1454,17129,13656
730,1464,17220,13712
729,1473,17201,13692
728,1468,17156,13654
729,1471,17160,13641
730,1468,17180,13679
726,1466,17115,13640
727,1457,17125,13641
729,1462,17222,13722
727,1462,17142,13644
728,1460,17143,13657
725,1462,17095,13604
727,1474,17118,13619
736,1450,17412,13925
725,1461,17089,13627
728,1450,17190,13727
727,1470,17128,13613
727,1468,17171,13683
727,1466,17168,13686
726,1455,17106,13624
727,1443,17168,13702
729,1465,17170,13640
726,1468,17119,13634
727,1462,17141,13642
729,1457,17179,13641
729,1455,17212,13744
727,1472,17114,13621
728,1469,17159,13672
728,1457,17182,13684
729,1456,17142,13626
731,1462,17272,13777
728,1468,17142,13630
727,1470,17123,13619
727,1460,17149,13673
726,1463,17100,13616
728,1467,17156,13661
728,1476,17164,13640
727,1467,17158,13673
726,1462,17118,13649
726,1447,17074,13591
728,1461,17179,13705
727,1463,17127,13595
730,1462,17229,13727
727,1463,17152,13650
729,1462,17210,13698
725,1461,17100,13629
728,1472,17130,13626
728,1465,17177,13693
729,1454,17218,13711
728,1461,17164,13650
728,1472,17165,13677
727,1464,17124,13618
728,1463,17167,13685
726,1462,17131,13642
728,1473,17160,13684
728,1467,17141,13651
726,1475,17089,13579
730,1459,17227,13741
728,1457,17147,13653
733,1464,17279,13726
733,1472,17220,13695
727,1461,17129,13591
737,1456,17406,13806
742,1470,17434,13785
734,1466,17302,13680
723,1468,17054,13633
731,1474,17211,13632
734,1465,17316,13740
731,1463,17254,13661
735,1471,17385,13774
732,1483,17268,13683
735,1482,17344,13738
734,1443,17312,13720
732,1460,17273,13698
731,1437,17223,13623
733,1468,17329,13754
733,1464,17298,13682
733,1448,17348,13758
731,1460,17221,13638
732,1472,17286,13711
733,1474,17279,13708
732,1455,17303,13706
736,1462,17395,13794
733,1462,17259,13611
734,1469,17352,13723
733,1470,17271,13684
732,1456,17269,13702
735,1446,17395,13830
731,1459,17250,13666
733,1468,17308,13703
732,1466,17241,13671
730,1464,17249,13666
738,1465,17373,13756
728,1464,17172,13611
732,1453,17303,13743
732,1462,17240,13656
732,1463,17290,13688
734,1465,17342,13759
730,1468,17217,13640
733,1467,17323,13761
731,1460,17228,13671
730,1460,17238,13672
732,1453,17281,13703
730,1460,17216,13632
732,1463,17317,13719
737,1463,17403,13814
743,1460,17551,13967
738,1446,17420,13827
734,1459,17305,13708
744,1479,17534,13896
731,1465,17256,13692
732,1470,17286,13724
731,1463,17251,13688
729,1468,17195,13626
740,1464,17484,13891
732,1452,17286,13730
732,1454,17292,13700
730,1457,17229,13666
733,1479,17287,13697
742,1479,17494,13883
728,1453,17175,13624
731,1458,17270,13700
733,1460,17303,13726
731,1458,17233,13644
735,1456,17372,13777
742,1461,17535,13946
732,1458,17287,13711
736,1485,17311,13712
733,1461,17327,13754
739,1461,17409,13774
729,1466,17180,13619
732,1453,17339,13803
739,1468,17403,13790
729,1474,17204,13653
735,1478,17329,13743
732,1450,17212,13616
728,1465,17178,13673
722,1468,17026,13635
734,1462,17288,13698
722,1460,17003,13637
719,1462,16910,13518
734,1476,17207,13659
733,1475,17281,13678
736,1484,17317,13729
740,1437,17530,13888
743,1453,17545,13940
734,1472,17263,13652
725,1464,17086,13633
721,1470,16973,13571
733,1467,17281,13671
732,1457,17225,13611
734,1466,17306,13672
731,1482,17222,13638
730,1459,17173,13582
732,1462,17211,13587
727,1472,17134,13618
739,1476,17421,13778
744,1484,17519,13872
733,1496,17305,13759
735,1469,17303,13694
730,1452,17202,13618
722,1465,17001,13608
732,1469,17240,13622
733,1466,17274,13643
733,1454,17356,13744
732,1460,17179,13552
732,1475,17253,13666
732,1472,17240,13666
732,1469,17251,13656
735,1470,17338,13707
732,1477,17250,13666
734,1479,17324,13708
731,1463,17219,13609
733,1478,17264,13654
733,1458,17324,13746
730,1454,17188,13614
729,1465,17195,13693
733,1474,17242,13635
735,1467,17305,13691
739,1468,17371,13723
731,1463,17215,13644
735,1465,17349,13741
731,1468,17208,13615
736,1471,17361,13733
733,1466,17284,13657
733,1469,17279,13687
733,1469,17301,13719
733,1471,17250,13662
736,1473,17358,13730
740,1481,17397,13718
731,1478,17219,13626
737,1461,17377,13775
738,1482,17332,13699
731,1469,17248,13680
732,1459,17279,13681
735,1474,17305,13697
741,1476,17416,13741
733,1469,17274,13670
721,1463,16969,13589
724,1464,17067,13688
738,1471,17349,13676
722,1463,17024,13608
732,1456,17272,13678
724,1463,17065,13651
735,1477,17371,13734
740,1474,17338,13684
721,1458,16987,13630
719,1472,16918,13536
722,1469,17008,13607
735,1465,17352,13729
732,1472,17265,13697
721,1464,16987,13580
719,1446,16926,13528
726,1469,17094,13681
726,1466,17075,13681
743,1487,17439,13789
735,1465,17315,13696
722,1469,16989,13575
722,1468,17006,13630
721,1464,16970,13598
720,1459,16911,13554
722,1473,16986,13598
720,1461,16941,13536
723,1463,17046,13636
723,1456,17050,13644
716,1457,16886,13562
722,1454,16999,13626
723,1467,17019,13565
727,1468,17150,13664
723,1452,17049,13642
733,1471,17226,13626
732,1472,17260,13656
722,1463,16974,13587
725,1465,17077,13696
724,1468,16981,13584
723,1455,17019,13639
734,1462,17335,13729
732,1478,17261,13697
724,1462,17061,13675
721,1477,16960,13573
723,1466,17007,13626
723,1468,17059,13658
732,1462,17256,13680
735,1459,17377,13800
748,1458,17565,13702
722,1468,17002,13605
722,1467,16992,13628
733,1471,17252,13662
732,1462,17310,13771
730,1473,17217,13665
729,1447,17194,13688
734,1481,17312,13695
735,1467,17316,13705
735,1476,17295,13685
732,1474,17246,13637
728,1464,17175,13688
727,1467,17124,13641
722,1465,16994,13618
734,1468,17324,13758
733,1464,17232,13615
734,1471,17298,13687
734,1466,17338,13743
735,1457,17344,13736
736,1459,17353,13726
734,1477,17323,13698
734,1466,17319,13723
732,1473,17295,13723
739,1460,17479,13880
737,1453,17397,13924
734,1476,17282,13645
736,1474,17340,13737
735,1469,17346,13725
722,1461,16994,13616
735,1477,17296,13689
733,1477,17271,13664
738,1477,17424,13835
722,1462,17026,13632
722,1463,17006,13651
733,1463,17287,13716
731,1459,17241,13682
724,1464,17045,13650
737,1473,17391,13777
724,1459,17082,13677
724,1455,17071,13672
722,1480,16977,13538
723,1465,17052,13654
734,1471,17312,13737
726,1461,17082,13703
725,1471,17094,13680
722,1461,16998,13579
723,1465,17055,13665
736,1467,17390,13770
734,1473,17300,13695
736,1458,17348,13732
726,1461,17089,13669
727,1463,17140,13774
724,1477,17047,13603
737,1460,17370,13755
733,1481,17216,13753
736,1476,17368,13763
740,1456,17498,13889
730,1479,17133,13672
725,1468,17077,13681
724,1465,17063,13666
735,1467,17342,13691
737,1454,17451,13876
735,1447,17359,13793
728,1468,17118,13680
727,1453,17167,13718
728,1462,17169,13736
730,1472,17165,13741
723,1466,17010,13618
734,1466,17312,13708
728,1463,17193,13715
722,1477,16999,13620
724,1445,17064,13696
723,1437,17032,13616
726,1461,17057,13636
735,1468,17342,13737
723,1469,17020,13632
723,1458,17020,13648
721,1468,17001,13603
724,1465,17061,13648
727,1478,17157,13673
732,1466,17276,13693
733,1458,17305,13772
721,1459,16959,13573
732,1452,17284,13793
734,1464,17314,13707
725,1462,17110,13690
722,1450,17000,13597
733,1459,17268,13676
731,1454,17269,13749
736,1468,17379,13859
741,1459,17489,13970
737,1480,17312,13791
727,1456,17123,13620
730,1470,17227,13736
728,1455,17153,13675
722,1463,17023,13629
721,1466,16980,13607
722,1458,16986,13584
737,1475,17412,13792
737,1475,17430,13806
725,1468,17051,13653
733,1463,17209,13764
738,1482,17327,13682
736,1479,17348,13742
726,1469,17083,13642
737,1466,17415,13781
725,1462,17076,13691
721,1465,16959,13550
722,1466,17020,13656
721,1455,16951,13529
723,1462,17011,13625
737,1450,17438,13841
724,1462,17057,13648
726,1451,17093,13731
721,1466,16947,13567
720,1454,16947,13558
721,1465,16958,13590
722,1463,17005,13594
726,1462,17131,13725
722,1466,16993,13573
735,1468,17291,13852
721,1465,16976,13577
721,1474,16967,13587
722,1467,17017,13636
722,1473,17008,13615
723,1463,17049,13643
723,1463,17027,13649
723,1476,17018,13629
721,1457,16985,13616
722,1468,16982,13599
723,1462,17014,13639
731,1460,17230,13668
733,1466,17298,13694
732,1464,17263,13674
722,1473,17005,13578
722,1460,17013,13623
721,1455,16971,13585
721,1472,16982,13571
735,1464,17367,13795
733,1463,17320,13712
733,1474,17233,13767
720,1455,16953,13550
721,1463,16953,13583
721,1467,16941,13576
720,1468,16954,13539
734,1465,17315,13674
724,1476,17037,13652
731,1477,17241,13635
725,1474,17079,13644
722,1470,16967,13571
734,1468,17300,13705
734,1464,17324,13736
733,1463,17311,13705
725,1453,17079,13684
734,1457,17246,13646
735,1472,17310,13700
732,1473,17242,13638
731,1474,17227,13641
732,1477,17251,13638
733,1460,17269,13639
735,1470,17321,13676
730,1467,17229,13667
732,1463,17309,13739
731,1464,17218,13626
733,1461,17251,13633
736,1468,17360,13719
731,1465,17237,13650
733,1470,17250,13650
734,1468,17326,13719
732,1466,17244,13657
736,1475,17334,13716
732,1470,17219,13658
726,1468,17111,13707
739,1457,17350,13683
719,1469,16911,13549
722,1458,17006,13609
721,1470,16941,13574
723,1471,17023,13628
737,1470,17405,13782
721,1466,16977,13577
724,1472,17106,13705
720,1468,16932,13567
720,1452,16944,13569
725,1465,17072,13691
723,1467,17054,13635
725,1471,17111,13703
719,1460,16912,13532
722,1468,17004,13614
722,1465,17000,13604
724,1449,17006,13576
734,1470,17364,13785
718,1474,16886,13532
722,1468,17012,13611
721,1466,16971,13563
720,1464,16964,13564
723,1458,17005,13626
720,1462,16949,13571
733,1458,17325,13742
724,1464,17047,13640
721,1456,16990,13581
721,1467,16994,13597
720,1466,16916,13534
732,1469,17250,13656
725,1452,17098,13678
723,1477,17030,13628
726,1462,17079,13648
720,1466,16916,13538
726,1453,17111,13702
722,1458,16995,13608
768,1436,18275,14130
734,1466,17283,13689
729,1454,17154,13644
724,1458,17093,13697
721,1457,16975,13583
720,1467,16941,13618
723,1467,17022,13640
722,1466,16968,13567
723,1459,17056,13663
724,1468,17076,13634
721,1463,16983,13580
723,1469,17045,13644
733,1476,17252,13665
724,1466,17053,13656
722,1462,17019,13633
721,1474,16984,13573
738,1446,17448,13825
744,1477,17457,13801
744,1488,17517,13856
739,1471,17339,13680
728,1464,17174,13712
735,1454,17329,13908
744,1460,17529,13893
735,1461,17372,13766
732,1468,17266,13674
735,1474,17316,13727
735,1466,17315,13723
732,1460,17264,13710
734,1474,17334,13705
721,1470,16969,13556
724,1464,17072,13643
736,1453,17410,13789
723,1464,17009,13597
721,1464,16970,13593
719,1468,16923,13531
738,1465,17424,13800
724,1462,17049,13622
733,1463,17256,13641
735,1453,17362,13783
720,1471,16920,13521
724,1466,17034,13660
735,1467,17317,13714
724,1461,17058,13650
727,1476,17152,13672
730,1477,17202,13627
724,1455,17075,13699
727,1466,17148,13687
721,1453,16965,13572
721,1463,17017,13623
721,1461,16968,13561
732,1449,17281,13690
735,1468,17336,13701
732,1471,17243,13634
727,1461,17244,13691
730,1469,17173,13584
724,1465,17060,13675
721,1469,16998,13603
730,1467,17222,13689
733,1478,17252,13645
731,1463,17180,13582
732,1467,17241,13656
722,1460,17008,13628
734,1481,17245,13640
734,1469,17296,13652
731,1453,17255,13690
734,1464,17298,13676
728,1469,17168,13632
732,1472,17248,13658
732,1472,17257,13652
726,1467,17109,13644
735,1463,17317,13675
731,1457,17250,13676
732,1468,17273,13661
722,1463,16996,13615
724,1467,17033,13641
733,1464,17307,13759
726,1467,17113,13638
732,1475,17262,13705
733,1461,17322,13731
721,1459,16966,13561
725,1462,17104,13716
720,1463,16928,13553
732,1472,17251,13651
734,1471,17292,13671
734,1451,17255,13647
736,1454,17398,13826
730,1466,17186,13592
733,1470,17264,13679
737,1477,17309,13658
733,1477,17280,13653
735,1472,17341,13705
733,1477,17251,13626
735,1472,17350,13740
734,1472,17276,13684
732,1459,17260,13693
734,1478,17319,13677
733,1472,17284,13645
734,1468,17320,13739
733,1464,17309,13715
732,1479,17242,13655
734,1467,17329,13743
736,1466,17289,13686
734,1464,17328,13752
734,1462,17275,13653
733,1456,17252,13644
722,1471,17000,13622
725,1475,16986,13571
753,1453,17797,13848
745,1452,17585,13991
729,1471,17169,13709
735,1474,17265,13834
739,1468,17410,13754
736,1449,17410,13823
723,1458,17030,13615
730,1465,17224,13687
721,1466,16980,13587
733,1458,17310,13692
727,1456,17096,13650
731,1458,17275,13687
722,1457,17033,13650
