2694,10000
724,1462,17058,13654
721,1451,17021,13645
724,1455,17041,13642
724,1470,17049,13645
722,1471,16976,13586
726,1463,17114,13721
723,1464,17033,13635
725,1463,17072,13659
733,1473,17220,13772
718,1460,16888,13533
724,1456,17070,13702
725,1455,17041,13621
723,1477,17020,13629
723,1471,17035,13622
721,1470,16981,13574
725,1460,17080,13687
723,1454,17030,13673
725,1454,17066,13681
724,1471,17047,13622
723,1462,17041,13624
732,1477,17176,13737
724,1460,17049,13664
723,1469,17044,13668
724,1463,17061,13688
722,1462,16982,13594
724,1455,17047,13638
724,1469,17071,13667
724,1460,17081,13685
722,1468,17009,13620
721,1481,16963,13578
724,1449,17060,13682
721,1464,16989,13579
723,1461,17063,13671
723,1475,17054,13619
721,1461,16999,13588
724,1468,17061,13666
720,1468,16953,13571
721,1465,16986,13611
723,1461,17036,13632
722,1458,16994,13593
724,1458,17070,13687
723,1467,17013,13618
722,1472,17004,13618
720,1451,16957,13574
723,1466,17006,13650
726,1457,17108,13737
722,1472,17002,13571
722,1463,17008,13617
723,1449,17031,13659
721,1457,16973,13571
724,1458,17069,13690
721,1481,16977,13553
721,1471,16986,13591
723,1465,17032,13642
722,1463,17016,13618
723,1450,17052,13671
720,1464,16931,13555
725,1469,17067,13680
727,1457,17077,13647
722,1459,17006,13603
723,1469,17036,13660
721,1471,16977,13572
722,1460,17041,13669
722,1463,17005,13641
725,1451,17054,13679
723,1462,17021,13608
724,1471,17012,13603
723,1463,17024,13639
722,1461,17027,13645
722,1460,16978,13580
722,1471,16993,13619
721,1468,16952,13553
728,1465,17118,13685
723,1457,17041,13634
723,1474,17041,13620
723,1467,17024,13638
720,1461,16930,13544
727,1449,17113,13730
736,1466,17315,13866
736,1462,17373,13935
726,1460,17113,13732
721,1455,16957,13537
724,1460,17062,13683
723,1454,17024,13627
723,1471,17055,13653
721,1459,16989,13642
723,1472,17040,13615
724,1458,17082,13703
723,1459,17027,13629
729,1471,17115,13685
722,1471,16993,13623
722,1464,16990,13606
724,1458,17070,13675
731,1453,17221,13801
724,1465,17075,13663
730,1466,17194,13777
725,1461,17078,13677
733,1474,17217,13774
723,1469,17038,13631
722,1451,17018,13617
723,1452,17022,13646
724,1461,17076,13682
725,1447,17072,13677
722,1465,17008,13637
722,1467,16987,13592
722,1469,16985,13599
723,1463,17047,13636
724,1460,17076,13685
719,1468,16929,13550
722,1465,16991,13617
723,1457,17005,13615
723,1459,17033,13637
726,1459,17139,13741
729,1479,17105,13639
722,1467,17013,13599
723,1457,17009,13597
720,1458,16971,13590
725,1460,17105,13717
722,1472,16976,13553
727,1460,17153,13737
729,1477,17124,13677
722,1453,17004,13602
725,1469,17066,13690
720,1462,16933,13563
724,1462,17060,13693
722,1466,17029,13658
724,1463,17056,13658
721,1458,16993,13613
725,1466,17043,13634
724,1458,17047,13639
722,1460,17020,13638
724,1475,17063,13671
723,1460,17029,13622
733,1475,17238,13793
724,1464,17079,13655
721,1465,16999,13602
721,1476,16980,13611
722,1467,16991,13634
722,1470,16976,13579
724,1464,17099,13696
723,1462,17022,13635
725,1465,17092,13686
726,1475,17050,13634
721,1460,16969,13595
724,1471,17058,13677
723,1464,17019,13648
722,1464,17011,13617
724,1457,17065,13675
722,1453,16994,13591
723,1463,17046,13664
720,1474,16927,13561
723,1456,17040,13654
723,1460,17039,13647
722,1456,17000,13588
724,1468,17097,13678
722,1459,16977,13600
722,1456,16994,13620
724,1458,17055,13674
722,1466,17011,13610
725,1471,17100,13706
721,1474,16969,13591
722,1462,16996,13607
721,1473,16996,13606
722,1467,17016,13615
725,1448,17080,13710
727,1462,17083,13673
736,1473,17328,13883
724,1462,17092,13674
726,1476,17067,13680
734,1465,17263,13849
726,1471,17026,13603
736,1476,17308,13861
730,1461,17196,13784
735,1455,17344,13905
738,1449,17414,13970
719,1467,16934,13535
723,1467,17035,13653
721,1466,16968,13592
723,1468,17042,13642
722,1452,17028,13624
721,1475,16975,13577
722,1461,17019,13626
725,1463,17081,13702
729,1478,17098,13679
725,1466,17042,13644
719,1456,16924,13526
723,1460,17062,13648
724,1463,17059,13665
721,1462,16969,13607
724,1453,17041,13662
719,1470,16901,13513
726,1465,17126,13725
722,1462,17016,13605
723,1471,17041,13663
725,1446,17097,13676
729,1469,17094,13642
723,1449,17040,13670
729,1465,17166,13754
727,1470,17129,13713
733,1478,17223,13774
722,1465,16966,13568
725,1459,17093,13699
721,1458,16996,13620
723,1460,17036,13666
723,1454,17004,13624
721,1476,16979,13598
726,1463,17126,13709
721,1467,16970,13591
725,1456,17079,13686
725,1470,17097,13707
721,1462,16953,13584
725,1458,17106,13721
723,1463,16992,13572
723,1451,17064,13649
728,1476,17123,13682
721,1472,16975,13586
725,1452,17068,13688
722,1477,16975,13604
724,1461,17059,13666
722,1448,17032,13643
723,1466,17007,13614
725,1448,17122,13718
721,1473,16972,13589
724,1469,17034,13658
722,1469,17005,13619
723,1466,17023,13643
728,1459,17173,13780
722,1463,16988,13599
722,1461,17002,13610
721,1460,16988,13594
721,1463,16963,13587
726,1450,17122,13748
724,1465,17041,13634
730,1480,17159,13693
723,1461,17047,13641
722,1466,16983,13604
722,1457,17001,13639
720,1472,16948,13560
725,1470,17130,13755
722,1477,17025,13616
735,1462,17312,13887
725,1450,17085,13689
719,1466,16943,13547
723,1461,17031,13633
723,1455,17028,13649
721,1465,16964,13598
724,1469,17067,13669
722,1448,17004,13602
723,1462,17043,13663
721,1467,16998,13620
726,1463,17104,13721
736,1464,17325,13894
725,1453,17062,13637
738,1464,17410,13956
724,1467,17091,13680
721,1464,16982,13599
722,1460,16990,13620
722,1479,16998,13600
727,1462,17127,13689
723,1462,17066,13670
722,1470,17019,13635
724,1458,17044,13667
722,1472,16992,13606
725,1462,17080,13696
721,1466,16973,13576
727,1457,17125,13729
736,1464,17306,13844
731,1479,17168,13728
725,1465,17068,13661
721,1455,16967,13579
724,1457,17047,13657
724,1462,17053,13660
723,1475,17019,13629
724,1458,17089,13704
723,1464,17036,13634
721,1457,16982,13591
723,1454,17033,13639
721,1466,16970,13599
726,1458,17140,13749
727,1462,17076,13632
721,1459,16981,13592
724,1464,17035,13647
723,1468,16997,13614
723,1453,17029,13650
719,1458,16938,13560
722,1463,16991,13616
724,1452,17091,13724
721,1463,16974,13592
726,1456,17109,13734
725,1471,17061,13671
731,1473,17152,13727
723,1481,17023,13602
722,1466,16997,13607
725,1451,17103,13705
721,1454,17006,13583
724,1454,17041,13663
721,1468,16994,13607
723,1471,17034,13649
738,1458,17375,13919
723,1464,17037,13626
722,1453,17015,13624
721,1470,17029,13607
723,1451,17011,13641
722,1457,17017,13655
729,1463,17033,13595
723,1463,17059,13679
723,1471,17040,13629
723,1458,17036,13652
722,1461,16988,13616
721,1468,16959,13564
723,1461,17034,13674
724,1470,17069,13681
723,1453,17032,13628
724,1470,17059,13657
721,1454,16967,13538
725,1461,17079,13692
722,1474,17018,13640
722,1458,17000,13620
727,1456,17047,13656
721,1464,16990,13566
730,1461,17211,13803
729,1458,17175,13762
734,1471,17242,13820
736,1450,17354,13932
724,1475,17005,13595
726,1458,17117,13743
720,1458,16966,13566
723,1460,17000,13607
723,1471,17047,13656
723,1470,17036,13644
724,1471,17046,13656
722,1467,17002,13626
723,1461,17012,13630
724,1473,17065,13662
726,1465,17107,13686
733,1464,17217,13791
723,1463,17000,13619
720,1455,16960,13577
725,1466,17102,13698
729,1465,17122,13669
723,1450,17052,13680
722,1461,16985,13598
723,1459,17002,13596
723,1464,17016,13648
720,1472,16962,13575
726,1451,17111,13736
722,1465,17007,13596
722,1460,17011,13608
722,1463,17019,13635
721,1462,16972,13587
725,1455,17086,13724
723,1458,17033,13626
729,1468,17121,13670
723,1469,17036,13632
722,1471,17004,13582
726,1464,17106,13723
720,1462,16962,13577
726,1463,17107,13678
723,1470,17050,13650
722,1454,17024,13623
723,1468,17031,13656
721,1474,16972,13572
727,1467,17145,13740
735,1479,17263,13838
726,1458,17037,13621
723,1463,17023,13647
723,1464,16989,13577
729,1461,17200,13791
735,1465,17324,13926
731,1474,17147,13708
722,1466,16980,13604
722,1473,17013,13605
723,1462,17025,13633
724,1466,17059,13662
725,1469,17050,13643
724,1455,17053,13648
720,1474,16940,13549
737,1448,17366,13966
733,1479,17243,13800
728,1471,17114,13656
724,1467,17066,13619
722,1472,16994,13594
726,1456,17119,13746
723,1463,16980,13577
723,1465,17040,13649
722,1458,17007,13621
722,1470,17005,13594
732,1444,17267,13865
724,1460,17029,13627
725,1467,17044,13627
723,1468,17044,13668
724,1478,17056,13655
727,1462,17140,13760
723,1463,17023,13612
723,1459,17056,13651
723,1459,17046,13656
721,1459,16986,13621
723,1458,17060,13677
721,1461,16993,13589
725,1456,17084,13679
722,1457,17009,13623
722,1477,16999,13603
724,1465,17080,13695
719,1458,16938,13543
722,1453,16990,13614
727,1472,17062,13643
721,1469,16997,13599
738,1454,17378,13949
723,1465,17015,13627
723,1464,17016,13623
720,1467,16972,13612
721,1459,16984,13580
726,1461,17129,13719
722,1462,16993,13577
725,1455,17112,13711
722,1460,16991,13616
722,1462,16997,13625
723,1468,17004,13612
723,1472,17032,13614
725,1452,17092,13694
724,1472,17053,13670
723,1473,16994,13614
724,1453,17050,13653
719,1452,16910,13526
724,1454,17056,13681
722,1459,16998,13621
724,1460,17073,13668
723,1457,17038,13620
716,1433,16869,13475
723,1468,17054,13668
722,1458,16975,13604
724,1471,17065,13653
721,1467,16977,13588
722,1476,17006,13601
727,1467,17112,13665
722,1462,17007,13643
722,1462,17025,13623
736,1456,17345,13925
721,1465,16999,13582
726,1464,17121,13729
721,1465,16977,13568
725,1455,17083,13690
722,1472,17026,13642
722,1468,16985,13603
725,1463,17070,13698
722,1467,16984,13590
724,1501,17038,13626
722,1465,17034,13637
721,1477,16971,13578
723,1464,17047,13649
721,1464,16957,13568
725,1461,17076,13686
723,1456,17043,13644
722,1453,16994,13605
728,1447,17175,13779
721,1465,16963,13555
722,1462,17012,13624
722,1466,16987,13600
720,1459,16971,13580
726,1457,17161,13749
720,1463,16945,13561
724,1466,17065,13655
721,1471,16982,13583
721,1465,16976,13603
725,1447,17097,13721
722,1465,16980,13600
722,1464,17015,13614
722,1465,17008,13605
720,1459,16947,13568
725,1448,17109,13732
721,1461,16958,13562
727,1468,17139,13743
722,1474,17019,13627
736,1467,17326,13895
727,1462,17114,13672
721,1456,16959,13551
725,1467,17075,13689
722,1457,16996,13626
723,1462,17041,13647
722,1460,17026,13636
721,1469,16950,13565
722,1457,17030,13638
724,1462,17054,13672
722,1462,16991,13589
724,1471,17060,13662
721,1437,16985,13601
725,1455,17075,13639
720,1454,16982,13603
725,1459,17076,13689
724,1458,17048,13625
720,1467,16938,13548
725,1467,17077,13683
726,1468,17104,13696
725,1461,17062,13619
724,1453,17093,13681
721,1483,16933,13536
725,1460,17082,13698
721,1464,16985,13599
723,1459,17030,13620
720,1471,16996,13599
720,1464,16946,13568
726,1442,17120,13736
721,1464,16939,13554
722,1473,16995,13628
721,1456,17014,13641
722,1466,16978,13593
736,1440,17411,13987
723,1459,17010,13621
727,1465,17091,13657
724,1463,17025,13624
724,1455,17034,13649
737,1468,17324,13881
725,1476,17052,13608
722,1466,17040,13629
722,1469,17041,13640
722,1466,16981,13596
726,1453,17098,13735
721,1470,16967,13589
723,1469,17039,13633
723,1473,17035,13629
720,1465,16934,13561
726,1457,17129,13733
720,1470,16964,13578
723,1468,17028,13644
723,1467,17024,13636
722,1465,16979,13603
725,1465,17118,13705
720,1475,16940,13550
724,1464,17051,13665
721,1456,16964,13569
722,1453,16990,13607
725,1460,17088,13691
721,1473,16964,13563
721,1460,17035,13649
724,1463,17065,13677
722,1460,16997,13611
724,1461,17038,13656
720,1482,16935,13552
732,1475,17198,13750
724,1465,17070,13672
723,1463,17006,13583
724,1473,17083,13686
723,1479,16993,13589
723,1461,17020,13642
722,1450,17004,13619
722,1462,16997,13607
722,1462,17028,13619
720,1470,16916,13527
725,1456,17076,13696
724,1458,17044,13651
720,1466,16957,13592
723,1479,17037,13632
719,1457,16919,13534
726,1461,17123,13712
728,1458,17177,13760
730,1481,17141,13713
723,1455,17029,13647
719,1475,16934,13556
723,1449,17062,13658
723,1460,17057,13636
722,1466,17016,13616
723,1467,17052,13672
723,1466,17018,13635
724,1454,17041,13645
721,1467,16973,13582
717,1466,16902,13561
724,1459,17063,13646
722,1453,16983,13592
725,1449,17084,13698
721,1466,16965,13591
723,1466,17015,13642
725,1447,17118,13734
732,1480,17170,13728
726,1459,17110,13695
722,1476,17022,13601
722,1463,16990,13613
723,1457,17022,13644
721,1448,16996,13606
725,1452,17103,13714
722,1469,17010,13610
723,1477,17035,13647
722,1457,16987,13613
722,1462,16979,13607
723,1455,17063,13692
722,1466,16988,13612
727,1472,17071,13630
722,1465,17039,13621
723,1465,17039,13638
724,1460,17056,13688
721,1478,16974,13558
726,1459,17112,13735
727,1479,17088,13652
722,1452,16988,13586
725,1457,17079,13677
723,1464,17017,13607
722,1470,16998,13614
723,1454,17037,13656
720,1461,16942,13581
723,1467,17063,13673
722,1477,16993,13576
726,1462,17107,13721
722,1453,17021,13620
723,1470,17014,13624
723,1476,17024,13627
721,1473,16961,13577
722,1458,17004,13624
724,1462,17064,13664
727,1466,17168,13745
728,1473,17096,13679
721,1467,16964,13572
724,1457,17041,13654
722,1464,17005,13611
723,1463,17043,13637
725,1464,17062,13663
721,1468,16998,13584
724,1457,17064,13683
722,1448,17013,13634
726,1464,17098,13701
728,1478,17156,13736
721,1467,16987,13559
724,1457,17053,13680
721,1464,16984,13593
723,1470,17043,13656
724,1456,17034,13625
721,1464,16977,13603
723,1446,17049,13679
721,1472,17001,13569
730,1459,17201,13816
725,1463,17085,13708
724,1475,17008,13577
725,1464,17085,13717
723,1463,17033,13652
722,1470,17018,13629
724,1460,17061,13663
722,1460,17011,13596
727,1447,17153,13760
724,1449,16996,13579
722,1472,16983,13610
725,1463,17073,13671
722,1465,16997,13592
724,1460,17074,13691
723,1469,17024,13619
721,1469,16971,13586
732,1486,17183,13755
721,1460,16971,13583
725,1454,17104,13725
720,1469,16975,13557
724,1465,17051,13649
721,1458,16989,13587
724,1464,17054,13663
722,1472,17008,13618
721,1461,16963,13562
724,1466,17048,13671
723,1454,17037,13646
723,1463,17054,13630
723,1465,17035,13656
723,1453,17000,13606
722,1462,17001,13617
724,1462,17078,13668
722,1476,17017,13615
724,1458,17055,13674
721,1475,16976,13568
723,1460,17037,13657
722,1462,17001,13630
723,1456,17020,13620
723,1469,17033,13670
716,1459,16873,13514
725,1459,17094,13710
724,1447,17050,13677
722,1462,17026,13628
720,1470,17045,13653
721,1470,16989,13596
729,1452,17209,13805
732,1441,17311,13903
723,1455,17058,13643
722,1456,16988,13606
726,1468,17070,13626
724,1454,17061,13694
721,1463,17006,13604
723,1457,17057,13663
723,1472,17039,13660
722,1468,16991,13592
725,1454,17119,13730
722,1460,17005,13624
719,1473,16916,13561
725,1454,17064,13689
721,1458,17000,13599
729,1445,17188,13794
731,1482,17152,13691
721,1472,16981,13586
724,1455,17039,13682
721,1467,16976,13572
725,1452,17117,13718
722,1466,17013,13595
724,1466,17051,13612
722,1466,17006,13640
724,1465,17014,13633
725,1457,17098,13720
721,1460,16974,13571
721,1469,16983,13595
724,1470,17052,13675
721,1470,16991,13586
727,1460,17132,13741
720,1466,16949,13574
722,1473,16983,13604
724,1464,17066,13691
722,1459,17002,13594
723,1458,17036,13652
722,1481,16983,13607
723,1459,17033,13632
727,1461,17119,13714
736,1468,17306,13882
723,1450,17050,13655
720,1475,16959,13550
723,1462,17045,13635
724,1445,17055,13685
722,1463,16996,13610
721,1462,17004,13626
721,1462,16961,13549
723,1460,17061,13654
724,1464,17060,13683
722,1468,17004,13608
723,1462,17017,13634
721,1465,16959,13569
733,1434,17298,13905
722,1455,17008,13641
725,1471,17099,13695
725,1452,17092,13716
721,1475,16963,13592
723,1462,17028,13638
721,1463,16981,13600
723,1453,17016,13620
724,1466,17036,13656
721,1460,16969,13562
725,1458,17104,13688
722,1466,17009,13607
723,1465,17005,13640
722,1460,16978,13600
720,1472,16961,13560
728,1460,17134,13743
721,1473,16963,13568
721,1426,16995,13603
722,1442,17012,13637
722,1471,17004,13627
723,1454,17069,13693
721,1467,16964,13582
718,1456,16952,13609
723,1460,17023,13663
722,1462,17024,13629
722,1464,17055,13658
724,1467,17046,13664
723,1467,17008,13603
723,1453,17032,13653
723,1470,17044,13631
725,1454,17138,13736
721,1468,16985,13594
736,1454,17320,13911
722,1465,17002,13610
723,1455,17033,13625
725,1460,17086,13677
721,1472,16965,13559
722,1465,17004,13621
723,1464,17053,13665
721,1466,17004,13605
723,1464,17049,13691
721,1454,16948,13567
724,1464,17051,13636
720,1469,16981,13579
724,1474,17042,13650
723,1459,17026,13659
721,1473,16948,13586
723,1457,17048,13647
724,1453,17054,13658
723,1475,17045,13643
723,1470,17051,13634
722,1458,16986,13599
725,1471,17043,13628
723,1469,17031,13635
724,1457,17064,13649
730,1468,17159,13716
720,1463,16916,13511
727,1465,17137,13721
727,1467,17081,13654
722,1466,16984,13612
722,1472,17011,13622
724,1474,16992,13557
726,1463,17127,13717
722,1464,17026,13631
722,1462,17001,13600
722,1472,16997,13600
719,1467,16921,13534
724,1463,17068,13684
724,1466,17068,13685
723,1467,17006,13602
724,1463,17067,13647
720,1461,16958,13567
725,1463,17096,13715
720,1458,16949,13572
724,1463,17078,13698
725,1463,17079,13652
722,1474,17009,13619
724,1453,17075,13656
721,1469,16970,13583
720,1461,16956,13582
722,1453,16976,13609
721,1469,16984,13601
724,1455,17087,13688
720,1470,16953,13562
724,1469,17053,13662
722,1465,17007,13602
723,1458,17011,13648
726,1451,17118,13729
726,1456,17013,13610
723,1462,17050,13647
723,1467,17046,13636
722,1474,17008,13642
727,1457,17101,13686
729,1473,17131,13711
721,1468,16998,13603
730,1457,17221,13799
735,1461,17323,13898
728,1455,17174,13774
723,1469,17001,13575
721,1461,16969,13590
723,1461,17025,13655
723,1472,17012,13636
727,1460,17138,13738
723,1460,16993,13606
722,1465,17003,13611
736,1464,17313,13884
723,1470,17034,13646
728,1471,17124,13695
721,1465,16983,13585
724,1457,17072,13683
723,1464,17041,13620
721,1466,16985,13606
735,1470,17280,13860
734,1466,17252,13840
737,1472,17339,13892
736,1449,17373,13950
724,1469,17043,13663
722,1465,17021,13616
720,1469,16942,13554
723,1461,17030,13633
722,1458,17003,13632
725,1469,17044,13686
723,1443,17031,13645
721,1465,16975,13589
724,1443,17054,13669
721,1469,17009,13618
721,1468,16962,13607
727,1466,17138,13727
720,1469,16937,13539
725,1462,17122,13695
726,1462,17155,13742
728,1472,17119,13691
722,1459,17018,13632
723,1470,17021,13620
726,1467,17095,13655
722,1469,17022,13628
717,1457,16928,13601
722,1457,16994,13613
723,1462,17007,13628
724,1455,17044,13660
720,1476,16938,13548
723,1459,17019,13642
723,1453,17032,13615
722,1468,17001,13610
722,1457,17016,13635
721,1465,16968,13587
722,1467,17002,13636
722,1464,17015,13618
721,1463,16996,13601
724,1455,17093,13693
723,1472,17036,13613
722,1457,17010,13636
723,1460,17019,13639
722,1462,16997,13609
725,1463,17103,13714
721,1467,16985,13588
722,1455,16989,13603
722,1459,17002,13586
721,1467,16976,13599
724,1465,17069,13697
720,1460,16935,13547
721,1466,16971,13590
724,1474,17075,13676
722,1466,17002,13580
725,1469,17077,13701
724,1464,17039,13627
724,1456,17051,13688
723,1466,17032,13631
723,1466,17034,13635
721,1450,17012,13616
725,1452,17066,13644
725,1459,17099,13715
721,1469,16982,13602
722,1461,16993,13628
723,1458,17028,13638
721,1467,16981,13567
725,1455,17087,13700
730,1472,17144,13691
720,1473,16945,13569
722,1466,17023,13642
721,1462,16947,13556
724,1463,17081,13691
721,1462,16999,13595
727,1468,17128,13723
730,1458,17156,13733
731,1473,17164,13705
728,1473,17107,13687
722,1465,17026,13643
724,1461,17061,13664
724,1460,17066,13675
722,1455,16993,13580
725,1466,17090,13701
721,1462,16968,13605
722,1462,16980,13602
723,1455,17039,13650
722,1476,17023,13606
724,1455,17059,13672
723,1463,17032,13647
732,1470,17112,13704
723,1455,17013,13620
721,1469,16974,13577
723,1461,17040,13674
721,1467,16985,13572
720,1466,16957,13584
723,1455,17040,13652
722,1467,16992,13600
722,1458,17008,13655
722,1477,16987,13584
721,1466,16993,13603
726,1453,17122,13713
721,1468,17011,13594
731,1444,17222,13832
733,1458,17243,13838
725,1455,17090,13694
729,1477,17135,13692
722,1468,17002,13584
723,1473,17046,13658
722,1461,16996,13594
721,1457,16972,13591
722,1459,17003,13618
723,1461,17017,13641
723,1465,17034,13638
722,1463,16992,13582
724,1463,17046,13647
721,1474,16986,13604
722,1469,16979,13603
723,1457,17028,13671
720,1459,16956,13559
723,1462,17037,13643
722,1475,17033,13631
725,1473,17064,13666
723,1464,17036,13653
719,1461,16929,13566
723,1453,17072,13682
723,1465,17050,13657
721,1471,16991,13589
724,1457,17048,13656
720,1458,16949,13542
723,1466,17028,13629
722,1463,16999,13634
722,1458,16996,13608
722,1461,16991,13616
720,1471,16955,13551
724,1455,17071,13675
721,1468,16989,13618
724,1456,17039,13664
723,1446,17012,13651
720,1471,16947,13563
724,1462,17061,13680
723,1465,17061,13655
722,1463,17019,13621
722,1447,17016,13623
720,1478,16940,13552
722,1468,17028,13655
722,1472,17023,13624
723,1465,17031,13629
723,1453,17029,13651
722,1481,16997,13599
733,1446,17303,13908
719,1466,16921,13556
722,1462,17014,13637
722,1471,17000,13599
722,1469,17019,13610
724,1459,17093,13706
721,1483,16962,13580
722,1460,16993,13622
722,1462,16981,13607
724,1459,17049,13664
723,1456,17031,13646
723,1469,17029,13608
722,1466,17042,13628
722,1469,16995,13600
721,1476,16967,13602
724,1450,17060,13683
721,1452,16975,13561
722,1461,17028,13621
722,1466,17013,13618
723,1458,17028,13624
723,1460,17028,13659
721,1463,16970,13605
721,1459,16973,13581
722,1475,17001,13602
721,1459,16979,13579
725,1450,17079,13695
720,1462,16947,13547
723,1470,17022,13642
721,1464,16987,13599
721,1462,16989,13595
724,1454,17063,13696
721,1463,16969,13569
725,1460,17137,13732
722,1466,17013,13612
722,1451,16989,13617
723,1476,17009,13642
720,1468,16973,13578
723,1466,17070,13675
723,1460,17036,13659
722,1458,16987,13586
723,1460,17043,13664
721,1463,16980,13577
723,1463,17045,13665
723,1463,17015,13647
722,1469,16993,13587
723,1454,17047,13647
720,1459,16940,13546
733,1440,17305,13910
722,1466,17005,13636
722,1469,17016,13630
727,1470,17112,13704
723,1461,16994,13547
725,1459,17119,13706
723,1449,17023,13639
725,1453,17086,13703
729,1462,17116,13678
724,1472,17048,13641
723,1462,17043,13652
720,1464,16967,13597
718,1463,16939,13586
721,1462,16997,13628
723,1481,17010,13631
724,1468,17034,13654
720,1474,16953,13559
723,1460,17049,13639
726,1469,17099,13696
733,1478,17209,13791
738,1462,17401,13980
723,1473,17016,13571
722,1465,17022,13618
722,1470,17029,13631
722,1471,17000,13600
735,1464,17410,13995
720,1470,16936,13552
722,1460,17005,13615
721,1459,16985,13592
724,1463,17065,13659
730,1449,17159,13712
721,1476,16971,13574
721,1459,16982,13579
722,1459,17002,13628
721,1469,16957,13574
738,1451,17402,13988
721,1461,16949,13548
737,1465,17385,13922
722,1460,17022,13635
720,1468,16970,13580
723,1451,17032,13667
720,1467,16940,13561
723,1464,17037,13662
725,1451,17087,13696
722,1467,17007,13571
724,1465,17076,13678
721,1459,16946,13544
723,1464,17030,13647
723,1455,17038,13666
725,1463,17058,13664
723,1463,17032,13609
720,1464,16946,13562
723,1465,17031,13625
724,1459,17031,13638
721,1471,16961,13581
722,1460,16992,13606
720,1468,16929,13554
723,1467,17050,13620
724,1465,17050,13669
721,1467,16976,13604
722,1468,16989,13601
719,1458,16901,13523
724,1459,17068,13676
721,1465,17010,13631
725,1483,17105,13707
724,1453,17080,13670
721,1471,16970,13582
723,1456,17044,13662
720,1459,16943,13575
726,1461,17087,13670
725,1464,17093,13699
721,1460,16959,13563
726,1456,17122,13728
721,1466,16977,13580
723,1461,17009,13633
724,1467,17065,13682
727,1478,17071,13648
724,1452,17091,13695
721,1468,16931,13577
723,1465,17022,13639
723,1457,17043,13649
722,1456,16969,13608
723,1465,17048,13655
723,1469,17037,13627
722,1461,17025,13611
723,1469,17043,13615
722,1471,17030,13655
726,1455,17112,13732
720,1470,16941,13558
725,1468,17088,13676
728,1482,17098,13661
721,1459,16973,13595
724,1445,17128,13730
721,1471,16967,13578
722,1468,16992,13623
721,1470,16972,13606
721,1455,16975,13600
725,1468,17098,13697
727,1479,17110,13687
727,1471,17130,13715
735,1460,17308,13892
721,1467,16953,13572
724,1446,17061,13676
720,1467,16947,13547
726,1461,17142,13752
723,1462,17031,13621
723,1459,17030,13645
723,1459,17015,13635
720,1469,16925,13543
725,1455,17092,13705
723,1467,17033,13610
722,1462,16998,13618
723,1471,17046,13653
720,1470,16940,13558
723,1461,17030,13642
722,1458,16986,13612
722,1470,17014,13622
725,1462,17078,13643
721,1466,16967,13581
723,1462,17031,13635
724,1462,17038,13663
722,1453,17011,13633
722,1465,17034,13613
721,1466,16964,13580
725,1459,17105,13699
723,1454,17065,13659
721,1452,17045,13656
723,1467,17022,13642
721,1470,16973,13578
723,1459,17054,13654
723,1463,17023,13614
721,1467,16973,13585
724,1459,17079,13698
721,1454,16957,13578
723,1457,17046,13676
721,1461,16960,13579
722,1455,17012,13640
723,1458,17036,13647
722,1470,17004,13611
724,1462,17041,13669
721,1441,16973,13570
722,1465,16994,13632
722,1469,17012,13632
722,1460,16985,13588
723,1473,17051,13642
721,1466,16996,13571
724,1473,17050,13647
722,1470,16995,13597
722,1454,16980,13617
724,1452,17072,13653
723,1458,17036,13646
731,1475,17151,13714
722,1466,17008,13609
722,1470,16999,13619
725,1453,17107,13731
718,1469,16964,13566
722,1468,16985,13599
723,1468,17033,13634
721,1449,16974,13562
724,1460,17064,13673
721,1468,16963,13587
726,1466,17095,13711
725,1452,17076,13680
727,1461,17078,13632
723,1462,17064,13645
727,1474,17117,13683
732,1452,17266,13879
722,1458,16981,13604
721,1465,16985,13600
725,1463,17094,13707
720,1463,16955,13553
724,1463,17058,13669
721,1456,16980,13585
722,1459,17008,13618
723,1448,17032,13656
719,1468,16917,13532
722,1461,17007,13633
723,1452,17039,13635
722,1458,17027,13631
722,1462,17010,13628
720,1476,16929,13547
723,1462,17028,13641
723,1457,17049,13658
721,1453,16990,13590
724,1476,17070,13670
721,1470,16949,13556
724,1456,17069,13694
724,1456,17037,13663
723,1460,17047,13687
724,1470,17077,13674
724,1480,17028,13593
725,1456,17083,13705
721,1451,16995,13603
723,1473,17032,13652
723,1459,17025,13641
722,1469,16974,13597
723,1466,17044,13643
720,1436,16958,13560
722,1460,17015,13621
723,1457,17032,13659
729,1480,17097,13651
725,1460,17077,13702
722,1462,16996,13598
721,1470,16986,13595
726,1463,17138,13732
732,1470,17209,13758
741,1484,17447,14026
721,1458,16952,13577
726,1469,17086,13691
725,1473,17052,13632
723,1462,17065,13662
724,1467,17063,13668
719,1470,16936,13536
724,1470,17038,13646
725,1460,17040,13631
720,1451,16984,13614
724,1462,17073,13678
722,1457,17003,13594
721,1471,16976,13595
722,1458,16997,13613
721,1462,16939,13550
723,1463,17033,13659
721,1469,16957,13563
724,1463,17073,13675
722,1469,17032,13634
722,1465,17017,13617
724,1460,17051,13662
721,1464,16950,13546
722,1465,17019,13637
724,1452,17048,13656
723,1467,17053,13642
721,1478,16991,13612
720,1468,16939,13541
726,1458,17109,13717
722,1463,16998,13617
723,1470,17034,13632
721,1460,16989,13616
721,1474,16968,13542
724,1461,17057,13676
723,1454,17048,13659
725,1457,17073,13683
724,1471,17053,13670
721,1471,16943,13529
725,1450,17103,13716
723,1461,17059,13652
722,1471,17013,13609
723,1465,17035,13655
720,1463,16940,13547
726,1456,17111,13736
721,1458,17008,13605
725,1465,17099,13676
724,1467,17054,13668
721,1467,16986,13576
733,1447,17314,13910
724,1457,17034,13605
723,1471,16976,13588
722,1469,16998,13619
721,1462,16999,13607
725,1455,17099,13707
721,1474,16972,13591
722,1475,16996,13616
723,1459,17019,13648
723,1463,17033,13639
732,1454,17278,13850
734,1463,17303,13873
735,1454,17349,13903
731,1467,17218,13798
725,1468,17051,13645
723,1451,17012,13622
722,1468,17012,13606
721,1470,16986,13569
734,1471,17241,13814
736,1460,17307,13861
724,1463,17056,13657
720,1460,16937,13552
721,1461,16961,13600
724,1461,17016,13601
721,1473,16982,13593
723,1437,17065,13672
725,1464,17054,13662
736,1461,17305,13875
722,1448,17002,13628
721,1466,16984,13585
723,1457,17062,13684
719,1459,16950,13546
724,1454,17088,13682
723,1465,17039,13636
721,1456,16972,13575
722,1459,17028,13650
721,1455,16961,13580
724,1461,17090,13699
722,1457,17015,13620
723,1464,17040,13635
721,1457,16998,13619
719,1479,16936,13543
723,1466,17048,13666
722,1466,16996,13605
722,1471,17026,13636
723,1468,17039,13636
721,1461,16947,13560
724,1459,17051,13671
723,1465,17023,13649
721,1468,16989,13605
723,1461,17026,13632
720,1471,16958,13542
725,1455,17105,13697
723,1460,17028,13635
730,1464,17228,13839
722,1464,16998,13616
721,1452,16966,13553
725,1452,17128,13731
723,1466,17039,13599
721,1467,16999,13606
723,1468,17030,13665
720,1466,16943,13570
723,1458,17034,13647
721,1475,16982,13580
724,1464,17054,13668
724,1461,17021,13634
721,1465,16987,13616
725,1457,17079,13690
719,1464,16932,13565
723,1462,17017,13634
723,1469,17050,13663
721,1459,16988,13577
731,1464,17265,13827
723,1464,17003,13587
724,1470,17016,13636
721,1466,16980,13604
722,1461,17016,13611
725,1458,17141,13733
721,1467,16946,13563
723,1468,17017,13622
722,1458,16996,13599
721,1466,16952,13566
723,1457,17088,13712
719,1467,16923,13539
723,1466,17040,13626
721,1458,16977,13597
723,1465,17023,13622
723,1455,17060,13688
720,1458,16916,13548
725,1458,17075,13695
722,1470,17018,13634
723,1460,17040,13626
722,1456,17023,13620
721,1470,16981,13591
723,1464,17021,13638
722,1466,17017,13635
721,1472,16992,13599
724,1457,17095,13684
719,1449,16914,13520
725,1454,17105,13709
725,1463,17037,13628
720,1463,16961,13603
722,1463,16991,13604
720,1470,16928,13560
724,1467,17073,13675
722,1467,17014,13632
721,1466,16991,13609
724,1448,17081,13681
719,1464,16905,13537
727,1462,17163,13765
732,1480,17216,13775
729,1476,17145,13690
722,1463,17030,13645
723,1466,17012,13617
728,1474,17111,13688
723,1468,17030,13659
722,1466,17006,13616
736,1470,17280,13839
725,1472,17034,13605
723,1466,17054,13667
725,1459,16994,13596
720,1452,16962,13592
723,1454,17010,13624
724,1466,17038,13656
734,1471,17260,13822
721,1474,16969,13588
721,1458,16975,13585
723,1461,17042,13648
721,1465,16957,13602
725,1463,17097,13700
722,1464,16995,13608
722,1467,17013,13619
722,1454,17024,13605
727,1471,17116,13698
739,1504,17356,13940
730,1444,17181,13784
723,1460,17048,13657
724,1469,17026,13614
720,1477,16937,13571
725,1453,17106,13713
721,1471,16955,13575
722,1470,16988,13613
722,1471,17010,13616
723,1465,16989,13595
727,1450,17188,13788
721,1464,16959,13552
723,1464,17029,13641
721,1472,16998,13626
723,1474,17016,13638
723,1460,17036,13644
720,1464,16959,13549
733,1471,17247,13782
720,1427,16989,13562
723,1474,17009,13615
736,1443,17342,13928
725,1466,17047,13638
733,1475,17232,13793
722,1476,17023,13596
723,1472,17007,13629
722,1463,17024,13638
720,1459,16944,13561
724,1463,17066,13702
724,1463,17020,13626
723,1462,17034,13645
728,1455,17192,13771
731,1480,17159,13700
721,1468,16984,13602
724,1475,17067,13683
720,1447,16963,13593
725,1454,17085,13692
721,1462,16971,13561
724,1464,17091,13698
723,1462,17049,13645
724,1455,17053,13658
722,1451,17006,13642
723,1458,16992,13596
723,1462,17068,13670
721,1457,16989,13594
721,1460,16986,13608
724,1471,17061,13657
722,1458,16999,13608
724,1465,17055,13676
721,1465,16932,13557
720,1463,16967,13590
726,1450,17107,13706
721,1473,16978,13585
723,1473,17041,13647
723,1463,17015,13621
724,1461,17031,13649
727,1484,17091,13664
721,1464,16981,13590
727,1484,17178,13781
723,1465,17020,13633
721,1469,16985,13588
725,1465,17076,13703
729,1466,17107,13668
725,1455,17101,13702
723,1457,16997,13559
721,1460,16993,13614
722,1455,17029,13640
721,1436,16976,13599
725,1462,17073,13702
719,1463,16933,13551
722,1464,17008,13608
730,1466,17211,13778
729,1474,17098,13669
723,1459,17063,13670
720,1470,16956,13567
727,1463,17105,13716
723,1458,17037,13629
723,1471,16997,13629
724,1454,17081,13677
721,1471,16986,13555
725,1461,17093,13702
722,1461,17015,13632
728,1474,17096,13653
721,1470,17010,13612
726,1474,17107,13679
733,1461,17267,13856
722,1471,17020,13636
722,1464,17005,13625
723,1457,17022,13649
720,1459,16935,13535
725,1462,17070,13698
721,1472,17008,13608
723,1462,17038,13654
723,1467,17028,13640
719,1458,16938,13553
725,1461,17069,13699
723,1449,17029,13609
723,1459,17014,13637
722,1455,17030,13614
723,1476,17023,13608
724,1463,17045,13680
721,1462,16980,13595
723,1462,17024,13647
723,1466,17042,13631
723,1463,17031,13623
723,1464,17041,13660
722,1470,16983,13596
722,1466,17007,13628
725,1455,17079,13704
721,1474,16970,13600
724,1456,17043,13675
722,1451,17006,13594
724,1464,17072,13675
724,1464,17036,13639
722,1465,16978,13605
722,1465,17015,13664
722,1460,16983,13598
725,1455,17099,13683
724,1464,17087,13698
727,1472,17084,13633
724,1460,17061,13678
720,1456,16949,13570
722,1460,17008,13619
723,1476,17047,13642
721,1456,16981,13595
726,1447,17126,13738
721,1470,16965,13569
722,1462,17006,13624
721,1467,16980,13594
722,1468,17005,13631
725,1454,17083,13705
723,1462,17010,13570
723,1461,17023,13630
721,1458,16973,13598
723,1458,17016,13645
720,1459,16992,13623
721,1460,16993,13597
723,1463,17057,13663
721,1449,16988,13572
726,1463,17114,13691
727,1461,17079,13673
721,1476,16970,13576
724,1463,17071,13685
723,1472,17035,13657
723,1457,17013,13599
723,1451,17029,13651
720,1475,16945,13552
723,1468,17025,13627
723,1454,17025,13653
722,1460,16991,13614
722,1453,17002,13637
719,1457,16930,13525
722,1456,17028,13643
725,1462,17061,13688
723,1456,17008,13613
723,1460,17048,13669
720,1455,16926,13526
724,1467,17063,13674
724,1447,17072,13666
725,1464,17073,13664
725,1472,17097,13715
726,1475,17043,13609
724,1465,17034,13660
722,1463,17009,13606
723,1468,17049,13638
724,1466,17049,13649
721,1462,16975,13587
724,1459,17046,13674
720,1464,16958,13583
722,1464,17004,13616
725,1460,17069,13685
722,1477,16979,13564
723,1468,17045,13644
721,1458,16982,13600
722,1471,17003,13617
722,1464,17015,13643
722,1463,16982,13598
727,1453,17139,13733
726,1466,17060,13619
722,1469,17048,13629
721,1470,16993,13623
723,1452,17021,13652
724,1459,17072,13658
723,1468,17003,13562
723,1463,17037,13642
722,1463,17013,13623
722,1457,17013,13625
723,1465,17050,13664
722,1474,16982,13599
724,1463,17063,13683
722,1464,16982,13605
721,1462,16980,13587
722,1465,17035,13643
721,1469,16987,13597
725,1469,17086,13702
723,1463,17042,13641
723,1460,17023,13631
723,1464,17039,13620
723,1475,17020,13616
724,1454,17062,13646
725,1455,17059,13669
724,1464,17009,13590
723,1468,17022,13653
721,1466,16983,13560
721,1447,17031,13626
722,1460,16991,13604
732,1475,17185,13728
722,1461,17008,13613
721,1475,16962,13578
721,1463,16979,13607
723,1469,17020,13638
727,1467,17074,13642
722,1454,17009,13638
720,1464,16929,13547
723,1447,17032,13661
724,1473,17058,13684
722,1473,16986,13598
722,1465,17032,13636
721,1453,16972,13559
731,1458,17247,13813
736,1464,17298,13882
728,1472,17140,13740
729,1445,17174,13785
734,1474,17260,13834
725,1463,17099,13701
720,1457,16965,13577
721,1474,16995,13588
722,1472,16997,13624
721,1467,16956,13576
724,1448,17069,13691
728,1473,17101,13701
729,1465,17192,13746
725,1458,17101,13705
722,1456,16975,13568
724,1468,17059,13676
721,1469,16961,13582
721,1466,16992,13599
723,1463,17033,13650
722,1460,17031,13625
724,1458,17098,13689
720,1461,16964,13573
721,1466,16984,13606
723,1463,17019,13635
722,1450,17018,13625
730,1446,17237,13820
732,1474,17165,13736
726,1471,17055,13629
722,1456,17010,13610
734,1475,17264,13855
728,1454,17170,13784
730,1479,17136,13732
723,1466,17040,13640
722,1464,16978,13596
722,1467,16998,13612
722,1469,17024,13619
721,1464,16970,13599
722,1454,17028,13625
726,1466,17099,13689
722,1457,17011,13589
722,1467,17037,13628
720,1469,16950,13563
735,1480,17249,13821
726,1463,17045,13630
722,1459,17006,13616
722,1471,17016,13619
732,1479,17191,13761
737,1464,17341,13913
726,1463,17104,13705
721,1455,16960,13597
725,1475,17043,13674
720,1474,16934,13538
723,1461,17050,13653
722,1453,17006,13611
722,1476,16993,13630
725,1471,17091,13703
730,1485,17133,13690
732,1466,17202,13757
725,1454,17111,13724
731,1487,17198,13742
729,1478,17136,13694
719,1460,16911,13536
724,1452,17066,13694
722,1471,17004,13633
722,1466,17027,13615
724,1463,17084,13686
721,1467,16969,13560
724,1457,17069,13695
720,1459,16949,13553
722,1469,17027,13645
722,1464,16996,13609
721,1466,16978,13599
723,1459,17048,13643
721,1462,16971,13570
725,1458,17060,13681
734,1483,17236,13797
731,1471,17132,13712
722,1431,17048,13660
722,1472,16985,13587
722,1471,17012,13608
724,1458,17058,13646
723,1454,17052,13648
725,1455,17082,13704
721,1469,16955,13583
721,1470,16981,13564
722,1462,17021,13629
732,1483,17190,13734
731,1471,17200,13762
720,1468,16961,13582
722,1467,16975,13603
722,1466,17007,13638
723,1456,17002,13619
725,1461,17067,13631
719,1470,16928,13541
725,1468,17062,13671
723,1489,17002,13627
723,1469,17007,13632
722,1467,17023,13605
721,1471,16962,13565
724,1458,17080,13679
723,1458,17055,13643
722,1472,16985,13606
722,1458,17001,13616
718,1456,16900,13522
724,1460,17061,13677
724,1459,17060,13643
721,1473,16976,13590
722,1471,17007,13620
719,1466,16923,13534
728,1462,17070,13708
723,1470,17040,13664
720,1462,16959,13574
722,1468,17005,13622
720,1471,16931,13550
723,1452,17037,13662
725,1466,17033,13620
736,1471,17309,13876
722,1460,17010,13616
721,1465,16953,13557
725,1457,17099,13706
726,1453,17111,13697
730,1471,17139,13702
722,1473,16994,13624
720,1477,16934,13558
725,1460,17104,13704
722,1458,16999,13575
724,1466,17051,13670
722,1458,17005,13621
721,1462,16983,13593
724,1451,17070,13697
721,1475,16967,13546
722,1476,16986,13612
725,1459,17051,13629
722,1463,16977,13589
724,1462,17062,13688
721,1467,16953,13578
721,1455,16980,13592
725,1459,17088,13689
721,1468,16956,13571
725,1444,17128,13723
722,1461,16994,13589
722,1466,17024,13640
722,1471,16981,13610
719,1458,16933,13544
725,1461,17130,13744
722,1466,17004,13593
721,1475,16977,13586
727,1458,17139,13748
727,1466,17095,13695
735,1451,17359,13941
725,1465,17052,13655
737,1459,17342,13937
725,1471,17088,13671
721,1462,16969,13589
723,1454,17034,13653
720,1474,16939,13552
728,1461,17145,13758
737,1465,17335,13890
729,1460,17117,13678
724,1466,17062,13637
720,1475,16954,13557
726,1461,17096,13716
722,1467,16997,13603
726,1462,17081,13689
734,1491,17256,13821
733,1492,17221,13774
736,1469,17307,13877
724,1467,17060,13654
722,1455,17005,13613
723,1471,17028,13648
723,1461,16972,13556
723,1469,17030,13653
723,1466,17040,13631
725,1471,17087,13684
729,1473,17113,13694
720,1468,16921,13527
725,1462,17078,13702
726,1464,17074,13648
723,1469,17034,13659
732,1454,17216,13799
729,1458,17152,13709
737,1443,17404,13991
729,1467,17151,13758
726,1471,17112,13713
737,1470,17313,13882
732,1472,17206,13730
727,1453,17137,13766
720,1475,16971,13566
723,1463,17008,13626
722,1470,17014,13629
724,1464,17042,13656
724,1452,17050,13662
723,1454,17029,13631
721,1468,16994,13611
723,1466,17049,13668
722,1474,17004,13610
724,1459,17097,13687
720,1462,16961,13575
723,1467,17040,13644
724,1455,17070,13676
722,1457,17021,13613
726,1448,17122,13746
720,1467,16932,13566
722,1463,16976,13606
725,1463,17086,13677
722,1465,17006,13598
728,1464,17173,13776
734,1479,17240,13789
733,1477,17201,13767
721,1472,16992,13608
720,1470,16963,13562
723,1460,17026,13644
723,1470,17021,13626
724,1466,17041,13627
722,1455,16991,13606
722,1461,16999,13610
722,1468,16997,13635
722,1475,17003,13619
722,1461,17010,13622
722,1462,17021,13621
724,1471,17057,13641
722,1461,17011,13631
724,1466,17017,13636
728,1465,17106,13692
722,1463,17023,13628
724,1470,17041,13644
722,1458,17009,13622
721,1473,16979,13580
727,1472,17097,13657
722,1472,16993,13614
722,1469,17001,13618
722,1462,16988,13604
733,1474,17253,13824
732,1461,17256,13825
723,1459,17042,13669
722,1458,17012,13638
728,1466,17075,13659
722,1461,16983,13598
725,1453,17103,13700
725,1450,17087,13687
730,1465,17151,13696
723,1469,17031,13655
722,1461,16971,13569
724,1460,17060,13677
722,1465,17027,13626
721,1456,16994,13586
722,1473,17013,13632
722,1476,17001,13602
723,1461,17042,13668
721,1475,16971,13580
723,1465,17029,13653
723,1460,17008,13603
723,1467,17025,13616
725,1451,17116,13734
720,1471,16937,13551
721,1464,16980,13605
723,1468,17009,13650
721,1460,16964,13572
724,1455,17094,13711
720,1461,16970,13561
724,1458,17067,13666
726,1466,17112,13733
728,1457,17082,13651
723,1468,17049,13674
720,1468,16967,13560
723,1466,17038,13636
722,1471,17024,13627
723,1472,17018,13610
724,1463,17074,13700
720,1467,16932,13559
723,1454,17041,13660
722,1477,16988,13602
722,1477,17013,13604
722,1455,16999,13621
721,1459,16964,13575
722,1464,17017,13625
726,1464,17103,13656
722,1469,17001,13617
723,1458,17021,13640
722,1468,16983,13570
724,1465,17089,13674
724,1460,17063,13673
720,1467,16950,13578
722,1450,17001,13635
721,1466,16972,13570
723,1465,17041,13631
724,1467,17016,13636
723,1465,17029,13645
723,1460,17033,13660
719,1453,16930,13549
723,1463,17041,13673
722,1467,17006,13621
722,1460,17028,13624
723,1461,17046,13645
720,1464,16953,13556
723,1467,17041,13653
723,1461,17020,13648
721,1458,16987,13594
722,1469,17010,13619
723,1460,17014,13618
723,1465,17084,13692
720,1468,16949,13558
724,1459,17042,13656
723,1459,17044,13660
721,1466,16985,13588
725,1464,17121,13723
721,1461,16964,13584
722,1467,16999,13611
722,1450,17016,13616
722,1474,16986,13596
725,1465,17094,13724
720,1455,16948,13561
723,1460,17035,13655
722,1456,17009,13621
721,1464,16968,13567
724,1460,17060,13706
720,1466,16922,13556
721,1465,16987,13584
730,1461,17209,13800
728,1463,17133,13690
728,1459,17185,13769
726,1473,17046,13607
721,1466,16973,13588
722,1464,16998,13604
719,1478,16952,13555
724,1470,17072,13670
721,1464,16975,13580
722,1465,17008,13601
721,1429,16990,13592
721,1464,16968,13576
724,1452,17062,13706
720,1469,16931,13564
722,1450,17031,13628
722,1471,17016,13619
722,1469,17002,13629
724,1450,17057,13681
719,1453,16909,13535
724,1453,17069,13698
721,1466,16980,13593
723,1464,17050,13643
726,1459,17072,13639
720,1455,16925,13536
721,1471,16999,13621
723,1458,17027,13655
723,1457,17024,13597
727,1453,17126,13720
727,1473,17051,13611
724,1455,17049,13657
720,1463,16975,13602
722,1462,16977,13604
724,1451,17021,13636
716,1457,16906,13523
724,1464,17091,13690
724,1470,17049,13678
721,1458,16979,13599
722,1466,17014,13633
719,1465,16931,13556
726,1464,17138,13751
723,1458,17013,13590
723,1457,17036,13639
723,1454,17049,13625
721,1462,16959,13576
728,1466,17171,13765
729,1467,17118,13723
725,1465,17068,13668
722,1459,17032,13624
723,1469,17026,13635
722,1469,17025,13634
722,1465,16992,13600
722,1459,16996,13627
722,1459,16994,13614
723,1466,17020,13648
724,1470,17070,13680
721,1462,16974,13553
721,1467,16980,13593
721,1472,16992,13613
725,1467,17067,13668
737,1473,17352,13921
729,1451,17173,13772
721,1456,17012,13601
721,1470,17007,13591
723,1473,17034,13629
722,1455,17029,13636
721,1465,16946,13575
721,1458,17005,13609
722,1470,17035,13630
724,1471,17038,13661
723,1456,17033,13634
720,1466,16933,13548
725,1464,17075,13682
723,1469,17020,13639
721,1469,16960,13602
722,1461,17043,13649
722,1440,16964,13591
722,1453,17007,13616
720,1468,16954,13598
722,1468,16997,13627
723,1462,17048,13663
720,1467,16962,13561
723,1461,17070,13655
722,1468,17032,13628
721,1468,16970,13583
724,1459,17018,13620
720,1457,16941,13542
722,1454,17013,13626
725,1469,17082,13691
722,1464,16986,13594
722,1449,16999,13617
724,1475,16965,13595
724,1458,17056,13670
721,1464,16987,13605
723,1460,17016,13642
723,1460,17023,13615
724,1469,17030,13565
724,1467,17078,13698
722,1470,16984,13604
721,1468,16959,13599
723,1461,17045,13643
726,1475,17048,13601
724,1460,17057,13650
721,1468,16990,13580
722,1469,16993,13601
722,1451,17017,13640
720,1462,16940,13552
725,1461,17096,13705
720,1458,16969,13557
723,1462,17032,13644
726,1467,17122,13728
732,1491,17181,13747
735,1465,17258,13831
723,1474,16987,13568
722,1464,16977,13587
721,1458,17020,13619
722,1466,16997,13618
724,1449,17063,13695
722,1473,16992,13609
720,1454,16948,13579
724,1454,17055,13664
720,1470,16962,13568
724,1466,17104,13705
728,1469,17155,13719
734,1454,17317,13904
722,1462,17001,13621
721,1466,16938,13570
723,1459,17059,13669
720,1459,16964,13561
723,1465,17028,13628
719,1459,16935,13601
722,1459,17003,13627
725,1449,17086,13721
720,1466,16937,13554
723,1459,17039,13661
724,1470,17055,13620
722,1464,16985,13586
733,1477,17230,13777
722,1467,16957,13563
737,1466,17344,13932
724,1468,17084,13676
726,1466,17044,13608
724,1459,17058,13653
721,1484,16977,13558
728,1458,17168,13784
737,1468,17351,13932
721,1463,16985,13624
723,1456,17043,13636
720,1475,16946,13535
723,1459,17014,13635
722,1472,17016,13617
722,1471,16987,13607
723,1464,17045,13651
720,1463,16939,13568
737,1462,17347,13929
731,1463,17215,13792
729,1469,17182,13749
734,1476,17285,13856
723,1468,17035,13642
737,1469,17322,13918
729,1462,17157,13722
731,1457,17219,13794
726,1464,17107,13697
723,1456,17018,13604
724,1460,17043,13650
721,1472,16953,13565
722,1462,16987,13611
721,1464,17012,13606
723,1460,17045,13636
728,1469,17108,13689
722,1466,16982,13590
723,1466,17040,13657
723,1451,17006,13607
721,1468,16969,13596
729,1449,17170,13778
731,1465,17168,13696
720,1459,16966,13584
723,1466,17030,13645
721,1457,16966,13575
724,1445,17075,13717
721,1460,16971,13570
724,1467,17055,13657
722,1452,17006,13608
722,1468,17028,13615
725,1460,17081,13693
720,1463,16952,13564
722,1462,17010,13623
722,1460,16990,13583
723,1458,17011,13610
723,1463,17026,13637
721,1462,16954,13553
723,1465,17036,13652
721,1455,16969,13601
721,1468,16971,13597
723,1457,17032,13664
721,1476,16989,13579
724,1463,17039,13640
723,1494,17023,13664
721,1456,16970,13593
729,1455,17154,13768
728,1467,17131,13692
728,1463,17163,13754
732,1454,17303,13882
721,1463,17024,13608
723,1460,17030,13636
719,1461,16907,13534
724,1452,17063,13692
723,1466,17027,13609
722,1463,17021,13615
725,1453,17085,13693
726,1470,17039,13608
724,1462,17042,13664
722,1459,16985,13614
723,1461,17010,13627
722,1471,17001,13633
721,1474,16968,13559
723,1453,17046,13655
721,1462,16968,13582
723,1467,17020,13642
722,1466,17024,13639
722,1454,16979,13588
724,1460,17069,13664
721,1460,16983,13590
724,1472,17065,13664
723,1461,17031,13649
721,1471,16951,13580
724,1442,17061,13693
721,1458,16995,13595
721,1462,17009,13614
721,1468,16975,13599
722,1459,16996,13608
723,1448,17063,13677
722,1465,16974,13594
721,1465,16977,13584
724,1468,17036,13645
722,1450,17000,13599
725,1455,17098,13706
722,1467,16997,13619
720,1459,16953,13564
728,1463,17148,13748
735,1460,17317,13900
727,1440,17159,13761
724,1467,17036,13594
723,1461,17038,13637
722,1463,16976,13589
721,1457,16950,13574
723,1458,17033,13661
724,1472,17011,13587
724,1467,17066,13660
723,1450,16997,13573
722,1460,16993,13599
722,1468,17028,13639
721,1463,16958,13589
723,1465,17011,13633
721,1455,16967,13588
723,1458,17040,13643
723,1460,17056,13666
718,1463,16904,13517
725,1469,17051,13656
724,1472,17032,13654
726,1465,17049,13621
723,1460,17045,13662
721,1468,16983,13568
724,1460,17069,13656
722,1442,17016,13641
722,1472,16997,13622
722,1461,16983,13614
721,1478,16966,13588
723,1460,17052,13658
722,1462,17030,13641
722,1479,17006,13604
722,1460,17010,13632
727,1459,17080,13681
728,1452,17142,13763
733,1471,17242,13812
736,1463,17332,13887
734,1462,17272,13849
721,1474,16963,13577
723,1455,17049,13675
723,1464,17033,13655
725,1462,17090,13705
721,1447,17000,13607
723,1474,17036,13639
728,1458,17201,13787
727,1468,17073,13610
722,1457,16997,13620
722,1451,16988,13601
722,1458,16996,13604
727,1450,17173,13762
724,1458,17007,13586
722,1463,17029,13645
722,1459,17009,13623
735,1486,17267,13860
723,1443,17062,13686
720,1462,16953,13585
721,1471,17010,13618
723,1452,17031,13659
726,1468,17059,13694
733,1461,17225,13792
721,1463,16948,13581
721,1469,16983,13588
723,1460,17034,13650
722,1469,17013,13613
724,1466,17114,13689
720,1468,16948,13551
721,1464,16982,13605
721,1454,16985,13606
723,1458,17035,13626
737,1441,17411,13974
725,1456,17052,13652
737,1459,17376,13958
722,1469,16986,13589
722,1458,16967,13588
722,1455,17015,13652
720,1466,16956,13574
724,1465,17056,13675
724,1487,17052,13676
723,1466,17031,13629
722,1475,16975,13604
721,1471,16946,13561
723,1452,17057,13680
724,1468,17053,13657
721,1453,17011,13598
723,1470,17063,13660
718,1474,16914,13527
723,1454,17053,13699
722,1462,17001,13619
723,1462,17035,13634
722,1468,17021,13621
719,1462,16916,13521
724,1455,17059,13673
723,1455,17023,13625
722,1459,16999,13605
722,1465,17018,13641
720,1455,16923,13532
723,1452,17071,13670
721,1462,16996,13607
723,1468,17024,13623
727,1465,17110,13691
720,1471,16932,13556
724,1459,17076,13679
720,1460,16976,13571
723,1469,17045,13643
724,1458,17085,13662
722,1466,16995,13618
723,1464,17028,13660
721,1474,16965,13588
722,1467,17019,13601
724,1466,17076,13686
721,1463,16967,13573
725,1445,17104,13718
720,1456,16942,13560
721,1478,16973,13603
723,1455,17029,13649
721,1462,16953,13590
726,1464,17153,13737
720,1458,16959,13560
724,1461,17028,13660
721,1466,16988,13609
722,1462,16998,13630
726,1458,17142,13732
721,1472,16955,13558
723,1461,17039,13621
722,1454,17043,13629
721,1463,16974,13590
722,1449,17015,13641
720,1471,16920,13544
724,1469,17063,13657
722,1469,17019,13606
722,1466,17005,13629
723,1465,17034,13639
720,1479,16945,13555
732,1465,17239,13816
719,1456,16990,13620
722,1465,17001,13610
723,1472,17034,13639
724,1470,17043,13651
737,1475,17262,13781
721,1458,17000,13597
721,1470,16950,13592
722,1457,16992,13614
720,1473,16942,13547
723,1469,17053,13651
727,1472,17141,13715
734,1473,17234,13815
729,1453,17143,13762
732,1477,17155,13717
723,1462,17035,13638
724,1460,17102,13699
720,1464,16965,13597
723,1476,17029,13632
722,1461,16950,13562
723,1461,17029,13641
721,1465,16976,13604
723,1472,17013,13644
727,1463,17147,13742
734,1473,17231,13794
726,1457,17110,13724
722,1465,16973,13576
724,1459,17049,13663
726,1472,17055,13640
722,1461,16983,13588
724,1461,17089,13681
721,1453,16975,13553
724,1464,17060,13674
725,1449,16994,13614
723,1471,17012,13637
724,1461,17067,13674
720,1461,16970,13589
721,1469,16980,13598
721,1455,17009,13624
722,1468,17007,13624
727,1452,17127,13748
723,1469,17024,13635
732,1483,17186,13765
730,1454,17190,13776
724,1472,17049,13636
730,1471,17170,13730
720,1456,16940,13552
721,1465,16952,13583
725,1459,17104,13708
721,1461,16973,13559
726,1471,17151,13743
725,1470,17070,13653
735,1466,17294,13869
725,1464,17077,13691
721,1475,16973,13578
722,1470,17030,13635
720,1468,16964,13556
724,1464,17055,13664
722,1462,17006,13604
721,1457,16996,13617
732,1464,17217,13809
721,1456,16943,13568
723,1460,17027,13653
722,1462,17013,13620
722,1463,16987,13610
721,1470,16982,13612
720,1469,16941,13552
723,1458,17025,13620
722,1457,17012,13625
723,1464,17046,13649
725,1456,17103,13697
721,1468,16986,13577
726,1458,17115,13731
729,1472,17147,13738
725,1460,17078,13688
732,1480,17209,13765
720,1469,16954,13539
725,1456,17073,13700
723,1460,17036,13640
721,1459,16981,13593
724,1466,17039,13667
724,1467,16998,13609
723,1458,17040,13670
722,1473,17001,13595
722,1463,17009,13633
731,1470,17164,13729
721,1468,16964,13582
724,1467,17083,13704
721,1472,16987,13593
722,1457,17010,13624
722,1466,17020,13620
722,1474,17004,13599
723,1472,17034,13646
722,1476,16968,13594
724,1453,17025,13643
722,1455,17007,13616
723,1473,17027,13602
724,1469,17075,13690
721,1466,16976,13584
727,1464,17103,13693
736,1480,17314,13886
722,1471,16986,13633
723,1466,17038,13680
724,1471,17037,13621
721,1462,16985,13590
723,1467,17025,13652
722,1478,17004,13618
723,1458,17043,13677
721,1472,16972,13571
721,1467,16997,13601
722,1468,17040,13634
722,1469,17038,13613
724,1456,17062,13680
722,1462,16988,13618
725,1468,17062,13684
722,1455,17008,13593
725,1463,17080,13682
728,1472,17105,13690
720,1452,16935,13542
725,1466,17083,13714
722,1470,17011,13615
721,1460,16965,13591
723,1454,17024,13665
729,1472,17151,13713
729,1468,17176,13749
725,1463,17076,13692
722,1460,16995,13592
722,1462,16986,13608
722,1479,16999,13592
732,1489,17266,13854
730,1468,17222,13788
728,1466,17151,13709
732,1450,17246,13868
721,1464,16973,13592
726,1463,17092,13722
723,1457,17017,13629
722,1480,17003,13618
725,1446,17102,13705
720,1458,16936,13538
726,1468,17112,13731
723,1467,17015,13643
721,1466,16970,13610
723,1462,17036,13655
722,1474,17019,13619
725,1463,17105,13708
721,1464,16967,13570
723,1458,17032,13648
727,1474,17027,13651
721,1454,16953,13568
723,1462,17071,13686
723,1469,17034,13638
728,1470,17112,13663
722,1459,16988,13604
722,1468,16977,13606
724,1458,17072,13681
720,1473,16946,13559
726,1479,17123,13715
728,1461,17096,13659
722,1474,16996,13601
725,1469,17096,13723
720,1459,16944,13590
723,1462,17029,13658
722,1463,17003,13610
722,1471,17030,13626
732,1466,17215,13764
721,1461,16944,13570
722,1464,17005,13627
722,1458,17012,13636
722,1468,17020,13614
725,1452,17097,13730
723,1463,17000,13569
725,1463,17114,13678
723,1463,16989,13582
723,1476,17007,13626
723,1457,17044,13681
720,1464,16946,13550
726,1467,17131,13715
722,1470,17002,13597
724,1473,17036,13646
730,1472,17143,13713
729,1471,17137,13726
724,1462,17055,13676
726,1471,17055,13627
721,1473,16995,13592
724,1460,17066,13685
727,1462,17063,13624
721,1439,17019,13643
720,1466,16966,13591
722,1471,16996,13589
722,1458,17003,13610
720,1454,16975,13565
723,1465,17047,13630
724,1477,17051,13655
725,1455,17087,13685
722,1457,16986,13601
720,1468,16943,13524
723,1471,17048,13651
724,1457,17045,13673
723,1460,17021,13628
723,1470,17038,13644
721,1470,16962,13578
723,1465,17033,13659
720,1468,16953,13576
723,1456,17009,13622
723,1449,17047,13659
721,1471,16988,13587
723,1458,17065,13714
723,1468,16963,13570
723,1461,17030,13639
722,1468,16993,13608
722,1453,16996,13581
727,1467,17161,13757
720,1462,16934,13541
721,1466,16973,13602
723,1468,17019,13646
721,1467,16981,13577
725,1456,17132,13736
721,1466,16955,13553
722,1460,16985,13599
721,1463,16984,13597
722,1471,16983,13604
724,1454,17066,13694
721,1470,16967,13585
722,1472,17007,13602
722,1466,17007,13621
722,1466,16981,13604
724,1458,17074,13686
720,1460,16936,13563
722,1455,16991,13602
723,1471,17030,13652
723,1467,17009,13586
723,1461,17068,13673
722,1456,16959,13572
723,1465,17055,13677
722,1467,16999,13617
722,1466,17021,13610
723,1465,17061,13660
721,1462,16962,13556
724,1461,17067,13668
720,1472,16961,13585
721,1465,16970,13608
722,1455,16992,13618
720,1469,16960,13581
722,1471,17017,13621
723,1465,17031,13639
721,1463,16948,13576
724,1461,17067,13691
719,1468,16916,13516
726,1464,17115,13716
723,1467,17023,13611
724,1466,17043,13656
723,1472,17038,13630
719,1472,16918,13531
723,1460,17020,13644
723,1456,17026,13645
721,1469,17005,13601
724,1444,17079,13660
717,1452,16860,13518
725,1457,17093,13707
723,1463,17039,13661
723,1452,17007,13610
722,1470,17007,13636
723,1468,16988,13621
724,1460,17099,13701
721,1465,16971,13590
722,1464,16994,13603
723,1468,17066,13630
722,1467,16992,13615
724,1459,17067,13683
722,1470,16979,13590
722,1465,17016,13612
722,1463,17003,13597
725,1465,17050,13641
727,1456,17076,13672
722,1453,16987,13605
723,1464,17062,13645
723,1465,17048,13660
721,1476,16988,13613
723,1457,17059,13658
720,1466,16965,13567
722,1471,17002,13615
721,1472,16967,13593
720,1461,16938,13579
726,1456,17152,13756
722,1469,16964,13544
722,1467,16990,13602
721,1459,17002,13604
722,1465,16980,13622
724,1450,17049,13658
722,1477,17004,13606
722,1469,17002,13601
724,1456,17044,13627
722,1470,16982,13600
723,1460,17051,13665
722,1461,16998,13616
735,1476,17266,13819
722,1472,17016,13610
722,1461,16986,13598
723,1468,17064,13667
719,1464,16927,13541
723,1456,17035,13664
720,1458,16966,13588
724,1458,17035,13642
723,1465,17032,13613
721,1462,16954,13559
724,1453,17045,13659
731,1480,17168,13730
721,1467,16957,13583
722,1458,17010,13625
721,1464,16989,13600
723,1459,17059,13665
723,1469,17054,13644
721,1461,16971,13602
723,1468,17028,13668
721,1459,16948,13577
724,1456,17068,13677
726,1457,17121,13717
728,1487,17100,13658
723,1472,17025,13644
721,1456,16939,13552
725,1457,17082,13707
722,1458,16986,13590
724,1460,17046,13668
720,1466,16981,13594
723,1470,17003,13619
723,1452,17051,13664
722,1469,16989,13603
730,1475,17124,13687
723,1466,17018,13604
722,1469,16995,13600
724,1456,17086,13676
720,1461,16962,13556
723,1466,17026,13640
723,1467,17002,13610
723,1449,17010,13610
724,1459,17072,13676
721,1467,16985,13577
723,1467,17012,13619
722,1459,16998,13621
722,1456,17017,13621
723,1455,17059,13688
721,1469,16971,13583
722,1457,16994,13615
723,1466,17051,13665
721,1455,16971,13581
725,1465,17106,13721
723,1467,17004,13615
721,1469,16960,13588
730,1458,17194,13762
731,1471,17163,13710
724,1466,17051,13675
724,1470,17060,13634
737,1469,17303,13886
728,1454,17134,13730
735,1471,17304,13895
732,1483,17212,13763
721,1474,16986,13571
722,1459,17022,13639
724,1458,17049,13659
722,1455,17017,13615
721,1457,16991,13623
720,1465,16944,13569
723,1464,17020,13643
723,1473,17033,13625
723,1471,17044,13642
723,1470,17013,13618
722,1474,16962,13570
723,1451,17018,13619
722,1451,17012,13614
731,1471,17198,13796
730,1458,17206,13791
724,1472,17047,13625
730,1466,17138,13706
723,1465,17036,13664
722,1477,16989,13620
722,1474,17018,13612
721,1466,16955,13558
723,1445,17061,13690
722,1453,17001,13617
722,1465,17017,13634
723,1463,17024,13656
726,1462,17071,13679
728,1465,17126,13694
721,1462,17010,13602
723,1471,17027,13635
725,1462,17066,13685
720,1457,16957,13584
724,1459,17058,13695
721,1467,16987,13600
722,1457,17013,13624
723,1468,17055,13639
725,1454,17097,13690
727,1467,17092,13675
721,1467,16974,13590
721,1468,16990,13626
725,1451,17096,13703
722,1461,17012,13612
727,1466,17158,13767
720,1477,16973,13573
721,1465,16970,13579
722,1460,16992,13626
721,1471,16962,13588
723,1459,17032,13654
722,1480,17009,13609
726,1469,17052,13618
721,1453,16977,13590
723,1465,17011,13624
723,1465,17018,13638
721,1479,16982,13614
724,1453,17048,13655
723,1446,17021,13626
724,1468,17074,13646
723,1459,17034,13663
721,1463,16949,13564
724,1458,17038,13671
722,1454,17027,13629
721,1469,16974,13577
724,1463,17034,13651
723,1474,17033,13629
722,1456,17011,13628
724,1465,17052,13672
723,1464,17054,13667
735,1487,17267,13838
730,1480,17118,13669
722,1461,17019,13624
724,1456,17058,13682
723,1469,17008,13603
722,1476,17015,13627
720,1459,16945,13556
723,1462,17061,13656
724,1457,17067,13654
722,1464,17022,13613
722,1457,17040,13654
720,1470,16940,13530
724,1447,17094,13718
725,1459,17124,13724
724,1463,17075,13686
722,1470,17006,13635
721,1454,16968,13576
725,1457,17101,13722
721,1461,16983,13603
721,1475,16978,13598
722,1453,16988,13604
721,1469,16975,13595
723,1456,17061,13672
722,1466,17002,13617
726,1476,17053,13621
722,1467,17002,13641
722,1454,17005,13615
725,1449,17086,13692
721,1463,16989,13594
734,1479,17245,13786
727,1471,17079,13648
722,1457,16984,13610
723,1468,17046,13665
724,1456,17044,13630
722,1468,17039,13642
723,1468,17021,13639
722,1452,17024,13611
723,1446,17072,13698
721,1465,16971,13592
726,1469,17088,13696
726,1462,17064,13631
722,1467,16998,13591
724,1462,17070,13661
717,1463,16920,13573
722,1463,16977,13597
731,1455,17231,13845
723,1451,17029,13626
730,1457,17234,13809
733,1475,17256,13840
731,1479,17185,13728
724,1456,17044,13659
724,1457,17053,13680
722,1468,16992,13608
720,1472,16966,13558
725,1459,17103,13697
723,1463,17031,13633
720,1467,16968,13573
722,1456,17008,13638
721,1463,16963,13579
724,1462,17054,13674
721,1459,16995,13610
721,1462,16989,13592
722,1464,16999,13601
720,1470,16939,13559
724,1461,17060,13678
724,1455,17011,13616
723,1474,17035,13635
723,1455,17029,13636
721,1471,17004,13591
725,1458,17132,13716
724,1471,17065,13653
721,1462,16968,13587
731,1474,17149,13733
722,1470,16977,13552
725,1462,17090,13683
721,1464,17006,13623
723,1452,17014,13627
721,1472,16982,13596
721,1470,16968,13588
726,1461,17121,13726
721,1469,16970,13585
725,1470,17097,13709
723,1453,17038,13646
722,1461,16985,13602
723,1459,17039,13660
726,1482,17074,13665
729,1463,17175,13750
725,1449,17081,13693
719,1461,16937,13553
725,1468,17141,13724
722,1468,16991,13603
721,1460,16957,13579
722,1467,17001,13607
722,1462,17032,13634
724,1471,17083,13685
721,1467,16964,13567
722,1460,16985,13585
723,1460,17027,13634
721,1464,16989,13606
724,1469,17065,13699
717,1454,16905,13510
724,1457,17080,13679
722,1461,17018,13605
723,1476,17014,13630
722,1475,17043,13659
721,1464,16953,13565
722,1467,16999,13597
723,1474,17039,13650
721,1474,16993,13591
721,1446,17023,13682
723,1470,17018,13640
727,1460,17131,13745
722,1462,16991,13587
725,1458,17098,13626
725,1454,17078,13684
734,1480,17280,13669
735,1442,17392,13809
744,1447,17525,13748
722,1470,16985,13608
729,1463,17200,13734
739,1474,17345,13709
735,1471,17331,13685
734,1468,17314,13706
722,1482,17011,13626
723,1450,17045,13653
719,1454,16904,13516
724,1466,17072,13677
734,1463,17328,13691
723,1458,17047,13622
731,1460,17274,13729
721,1463,16966,13560
727,1460,17127,13741
726,1472,17077,13649
735,1465,17317,13680
738,1466,17392,13724
722,1456,16971,13586
747,1462,17641,13828
723,1460,17038,13648
724,1455,17044,13628
725,1457,17060,13672
721,1469,16943,13577
737,1463,17448,13813
726,1461,17123,13626
724,1466,17055,13672
730,1470,17157,13669
722,1475,17017,13631
727,1452,17160,13757
722,1463,16990,13600
721,1460,16986,13604
726,1460,17132,13712
724,1468,17027,13633
724,1465,17067,13686
723,1474,16996,13613
722,1459,17026,13636
727,1467,17144,13732
720,1467,16993,13598
731,1455,17243,13845
727,1476,17066,13636
723,1456,17015,13624
723,1456,17035,13657
725,1465,17075,13698
726,1460,17127,13731
723,1469,17018,13626
723,1455,17034,13651
724,1458,17076,13679
724,1466,17038,13659
728,1432,17173,13786
722,1460,17000,13600
729,1463,17200,13779
732,1474,17237,13774
725,1460,17092,13705
728,1438,17201,13825
724,1465,17047,13669
727,1459,17164,13759
726,1472,17118,13697
726,1457,17108,13735
727,1450,17145,13761
729,1468,17171,13764
734,1465,17274,13847
729,1446,17196,13801
727,1456,17147,13768
729,1453,17207,13798
726,1453,17085,13654
743,1446,17591,13971
743,1473,17566,13940
740,1447,17554,13981
730,1447,17239,13850
729,1452,17165,13760
736,1440,17422,13989
736,1441,17413,13978
736,1448,17385,13996
734,1456,17315,13912
728,1477,17164,13778
738,1438,17479,14057
739,1432,17490,14043
738,1441,17440,14021
739,1462,17517,14108
736,1449,17354,13957
744,1470,17608,14194
753,1456,17766,14250
740,1432,17474,14058
743,1469,17609,14171
742,1452,17571,14129
753,1470,17910,14309
751,1446,17781,14218
751,1471,17857,14282
755,1484,17990,14347
745,1465,17646,14214
748,1475,17758,14296
748,1485,17767,14293
763,1479,18087,14415
749,1476,17735,14302
748,1496,17738,14308
762,1488,18203,14483
760,1491,18128,14417
754,1483,17934,14358
750,1507,17813,14374
748,1480,17722,14308
751,1486,17816,14386
749,1484,17723,14301
748,1491,17725,14300
753,1498,17890,14416
751,1489,17813,14354
753,1513,17900,14447
760,1494,18111,14432
750,1488,17766,14331
752,1499,17836,14380
751,1494,17835,14385
756,1511,17969,14493
755,1478,17890,14371
753,1503,17862,14425
752,1497,17847,14411
751,1492,17792,14364
754,1505,17924,14459
751,1489,17815,14347
755,1511,17926,14472
752,1491,17827,14375
757,1497,17939,14476
763,1517,18111,14627
755,1503,17884,14425
758,1507,17994,14519
753,1497,17910,14434
750,1491,17766,14327
750,1507,17791,14370
747,1481,17692,14263
756,1512,17922,14473
755,1503,17931,14474
753,1488,17838,14371
749,1489,17795,14338
747,1473,17697,14238
754,1482,17910,14365
754,1483,17872,14366
749,1493,17754,14329
750,1497,17786,14332
745,1469,17640,14196
746,1503,17707,14288
755,1439,17943,14249
749,1472,17749,14315
748,1489,17738,14301
748,1472,17699,14263
746,1485,17695,14276
743,1452,17598,14153
755,1469,17973,14329
746,1472,17704,14258
752,1484,17882,14337
748,1472,17681,14244
742,1444,17556,14133
744,1456,17573,14148
743,1459,17607,14165
742,1456,17601,14158
750,1481,17852,14292
741,1432,17506,14088
741,1455,17519,14101
743,1459,17600,14161
740,1447,17486,14052
741,1459,17546,14134
740,1445,17521,14103
745,1454,17541,14088
738,1446,17406,13991
737,1433,17415,14027
738,1442,17446,14053
737,1443,17401,13967
733,1445,17327,13913
737,1439,17410,14011
734,1455,17312,13897
739,1427,17392,14033
732,1455,17262,13837
733,1454,17332,13920
732,1451,17288,13879
732,1452,17280,13883
730,1428,17293,13930
732,1446,17248,13859
730,1455,17244,13852
729,1461,17198,13780
730,1452,17219,13794
727,1448,17230,13849
730,1453,17214,13801
730,1454,17202,13796
728,1457,17164,13787
726,1463,17118,13754
728,1461,17135,13745
725,1463,17100,13691
730,1455,17218,13824
727,1466,17129,13716
726,1476,17102,13713
726,1455,17081,13696
725,1455,17072,13675
727,1470,17135,13727
726,1463,17104,13707
725,1456,17106,13671
724,1462,17061,13663
724,1468,17017,13640
728,1463,17167,13788
724,1462,17076,13677
724,1462,17076,13655
721,1468,16980,13592
728,1465,17130,13731
750,1456,17735,14103
750,1426,17727,13908
734,1477,17236,13800
728,1507,17118,13674
722,1463,16997,13596
726,1458,17118,13724
741,1466,17433,13821
737,1464,17382,13753
723,1455,17044,13646
721,1462,16965,13572
733,1469,17318,13764
722,1460,17033,13616
724,1466,17052,13648
724,1467,17053,13696
722,1468,16999,13627
729,1464,17178,13783
734,1465,17299,13879
721,1456,17002,13584
723,1470,17044,13662
756,1483,17867,13916
727,1454,17136,13740
719,1456,16927,13528
722,1466,16997,13622
736,1470,17349,13742
725,1453,17069,13676
735,1452,17374,13792
733,1475,17296,13674
731,1460,17264,13695
721,1465,16971,13598
726,1447,17103,13619
723,1459,17067,13679
734,1474,17280,13653
734,1466,17327,13689
722,1458,17000,13623
720,1459,16947,13560
731,1454,17249,13708
730,1459,17241,13705
735,1466,17322,13675
722,1468,16990,13612
721,1460,16979,13614
725,1467,17092,13704
734,1475,17252,13672
722,1461,17022,13641
721,1463,16978,13586
721,1463,16995,13582
722,1471,17017,13621
723,1480,17019,13606
723,1463,17003,13596
722,1459,16994,13617
732,1470,17279,13652
735,1470,17308,13659
721,1461,16976,13560
724,1461,17080,13672
725,1456,17065,13684
736,1458,17291,13653
733,1465,17275,13676
733,1472,17247,13620
724,1449,17081,13685
722,1466,16985,13583
733,1453,17291,13750
741,1494,17424,13774
734,1476,17298,13692
723,1469,17018,13630
731,1453,17232,13651
728,1472,17085,13623
731,1468,17261,13703
733,1471,17260,13657
733,1466,17285,13702
720,1473,16955,13582
729,1475,17159,13714
735,1456,17320,13901
725,1476,17046,13602
734,1471,17325,13686
718,1460,16946,13557
730,1428,17247,13676
721,1469,16992,13626
721,1470,16985,13588
726,1456,17147,13756
733,1481,17268,13656
723,1466,17028,13633
733,1472,17268,13659
721,1470,16952,13577
723,1470,17042,13659
732,1469,17282,13698
734,1476,17281,13623
732,1442,17306,13725
731,1458,17238,13678
724,1441,17075,13705
731,1477,17215,13618
733,1468,17275,13667
729,1458,17199,13705
733,1467,17286,13636
738,1482,17415,13753
742,1488,17495,13870
735,1473,17341,13728
732,1483,17182,13746
731,1478,17148,13693
733,1468,17324,13736
731,1462,17184,13575
734,1465,17310,13698
721,1469,16977,13602
738,1464,17395,13807
739,1462,17452,13861
732,1470,17262,13694
741,1472,17447,13812
731,1461,17261,13698
737,1468,17393,13810
744,1464,17579,13984
728,1460,17141,13595
731,1463,17264,13696
732,1457,17291,13721
731,1459,17266,13679
732,1450,17305,13724
729,1468,17194,13628
729,1455,17213,13668
731,1461,17249,13700
731,1456,17260,13679
731,1459,17263,13696
722,1462,16992,13558
726,1458,17125,13678
728,1453,17185,13671
732,1474,17268,13695
732,1472,17278,13688
729,1463,17191,13662
734,1457,17365,13776
733,1458,17299,13728
729,1467,17210,13717
744,1469,17533,13915
736,1473,17298,13703
732,1445,17308,13763
721,1461,16968,13547
731,1466,17181,13768
728,1461,17161,13743
730,1448,17189,13784
722,1451,17027,13645
722,1468,16990,13599
722,1463,17023,13614
733,1468,17294,13659
718,1458,16905,13536
733,1449,17355,13779
726,1469,17081,13588
732,1465,17262,13683
732,1461,17300,13710
720,1465,16935,13545
724,1452,17094,13680
720,1478,16962,13576
722,1467,16996,13609
728,1451,17160,13701
730,1478,17120,13691
722,1474,17021,13597
720,1475,16958,13538
733,1472,17277,13645
734,1480,17330,13684
730,1456,17181,13580
723,1458,17040,13635
722,1465,16994,13608
726,1470,17069,13633
726,1465,17116,13686
729,1469,17084,13661
721,1461,16995,13599
720,1462,16929,13548
723,1464,17024,13652
722,1459,16995,13614
722,1462,16998,13619
