2667,10000
721,1475,16995,13603
722,1460,16977,13602
724,1445,17063,13701
723,1470,17048,13606
721,1464,16982,13589
722,1439,16992,13609
722,1459,16981,13621
727,1450,17135,13766
720,1425,16957,13530
721,1461,16982,13605
722,1461,17019,13608
723,1469,17054,13643
723,1474,17059,13655
721,1459,16968,13589
725,1465,17043,13653
734,1477,17239,13789
722,1475,17015,13602
724,1453,17055,13698
720,1473,16947,13548
723,1467,17018,13639
721,1461,16970,13604
723,1466,16990,13598
722,1471,17009,13629
721,1460,16980,13561
724,1461,17074,13698
722,1451,16998,13609
725,1486,17043,13653
726,1473,17100,13708
732,1479,17159,13701
724,1458,17059,13673
722,1465,17023,13618
725,1469,17076,13653
722,1463,17020,13607
721,1460,16950,13575
723,1456,17026,13629
720,1455,16996,13652
722,1472,17018,13603
721,1468,16984,13597
722,1477,16970,13589
727,1474,17096,13683
722,1469,16989,13598
722,1460,17003,13616
722,1471,17023,13640
720,1471,16943,13531
725,1452,17090,13702
721,1458,17002,13614
723,1464,17018,13618
721,1459,16983,13629
721,1469,16962,13564
724,1461,17085,13689
722,1468,17031,13628
720,1467,16999,13596
723,1466,17012,13632
720,1453,16944,13559
723,1460,17047,13668
720,1471,16976,13570
722,1469,17011,13598
723,1461,17032,13651
721,1463,16962,13573
724,1455,17082,13716
720,1462,16957,13579
721,1465,16975,13599
722,1470,17009,13633
721,1468,16991,13589
727,1463,17163,13769
725,1463,17021,13595
722,1466,17001,13623
721,1465,16973,13590
724,1458,17051,13630
725,1448,17122,13726
722,1468,16991,13600
723,1466,17044,13638
721,1458,16996,13610
721,1457,16954,13584
720,1462,17018,13656
722,1467,16992,13596
724,1464,17047,13655
723,1458,17015,13639
721,1459,16978,13580
725,1464,17104,13728
725,1459,16992,13577
722,1458,17011,13621
721,1463,16980,13592
722,1453,17022,13611
723,1470,17041,13650
720,1464,16930,13540
724,1457,17043,13663
722,1460,17018,13619
726,1454,17117,13680
726,1467,17065,13646
721,1474,16984,13570
724,1460,17078,13675
723,1471,17004,13625
721,1477,16998,13609
726,1477,17061,13650
719,1464,16935,13552
724,1459,17075,13668
723,1466,17001,13594
723,1470,17036,13638
723,1478,17030,13646
718,1459,16889,13495
725,1459,17083,13698
723,1461,17019,13611
726,1466,17097,13684
723,1466,17011,13612
721,1453,16950,13569
728,1444,17165,13781
736,1474,17315,13912
722,1467,17005,13611
721,1457,17000,13587
722,1460,17007,13605
725,1455,17106,13698
721,1460,16993,13617
721,1475,16973,13588
722,1462,16996,13624
721,1475,16978,13591
724,1464,17094,13690
720,1473,16942,13554
722,1469,17005,13605
721,1457,16968,13601
722,1463,16987,13609
723,1446,17050,13660
720,1470,16957,13587
722,1470,17001,13583
728,1463,17144,13744
733,1476,17208,13765
738,1477,17356,13925
729,1480,17133,13718
724,1464,17051,13666
723,1465,17013,13594
722,1451,17019,13615
729,1457,17217,13793
731,1491,17134,13695
721,1466,16965,13603
722,1464,16996,13596
722,1467,17012,13611
724,1464,17080,13675
720,1463,16938,13565
722,1474,16998,13606
722,1463,17022,13637
721,1472,16966,13575
723,1464,17044,13671
724,1454,16997,13573
725,1462,17082,13682
721,1465,16983,13590
723,1471,17002,13613
723,1470,17009,13613
723,1478,17006,13622
729,1457,17189,13777
725,1446,17099,13700
730,1466,17139,13679
723,1466,17044,13629
730,1475,17116,13677
723,1460,17033,13648
723,1458,17022,13647
720,1463,16958,13558
723,1464,17046,13650
720,1447,16931,13556
723,1455,17039,13640
732,1444,17326,13923
721,1479,16963,13592
722,1463,16995,13621
718,1473,16884,13520
723,1454,17027,13654
723,1472,17036,13646
721,1462,16967,13571
723,1452,17038,13656
720,1463,16915,13542
724,1447,17069,13668
723,1467,17039,13650
724,1456,17046,13651
723,1465,17040,13628
720,1457,16953,13563
723,1453,17042,13660
720,1457,16962,13569
723,1472,17038,13646
723,1459,17041,13631
721,1455,16962,13557
726,1458,17138,13727
721,1460,16943,13560
722,1464,16971,13596
723,1471,17016,13636
721,1465,16975,13587
724,1454,17084,13683
722,1469,16978,13594
720,1459,16954,13567
725,1453,17069,13701
721,1466,16962,13576
724,1456,17064,13677
722,1474,17014,13629
723,1466,17021,13608
721,1463,16995,13600
724,1460,17055,13650
724,1459,17081,13719
720,1471,16940,13557
722,1464,16997,13597
722,1470,17026,13594
721,1475,16994,13603
723,1462,17058,13678
720,1461,16939,13551
723,1466,16988,13604
723,1453,17001,13596
722,1470,16968,13568
730,1467,17221,13788
727,1460,17082,13671
736,1478,17293,13847
735,1458,17310,13904
723,1473,17033,13602
722,1453,17014,13621
722,1478,16993,13596
724,1466,17059,13624
722,1432,17012,13588
723,1463,16992,13577
723,1458,17026,13654
721,1466,16952,13583
723,1456,17046,13648
722,1460,17005,13616
724,1454,17044,13657
723,1471,17022,13630
727,1471,17038,13620
722,1460,17019,13632
727,1457,17135,13735
733,1485,17212,13785
737,1454,17354,13912
719,1463,16937,13545
723,1467,17019,13639
722,1464,17018,13619
722,1467,16992,13619
723,1461,17011,13619
720,1464,16933,13538
724,1462,17063,13656
721,1458,17024,13616
722,1462,17008,13628
720,1468,16982,13611
729,1481,17159,13734
728,1458,17167,13762
721,1461,16981,13568
723,1487,17020,13659
724,1459,17062,13666
721,1462,16966,13582
723,1468,17042,13655
721,1476,16951,13559
722,1455,17003,13634
722,1463,17026,13632
722,1468,17001,13608
723,1464,17046,13643
721,1466,16966,13594
722,1456,16983,13610
725,1456,17105,13700
727,1482,17080,13627
725,1415,17125,13724
722,1473,17012,13609
722,1461,16984,13603
723,1467,17029,13651
721,1463,16973,13591
724,1468,17056,13665
722,1469,16994,13588
722,1469,16985,13579
726,1454,17086,13708
726,1470,17026,13608
724,1450,17069,13712
721,1456,16937,13551
724,1466,17031,13651
725,1461,17059,13621
720,1438,16987,13603
724,1469,17035,13631
719,1446,16925,13542
725,1456,17078,13708
722,1474,17008,13602
723,1462,17008,13623
723,1469,17050,13661
720,1464,16954,13557
723,1462,17046,13666
723,1455,17035,13643
721,1475,16971,13597
725,1456,17084,13698
721,1466,16966,13557
723,1457,17054,13667
726,1451,17103,13729
722,1455,16993,13577
724,1453,17045,13676
722,1472,16968,13555
720,1466,17018,13627
722,1455,17039,13636
722,1459,17003,13607
721,1450,16982,13586
724,1468,17037,13629
734,1477,17235,13815
740,1455,17427,14005
722,1460,16980,13593
725,1466,17087,13696
721,1462,16972,13539
725,1458,17110,13712
724,1461,17052,13686
723,1459,16983,13596
728,1455,17174,13743
730,1478,17151,13702
725,1463,17082,13691
720,1463,16960,13577
722,1468,17007,13631
727,1458,17113,13728
726,1475,17042,13618
723,1466,17056,13683
722,1470,17007,13602
722,1468,17016,13616
724,1448,17027,13658
722,1463,16985,13585
725,1453,17091,13724
721,1471,16970,13577
722,1466,17011,13611
723,1466,17033,13629
722,1463,17026,13605
726,1460,17134,13742
723,1463,16997,13621
720,1455,16941,13575
724,1462,17072,13677
722,1477,17010,13612
724,1448,17065,13687
720,1459,16949,13561
725,1467,17077,13670
728,1471,17101,13676
724,1466,16978,13600
723,1458,17044,13671
721,1466,16983,13573
722,1468,17003,13607
724,1461,17040,13647
721,1471,16975,13584
722,1458,17008,13630
723,1453,16998,13619
721,1464,17004,13606
721,1445,17012,13590
723,1468,17051,13633
721,1464,16981,13592
721,1464,16945,13584
724,1468,17066,13686
722,1467,17012,13597
723,1459,17036,13644
723,1466,17011,13628
720,1467,16955,13551
724,1471,17069,13677
723,1473,17010,13643
722,1480,16988,13611
720,1458,16966,13607
721,1451,16963,13560
725,1467,17103,13677
722,1466,17012,13623
721,1467,16989,13613
722,1464,16998,13631
720,1453,16945,13536
726,1471,17119,13711
731,1472,17171,13727
722,1456,17038,13621
723,1462,17047,13648
721,1474,16952,13564
723,1463,17056,13686
721,1458,16997,13604
722,1460,17001,13597
722,1462,17006,13632
722,1465,16995,13594
724,1463,17066,13689
720,1471,16938,13553
722,1463,16990,13629
721,1447,16985,13602
721,1464,16988,13586
724,1475,17085,13692
721,1467,16952,13558
723,1462,17028,13655
722,1462,16990,13602
721,1462,16982,13578
725,1456,17079,13700
721,1464,16977,13582
723,1450,17063,13657
722,1466,16994,13616
722,1465,16981,13628
731,1395,17283,13890
722,1456,17003,13604
723,1458,17049,13632
721,1462,16976,13595
722,1471,16993,13577
724,1459,17057,13662
721,1465,16944,13570
724,1464,17054,13673
729,1479,17126,13695
725,1473,17034,13627
724,1457,17072,13697
724,1463,17046,13645
725,1465,17042,13626
722,1456,16975,13599
721,1467,16994,13612
724,1460,17062,13678
720,1464,16968,13568
723,1458,17078,13660
726,1469,17085,13682
720,1464,16950,13564
723,1451,17051,13682
721,1461,16974,13571
724,1464,17094,13693
722,1461,16988,13606
735,1466,17304,13870
725,1464,17079,13698
719,1456,16921,13530
722,1467,17022,13647
723,1441,17044,13674
723,1468,16990,13577
723,1463,17055,13665
720,1465,16933,13543
723,1462,17040,13653
723,1475,17011,13650
722,1468,17002,13608
722,1461,17025,13633
720,1459,16947,13544
724,1469,17084,13667
723,1461,17016,13638
722,1464,16994,13627
724,1461,17055,13682
721,1477,16978,13571
724,1465,17082,13687
723,1468,17017,13635
726,1461,17097,13684
723,1463,17027,13638
720,1473,16941,13550
723,1452,17047,13675
720,1465,16939,13575
725,1454,17096,13696
721,1474,17010,13624
723,1468,17012,13619
730,1467,17156,13725
721,1461,16929,13548
721,1450,16984,13578
725,1461,17082,13681
721,1462,17006,13592
725,1454,17114,13709
721,1455,16961,13561
722,1462,17005,13618
722,1462,17023,13628
723,1455,17026,13635
724,1465,17088,13688
720,1461,16957,13558
723,1462,17027,13626
722,1471,17015,13638
721,1470,16948,13570
724,1468,17074,13686
721,1464,16961,13593
730,1464,17198,13751
726,1470,17110,13697
733,1483,17198,13750
730,1462,17143,13709
722,1460,16960,13562
722,1463,17028,13629
722,1454,16996,13604
722,1467,16999,13606
724,1453,17055,13649
720,1470,16941,13552
723,1464,17046,13673
718,1436,16928,13565
723,1467,17052,13642
722,1465,17026,13617
722,1463,16996,13593
723,1463,17063,13670
723,1468,17036,13657
720,1464,16958,13575
737,1470,17304,13873
733,1468,17228,13794
722,1460,17055,13681
722,1456,16995,13604
721,1458,16989,13593
725,1446,17090,13697
725,1470,17020,13581
724,1456,17072,13678
723,1462,17030,13613
724,1456,17059,13652
722,1461,17032,13624
722,1472,16956,13587
725,1455,17070,13700
721,1465,16985,13613
723,1457,17011,13605
729,1465,17196,13760
729,1474,17089,13642
722,1463,17045,13661
721,1461,16972,13610
723,1469,17009,13625
726,1464,17073,13639
721,1471,16951,13577
738,1453,17400,13946
721,1472,16992,13590
724,1463,17031,13618
722,1467,17005,13638
721,1474,16956,13583
726,1461,17129,13748
723,1466,17035,13631
732,1480,17200,13736
734,1473,17249,13792
726,1467,17044,13615
723,1451,17046,13677
722,1467,17004,13613
723,1462,17051,13649
721,1463,17009,13606
723,1483,17003,13610
728,1438,17156,13783
723,1471,17015,13628
722,1468,16983,13574
722,1467,17034,13649
723,1458,17033,13662
724,1455,17082,13694
721,1464,16961,13565
730,1470,17169,13753
728,1461,17140,13731
729,1466,17123,13726
737,1457,17392,13969
728,1472,17097,13643
723,1464,17039,13640
728,1463,17185,13770
734,1484,17217,13799
736,1452,17336,13927
720,1475,16927,13558
729,1460,17192,13781
728,1455,17181,13746
729,1447,17136,13722
731,1457,17229,13811
724,1458,17044,13646
737,1465,17335,13913
736,1460,17303,13891
731,1455,17243,13855
728,1471,17109,13664
720,1455,16952,13559
722,1460,17013,13630
723,1447,17002,13625
721,1471,16957,13593
727,1458,17130,13732
731,1482,17135,13669
722,1463,17032,13612
723,1452,17049,13648
722,1469,16991,13588
723,1457,17032,13659
721,1472,16977,13571
728,1448,17196,13824
722,1463,17038,13632
722,1460,17020,13641
724,1462,17042,13631
721,1467,16967,13571
724,1453,17052,13678
720,1459,16956,13564
722,1460,17004,13620
722,1460,17021,13635
727,1468,17122,13707
731,1458,17225,13814
734,1455,17270,13867
723,1461,17001,13630
722,1451,17018,13620
720,1472,16967,13571
726,1466,17128,13734
721,1461,16976,13557
724,1463,17062,13670
722,1459,16998,13625
721,1473,16972,13598
726,1461,17125,13735
720,1471,16979,13573
731,1478,17156,13714
721,1468,16987,13597
721,1468,16973,13594
724,1475,17061,13698
721,1461,16935,13548
725,1465,17081,13691
730,1485,17158,13703
723,1471,17026,13629
724,1465,17090,13695
735,1471,17270,13860
723,1465,16995,13586
718,1470,16951,13574
723,1469,17022,13630
724,1457,17077,13680
721,1457,16979,13575
723,1464,17039,13649
721,1456,16958,13595
721,1465,16950,13579
725,1471,17095,13690
721,1475,16971,13548
722,1462,17014,13629
723,1458,17041,13656
721,1458,16971,13561
725,1461,17094,13712
729,1476,17095,13664
727,1486,17146,13778
730,1477,17138,13690
723,1467,17007,13611
723,1467,17018,13625
725,1475,17045,13653
728,1471,17105,13694
722,1456,17017,13610
722,1455,16996,13596
726,1461,17125,13707
725,1469,17035,13582
724,1454,17060,13684
725,1464,17072,13690
721,1468,16943,13576
724,1467,17089,13676
720,1470,16952,13534
724,1468,17057,13674
722,1467,17015,13614
724,1470,17056,13662
723,1470,17021,13648
720,1464,16927,13533
724,1454,17064,13686
721,1455,16982,13598
724,1462,17074,13666
721,1471,16991,13621
723,1467,17016,13634
724,1450,17061,13697
720,1468,16956,13568
723,1459,17037,13633
724,1467,17057,13632
721,1464,17005,13602
725,1456,17092,13725
720,1461,16947,13564
724,1463,17057,13677
725,1471,17072,13637
722,1474,17019,13612
724,1465,17072,13672
719,1458,16942,13545
722,1465,17007,13620
722,1468,16986,13615
723,1464,16990,13604
724,1459,17070,13672
722,1464,16988,13578
721,1472,16990,13581
725,1455,17076,13705
720,1460,16956,13569
723,1451,17048,13690
721,1469,16969,13578
723,1465,17040,13636
724,1498,17073,13676
722,1461,17005,13593
724,1463,17058,13666
720,1478,16961,13576
725,1461,17094,13721
727,1469,17079,13635
722,1452,17006,13612
724,1469,17049,13676
722,1467,17011,13604
720,1453,17025,13628
723,1460,17015,13652
721,1474,16954,13574
722,1462,17015,13622
721,1478,16992,13583
722,1470,17019,13629
721,1456,16990,13596
722,1475,17001,13613
723,1448,17010,13632
719,1464,16920,13518
726,1462,17126,13751
731,1462,17170,13715
723,1460,17029,13598
724,1471,17079,13678
724,1473,17015,13551
724,1454,17069,13703
722,1462,17007,13600
724,1465,17057,13649
723,1460,17030,13658
722,1459,16989,13584
726,1459,17116,13726
722,1455,16996,13593
722,1469,16992,13612
723,1464,17028,13648
723,1467,17034,13615
723,1452,17058,13669
722,1465,17002,13625
721,1456,16971,13579
721,1461,17004,13636
721,1468,16978,13586
723,1455,17071,13685
721,1459,16980,13574
721,1470,17012,13612
723,1473,17016,13644
722,1462,16991,13610
723,1455,17019,13652
723,1463,17025,13621
723,1465,17038,13616
725,1471,17105,13723
729,1470,17108,13660
726,1456,17093,13688
721,1468,16973,13592
723,1467,17044,13661
730,1480,17127,13699
721,1460,16984,13573
726,1445,17125,13754
720,1470,16929,13542
723,1475,17039,13648
719,1467,16911,13586
721,1454,16988,13594
725,1443,17121,13726
721,1468,16977,13558
722,1468,17038,13616
721,1452,16998,13642
721,1469,16971,13597
725,1451,17113,13715
723,1468,17002,13567
729,1466,17122,13714
723,1455,17023,13650
720,1453,16960,13567
724,1453,17064,13682
720,1463,16941,13560
725,1460,17083,13712
722,1454,16982,13598
722,1455,17018,13614
723,1470,17067,13677
721,1477,16969,13581
723,1456,17035,13648
723,1452,17016,13658
727,1468,17111,13704
729,1489,17141,13689
720,1466,16960,13545
723,1460,17065,13643
722,1460,17029,13641
722,1456,17008,13629
725,1473,17077,13694
724,1468,16996,13568
724,1465,17076,13678
723,1466,17016,13631
723,1455,17051,13648
721,1468,16994,13608
721,1466,16946,13564
724,1457,17053,13667
721,1451,16973,13598
725,1460,17089,13689
731,1464,17154,13711
725,1476,17029,13603
723,1460,17042,13669
721,1468,16964,13583
730,1456,17210,13810
722,1475,17027,13619
721,1460,16961,13557
723,1471,17067,13659
720,1471,16947,13558
723,1469,17020,13650
721,1460,16976,13611
730,1461,17209,13791
724,1453,17083,13676
720,1465,16949,13544
722,1464,17004,13607
722,1476,16979,13613
721,1463,16956,13578
723,1466,17038,13646
721,1465,16971,13565
722,1457,17012,13612
726,1472,17097,13699
728,1474,17073,13637
724,1469,17077,13713
724,1481,17034,13632
733,1477,17245,13811
734,1471,17277,13845
724,1455,17043,13642
726,1458,17135,13717
721,1464,16952,13564
722,1471,16986,13607
722,1469,16997,13627
722,1460,16982,13599
724,1460,17095,13692
721,1469,16979,13596
722,1462,17024,13656
722,1444,17008,13616
722,1468,16982,13607
721,1465,16990,13609
726,1464,17058,13654
729,1467,17208,13788
735,1449,17321,13906
720,1465,16962,13569
722,1462,17000,13612
719,1468,16877,13504
723,1463,17028,13646
721,1461,16984,13581
723,1469,17031,13607
723,1464,17033,13623
719,1467,16926,13535
722,1455,17013,13657
722,1456,16993,13605
722,1455,17032,13634
724,1445,17074,13681
719,1467,16933,13536
723,1461,17053,13669
722,1465,17005,13628
721,1467,16962,13580
723,1451,17008,13679
724,1465,17009,13629
737,1458,17392,13956
723,1452,17044,13647
723,1467,16994,13584
723,1471,17019,13632
720,1473,16933,13549
725,1457,17089,13687
720,1454,16960,13574
723,1461,17048,13628
726,1468,17132,13727
732,1474,17183,13746
724,1461,17029,13631
720,1464,16944,13562
720,1467,16991,13585
723,1471,17029,13637
721,1470,16970,13589
725,1449,17095,13707
720,1466,16957,13543
724,1464,17040,13654
733,1477,17226,13804
730,1461,17151,13740
730,1460,17240,13807
724,1469,17035,13649
729,1483,17113,13676
726,1472,17106,13720
734,1465,17252,13841
724,1447,17077,13667
722,1468,16970,13566
721,1467,16990,13590
723,1462,17052,13644
721,1458,16983,13598
723,1454,17050,13677
720,1457,16915,13541
721,1468,16977,13569
730,1473,17201,13762
728,1466,17122,13719
736,1454,17362,13934
733,1466,17239,13840
730,1425,17147,13712
723,1462,17008,13600
721,1452,16977,13601
723,1461,17055,13633
720,1468,16941,13556
723,1450,17023,13652
722,1470,17007,13621
721,1474,16948,13566
722,1466,17023,13631
720,1471,16925,13523
725,1464,17091,13676
723,1471,17043,13628
722,1467,17002,13615
720,1467,16980,13609
719,1469,16894,13516
723,1466,17023,13638
724,1460,17053,13635
721,1473,16973,13593
725,1472,17073,13676
728,1474,17059,13623
723,1462,17027,13638
721,1463,16977,13604
722,1472,16999,13618
722,1468,17009,13590
720,1455,16948,13566
722,1454,17013,13638
723,1461,17039,13651
720,1458,16956,13575
722,1461,16996,13601
721,1464,16950,13565
724,1464,17082,13685
723,1467,17049,13631
723,1462,17029,13638
720,1469,16971,13618
721,1456,16947,13581
725,1471,17094,13670
721,1463,16979,13580
721,1474,16978,13601
722,1468,17029,13633
721,1475,16959,13573
724,1457,17043,13656
720,1467,16952,13552
721,1459,16958,13575
722,1457,17004,13625
720,1465,16936,13566
732,1464,17248,13832
732,1473,17229,13832
720,1461,16939,13578
722,1476,16987,13598
721,1463,16981,13576
726,1455,17135,13729
720,1469,16972,13568
721,1463,16975,13598
721,1468,16973,13594
723,1468,17007,13615
724,1456,17090,13701
723,1476,17026,13609
723,1468,17026,13643
721,1460,16983,13604
722,1471,16994,13606
723,1447,17051,13666
720,1456,16937,13554
723,1464,17020,13647
725,1459,17072,13657
722,1462,16984,13579
722,1459,16997,13617
720,1457,16939,13547
723,1467,17029,13670
724,1455,17049,13649
721,1466,16975,13566
724,1455,17078,13685
720,1474,16944,13547
723,1450,17051,13662
722,1454,16986,13617
723,1465,17018,13631
724,1455,17061,13677
720,1463,16950,13541
728,1458,17154,13761
736,1466,17306,13883
723,1456,17047,13659
724,1464,17026,13614
721,1458,16959,13563
724,1461,17062,13683
723,1465,17050,13643
735,1460,17321,13920
725,1459,17087,13700
721,1464,16953,13538
724,1456,17068,13705
721,1462,16978,13579
724,1465,17051,13655
727,1447,17150,13751
731,1479,17191,13720
726,1466,17075,13657
720,1471,16933,13555
723,1465,17037,13654
722,1470,17010,13621
723,1455,17044,13641
726,1459,17118,13709
722,1478,16987,13583
721,1466,16979,13596
722,1461,17019,13642
723,1459,17017,13638
725,1457,17109,13727
721,1460,16990,13581
723,1471,17017,13634
722,1457,16989,13614
721,1467,16990,13611
723,1455,17039,13649
722,1462,17001,13612
728,1474,17091,13653
719,1454,17029,13614
722,1464,17012,13593
725,1461,17081,13707
721,1460,16954,13552
727,1460,17097,13648
722,1467,17017,13621
722,1474,17032,13612
727,1452,17139,13763
731,1490,17171,13717
723,1463,16983,13577
722,1463,17010,13612
722,1470,16999,13598
722,1469,17000,13620
720,1458,16951,13545
723,1451,17027,13653
722,1474,17002,13579
734,1465,17316,13905
726,1462,17092,13703
728,1477,17122,13672
727,1460,17145,13747
728,1484,17123,13678
722,1471,17020,13609
723,1465,17040,13639
720,1470,16938,13545
723,1461,17041,13662
722,1459,17039,13637
722,1465,17024,13616
720,1455,16964,13567
720,1456,16951,13552
723,1463,17038,13664
724,1458,17040,13663
722,1464,16981,13606
724,1492,17038,13674
721,1466,16981,13565
722,1463,17026,13641
721,1463,16984,13611
722,1455,17028,13629
726,1458,17099,13724
731,1481,17144,13687
723,1459,17037,13642
722,1472,17042,13643
722,1462,17002,13609
725,1461,17075,13681
721,1459,16951,13551
726,1463,17097,13725
721,1470,16984,13589
723,1466,17068,13672
722,1463,16995,13608
722,1469,16981,13583
723,1465,17027,13654
721,1471,16966,13585
724,1457,17053,13676
730,1477,17151,13708
722,1477,17004,13579
725,1462,17101,13712
721,1458,16945,13582
722,1460,16983,13605
722,1464,17024,13631
722,1475,17013,13616
726,1464,17115,13718
723,1473,17021,13611
721,1454,17005,13599
722,1449,17015,13624
722,1471,16991,13597
724,1458,17081,13703
722,1467,16991,13605
725,1446,17109,13714
729,1477,17096,13670
722,1475,17006,13608
723,1455,17017,13646
723,1465,17004,13621
722,1463,17004,13604
722,1474,17003,13623
723,1457,17008,13600
723,1456,17035,13671
720,1472,16950,13567
724,1465,17056,13658
721,1465,16944,13578
723,1472,17009,13630
724,1458,17067,13678
719,1452,16973,13563
724,1459,17088,13677
723,1462,17038,13650
722,1476,17005,13626
726,1464,17020,13645
722,1474,16985,13584
725,1452,17113,13718
724,1468,17052,13673
724,1461,17038,13613
723,1463,17036,13635
721,1466,16948,13580
722,1468,17028,13645
724,1454,17052,13672
724,1463,17039,13601
723,1461,17046,13654
720,1454,16932,13548
724,1453,17069,13687
723,1465,17019,13659
723,1469,16985,13595
722,1453,17012,13615
725,1466,17086,13653
739,1466,17413,13948
724,1462,17055,13675
727,1471,17078,13659
723,1453,17034,13659
727,1463,17128,13711
733,1469,17291,13853
721,1466,16958,13582
723,1461,17027,13631
722,1465,17009,13625
723,1468,17004,13621
721,1470,17003,13624
721,1471,16981,13600
723,1463,17025,13602
722,1466,17031,13643
719,1462,16941,13554
724,1471,17069,13706
720,1472,16945,13565
723,1457,17033,13643
722,1457,17013,13621
721,1463,16990,13603
725,1460,17104,13701
720,1471,16936,13542
723,1439,17031,13654
724,1461,17025,13613
721,1461,16994,13592
728,1463,17195,13787
723,1460,16993,13565
722,1465,16991,13599
722,1461,17006,13619
721,1470,16978,13611
723,1466,17037,13677
725,1461,16965,13594
724,1461,17069,13657
723,1467,17035,13662
721,1458,16958,13567
724,1466,17065,13680
720,1468,16918,13543
724,1459,17085,13679
722,1473,16994,13615
722,1476,17000,13612
723,1459,17052,13646
720,1460,16946,13555
724,1457,17071,13695
722,1467,16970,13592
724,1470,17058,13659
724,1461,17083,13681
722,1459,16969,13545
723,1461,17042,13638
721,1468,16994,13615
723,1462,17023,13645
721,1455,16960,13585
721,1471,16968,13584
724,1463,17071,13664
724,1453,17054,13672
722,1463,16960,13596
723,1455,17026,13654
719,1468,16906,13534
723,1471,17049,13654
722,1464,17017,13635
727,1450,17147,13754
735,1470,17321,13855
734,1479,17242,13824
724,1460,17065,13679
720,1468,16940,13571
722,1467,17000,13614
724,1464,17067,13654
721,1474,16961,13563
726,1463,17134,13740
725,1472,17001,13587
721,1462,16979,13597
721,1469,16981,13609
735,1479,17256,13837
731,1470,17244,13823
733,1469,17221,13791
727,1464,17109,13694
737,1453,17371,13960
725,1469,17064,13677
731,1475,17182,13756
722,1468,16972,13563
722,1466,17019,13617
723,1462,17074,13663
722,1464,16998,13603
725,1458,17097,13719
720,1449,16942,13559
726,1461,17126,13732
736,1471,17302,13859
726,1460,17103,13713
732,1459,17212,13767
719,1456,16943,13543
726,1473,17068,13673
730,1472,17117,13694
723,1465,17012,13647
725,1471,17069,13655
734,1469,17245,13813
723,1455,17069,13676
721,1464,16982,13615
723,1461,17002,13633
724,1459,17078,13683
720,1472,16942,13551
726,1465,17105,13699
722,1457,17005,13608
721,1470,16978,13602
721,1451,16984,13604
720,1474,16939,13560
725,1451,17097,13704
722,1479,17016,13614
725,1469,17084,13679
733,1442,17309,13922
724,1464,17012,13607
732,1471,17197,13778
721,1459,16970,13588
723,1480,17004,13639
722,1463,17019,13619
720,1461,16956,13560
722,1468,17011,13633
722,1464,16979,13590
722,1466,17001,13621
723,1456,17046,13639
720,1461,16961,13540
723,1460,17055,13650
723,1466,17045,13651
722,1462,16988,13625
723,1471,17046,13659
720,1474,16939,13567
725,1453,17098,13704
722,1458,17015,13628
721,1471,16973,13590
723,1460,17045,13652
721,1462,16967,13596
722,1461,17012,13643
721,1457,16939,13585
722,1469,17011,13625
725,1460,17098,13708
722,1465,16970,13556
724,1459,17083,13681
721,1462,16954,13547
722,1459,16983,13598
721,1477,17001,13618
721,1467,16977,13582
724,1451,17087,13686
722,1459,16991,13566
721,1471,16985,13602
720,1458,16976,13594
721,1467,16965,13611
724,1461,17081,13703
721,1464,16974,13555
724,1466,17054,13663
724,1465,17032,13603
723,1462,16994,13618
724,1455,17055,13704
721,1462,16959,13567
723,1468,17034,13644
723,1460,17040,13650
721,1465,16982,13588
728,1460,17164,13767
734,1469,17270,13849
728,1467,17136,13738
727,1467,17121,13707
729,1471,17127,13678
722,1458,17031,13635
722,1459,17007,13587
722,1469,17001,13614
722,1462,16998,13619
721,1473,16976,13608
724,1457,17052,13654
721,1462,16993,13587
722,1459,17019,13642
723,1468,17018,13624
723,1468,17008,13628
723,1459,17007,13621
732,1477,17214,13796
728,1456,17166,13781
731,1461,17221,13788
728,1456,17153,13743
731,1480,17193,13774
723,1466,16974,13595
725,1466,17050,13645
723,1461,17026,13638
736,1455,17366,13935
723,1469,17050,13631
722,1465,16989,13549
724,1466,17050,13670
726,1465,17084,13701
724,1449,17037,13645
721,1464,16983,13600
724,1479,17043,13635
723,1460,17047,13666
723,1456,17034,13635
728,1473,17081,13663
723,1465,17024,13632
721,1470,16954,13583
723,1462,17022,13644
721,1452,16968,13555
721,1471,16991,13598
723,1447,17040,13647
721,1471,16953,13554
723,1460,17034,13649
721,1462,16965,13563
722,1466,17008,13604
725,1471,17093,13691
722,1467,16999,13594
726,1456,17099,13713
721,1463,16937,13552
723,1471,17020,13627
721,1467,17011,13606
721,1451,17019,13623
724,1464,17085,13700
720,1469,16982,13597
723,1468,17027,13631
721,1469,16993,13613
720,1458,16957,13585
723,1454,17062,13684
721,1469,16982,13565
722,1464,17014,13623
722,1457,17008,13632
723,1471,17007,13630
723,1459,17019,13659
721,1466,16962,13547
723,1470,17034,13654
722,1466,17016,13596
722,1458,17030,13628
721,1444,17011,13643
720,1472,16957,13573
724,1460,17089,13714
723,1462,17026,13627
722,1459,17009,13613
722,1461,17008,13604
721,1478,16990,13595
723,1462,17036,13640
724,1463,17036,13650
724,1469,17006,13613
723,1463,17029,13640
720,1468,16971,13565
724,1462,17085,13693
722,1464,16993,13608
725,1477,17048,13657
721,1458,16991,13626
720,1472,16949,13555
725,1461,17083,13688
722,1457,17018,13627
725,1460,17091,13681
721,1468,16964,13583
720,1476,16921,13537
723,1459,17044,13690
725,1463,17070,13670
725,1454,17108,13696
722,1472,17024,13622
722,1463,16994,13602
724,1463,17070,13696
719,1459,16935,13560
722,1462,17001,13615
721,1462,17004,13628
721,1463,16986,13589
724,1461,17061,13677
721,1454,16961,13574
723,1467,17021,13629
722,1467,16985,13603
722,1473,16995,13616
723,1459,17042,13640
723,1471,17020,13617
722,1469,17037,13629
722,1463,17017,13625
721,1467,16954,13583
724,1450,17062,13681
722,1463,16998,13594
722,1472,17019,13621
725,1453,17068,13682
722,1462,17013,13598
725,1450,17090,13705
726,1462,17048,13634
721,1473,16974,13592
724,1456,17043,13671
728,1472,17092,13643
724,1456,17078,13695
720,1474,16972,13577
721,1466,16988,13590
722,1465,16988,13616
722,1470,17007,13610
726,1453,17117,13737
724,1474,17072,13649
737,1474,17384,13931
721,1459,16985,13599
720,1466,16936,13570
725,1460,17090,13716
721,1467,16971,13580
726,1458,17110,13723
721,1474,16983,13595
722,1460,17030,13636
722,1459,17012,13634
722,1477,16984,13596
723,1470,17017,13635
723,1459,17021,13618
722,1470,17025,13607
728,1465,17120,13654
720,1455,16930,13555
723,1464,17042,13661
722,1451,16999,13638
723,1456,17039,13632
722,1463,17030,13638
719,1470,16934,13517
726,1457,17145,13731
722,1457,17015,13659
722,1462,16996,13602
721,1461,17011,13626
724,1470,17029,13623
732,1467,17208,13763
722,1462,17003,13617
724,1463,17056,13668
721,1475,16993,13612
721,1460,16967,13594
723,1452,17036,13663
721,1463,16967,13587
723,1469,17026,13608
722,1467,17029,13643
721,1477,16970,13592
724,1459,17064,13684
722,1461,16970,13595
723,1466,17029,13603
730,1462,17210,13804
730,1470,17170,13748
738,1439,17437,13992
722,1456,16994,13599
722,1473,16986,13609
724,1464,17043,13668
722,1474,16996,13580
725,1453,17107,13707
720,1474,16957,13567
722,1467,17002,13618
723,1446,17038,13646
722,1467,16973,13610
724,1465,17067,13696
722,1454,16977,13587
724,1465,17024,13596
722,1466,17001,13617
731,1464,17184,13778
732,1458,17262,13843
734,1467,17277,13859
724,1465,17061,13667
721,1471,16982,13587
722,1453,17032,13627
723,1459,17082,13678
721,1471,16965,13587
722,1468,17004,13623
724,1462,17037,13669
722,1454,17005,13584
723,1458,17066,13665
723,1469,17016,13621
731,1467,17179,13727
723,1467,17025,13649
724,1465,17020,13597
724,1451,17063,13667
720,1460,16930,13557
724,1461,17072,13681
724,1467,17052,13655
721,1462,16977,13571
723,1469,17050,13675
719,1469,16909,13540
734,1453,17330,13939
727,1465,17054,13626
722,1453,17029,13626
723,1468,17044,13632
721,1463,16960,13580
723,1463,17027,13643
723,1442,17093,13712
722,1459,17020,13622
722,1457,17024,13618
726,1471,17071,13657
729,1455,17201,13796
732,1465,17236,13822
722,1463,16995,13627
724,1462,17029,13626
721,1465,16932,13563
725,1460,17113,13708
722,1455,16993,13585
722,1467,17034,13645
723,1458,17006,13630
722,1470,16977,13612
724,1451,17086,13701
721,1463,16979,13585
727,1458,17161,13738
735,1471,17286,13836
730,1467,17123,13678
725,1456,17097,13722
719,1457,16943,13563
723,1471,17050,13654
723,1471,17070,13674
723,1460,17012,13613
725,1451,17089,13694
722,1468,16987,13598
720,1458,16945,13577
724,1461,17047,13669
720,1464,16971,13568
727,1449,17164,13766
720,1463,16967,13564
723,1469,17012,13628
721,1464,16978,13609
722,1464,16991,13617
723,1448,17114,13746
721,1464,16955,13544
724,1461,17059,13656
724,1463,17042,13614
722,1467,17009,13611
719,1442,17044,13677
720,1464,16930,13539
724,1464,17080,13682
725,1465,17072,13687
723,1469,16959,13585
729,1461,17177,13762
730,1485,17111,13670
722,1459,17014,13634
736,1458,17319,13898
721,1468,16977,13602
724,1469,17084,13682
720,1470,16949,13544
723,1461,17033,13646
726,1463,17107,13712
728,1469,17088,13641
722,1440,17037,13649
721,1458,16944,13524
725,1460,17091,13702
722,1464,17026,13603
726,1467,17078,13676
730,1483,17135,13714
720,1467,16909,13529
725,1463,17105,13705
722,1472,17031,13611
723,1466,17031,13648
723,1464,17033,13649
720,1464,16923,13541
726,1458,17097,13714
721,1463,16978,13592
722,1465,17001,13633
723,1463,17042,13621
723,1461,16994,13620
730,1457,17213,13798
725,1465,17078,13677
733,1484,17219,13777
731,1446,17262,13857
722,1474,16982,13588
725,1447,17089,13686
721,1472,16990,13573
722,1467,16985,13598
723,1471,17045,13673
723,1472,17016,13635
726,1452,17124,13743
721,1466,16982,13552
722,1459,17005,13625
722,1459,17028,13637
720,1469,16960,13564
726,1467,17122,13736
721,1467,16952,13577
722,1466,16997,13627
722,1475,17002,13615
721,1461,16978,13586
723,1470,17045,13641
721,1464,16990,13591
720,1464,16947,13592
723,1470,17031,13643
720,1458,16943,13561
725,1454,17172,13785
721,1462,16977,13576
724,1462,17031,13640
720,1460,16960,13573
722,1465,17004,13632
724,1470,17080,13676
721,1467,16982,13586
723,1462,17021,13652
726,1457,17096,13697
726,1473,17037,13620
722,1458,17024,13655
719,1466,16919,13541
724,1458,17060,13669
723,1455,17042,13629
722,1469,17002,13580
723,1458,17042,13667
722,1468,16949,13548
725,1462,17083,13713
722,1452,17035,13642
722,1464,17011,13606
727,1458,17161,13743
724,1452,16996,13550
723,1456,17041,13657
722,1463,17008,13643
726,1456,17107,13723
731,1465,17229,13782
727,1472,17104,13663
731,1465,17171,13802
728,1468,17107,13666
722,1470,17002,13638
721,1463,16974,13611
720,1467,16928,13554
723,1461,17031,13656
723,1465,17047,13629
721,1473,17012,13614
722,1460,17003,13595
721,1459,16962,13584
723,1457,17015,13644
722,1470,16983,13562
722,1463,17021,13620
724,1460,17064,13683
722,1466,17015,13598
723,1466,17043,13654
720,1459,16929,13537
722,1461,17004,13632
722,1465,17022,13630
724,1464,17045,13647
722,1449,17028,13635
721,1459,16970,13570
723,1465,17034,13663
721,1454,16977,13614
723,1459,17010,13635
722,1466,17017,13624
721,1478,16981,13580
728,1463,17164,13753
734,1450,17312,13917
719,1466,16949,13574
724,1465,17033,13655
723,1465,17044,13651
720,1461,16988,13592
723,1474,17016,13612
723,1469,17056,13640
724,1473,17101,13723
720,1471,16938,13550
722,1468,16977,13603
723,1455,17054,13643
722,1460,16991,13598
725,1455,17087,13705
719,1468,16936,13555
727,1455,17111,13726
727,1459,17058,13638
721,1472,16962,13561
723,1481,17012,13642
721,1473,17008,13586
722,1457,17021,13639
721,1467,16972,13588
721,1476,16980,13588
723,1463,17033,13666
723,1471,17012,13612
727,1467,17092,13659
726,1476,17049,13664
722,1461,17000,13588
723,1464,17036,13658
719,1468,16918,13541
725,1451,17088,13703
724,1479,17040,13626
723,1478,17038,13638
722,1475,16997,13625
721,1463,16965,13571
722,1450,17012,13619
721,1465,16987,13602
723,1465,17038,13642
722,1469,17007,13623
721,1460,16962,13550
723,1462,17051,13679
724,1465,17056,13660
724,1467,17021,13608
730,1447,17176,13795
728,1471,17099,13669
732,1444,17281,13879
722,1473,17022,13617
722,1464,17000,13589
723,1455,17018,13637
721,1462,16963,13588
724,1461,17078,13681
721,1464,16988,13596
722,1468,17011,13616
722,1465,17004,13628
722,1471,17006,13603
724,1469,17084,13700
720,1483,16960,13579
722,1468,16997,13622
722,1457,16980,13618
722,1460,16999,13589
724,1458,17082,13698
721,1478,16950,13555
721,1469,16976,13584
722,1462,16999,13634
724,1476,17027,13637
725,1466,17081,13677
722,1471,17001,13583
720,1458,16973,13569
721,1463,16982,13586
735,1469,17293,13874
725,1442,17111,13760
720,1460,16953,13549
725,1461,17086,13675
728,1458,17096,13670
726,1475,17063,13624
725,1466,17080,13692
720,1473,16949,13543
722,1470,16989,13617
722,1459,16992,13601
723,1468,17036,13608
723,1468,17030,13648
724,1458,17022,13634
728,1462,17115,13681
723,1440,17042,13681
722,1471,16994,13602
723,1474,17045,13649
719,1468,16941,13560
725,1455,17106,13684
722,1466,17007,13617
721,1471,16958,13593
723,1459,17010,13622
720,1455,16937,13529
722,1456,17024,13634
723,1471,17039,13647
722,1498,17015,13621
722,1473,16981,13623
721,1459,16966,13592
722,1457,17023,13646
730,1479,17187,13777
725,1464,17108,13684
721,1464,16997,13602
721,1463,16971,13563
723,1459,17046,13659
722,1470,16999,13622
722,1466,16990,13592
721,1464,17001,13620
723,1468,17023,13611
727,1462,17156,13730
724,1471,17018,13606
721,1470,16973,13610
723,1461,17016,13653
721,1466,16990,13583
723,1459,17053,13653
720,1470,16961,13582
721,1469,16965,13589
722,1453,17016,13648
720,1469,16963,13585
725,1472,17086,13708
720,1457,16919,13540
722,1461,17018,13624
724,1461,17054,13670
720,1467,16959,13568
723,1467,17058,13675
720,1460,16933,13562
722,1467,17004,13609
723,1461,17043,13642
721,1474,16991,13591
724,1469,17071,13665
720,1463,16929,13555
722,1462,17000,13608
722,1455,17008,13638
722,1471,17017,13616
724,1462,17097,13727
733,1474,17205,13773
727,1468,17103,13681
734,1476,17260,13813
720,1471,16963,13574
725,1468,17084,13707
723,1468,16976,13566
725,1457,17097,13692
724,1465,17003,13579
721,1478,16980,13592
721,1465,16989,13612
721,1462,16955,13574
725,1462,17097,13692
727,1469,17104,13659
721,1468,16994,13598
724,1463,17080,13686
720,1464,16943,13546
722,1455,17013,13635
722,1475,17000,13620
723,1471,17040,13629
723,1460,17043,13638
720,1459,16932,13567
724,1459,17089,13699
722,1465,16994,13595
721,1463,16977,13589
721,1458,16956,13584
721,1470,16945,13548
723,1456,17058,13642
722,1458,17010,13615
729,1453,17187,13798
722,1460,17001,13632
722,1465,16948,13562
723,1462,17045,13652
722,1471,17021,13635
724,1455,17050,13672
723,1466,17047,13619
721,1457,16980,13599
725,1460,17091,13717
723,1473,17034,13652
727,1472,17076,13640
723,1465,17055,13652
721,1473,16954,13565
725,1463,17098,13726
720,1460,16937,13554
721,1465,16974,13596
721,1462,16975,13601
722,1472,17010,13631
729,1468,17150,13700
721,1475,16967,13560
722,1470,16979,13602
722,1461,17015,13637
721,1466,16969,13592
723,1460,17057,13669
735,1461,17265,13845
722,1466,17005,13596
724,1459,17087,13682
720,1473,16939,13543
726,1458,17134,13760
719,1452,16915,13536
722,1463,17019,13621
723,1452,17068,13651
722,1458,17023,13656
723,1451,17061,13692
721,1452,16960,13567
721,1477,16961,13592
724,1464,17072,13686
720,1468,16943,13557
726,1456,17110,13700
723,1470,16981,13564
724,1461,17022,13627
720,1449,16955,13563
721,1459,16977,13598
723,1471,17024,13640
723,1457,16999,13606
727,1459,17162,13747
731,1475,17176,13712
720,1478,16943,13568
722,1450,17022,13645
720,1462,16933,13545
726,1448,17152,13762
722,1453,17007,13609
725,1468,17054,13654
728,1473,17097,13668
721,1465,16978,13587
724,1463,17076,13697
727,1471,17078,13657
722,1453,17010,13630
726,1467,17081,13629
718,1464,16929,13551
726,1468,17084,13655
725,1456,17086,13692
734,1470,17230,13789
723,1457,17024,13624
721,1462,16983,13581
726,1461,17129,13719
724,1463,17081,13677
723,1458,16996,13617
722,1461,17004,13619
723,1458,17003,13622
724,1463,17086,13681
721,1457,16993,13598
721,1471,16957,13574
725,1459,17102,13696
721,1468,16961,13558
722,1465,17020,13661
721,1463,16956,13578
722,1465,16981,13576
723,1459,17021,13630
721,1471,16989,13585
722,1453,17022,13653
720,1466,16943,13562
721,1468,16958,13580
721,1464,16995,13611
720,1451,16984,13583
724,1454,17083,13681
721,1465,16978,13573
720,1464,16966,13579
722,1466,17005,13611
721,1468,16976,13591
725,1465,17099,13705
721,1463,16978,13571
721,1463,16981,13609
723,1460,17054,13653
719,1476,16940,13562
724,1459,17037,13678
720,1462,16954,13565
721,1467,16978,13599
723,1502,17034,13638
735,1464,17322,13892
727,1461,17082,13656
724,1470,17037,13631
728,1474,17089,13659
722,1461,17006,13589
721,1468,16983,13577
723,1464,17062,13682
721,1474,16993,13577
727,1452,17161,13779
725,1462,17039,13615
722,1459,16986,13603
724,1457,17072,13677
722,1471,17008,13600
725,1466,17083,13704
723,1467,17008,13584
721,1471,16973,13608
723,1456,17016,13637
720,1473,16921,13513
725,1468,17090,13701
733,1481,17231,13775
721,1455,16970,13587
722,1465,16997,13617
719,1437,16903,13509
723,1465,17017,13615
722,1460,17031,13637
723,1463,17034,13629
722,1464,17026,13623
722,1463,16996,13586
722,1471,17012,13611
727,1452,17129,13753
729,1466,17120,13695
722,1460,17013,13614
721,1478,16989,13563
724,1464,17055,13684
723,1461,17037,13645
723,1459,17017,13642
723,1459,17016,13615
721,1475,16966,13581
722,1462,17020,13653
720,1455,16957,13542
722,1463,16997,13618
721,1448,16973,13580
721,1469,16986,13597
725,1449,17098,13724
728,1468,17091,13643
723,1460,16989,13583
724,1462,17058,13652
723,1460,17033,13628
726,1447,17120,13733
722,1461,16973,13589
721,1458,16985,13611
723,1469,17053,13644
722,1465,17023,13618
724,1460,17061,13706
721,1463,16969,13585
723,1467,17032,13639
719,1465,16956,13569
731,1486,17161,13728
734,1483,17253,13829
723,1461,17006,13570
722,1472,17020,13633
734,1465,17296,13887
724,1470,17032,13645
730,1467,17147,13719
721,1447,16984,13580
729,1467,17138,13710
721,1458,16994,13583
723,1471,17051,13640
722,1461,17001,13635
719,1460,16918,13533
723,1474,17019,13632
721,1470,16985,13602
724,1460,17062,13646
722,1447,17011,13620
719,1464,16905,13496
730,1458,17205,13794
735,1464,17290,13893
722,1464,16968,13609
724,1451,17062,13687
720,1461,16951,13540
723,1456,17050,13673
724,1468,17026,13644
722,1466,16993,13606
723,1466,17047,13662
721,1467,16960,13549
725,1467,17090,13709
724,1463,17084,13687
721,1455,17000,13598
724,1454,17052,13662
729,1485,17097,13658
723,1461,17041,13670
724,1463,17066,13675
723,1459,17045,13628
723,1461,17022,13613
721,1477,16990,13571
724,1464,17071,13690
722,1463,17007,13620
722,1457,16995,13612
723,1468,17021,13617
734,1476,17223,13769
724,1461,17074,13680
720,1457,16950,13546
721,1462,16979,13592
722,1475,17001,13606
720,1465,16971,13584
724,1474,17060,13667
720,1465,16963,13554
723,1459,17042,13630
722,1474,17011,13628
723,1470,17020,13632
724,1454,17084,13708
724,1458,17058,13649
734,1466,17255,13807
735,1485,17270,13840
721,1465,16969,13570
724,1457,17062,13689
720,1470,16954,13566
722,1466,16989,13600
723,1460,16984,13629
723,1466,17046,13631
724,1458,17065,13669
722,1461,16981,13594
724,1460,17060,13656
722,1468,16986,13612
722,1470,16999,13586
728,1466,17116,13693
721,1470,16986,13571
725,1464,17089,13688
722,1460,16994,13613
721,1472,16970,13592
736,1465,17342,13930
721,1459,16961,13552
724,1464,17070,13670
722,1468,17006,13628
723,1465,17028,13624
726,1462,17108,13723
721,1443,16964,13557
722,1465,17000,13621
722,1466,16998,13619
723,1462,17021,13620
723,1449,17021,13636
731,1469,17202,13779
722,1461,17017,13632
722,1473,16992,13618
722,1459,17003,13621
726,1455,17030,13635
723,1476,17024,13601
725,1464,17081,13649
730,1456,17199,13798
722,1466,16997,13629
724,1459,17058,13659
725,1480,17014,13564
725,1459,17113,13718
723,1465,17030,13647
721,1464,17007,13614
724,1469,17057,13662
721,1476,16964,13568
724,1458,17074,13695
720,1465,16943,13557
723,1460,17039,13633
724,1471,17074,13684
722,1467,17003,13616
724,1461,17053,13671
721,1454,16972,13586
722,1468,17003,13590
725,1456,17103,13687
729,1485,17137,13694
724,1464,17067,13655
722,1452,16974,13600
721,1465,16967,13575
736,1467,17340,13936
726,1455,17108,13697
736,1464,17321,13868
733,1465,17276,13864
725,1463,17071,13662
721,1468,16979,13610
721,1476,16948,13599
723,1461,17030,13655
722,1463,16975,13587
722,1463,17018,13616
722,1464,17022,13639
722,1464,16994,13607
722,1457,17050,13674
720,1456,16952,13575
724,1454,17062,13664
722,1457,16987,13595
723,1469,17010,13609
724,1464,17097,13690
720,1464,16943,13553
723,1458,17019,13637
721,1471,16984,13602
721,1473,16983,13578
726,1454,17135,13722
721,1455,16962,13579
723,1470,17047,13657
721,1466,16985,13600
722,1456,16999,13627
723,1459,17045,13666
719,1461,16923,13528
724,1460,17083,13673
722,1476,17017,13616
721,1449,16960,13570
723,1472,17030,13643
720,1461,16932,13552
723,1472,17040,13644
725,1463,17068,13683
724,1460,17030,13600
721,1449,17012,13613
720,1466,16942,13551
722,1465,17028,13661
726,1467,17105,13722
734,1478,17241,13798
733,1475,17243,13778
725,1475,17006,13576
724,1450,17062,13679
725,1452,17084,13695
722,1465,16995,13601
722,1475,17023,13639
722,1474,16979,13602
724,1459,17067,13666
722,1468,16994,13606
723,1461,17036,13640
722,1465,17008,13627
719,1473,16913,13549
725,1455,17093,13699
721,1461,16984,13575
724,1467,17087,13677
733,1477,17211,13761
720,1462,16942,13547
725,1466,17101,13717
722,1464,16977,13586
724,1458,17076,13672
722,1467,17026,13624
724,1472,17042,13659
731,1463,17186,13741
724,1467,17053,13662
726,1475,17053,13617
720,1452,17021,13639
722,1455,16991,13613
737,1437,17409,13985
721,1467,16973,13593
727,1469,17092,13661
722,1456,16981,13611
722,1460,16985,13619
724,1452,17083,13697
721,1456,16992,13577
725,1472,17072,13667
734,1480,17276,13830
735,1466,17237,13796
731,1459,17250,13835
720,1470,16948,13582
723,1473,17036,13627
722,1458,17020,13624
727,1463,17122,13714
726,1464,17130,13726
730,1471,17135,13682
722,1459,17009,13629
722,1470,17001,13630
730,1464,17167,13767
737,1442,17424,13976
723,1471,16997,13570
723,1472,17038,13658
721,1460,16996,13617
723,1469,17037,13645
729,1479,17133,13687
720,1461,16948,13537
723,1460,17050,13663
722,1441,17029,13618
722,1465,17000,13583
725,1468,17079,13687
722,1469,16951,13529
724,1460,17075,13681
724,1462,17054,13644
722,1459,16989,13604
722,1457,17015,13622
720,1466,16946,13558
725,1465,17063,13687
722,1458,17018,13649
722,1464,16997,13618
722,1464,17019,13619
722,1464,16985,13595
723,1453,17020,13631
721,1464,16981,13606
722,1463,17011,13642
725,1459,17078,13673
722,1471,16989,13595
725,1461,17102,13702
721,1461,16989,13591
721,1464,17004,13609
725,1450,17074,13695
721,1472,16960,13573
723,1447,17052,13651
722,1464,17006,13602
721,1462,17002,13614
722,1464,17016,13618
721,1453,16979,13598
724,1451,17071,13685
721,1458,16966,13586
721,1467,16978,13598
725,1459,17106,13688
723,1455,16979,13592
725,1449,17097,13700
719,1469,16940,13549
727,1468,17082,13675
722,1460,17016,13621
722,1457,16999,13616
725,1453,17106,13709
722,1460,17014,13594
721,1461,16974,13577
728,1453,17128,13725
729,1463,17135,13744
728,1457,17184,13762
730,1474,17125,13685
721,1467,16974,13593
723,1456,17028,13631
724,1466,17055,13661
725,1459,17048,13642
720,1475,16942,13562
721,1459,16983,13605
722,1471,17013,13618
721,1468,16959,13564
725,1467,17066,13675
731,1471,17128,13685
724,1454,17009,13627
723,1470,17045,13648
727,1476,17086,13638
724,1461,17059,13641
720,1465,16954,13543
725,1466,17068,13692
721,1464,16963,13596
720,1427,16996,13605
723,1472,17065,13654
721,1466,16977,13559
723,1454,17059,13677
724,1469,17065,13677
722,1463,17019,13632
722,1473,16992,13608
722,1460,16987,13592
730,1460,17131,13709
721,1463,17015,13599
727,1461,17120,13703
725,1470,17061,13632
721,1474,16942,13567
724,1457,17050,13682
721,1466,17006,13613
724,1462,17048,13656
723,1462,17050,13658
721,1454,16973,13569
723,1465,17032,13640
720,1471,16938,13560
721,1464,16978,13591
722,1458,17011,13625
722,1460,17001,13586
724,1464,17058,13672
720,1459,16966,13565
722,1474,16994,13626
723,1466,17025,13668
720,1452,16949,13562
724,1466,17077,13702
721,1469,16979,13566
724,1468,17042,13630
722,1466,17017,13649
723,1470,17028,13650
723,1442,17048,13682
721,1466,16981,13579
725,1468,17071,13631
722,1460,17024,13599
722,1461,17016,13611
725,1453,17097,13721
721,1477,16989,13622
721,1451,16989,13602
723,1453,17029,13631
724,1458,17056,13651
722,1462,17030,13646
722,1479,16998,13614
723,1461,17017,13610
724,1445,17078,13695
725,1476,17027,13616
723,1465,17051,13664
721,1461,16963,13585
722,1465,17008,13629
724,1452,17044,13649
722,1460,16981,13582
722,1467,17012,13638
722,1463,16970,13586
727,1467,17106,13674
722,1454,17022,13618
724,1464,17055,13652
722,1473,17007,13612
719,1453,16919,13528
723,1457,17033,13662
722,1456,17005,13602
720,1455,16999,13612
722,1465,17008,13623
721,1470,16960,13563
722,1460,17015,13632
722,1471,17001,13633
722,1467,17014,13629
721,1472,16982,13606
721,1466,16988,13563
722,1458,17034,13638
725,1466,17070,13690
721,1465,16988,13615
721,1465,16962,13590
720,1453,16953,13542
725,1452,17095,13708
720,1468,16978,13581
723,1463,17042,13640
731,1450,17217,13817
725,1458,17053,13662
730,1465,17156,13723
724,1475,17010,13583
724,1462,17044,13643
722,1459,17014,13627
725,1460,17066,13642
729,1466,17145,13704
722,1479,16975,13597
721,1463,16969,13598
724,1464,17044,13662
721,1457,16982,13566
727,1449,17162,13757
730,1490,17119,13699
721,1460,16979,13581
720,1468,16967,13592
732,1479,17173,13732
724,1453,17063,13663
721,1476,16991,13597
720,1460,16979,13570
722,1469,17020,13638
722,1468,17001,13606
723,1474,17043,13668
718,1427,16919,13536
723,1466,17026,13620
720,1457,16963,13587
722,1468,17001,13602
722,1466,17018,13644
720,1472,16919,13540
724,1458,17049,13663
722,1455,17003,13626
722,1472,17027,13624
722,1454,17015,13650
721,1466,16952,13571
722,1464,17005,13625
721,1460,16976,13603
723,1471,17032,13644
725,1496,17060,13655
721,1463,16957,13551
726,1461,17121,13699
722,1457,17037,13639
725,1464,17057,13617
721,1468,16980,13600
721,1472,16971,13566
723,1457,17060,13642
725,1463,17080,13683
722,1471,16961,13599
723,1460,17019,13646
721,1467,16927,13521
726,1461,17111,13737
723,1462,17033,13660
721,1464,16972,13590
722,1470,17011,13629
721,1459,16962,13571
723,1467,17033,13640
723,1470,17025,13670
722,1468,16995,13594
724,1461,17071,13678
722,1471,17004,13595
723,1460,17057,13661
722,1466,17012,13631
721,1462,16983,13584
722,1460,17001,13624
720,1462,16968,13551
724,1464,17087,13692
721,1462,16953,13540
723,1465,17032,13632
723,1468,17015,13641
721,1463,16965,13567
724,1459,17073,13678
722,1478,16990,13603
722,1460,17032,13625
722,1479,17029,13642
721,1457,16969,13583
729,1468,17189,13782
733,1471,17244,13839
729,1472,17097,13648
722,1460,17009,13620
722,1470,17030,13626
724,1449,17085,13671
721,1464,16990,13607
720,1460,16955,13570
722,1461,17014,13643
723,1463,17012,13586
724,1470,17093,13692
724,1482,16996,13621
722,1463,16999,13580
722,1462,16988,13615
723,1469,17004,13614
723,1456,17045,13668
720,1465,16923,13555
723,1466,17042,13632
721,1452,17001,13604
721,1461,16964,13586
721,1452,17052,13666
721,1472,16952,13571
729,1458,17193,13776
724,1461,17034,13602
723,1479,17037,13641
723,1456,17033,13624
721,1461,16966,13571
722,1464,17002,13632
721,1456,16977,13598
724,1477,17045,13649
728,1467,17126,13679
719,1466,16906,13519
723,1458,17044,13664
723,1458,17016,13634
722,1464,17018,13642
722,1474,16994,13631
722,1475,16998,13602
727,1459,17126,13677
723,1462,17015,13629
722,1462,16996,13601
723,1455,17030,13650
720,1463,16913,13543
724,1464,17071,13673
722,1455,17017,13629
722,1468,16998,13597
723,1467,17067,13652
720,1473,16947,13555
722,1456,17035,13667
720,1466,16947,13569
724,1464,17035,13648
724,1456,17043,13639
723,1457,17020,13614
728,1461,17188,13789
732,1462,17252,13844
720,1468,16971,13590
722,1454,16971,13605
720,1469,16946,13577
723,1460,17055,13649
722,1471,17015,13618
720,1463,16955,13586
724,1456,17049,13661
721,1472,16965,13583
734,1469,17266,13824
721,1452,16964,13564
722,1462,17023,13627
722,1471,17028,13606
722,1468,16986,13587
724,1458,17059,13680
721,1463,16963,13578
725,1466,17089,13697
731,1466,17198,13735
727,1465,17057,13630
725,1464,17106,13702
720,1468,16936,13573
721,1461,16969,13590
723,1468,17001,13640
721,1483,16970,13592
725,1461,17109,13702
720,1469,16955,13576
723,1462,17030,13637
721,1475,16968,13596
722,1466,17005,13633
722,1456,17007,13612
721,1460,16968,13573
724,1465,17067,13659
723,1472,17040,13621
721,1471,16957,13565
723,1462,17036,13648
720,1477,16932,13550
723,1456,17061,13667
724,1470,17054,13622
721,1481,16953,13562
721,1451,17003,13620
720,1467,16957,13552
722,1464,17014,13648
723,1463,17012,13633
722,1467,16999,13587
724,1454,17067,13664
720,1474,16920,13530
723,1468,17059,13677
720,1454,16974,13605
723,1452,17034,13661
721,1464,16993,13598
721,1469,16964,13546
737,1470,17366,13900
733,1463,17324,13874
722,1463,17006,13612
721,1458,16983,13619
720,1471,16935,13555
724,1457,17074,13674
725,1464,17089,13677
734,1474,17229,13803
722,1467,16992,13588
721,1461,16963,13580
724,1460,17079,13691
720,1461,16949,13564
722,1457,17009,13649
723,1455,17041,13647
723,1470,17038,13632
723,1453,17037,13678
722,1462,16973,13591
720,1461,16950,13597
723,1464,17044,13657
724,1464,17056,13660
726,1468,17106,13683
720,1455,16965,13548
735,1467,17265,13827
725,1463,17094,13712
729,1481,17099,13665
724,1458,17081,13673
724,1471,17010,13620
728,1465,17140,13737
724,1463,17065,13662
722,1468,16978,13603
724,1458,17098,13744
721,1468,16946,13569
721,1467,16982,13587
721,1464,16999,13598
722,1463,16988,13612
722,1454,17015,13646
721,1476,16958,13579
724,1458,17068,13692
722,1471,17010,13586
721,1468,16983,13596
723,1454,17050,13643
721,1472,16977,13563
722,1462,17021,13649
721,1474,16984,13593
722,1456,17026,13616
724,1457,17048,13620
720,1457,16965,13550
724,1468,17066,13678
722,1471,17024,13602
720,1464,16955,13562
724,1453,17053,13675
720,1458,16926,13519
723,1463,17033,13662
723,1476,17032,13631
722,1452,17011,13618
723,1462,17018,13627
719,1464,16919,13535
722,1465,17019,13643
723,1467,17022,13629
722,1459,16998,13617
722,1460,17019,13618
722,1461,16992,13587
725,1471,17056,13642
722,1473,16998,13641
728,1473,17097,13677
722,1458,17025,13615
722,1466,16997,13591
724,1461,17064,13682
720,1462,16971,13591
724,1465,17059,13658
722,1462,16993,13623
722,1469,16993,13611
722,1469,17006,13637
722,1467,16977,13574
721,1458,16981,13586
731,1477,17223,13800
722,1467,16989,13611
724,1459,17053,13681
721,1455,16965,13553
722,1461,16999,13614
722,1461,17032,13618
722,1479,17016,13613
724,1450,17077,13706
720,1456,16931,13560
721,1460,16961,13574
723,1460,17059,13640
722,1467,17027,13629
724,1463,17051,13671
720,1451,16959,13572
722,1470,16995,13614
721,1463,16977,13602
722,1475,16995,13622
724,1458,17077,13687
721,1449,16974,13554
726,1465,17084,13689
733,1482,17221,13791
731,1484,17152,13717
721,1460,17001,13628
720,1467,16945,13556
723,1453,17034,13641
722,1473,17022,13593
719,1457,16957,13596
721,1463,16980,13606
721,1461,16957,13576
722,1457,17008,13626
723,1464,17018,13629
723,1445,17044,13655
724,1468,17019,13628
719,1455,16910,13526
723,1464,17049,13677
721,1457,17009,13631
722,1462,16979,13599
723,1458,17019,13640
720,1466,16964,13554
722,1465,17017,13618
721,1473,16967,13576
722,1457,17002,13626
722,1456,16983,13610
719,1458,16919,13539
724,1467,17056,13662
722,1469,17011,13608
722,1465,17037,13617
722,1460,16994,13607
719,1462,16915,13530
725,1461,17076,13699
726,1465,17061,13632
723,1458,17024,13624
728,1455,17157,13759
724,1469,17043,13634
725,1469,17070,13655
720,1464,16938,13566
725,1466,17062,13676
724,1463,17022,13614
721,1472,17005,13591
725,1460,17091,13695
721,1463,16948,13572
722,1468,17010,13628
721,1456,16965,13581
723,1464,17021,13634
725,1455,17108,13725
719,1448,16939,13531
722,1463,17036,13631
724,1456,17048,13671
722,1473,16990,13602
723,1471,17025,13643
721,1471,16980,13554
722,1455,17029,13630
722,1472,17007,13610
720,1471,16955,13577
725,1454,17109,13734
724,1464,17053,13658
730,1479,17137,13694
721,1467,16973,13583
721,1459,16994,13599
723,1469,17028,13642
722,1456,16988,13592
721,1467,16992,13596
722,1464,16999,13636
722,1468,16973,13587
725,1462,17089,13690
720,1460,16959,13548
724,1462,17078,13680
722,1472,17001,13595
723,1466,17005,13621
722,1444,17041,13672
720,1464,16954,13563
727,1456,17145,13716
722,1470,17002,13611
721,1466,16976,13580
723,1456,17022,13649
726,1472,17050,13645
735,1468,17290,13873
731,1492,17230,13851
721,1457,16966,13563
721,1459,17009,13626
721,1457,16952,13566
724,1459,17046,13664
721,1465,16962,13590
722,1460,17012,13647
725,1456,17039,13617
719,1467,16936,13529
723,1468,17067,13666
736,1459,17339,13928
725,1470,17071,13685
731,1480,17166,13732
723,1466,16993,13565
724,1461,17079,13681
722,1462,16989,13584
722,1471,17017,13614
723,1454,17004,13595
721,1474,16989,13600
728,1462,17152,13770
725,1467,16999,13598
723,1462,17040,13635
723,1467,17047,13674
721,1474,16979,13598
723,1466,17036,13643
721,1465,16955,13580
722,1464,17010,13611
722,1463,17015,13609
722,1471,17000,13595
725,1459,17098,13701
721,1467,16959,13570
720,1459,16955,13583
723,1466,17017,13607
723,1467,17004,13612
724,1467,17084,13686
721,1452,16964,13595
722,1460,17001,13612
723,1465,17022,13647
721,1474,16952,13567
722,1443,17032,13678
720,1469,16937,13565
724,1460,17071,13655
724,1470,17013,13596
724,1460,17043,13663
724,1464,17065,13692
733,1457,17235,13815
726,1464,17082,13637
723,1471,17018,13626
726,1461,17031,13640
723,1464,17040,13615
721,1466,16966,13582
723,1464,17032,13652
720,1466,16966,13592
724,1465,17030,13639
722,1452,17028,13619
722,1464,16986,13610
723,1461,17040,13644
722,1466,17014,13641
720,1467,16945,13577
724,1457,17054,13684
720,1468,16931,13549
723,1456,17051,13654
722,1475,16995,13605
724,1473,17056,13658
724,1461,17004,13617
721,1477,16966,13580
723,1461,17015,13628
723,1476,17034,13632
722,1464,17022,13604
723,1456,17047,13634
723,1463,17015,13619
728,1427,17091,13659
721,1460,16980,13610
723,1451,17057,13646
723,1460,17041,13626
720,1464,16940,13542
727,1462,17137,13746
721,1466,16971,13574
724,1450,17042,13669
721,1461,16984,13605
723,1467,17000,13626
726,1464,17131,13730
723,1465,17017,13632
720,1468,16964,13590
722,1462,17030,13637
721,1458,16966,13590
723,1468,17040,13647
721,1467,16984,13585
721,1466,16973,13584
724,1471,17072,13663
722,1470,16966,13578
723,1454,17033,13672
721,1476,16962,13579
722,1460,17002,13593
722,1459,17020,13614
721,1470,16970,13573
726,1452,17131,13740
721,1456,16943,13554
723,1467,17029,13635
721,1473,16981,13608
721,1472,16993,13608
728,1452,17166,13755
723,1462,17009,13617
721,1471,16971,13574
723,1462,17032,13646
721,1465,16955,13587
726,1463,17131,13726
720,1458,16962,13556
723,1464,17039,13641
727,1464,17141,13730
726,1457,17085,13689
731,1441,17246,13863
724,1475,17054,13637
735,1474,17288,13826
722,1458,16997,13590
720,1471,16962,13580
722,1474,17007,13600
721,1463,16979,13568
723,1467,17030,13664
723,1465,17041,13641
722,1458,16975,13579
723,1461,17034,13636
721,1471,16952,13551
723,1448,17075,13683
735,1473,17261,13829
731,1469,17147,13713
722,1460,17007,13610
719,1461,16928,13533
727,1463,17141,13722
723,1452,17037,13608
722,1463,17007,13624
722,1467,16976,13580
720,1465,16934,13549
725,1454,17099,13704
723,1451,17030,13653
722,1471,17005,13630
723,1461,17032,13622
719,1471,16941,13549
724,1454,17057,13687
720,1461,16953,13573
721,1463,16978,13593
722,1460,17026,13613
722,1464,16998,13595
723,1458,17031,13646
721,1467,16975,13595
722,1465,16993,13618
722,1464,17026,13630
721,1461,16969,13590
724,1450,17076,13670
721,1468,16992,13581
721,1465,16990,13597
722,1464,17019,13620
730,1465,17139,13741
732,1443,17266,13835
725,1456,17076,13663
729,1471,17108,13690
722,1460,17049,13652
721,1477,16970,13604
724,1468,17043,13656
722,1471,16986,13602
723,1469,17038,13646
726,1463,17080,13642
725,1489,17048,13651
725,1455,17078,13708
725,1476,17070,13652
735,1479,17281,13846
735,1459,17325,13913
729,1478,17079,13675
736,1444,17397,13965
723,1463,17026,13609
725,1464,17050,13620
722,1462,16982,13620
720,1458,16939,13558
727,1467,17156,13731
734,1465,17255,13816
723,1464,17037,13647
719,1466,16995,13608
727,1459,17102,13690
729,1454,17163,13756
733,1474,17243,13837
725,1455,17101,13731
722,1467,17008,13610
722,1474,17009,13607
721,1457,16989,13600
720,1476,16950,13541
722,1461,17002,13632
723,1455,17049,13656
722,1460,17016,13616
720,1474,16995,13599
721,1465,16983,13575
722,1466,17012,13637
735,1466,17326,13907
729,1478,17122,13680
723,1463,17036,13628
719,1467,16922,13518
728,1460,17174,13798
736,1460,17353,13922
722,1455,17003,13601
723,1463,17015,13646
721,1472,16963,13592
724,1460,17062,13683
721,1454,16988,13575
723,1460,17012,13629
730,1457,17266,13755
727,1465,17144,13636
722,1454,17008,13628
722,1449,17007,13618
722,1468,17021,13623
731,1456,17265,13700
731,1452,17241,13670
727,1438,17153,13743
730,1457,17213,13668
731,1458,17241,13693
730,1462,17259,13707
730,1461,17228,13667
732,1447,17293,13756
730,1456,17227,13663
729,1463,17208,13671
731,1459,17254,13731
730,1458,17196,13661
733,1446,17328,13820
730,1454,17201,13637
729,1460,17193,13662
730,1474,17222,13691
729,1456,17206,13686
730,1459,17242,13747
727,1466,17162,13645
731,1466,17210,13650
730,1454,17245,13710
728,1462,17183,13656
732,1464,17305,13781
728,1474,17176,13650
730,1463,17224,13706
729,1458,17203,13666
730,1463,17237,13704
734,1458,17359,13826
738,1486,17349,13765
729,1465,17211,13707
728,1450,17188,13686
729,1471,17169,13641
729,1467,17210,13697
728,1461,17156,13630
731,1458,17255,13750
731,1450,17241,13733
728,1455,17165,13644
729,1463,17207,13728
728,1466,17141,13624
730,1443,17280,13777
729,1463,17216,13676
731,1456,17223,13692
728,1463,17199,13698
728,1461,17156,13654
730,1458,17242,13749
728,1460,17181,13663
731,1464,17244,13732
727,1466,17169,13673
730,1486,17178,13680
732,1455,17297,13805
728,1462,17182,13679
727,1474,17144,13643
732,1460,17282,13754
730,1469,17231,13706
729,1449,17225,13711
728,1456,17178,13668
729,1468,17198,13668
728,1463,17181,13696
727,1466,17118,13623
731,1449,17273,13771
729,1470,17184,13663
730,1468,17222,13688
729,1462,17227,13729
729,1455,17194,13696
728,1450,17210,13714
728,1469,17169,13645
731,1462,17258,13724
731,1467,17285,13790
733,1462,17233,13668
730,1463,17250,13751
728,1460,17167,13689
733,1473,17208,13782
725,1471,17053,13622
727,1457,17065,13643
735,1448,17401,13845
729,1460,17166,13630
726,1471,17095,13698
737,1465,17336,13933
722,1466,16991,13595
724,1448,17077,13686
722,1468,17006,13599
723,1464,17034,13614
725,1467,17096,13718
720,1469,16957,13562
723,1447,17037,13661
721,1464,16975,13554
723,1470,17045,13635
723,1457,17034,13665
724,1457,17055,13657
724,1451,17023,13625
722,1465,17008,13619
722,1461,17019,13657
724,1463,17030,13665
723,1461,17054,13635
723,1472,17032,13647
726,1475,17115,13640
724,1456,17107,13675
723,1469,17026,13641
735,1469,17342,13918
727,1458,17142,13727
731,1494,17172,13706
732,1475,17198,13737
722,1468,16976,13604
722,1458,17008,13633
722,1453,17014,13625
721,1439,16972,13562
727,1454,17161,13761
723,1459,17008,13602
722,1472,17037,13631
722,1475,17009,13630
720,1468,16932,13550
723,1462,17023,13658
721,1461,16985,13604
723,1458,17053,13624
725,1459,17082,13705
722,1464,16982,13587
726,1457,17100,13727
722,1466,17008,13622
722,1465,17028,13642
736,1464,17363,13941
722,1465,17023,13615
724,1464,17094,13675
722,1466,16979,13595
722,1468,17010,13636
722,1471,17013,13632
722,1464,17002,13603
724,1457,17082,13675
721,1470,16977,13592
723,1463,17047,13661
721,1460,16987,13624
723,1470,17009,13635
725,1443,17096,13700
725,1465,17081,13684
736,1479,17325,13886
727,1473,17119,13709
734,1467,17282,13867
725,1457,17124,13740
721,1468,16950,13584
721,1472,16989,13598
722,1459,17021,13638
723,1458,17048,13647
724,1448,17091,13696
722,1473,16970,13571
723,1469,17026,13646
720,1434,16999,13618
723,1458,17045,13637
725,1470,17105,13697
722,1473,16999,13607
724,1463,17068,13671
722,1464,16994,13603
730,1458,17180,13763
727,1462,17135,13731
730,1476,17138,13705
725,1467,17094,13695
731,1457,17266,13811
723,1477,17024,13633
727,1471,17138,13740
738,1486,17337,13759
726,1466,17094,13688
736,1467,17372,13808
725,1450,17116,13678
727,1477,17126,13690
723,1463,17003,13618
728,1455,17185,13808
731,1471,17193,13760
729,1451,17201,13788
729,1450,17226,13810
729,1477,17134,13668
729,1452,17189,13788
729,1458,17211,13810
735,1446,17370,13877
729,1452,17214,13831
729,1458,17189,13767
742,1460,17581,13941
741,1454,17536,13936
741,1463,17538,13956
741,1440,17604,14009
733,1450,17338,13860
739,1439,17498,13989
730,1452,17235,13821
733,1463,17336,13901
745,1453,17681,14055
741,1447,17525,13953
736,1438,17410,14024
733,1456,17293,13880
737,1448,17418,14000
739,1439,17468,14050
745,1459,17578,13937
749,1445,17778,14117
746,1473,17636,13999
747,1464,17707,14073
745,1454,17705,14173
752,1443,17832,14189
753,1470,17954,14291
750,1448,17823,14180
750,1454,17821,14201
754,1458,17922,14288
753,1467,17911,14283
756,1475,17995,14312
755,1469,17969,14306
753,1456,17943,14253
755,1496,18063,14387
753,1471,17928,14314
758,1493,18037,14374
754,1457,17915,14284
757,1479,18040,14356
759,1472,18060,14343
751,1492,17865,14322
755,1480,17974,14385
755,1473,17975,14322
748,1490,17740,14334
748,1479,17711,14279
759,1483,18065,14387
758,1463,18031,14314
756,1466,17954,14305
761,1501,18175,14496
757,1472,18000,14333
758,1481,18033,14382
758,1480,18051,14344
755,1444,17934,14259
762,1485,18171,14433
763,1493,18204,14461
758,1495,18074,14421
766,1496,18222,14513
761,1504,18125,14436
766,1513,18208,14615
770,1486,18305,14511
756,1483,18018,14356
748,1498,17734,14306
749,1467,17742,14284
754,1489,17886,14409
752,1500,17869,14427
750,1504,17773,14346
749,1489,17777,14318
748,1485,17729,14296
758,1477,18053,14367
752,1490,17847,14386
752,1504,17835,14404
750,1490,17791,14336
750,1492,17769,14327
749,1492,17790,14334
748,1481,17762,14290
748,1498,17755,14326
750,1500,17777,14365
748,1473,17720,14289
749,1488,17811,14348
751,1471,17849,14303
746,1482,17695,14246
749,1472,17751,14287
748,1484,17725,14291
750,1498,17792,14356
746,1472,17645,14240
748,1485,17714,14283
748,1473,17723,14263
753,1487,17944,14334
757,1467,18017,14358
756,1483,18002,14332
755,1470,17906,14291
745,1477,17702,14258
746,1455,17644,14186
748,1488,17757,14302
743,1453,17580,14141
755,1457,17792,14199
752,1464,17899,14318
751,1437,17811,14174
743,1469,17622,14175
750,1455,17775,14095
753,1458,17886,14236
750,1446,17781,14115
748,1464,17690,14052
750,1444,17827,14222
749,1448,17772,14139
750,1464,17777,14093
738,1433,17472,14024
744,1443,17643,14101
737,1444,17420,14006
736,1447,17360,13957
742,1442,17695,14099
745,1450,17659,14030
743,1470,17553,13911
746,1457,17707,14051
745,1458,17671,14052
743,1454,17570,13952
741,1471,17494,13877
741,1463,17526,13919
740,1440,17574,13968
738,1452,17443,13875
731,1440,17248,13858
749,1456,17761,14102
739,1462,17446,13815
737,1483,17366,13755
737,1482,17372,13769
736,1467,17364,13774
728,1466,17194,13776
745,1442,17630,13985
735,1452,17397,13890
729,1465,17223,13786
724,1459,17063,13698
734,1460,17333,13744
725,1461,17098,13705
728,1459,17195,13794
726,1462,17111,13695
726,1444,17113,13723
720,1469,16954,13569
724,1466,17054,13671
726,1469,17105,13701
727,1456,17146,13741
727,1444,17147,13779
721,1467,16971,13580
720,1471,16951,13575
722,1457,16977,13588
723,1455,17025,13651
725,1473,17107,13716
723,1460,17065,13660
722,1459,16993,13604
722,1469,17013,13639
732,1441,17281,13703
725,1460,17074,13719
722,1463,17003,13601
722,1472,17007,13609
725,1467,17101,13676
722,1474,17031,13613
733,1454,17256,13856
722,1470,17003,13613
722,1458,16986,13609
725,1451,17056,13633
725,1470,17068,13662
727,1457,17132,13742
747,1496,17550,13902
734,1453,17275,13881
742,1482,17438,13812
729,1467,17203,13642
725,1472,17078,13689
733,1470,17295,13682
735,1476,17329,13723
734,1468,17306,13753
723,1470,17036,13643
721,1460,16977,13604
723,1463,17000,13603
729,1472,17139,13703
722,1457,17011,13613
723,1468,17029,13622
722,1474,17017,13631
722,1458,16952,13566
723,1452,17026,13659
723,1460,17035,13640
722,1467,17001,13598
723,1464,17020,13652
723,1468,17021,13611
732,1464,17195,13753
721,1466,16993,13601
723,1471,17026,13646
723,1463,17033,13676
720,1465,16946,13544
724,1451,17065,13675
722,1464,17012,13600
722,1466,17019,13628
720,1481,16954,13586
722,1457,16994,13593
723,1464,17056,13663
722,1462,17010,13601
724,1465,17062,13650
720,1465,16957,13593
720,1463,16945,13572
736,1451,17362,13950
731,1482,17175,13723
722,1471,17002,13612
722,1460,17001,13595
728,1469,17151,13588
724,1463,17069,13687
719,1468,16925,13539
722,1462,17001,13622
731,1452,17224,13673
721,1462,16992,13583
740,1453,17520,13881
740,1478,17434,13841
724,1462,17043,13664
723,1466,16987,13590
734,1460,17270,13841
730,1463,17211,13799
730,1480,17156,13695
721,1464,16969,13539
722,1471,16983,13613
722,1456,16955,13552
735,1458,17394,13820
721,1465,16959,13549
731,1467,17221,13599
745,1462,17605,13974
731,1465,17191,13565
727,1468,17157,13743
734,1478,17283,13675
732,1458,17196,13757
732,1462,17223,13680
732,1484,17260,13638
732,1478,17260,13656
731,1468,17214,13598
725,1449,17076,13690
723,1444,17027,13629
732,1481,17248,13606
733,1468,17295,13656
731,1453,17187,13554
731,1455,17288,13726
722,1462,16999,13614
732,1468,17230,13629
734,1482,17290,13674
734,1458,17224,13567
732,1454,17291,13751
741,1486,17403,13756
736,1471,17322,13685
729,1474,17188,13590
720,1450,16909,13514
733,1460,17324,13738
733,1467,17263,13677
736,1472,17355,13733
739,1485,17367,13733
730,1458,17142,13533
744,1459,17531,13756
742,1468,17463,13728
736,1473,17358,13737
733,1479,17253,13629
734,1461,17288,13652
734,1474,17307,13655
742,1489,17459,13824
741,1488,17392,13756
731,1463,17239,13652
732,1465,17280,13674
735,1467,17364,13738
733,1469,17294,13683
734,1470,17292,13660
733,1478,17266,13680
731,1462,17237,13655
734,1464,17355,13768
727,1460,17149,13602
733,1461,17334,13739
731,1469,17242,13670
732,1463,17282,13699
736,1480,17371,13743
731,1477,17210,13616
732,1471,17227,13616
726,1452,17111,13610
719,1456,16952,13552
735,1463,17415,13800
720,1465,16949,13549
724,1458,17067,13687
730,1472,17134,13692
731,1458,17190,13558
733,1474,17299,13677
728,1459,17171,13640
726,1464,17044,13621
731,1465,17207,13601
729,1463,17181,13607
728,1462,17173,13660
732,1482,17242,13645
725,1462,17077,13675
730,1454,17216,13674
732,1471,17227,13622
733,1475,17262,13657
754,1456,17814,13766
733,1457,17351,13764
726,1472,17111,13617
732,1473,17238,13613
732,1458,17328,13729
731,1456,17216,13649
731,1455,17260,13698
726,1463,17103,13643
729,1471,17113,13647
723,1471,17018,13608
726,1474,17081,13687
725,1458,17107,13708
732,1480,17201,13763
728,1470,17144,13618
727,1471,17119,13657
731,1477,17171,13637
732,1448,17294,13743
729,1462,17227,13695
734,1475,17304,13755
741,1455,17515,13969
735,1463,17238,13679
729,1449,17206,13665
728,1463,17188,13664
729,1453,17191,13649
730,1449,17256,13725
727,1475,17138,13622
729,1459,17205,13699
729,1469,17191,13684
730,1463,17178,13625
729,1461,17207,13673
727,1461,17135,13620
730,1460,17275,13755
725,1457,17086,13598
726,1468,17113,13626
728,1457,17147,13656
728,1455,17173,13668
730,1454,17239,13717
725,1478,17091,13574
729,1462,17196,13710
732,1470,17209,13680
731,1457,17225,13698
737,1447,17409,13867
731,1476,17222,13704
736,1472,17291,13743
727,1463,17162,13657
726,1469,17107,13624
728,1466,17204,13739
726,1465,17100,13634
726,1458,17109,13609
726,1454,17129,13635
728,1461,17155,13676
727,1451,17199,13719
725,1463,17081,13616
727,1459,17131,13621
726,1449,17126,13637
727,1462,17151,13658
729,1459,17215,13716
