2289,5000
3129
3022
3075
3091
3015
3130
3020
3059
3097
3009
3131
3010
3075
3081
3025
3127
2997
3079
3076
3032
3138
2999
3094
3070
3044
3117
3003
3095
3074
3028
3111
2995
3094
3072
3030
3127
2998
3095
3066
3044
3108
2984
3113
3047
3037
3105
2998
3119
3038
3052
3101
3008
3109
3052
3058
3095
3001
3108
3030
3065
3099
2996
3129
3029
3049
3116
3013
3125
3010
3054
3108
3006
3117
3026
3068
3089
3012
3124
3007
3086
3090
3027
3125
3007
3085
3079
3021
3128
2991
3093
3067
3034
3113
3008
3098
3071
3024
3121
2979
3105
3063
3057
3116
2995
3107
3065
3052
3107
3000
3099
3045
3054
3104
3011
3112
3045
3044
3110
3000
3122
3034
3064
3109
3007
3132
3035
3060
3108
2999
3133
3026
3066
3088
3009
3130
3011
3064
3082
3022
3134
3012
3072
3092
3019
3127
3005
3087
3100
3012
3111
3004
3089
3076
3020
3119
3009
3086
3071
3028
3123
2989
3104
3065
3027
3107
2983
3110
3061
3043
3104
3001
3103
3047
3040
3118
2980
3117
3038
3055
3109
3004
3115
3054
3053
3097
3006
3122
3024
3060
3098
3010
3118
3041
3060
3097
3022
3118
3017
3070
3093
3017
3118
3024
3062
3092
3018
3118
3019
3069
3087
3022
3128
2999
3093
3079
3014
3107
2985
3105
3072
3026
3125
2997
3086
3068
3040
3119
2990
3098
3057
3046
3111
2979
3099
3079
3044
3110
2974
3114
3052
3057
3107
3011
3105
3045
3050
3122
2994
3127
3036
3055
3107
3003
3117
3023
3064
3089
3006
3126
3020
3057
3094
3018
3121
3023
3072
3087
3024
3117
3023
3073
3086
3024
3124
2999
3093
3077
3018
3124
2995
3094
3070
3026
3124
2987
3107
3065
3042
3108
3001
3097
3082
3042
3113
3001
3105
3057
3027
3119
2984
3114
3049
3056
3111
2995
3109
3042
3063
3099
2985
3123
3037
3063
3103
3009
3113
3031
3053
3108
3007
3127
3016
3068
3113
3002
3129
3015
3085
3095
3011
3123
3008
3079
3091
3027
3118
2995
3066
3087
3015
3127
3007
3091
3078
3033
3124
2992
3098
3058
3023
3125
2997
3096
3075
3037
3107
2973
3102
3056
3061
3121
2995
3120
3049
3061
3117
2991
3110
3036
3044
3115
2986
3104
3057
3051
3094
3000
3108
3027
3062
3110
3000
3135
3024
3049
3116
3014
3119
3022
3058
3100
3009
3125
3011
3088
3077
3007
3132
3002
3080
3080
3026
3122
2993
3082
3076
3019
3129
2996
3091
3064
3034
3117
3002
3095
3067
3032
3108
3005
3099
3069
3039
3119
2985
3107
3056
3064
3116
2990
3094
3056
3046
3114
2993
3108
3046
3041
3095
3000
3113
3043
3051
3111
2999
3110
3047
3056
3100
3006
3117
3025
3057
3111
3007
3136
3020
3073
3085
3019
3120
3022
3068
3095
3010
3133
3002
3085
3085
3018
3122
2991
3088
3065
3032
3127
2994
3090
3078
3027
3123
2993
3102
3063
3052
3107
2996
3099
3057
3041
3108
3004
3098
3058
3045
3114
2977
3112
3032
3043
3112
2986
3121
3036
3061
3109
3002
3113
3030
3059
3099
3009
3117
3029
3066
3099
3023
3123
3009
3056
3106
3025
3124
3015
3061
3093
3014
3130
3013
3080
3075
3014
3131
3003
3093
3077
3014
3119
2990
3094
3063
3038
3120
2981
3099
3066
3028
3122
2991
3088
3052
3051
3118
2990
3109
3057
3034
3121
2977
3104
3057
3053
3111
2986
3117
3035
3061
3108
2993
3118
3023
3061
3098
3006
3122
3021
3052
3100
3000
3117
3029
3060
3109
3007
3134
3009
3061
3085
3034
3119
2999
3092
3075
3026
3123
3013
3073
3080
3015
3126
2994
3096
3071
3048
3122
2985
3090
3077
3034
3104
2984
3103
3070
3035
3123
2987
3098
3058
3035
3120
2992
3103
3057
3047
3113
2981
3118
3045
3051
3110
2991
3122
3031
3061
3106
2997
3122
3033
3059
3106
3008
3130
3042
3071
3091
3014
3123
3025
3066
3083
3016
3129
3027
3068
3079
3028
3122
2995
3069
3096
3026
3126
3008
3085
3081
3025
3116
2988
3103
3061
3023
3123
2983
3092
3067
3047
3105
2988
3097
3062
3051
3108
2998
3103
3055
3040
3117
2995
3105
3043
3053
3105
3009
3107
3046
3064
3095
3005
3114
3032
3063
3115
3013
3126
3018
3064
3093
3005
3131
3014
3053
3089
3015
3127
3013
3067
3077
3020
3116
2997
3086
3080
3030
3118
3014
3086
3069
3035
3129
2990
3090
3073
3034
3122
2990
3114
3062
3024
3117
2985
3107
3059
3060
3119
2988
3108
3044
3056
3115
2993
3105
3049
3048
3100
3015
3121
3029
3056
3094
3007
3114
3037
3057
3118
2996
3127
3021
3055
3107
3001
3123
3013
3073
3089
3006
3132
3001
3075
3082
3011
3135
3002
3088
3076
3036
3112
3009
3083
3085
3015
3124
2994
3084
3077
3033
3134
2990
3090
3065
3028
3129
2983
3108
3060
3043
3111
2980
3110
3059
3033
3114
2985
3104
3037
3069
3110
2997
3102
3040
3051
3111
3003
3112
3026
3064
3114
2999
3136
3020
3062
3093
3015
3127
3023
3071
3100
3007
3120
2998
3077
3085
3015
3129
3009
3080
3084
3018
3123
3013
3075
3070
3017
3125
2990
3098
3074
3030
3117
2986
3100
3064
3044
3113
2995
3098
3052
3057
3115
2980
3112
3064
3050
3104
2998
3108
3057
3044
3109
2983
3105
3047
3052
3114
2995
3121
3032
3064
3103
2997
3123
3017
3069
3105
3002
3140
3017
3068
3082
3011
3122
3008
3080
3092
3021
3120
3024
3085
3101
3021
3112
2993
3091
3073
3040
3120
3005
3093
3064
3030
3128
2985
3101
3064
3052
3112
2989
3097
3068
3049
3113
2988
3105
3048
3050
3109
2997
3102
3047
3042
3114
2989
3123
3060
3054
3096
3005
3118
3042
3059
3103
2989
3132
3020
3065
3100
3014
3120
3018
3063
3092
3018
3122
3018
3068
3094
3013
3123
3016
3070
3075
3030
3120
3009
3079
3085
3028
3123
2992
3076
3078
3028
3132
2987
3099
3066
3035
3120
2991
3106
3050
3051
3111
2985
3111
3060
3065
3107
2989
3101
3053
3049
3102
3000
3111
3045
3054
3110
3006
3123
3033
3070
3099
3016
3116
3042
3067
3095
3007
3118
3013
3072
3092
3010
3128
3010
3074
3087
3027
3130
2997
3073
3088
3010
3128
3007
3090
3073
3009
3123
3009
3090
3066
3047
3116
2988
3099
3072
3030
3111
2989
3098
3067
3044
3113
2994
3099
3059
3029
3110
2987
3113
3057
3044
3114
3002
3113
3051
3054
3102
3000
3109
3041
3053
3107
3003
3126
3032
3048
3109
3009
3127
3014
3056
3098
3017
3119
3031
3063
3099
3007
3114
3029
3081
3083
3028
3123
3009
3068
3081
3022
3130
3003
3082
3070
3034
3113
2989
3096
3065
3035
3119
2989
3103
3065
3049
3124
2985
3104
3058
3045
3107
2997
3103
3062
3064
3104
3002
3123
3047
3056
3098
3002
3114
3038
3064
3123
2998
3122
3019
3058
3109
3004
3119
3019
3063
3096
3020
3123
3018
3079
3085
3011
3129
3009
3082
3087
3022
3120
3021
3075
3075
3034
3127
3000
3094
3072
3034
3123
2991
3101
3062
3027
3129
2988
3112
3068
3040
3109
2992
3102
3055
3050
3115
2984
3113
3053
3056
3120
3004
3109
3054
3053
3102
2992
3120
3051
3057
3094
2988
3115
3041
3069
3104
3012
3116
3021
3071
3099
3012
3137
3018
3074
3094
3010
3132
3016
3078
3081
3023
3121
3018
3092
3083
3032
3137
2996
3106
3083
3036
3124
2991
3085
3064
3038
3121
2989
3112
3061
3044
3116
2999
3100
3076
3037
3121
2983
3115
3072
3068
3114
2986
3105
3052
3050
3116
2992
3120
3037
3060
3110
3003
3123
3025
3068
3107
3010
3120
3025
3073
3093
3011
3120
3027
3066
3114
3010
3118
3013
3058
3097
3014
3120
3019
3079
3077
3027
3122
3006
3079
3077
3029
3123
2989
3097
3074
3039
3106
2977
3098
3060
3037
3120
2986
3108
3057
3051
3124
2999
3114
3049
3037
3113
2988
3100
3061
3051
3112
2983
3111
3046
3057
3111
2991
3125
3030
3064
3097
3001
3127
3019
3050
3107
3005
3138
3028
3069
3101
3000
3112
3017
3071
3096
3015
3120
3027
3082
3080
3031
3122
2995
3073
3085
3019
3127
3003
3098
3066
3031
3113
2999
3096
3074
3039
3109
2990
3101
3071
3038
3108
2990
3095
3048
3059
3104
3007
3107
3047
3048
3101
3000
3108
3039
3060
3108
3010
3116
3027
3067
3108
3008
3119
3018
3066
3102
3008
3128
3019
3058
3094
3010
3129
3013
3077
3087
3034
3128
3007
3073
3079
3023
3132
2999
3086
3075
3034
3122
3000
3087
3070
3032
3133
2993
3090
3075
3030
3123
2980
3096
3064
3031
3106
3004
3097
3064
3047
3118
2986
3097
3048
3052
3112
2996
3106
3050
3056
3111
2996
3124
3034
3061
3092
3010
3115
3035
3062
3109
3002
3134
3024
3053
3103
3012
3131
3014
3065
3106
3018
3120
3022
3064
3087
3016
3130
2998
3089
3084
3027
3112
3010
3086
3078
3036
3120
3004
3109
3084
3035
3125
2997
3091
3055
3045
3109
2994
3105
3064
3035
3111
2980
3121
3051
3056
3107
3002
3110
3052
3061
3123
2993
3126
3024
3063
3101
3006
3120
3037
3050
3099
3001
3116
3035
3066
3103
3020
3119
3009
3064
3109
3011
3132
3004
3082
3100
3013
3127
3002
3082
3076
3031
3119
2995
3104
3077
3021
3126
2987
3101
3068
3050
3124
2984
3089
3058
3045
3119
2994
3098
3060
3046
3107
2997
3106
3063
3046
3120
2989
3105
3051
3050
3110
2990
3107
3041
3058
3110
3004
3121
3023
3059
3093
3001
3129
3019
3069
3097
3001
3117
3030
3073
3093
3013
3136
3005
3081
3089
3038
3114
3006
3076
3084
3022
3129
2995
3095
3068
3038
3120
3006
3094
3071
3030
3120
2979
3091
3072
3032
3108
2994
3113
3076
3037
3119
2987
3114
3051
3052
3103
3011
3107
3048
3045
3104
3010
3118
3034
3067
3098
3002
3119
3040
3058
3118
3011
3131
3020
3069
3092
3020
3124
3028
3058
3099
3007
3137
3015
3089
3076
3017
3115
2999
3087
3077
3025
3126
3003
3090
3073
3025
3129
2988
3094
3069
3038
3119
3002
3097
3054
3050
3105
2994
3101
3067
3047
3107
3005
3103
3070
3067
3112
2977
3112
3047
3058
3109
3005
3113
3034
3054
3113
2996
3126
3031
3061
3110
3010
3120
3030
3069
3093
3021
3118
3031
3058
3099
3017
3137
3009
3060
3090
3015
3132
3005
3083
3088
3038
3126
3006
3080
3077
3028
3118
3005
3094
3077
3041
3118
3003
3088
3069
3036
3120
3003
3114
3059
3057
3111
2999
3105
3058
3052
3102
2994
3107
3069
3053
3108
2993
3115
3031
3063
3111
2992
3113
3029
3063
3102
2998
3129
3029
3062
3097
3026
3115
3034
3058
3099
3019
3114
3021
3059
3105
3013
3135
3018
3057
3098
3016
3133
3009
3082
3100
3018
3126
3005
3089
3090
3012
3126
2994
3093
3075
3021
3115
3004
3088
3062
3047
3124
2997
3083
3073
3035
3118
2992
3117
3063
3031
3112
2991
3098
3066
3048
3118
3001
3111
3045
3059
3117
3009
3116
3032
3060
3101
3016
3117
3030
3057
3095
2998
3123
3024
3065
3096
3030
3114
3035
3070
3107
3026
3114
3018
3069
3096
3034
3116
3019
3073
3086
3022
3124
3005
3091
3078
3040
3116
3001
3092
3087
3033
3106
2985
3100
3071
3042
3114
3016
3090
3058
3035
3107
3005
3104
3056
3064
3113
2992
3121
3042
3061
3112
3005
3114
3032
3068
3104
3017
3114
3033
3043
3111
3011
3126
3026
3076
3097
3008
3125
3019
3084
3082
3007
3125
3016
3064
3098
3027
3119
3009
3077
3093
3021
3114
3023
3081
3086
3023
3115
2994
3109
3066
3037
3112
2989
3101
3068
3047
3104
3005
3096
3062
3048
3111
3003
3103
3060
3047
3116
3010
3111
3035
3066
3108
3007
3106
3045
3067
3098
3007
3108
3035
3057
3120
3006
3127
3021
3054
3105
3022
3126
3020
3071
3088
3033
3115
3021
3076
3075
3021
3116
3012
3081
3088
3024
3115
3008
3080
3089
3024
3130
3012
3077
3077
3028
3122
2988
3101
3062
3029
3102
3009
3097
3067
3038
3116
2990
3098
3061
3046
3110
3000
3108
3037
3047
3112
3006
3121
3028
3044
3105
3002
3130
3027
3069
3097
3016
3120
3030
3069
3095
3001
3110
3011
3073
3083
3027
3129
3014
3077
3076
3013
3128
2997
3090
3074
3042
3117
3003
3102
3068
3033
3117
2998
3088
3077
3055
3117
2994
3092
3054
3043
3109
2997
3106
3060
3055
3102
3004
3103
3063
3038
3110
2986
3110
3045
3057
3108
2991
3113
3047
3047
3112
3013
3114
3039
3048
3109
3007
3125
3029
3070
3090
3001
3124
3016
3054
3113
3013
3108
3005
3079
3102
3013
3126
3008
3080
3076
3034
3132
3004
3085
3069
3029
3115
3002
3081
3074
3018
3126
2994
3087
3089
3026
3107
2999
3085
3082
3031
3107
3004
3096
3046
3046
3116
2996
3119
3049
3047
3099
2989
3115
3037
3055
3106
3012
3111
3029
3059
3123
3010
3122
3028
3054
3093
3019
3115
3019
3058
3098
3014
3123
3016
3073
3092
3024
3119
3002
3084
3088
3028
3112
3007
3083
3082
3015
3125
3000
3086
3070
3021
3120
3015
3083
3066
3045
3115
2983
3103
3065
3045
3101
2982
3104
3058
3057
3108
3006
3096
3052
3036
3116
2997
3116
3042
3055
3109
2993
3119
3044
3063
3100
3003
3128
3023
3060
3098
3019
3112
3023
3050
3089
3007
3123
3019
3070
3095
3007
3125
3018
3065
3088
3018
3111
3014
3083
3082
3032
3113
3002
3078
3082
3026
3122
2995
3096
3067
3032
3113
3004
3093
3084
3025
3117
2984
3108
3082
3042
3100
2996
3099
3051
3061
3105
3007
3104
3050
3042
3117
3002
3110
3042
3043
3111
3004
3122
3039
3061
3096
3010
3105
3031
3058
3104
3005
3130
3011
3052
3098
3009
3117
3016
3068
3081
3025
3117
3018
3078
3088
3012
3119
3000
3092
3075
3033
3121
2994
3093
3074
3040
3115
2986
3098
3071
3027
3118
2997
3094
3053
3049
3100
2991
3109
3052
3059
3109
3005
3099
3063
3061
3107
3005
3103
3044
3054
3106
3002
3124
3025
3057
3105
3010
3111
3035
3053
3092
3029
3114
3028
3065
3103
3003
3119
3019
3061
3096
3020
3117
3011
3071
3085
3019
3111
3013
3079
3088
3024
3109
3005
3088
3074
3022
3122
2986
3098
3071
3045
3111
3008
3087
3056
3042
3105
3005
3108
3048
3048
3110
3004
3105
3058
3037
3098
2996
3108
3047
3052
3104
2998
3116
3024
3058
3104
3006
3116
3032
3065
3106
3011
3132
3022
3074
3086
3019
3121
3010
3067
3102
3012
3119
3005
3083
3082
3019
3126
3004
3088
3089
3024
3131
2999
3091
3071
3037
3115
2999
3087
3091
3022
3114
2989
3093
3063
3045
3107
3004
3101
3049
3059
3111
3006
3114
3041
3053
3111
3008
3108
3052
3050
3102
3007
3113
3048
3050
3114
3008
3121
3042
3052
3110
3017
3119
3022
3064
3100
3008
3125
3024
3053
3081
3023
3114
3019
3072
3094
3019
3111
3013
3077
3089
3023
3119
2996
3081
3067
3035
3116
3001
3079
3072
3046
3114
3002
3096
3060
3045
3111
3005
3096
3057
3054
3109
3005
3108
3058
3039
3109
3002
3098
3042
3035
3115
3002
3109
3043
3052
3111
3002
3125
3048
3057
3095
3013
3130
3016
3067
3095
3021
3121
3029
3054
3101
3014
3115
3023
3070
3082
3028
3118
3007
3087
3084
3014
3120
2998
3077
3075
3050
3107
2992
3078
3077
3040
3111
3012
3113
3075
3032
3120
2996
3098
3061
3040
3126
2991
3111
3052
3062
3111
2993
3105
3051
3056
3110
3011
3117
3038
3054
3110
3019
3125
3030
3056
3106
3011
3118
3031
3067
3090
3028
3122
3018
3083
3097
3014
3135
3018
3063
3083
3033
3121
3015
3071
3091
3026
3121
3020
3091
3072
3031
3116
2998
3101
3075
3045
3124
2995
3110
3073
3035
3123
2989
3091
3080
3036
3110
2996
3103
3070
3046
3113
3003
3104
3057
3046
3127
2996
3116
3034
3050
3106
3012
3109
3039
3062
3102
3028
3115
3030
3050
3093
3006
3117
3024
3064
3100
3027
3111
3020
3064
3102
3012
3110
3013
3082
3085
3030
3113
3006
3071
3079
3024
3120
3012
3104
3071
3044
3108
2992
3101
3074
3036
3112
3001
3095
3066
3033
3124
2985
3087
3046
3040
3105
3007
3101
3055
3044
3108
2996
3124
3034
3051
3109
3004
3116
3035
3048
3111
2998
3120
3011
3068
3098
3020
3117
3028
3056
3100
3016
3114
3032
3064
3077
3011
3123
3005
3078
3093
3018
3109
3004
3077
3088
3023
3124
2995
3100
3070
3036
3115
3002
3084
3084
3035
3106
2999
3098
3082
3027
3122
2981
3095
3064
3039
3117
2995
3100
3051
3045
3106
3000
3114
3030
3048
3111
3010
3120
3051
3046
3113
3006
3116
3031
3065
3099
3031
3110
3034
3058
3111
3017
3105
3019
3064
3103
3013
3127
3013
3078
3074
3032
3114
3009
3081
3073
3035
3117
3001
3091
3071
3050
3110
2981
3108
3083
3033
