2388,5000
3040
3057
3113
2991
3113
3033
3065
3106
2994
3111
3026
3074
3100
3005
3120
3017
3065
3093
3019
3121
3025
3065
3100
3007
3131
3010
3078
3084
3005
3119
3010
3073
3092
3026
3110
3003
3081
3069
3041
3119
2990
3097
3064
3022
3123
2993
3091
3055
3028
3118
2987
3091
3072
3043
3104
2980
3096
3052
3054
3110
2987
3116
3043
3056
3106
3005
3109
3029
3049
3097
2997
3120
3033
3071
3100
2988
3125
3024
3069
3108
3008
3130
3018
3067
3106
3020
3127
3010
3072
3089
3008
3130
3012
3086
3076
3023
3115
3004
3098
3074
3018
3117
3003
3078
3081
3037
3124
3001
3086
3088
3029
3124
2993
3109
3060
3030
3124
2990
3100
3083
3041
3119
2990
3103
3067
3051
3121
2987
3108
3058
3056
3116
2999
3123
3039
3059
3106
3000
3133
3030
3062
3100
3013
3122
3024
3070
3111
3027
3134
3020
3087
3096
3026
3127
3021
3066
3089
3015
3132
3011
3090
3085
3020
3130
3008
3089
3090
3028
3125
3005
3087
3082
3033
3125
2999
3091
3072
3033
3118
3002
3103
3077
3041
3117
3000
3114
3074
3044
3116
2989
3124
3054
3044
3117
2980
3113
3037
3069
3105
3006
3114
3047
3052
3102
3011
3121
3029
3064
3098
3015
3128
3019
3075
3101
3015
3120
3008
3072
3097
3009
3124
3012
3081
3085
3030
3127
3006
3070
3076
3020
3121
3013
3084
3091
3024
3125
2990
3098
3077
3041
3118
3000
3092
3068
3043
3123
2996
3105
3060
3053
3125
3003
3117
3070
3044
3114
2988
3115
3045
3061
3108
3010
3122
3042
3066
3113
2997
3124
3029
3068
3106
3017
3127
3040
3072
3103
3012
3128
3028
3081
3099
3026
3133
3018
3072
3115
3019
3128
3022
3079
3084
3031
3124
3021
3090
3087
3036
3136
3007
3112
3081
3035
3129
3020
3106
3077
3036
3125
2985
3118
3070
3045
3121
3008
3105
3073
3043
3127
2994
3121
3061
3063
3118
3007
3124
3064
3069
3117
3006
3114
3041
3060
3120
3010
3127
3029
3056
3114
3006
3138
3030
3063
3121
3009
3134
3030
3069
3093
3021
3129
3024
3068
3103
3027
3128
3003
3090
3083
3026
3135
3019
3083
3090
3029
3132
3003
3106
3081
3039
3131
2998
3108
3093
3039
3124
2985
3101
3075
3052
3115
3002
3109
3079
3067
3111
3018
3118
3060
3056
3110
2993
3122
3050
3069
3102
3003
3117
3036
3057
3116
3014
3132
3038
3069
3116
3033
3130
3020
3076
3112
3010
3132
3021
3082
3088
3019
3119
3034
3078
3095
3034
3131
3011
3091
3085
3039
3127
2995
3083
3084
3023
3121
3010
3102
3067
3023
3123
2997
3095
3067
3061
3122
2984
3111
3064
3045
3114
2998
3108
3057
3053
3117
2997
3118
3066
3042
3114
2997
3123
3064
3052
3109
3008
3113
3031
3080
3102
2998
3113
3020
3067
3102
3022
3129
3025
3056
3101
3010
3120
3023
3062
3089
3023
3120
3007
3086
3085
3025
3118
3012
3077
3077
3047
3121
3006
3081
3079
3038
3124
2988
3104
3068
3052
3118
2985
3107
3067
3041
3114
2997
3100
3061
3053
3111
2979
3119
3045
3057
3109
3004
3110
3046
3073
3107
3005
3121
3049
3060
3106
3004
3118
3036
3059
3111
3003
3126
3029
3071
3101
3016
3128
3029
3065
3086
3032
3128
3021
3060
3095
3020
3129
3009
3086
3082
3023
3113
3006
3073
3098
3045
3123
2992
3089
3074
3040
3119
3005
3094
3056
3045
3110
2993
3102
3074
3033
3112
2980
3096
3059
3056
3109
2998
3112
3049
3053
3115
2992
3100
3046
3056
3112
2986
3129
3039
3059
3096
3013
3112
3048
3057
3110
3004
3136
3024
3067
3113
3009
3114
3006
3078
3089
3016
3130
3015
3085
3080
3005
3136
3010
3086
3081
3018
3121
3018
3087
3071
3026
3121
2993
3081
3065
3038
3119
2988
3100
3058
3047
3109
2995
3106
3055
3049
3109
2989
3110
3079
3050
3099
2994
3113
3065
3053
3115
3004
3111
3031
3057
3099
2993
3121
3032
3064
3095
3007
3118
3027
3074
3100
3006
3121
3013
3060
3093
3014
3123
3009
3069
3089
3034
3127
3006
3083
3093
3018
3132
3013
3095
3073
3037
3122
3008
3086
3082
3024
3121
2988
3084
3075
3031
3115
2983
3112
3059
3042
3114
2998
3103
3073
3034
3117
2996
3098
3067
3046
3105
2979
3100
3055
3052
3118
2995
3122
3036
3059
3113
3006
3128
3035
3051
3102
3011
3124
3030
3061
3102
3014
3115
3028
3070
3105
3018
3129
3015
3072
3100
3021
3120
3012
3078
3081
3016
3136
3005
3083
3070
3016
3125
2997
3096
3071
3048
3126
2995
3096
3075
3044
3115
2993
3092
3082
3047
3115
2990
3100
3064
3036
3100
2994
3105
3060
3051
3118
2985
3112
3053
3055
3106
2985
3104
3044
3053
3112
3010
3120
3022
3072
3098
3009
3115
3022
3056
3095
3023
3115
3014
3075
3095
3018
3117
3033
3076
3092
3041
3121
3010
3078
3076
3027
3125
3004
3092
3087
3025
3112
2996
3099
3073
3044
3119
2999
3098
3074
3038
3122
2987
3101
3050
3031
3119
2989
3121
3063
3036
3116
2988
3107
3059
3050
3111
2983
3116
3053
3054
3116
2992
3118
3023
3063
3102
3009
3126
3036
3053
3108
2999
3135
3024
3065
3098
3004
3118
3010
3064
3111
3003
3122
3009
3065
3093
3021
3128
3013
3079
3071
3041
3123
3014
3076
3078
3021
3128
2991
3108
3074
3021
3117
2981
3099
3066
3042
3116
2999
3093
3053
3037
3111
2990
3105
3052
3049
3118
2983
3122
3056
3039
3106
2981
3108
3056
3047
3112
2994
3121
3028
3054
3109
3010
3118
3021
3063
3104
3024
3125
3015
3072
3083
3013
3127
3010
3064
3096
3010
3129
3005
3085
3083
3028
3124
3005
3071
3084
3029
3121
3024
3089
3077
3026
3121
2986
3101
3076
3026
3122
2987
3091
3067
3036
3115
2974
3096
3066
3044
3109
2998
3100
3039
3060
3107
3000
3106
3049
3057
3110
2998
3111
3047
3058
3106
2997
3121
3024
3069
3104
2999
3131
3016
3075
3093
3004
3131
3016
3083
3087
3017
3123
3009
3075
3084
3032
3129
3005
3093
3089
3018
3126
2994
3072
3088
3025
3124
3006
3090
3077
3020
3123
2986
3113
3064
3023
3121
2987
3107
3074
3033
3106
2989
3097
3053
3064
3120
2991
3105
3061
3044
3116
2997
3107
3048
3048
3115
2992
3129
3033
3067
3099
3003
3114
3019
3069
3099
3026
3127
3025
3053
3108
3011
3133
3020
3060
3098
3014
3126
3024
3083
3080
3018
3122
3009
3084
3083
3032
3121
3008
3080
3070
3046
3118
2986
3104
3070
3040
3113
3000
3105
3080
3026
3117
2996
3107
3059
3036
3121
2991
3110
3059
3060
3112
2994
3121
3068
3043
3105
2993
3114
3030
3058
3096
3000
3112
3042
3065
3098
3012
3119
3035
3068
3096
3024
3120
3029
3072
3095
3011
3131
3018
3065
3077
3014
3120
3008
3086
3087
3020
3127
3004
3079
3092
3025
3126
3001
3096
3079
3052
3128
2990
3089
3070
3036
3115
2995
3093
3080
3046
3115
2997
3109
3074
3044
3108
2986
3112
3057
3048
3128
2984
3112
3041
3057
3108
3004
3115
3047
3060
3104
3006
3117
3034
3051
3105
3007
3126
3034
3064
3096
3009
3116
3021
3057
3106
3013
3140
3020
3069
3096
3012
3134
3010
3092
3093
3041
3135
2996
3104
3081
3017
3127
2995
3085
3070
3031
3126
2992
3112
3077
3045
3113
2996
3098
3054
3046
3113
2996
3102
3060
3046
3102
2994
3104
3043
3058
3112
3011
3107
3045
3047
3118
3004
3107
3036
3051
3111
3009
3116
3041
3054
3098
3019
3126
3030
3073
3098
3007
3136
3015
3073
3103
3023
3135
3010
3066
3093
3011
3139
3011
3072
3083
3025
3129
3002
3098
3073
3023
3125
2993
3102
3068
3031
3112
2994
3095
3072
3036
3116
3001
3095
3055
3040
3108
2983
3115
3060
3040
3116
2990
3117
3057
3057
3116
2995
3108
3046
3062
3109
2997
3122
3025
3072
3102
2999
3128
3029
3064
3104
2998
3134
3032
3063
3108
3016
3121
3031
3061
3087
3012
3126
3003
3067
3094
3021
3120
3012
3082
3070
3029
3118
3016
3090
3065
3040
3118
2989
3103
3067
3042
3114
2990
3095
3058
3059
3123
2994
3106
3066
3043
3120
2992
3114
3053
3051
3104
3000
3110
3055
3055
3122
2991
3118
3036
3057
3114
3015
3115
3029
3070
3099
3003
3138
3024
3069
3098
3006
3129
3022
3062
3096
3006
3126
3016
3082
3089
3018
3131
3006
3094
3083
3032
3131
3000
3077
3088
3021
3128
2999
3090
3078
3033
3112
2990
3097
3079
3034
3123
2990
3094
3065
3065
3122
2994
3101
3065
3040
3117
3014
3119
3045
3043
3100
3004
3118
3040
3055
3108
3009
3115
3048
3061
3124
2999
3115
3036
3060
3117
3008
3130
3025
3061
3087
3005
3121
3015
3077
3102
3012
3119
3021
3076
3084
3027
3118
3015
3096
3089
3026
3132
2992
3091
3075
3022
3127
2991
3088
3079
3032
3129
3003
3097
3064
3044
3116
2980
3112
3060
3041
3112
2996
3110
3051
3055
3109
2989
3110
3044
3065
3111
2999
3122
3045
3049
3110
2997
3119
3026
3056
3113
2997
3129
3028
3061
3106
3013
3141
3040
3064
3101
3021
3124
3039
3069
3090
3012
3125
3014
3086
3099
3015
3127
2997
3089
3100
3027
3118
3007
3089
3080
3032
3117
3008
3099
3074
3036
3119
2981
3111
3064
3042
3104
2989
3097
3058
3053
3114
3006
3121
3046
3056
3120
2993
3114
3040
3062
3107
3004
3115
3060
3048
3105
2991
3124
3036
3052
3119
3011
3115
3030
3064
3107
3017
3121
3008
3074
3089
3007
3139
3011
3062
3092
3006
3128
3015
3073
3075
3021
3135
3001
3091
3084
3029
3119
2997
3083
3076
3020
3117
2991
3088
3074
3029
3112
2997
3098
3061
3055
3108
3004
3100
3069
3065
3101
2978
3121
3051
3055
3111
3002
3108
3031
3056
3105
3010
3111
3042
3057
3098
3007
3118
3037
3064
3096
2995
3130
3018
3055
3102
3020
3125
3010
3078
3089
3025
3120
3030
3071
3104
3024
3123
3016
3080
3081
3028
3121
2993
3080
3075
3051
3113
2997
3084
3070
3039
3121
2993
3103
3057
3040
3112
2984
3110
3058
3034
3119
2982
3120
3064
3062
3106
2977
3119
3040
3042
3104
2989
3118
3043
3057
3101
2998
3127
3025
3062
3103
3008
3115
3023
3071
3091
3016
3117
3034
3066
3099
3014
3128
3018
3057
3099
3015
3137
3001
3088
3081
3025
3130
3005
3092
3076
3010
3120
2996
3098
3080
3031
3127
2988
3099
3063
3044
3116
2976
3093
3070
3035
3120
2993
3109
3053
3046
3103
2981
3107
3056
3052
3102
3006
3103
3037
3065
3105
2994
3125
3031
3061
3112
2999
3116
3031
3051
3087
2995
3132
3030
3069
3097
3014
3114
3013
3074
3096
3014
3116
3020
3073
3089
3021
3118
3020
3070
3068
3012
3126
3007
3094
3076
3030
3117
2995
3098
3069
3019
3113
2979
3102
3072
3035
3122
2978
3111
3056
3034
3129
2990
3098
3053
3039
3111
2995
3104
3058
3054
3118
3001
3116
3043
3051
3104
3010
3104
3031
3053
3109
3002
3132
3026
3064
3100
3017
3123
3030
3067
3093
3004
3127
3010
3079
3086
3014
3118
3003
3064
3079
3011
3127
3015
3080
3084
3022
3122
2994
3096
3066
3020
3123
2993
3100
3063
3035
3110
2993
3092
3075
3033
3107
2994
3098
3064
3041
3127
2992
3095
3039
3064
3103
3010
3108
3051
3062
3101
2992
3115
3028
3063
3098
3008
3113
3041
3065
3108
3001
3124
3014
3070
3092
3008
3118
3015
3080
3093
3008
3125
3008
3073
3092
3024
3127
2997
3076
3094
3021
3128
3014
3076
3079
3028
3121
2991
3080
3068
3032
3110
2999
3093
3075
3037
3121
2990
3097
3069
3049
3106
2988
3105
3052
3053
3109
3000
3113
3037
3041
3112
2990
3125
3038
3069
3103
3002
3119
3041
3072
3111
2993
3126
3023
3078
3104
3016
3118
3018
3056
3102
3012
3129
3014
3077
3094
3017
3132
3019
3074
3090
3009
3123
3017
3077
3086
3028
3125
2992
3072
3067
3022
3124
2997
3099
3065
3044
3115
2998
3097
3079
3029
3116
2984
3116
3058
3044
3110
2988
3109
3046
3067
3106
2995
3122
3037
3042
3115
2994
3120
3027
3059
3104
2992
3114
3037
3064
3088
3003
3124
3026
3054
3101
3017
3121
3022
3061
3098
3014
3122
3011
3061
3092
3013
3122
3015
3077
3082
3018
3128
2993
3091
3079
3020
3127
2993
3080
3088
3027
3134
2986
3084
3072
3032
3107
3008
3107
3077
3030
3113
2985
3112
3074
3051
3104
2997
3103
3053
3043
3117
2992
3100
3032
3060
3102
2994
3122
3031
3061
3093
3007
3127
3036
3062
3095
3012
3125
3020
3071
3102
3007
3115
3009
3074
3084
3025
3122
3019
3071
3075
3025
3122
3013
3077
3069
3017
3115
2998
3083
3066
3033
3111
3002
3089
3081
3030
3122
2988
3086
3064
3038
3109
2996
3100
3077
3037
3118
2994
3101
3048
3054
3111
3011
3107
3036
3061
3106
3001
3105
3049
3054
3109
3006
3111
3037
3061
3101
3004
3120
3036
3054
3102
3005
3128
3013
3064
3099
3009
3122
3003
3087
3084
3019
3137
3001
3083
3075
3020
3129
3010
3084
3088
3019
3125
2990
3098
3067
3034
3125
2982
3089
3075
3034
3110
2984
3108
3056
3059
3110
2998
3103
3058
3037
3125
2990
3120
3048
3052
3101
2995
3106
3047
3044
3102
2997
3123
3027
3051
3113
3013
3113
3030
3060
3091
3014
3129
3026
3071
3082
3002
3134
3014
3065
3099
3012
3117
3013
3067
3092
3013
3124
2997
3089
3073
3035
3121
2997
3078
3071
3028
3115
3005
3090
3072
3040
3122
2980
3095
3058
3034
3112
2983
3107
3055
3049
3108
2999
3107
3047
3035
3115
2991
3106
3049
3056
3106
2988
3127
3036
3066
3097
2997
3126
3024
3067
3098
3004
3127
3019
3062
3099
3002
3116
3011
3070
3099
3007
3130
3010
3069
3086
3019
3115
3012
3084
3079
3022
3122
3000
3084
3075
3034
3135
2998
3096
3064
3034
3120
3001
3095
3058
3036
3119
2994
3092
3072
3046
3105
2973
3092
3064
3051
3115
2982
3103
3042
3039
3114
2992
3122
3033
3054
3096
2993
3111
3039
3053
3105
3011
3109
3031
3061
3096
3021
3117
3012
3055
3105
3016
3130
3003
3080
3080
3031
3128
3006
3070
3084
3013
3124
3001
3088
3071
3021
3128
3006
3081
3081
3026
3119
2996
3083
3074
3032
3110
2997
3101
3078
3033
3099
2993
3102
3068
3042
3114
2997
3102
3045
3062
3111
3001
3101
3048
3060
3101
3006
3115
3042
3046
3102
2996
3132
3031
3062
3104
3008
3125
3023
3072
3095
3012
3112
3031
3064
3083
3020
3129
3004
3062
3083
3023
3122
3013
3083
3088
3020
3123
3003
3101
3087
3018
3131
3002
3087
3061
3041
3117
2991
3091
3065
3035
3120
2986
3106
3059
3046
3101
2993
3100
3064
3040
3096
2998
3105
3053
3048
3112
2990
3109
3030
3066
3114
2991
3129
3036
3059
3091
3008
3120
3046
3056
3097
3007
3127
3021
3070
3101
2998
3121
3008
3060
3096
3014
3131
3021
3067
3099
3032
3120
3025
3083
3077
3016
3123
2994
3090
3082
3023
3119
2983
3098
3059
3039
3118
2998
3092
3052
3033
3122
2989
3106
3056
3041
3104
2998
3104
3060
3060
3106
2978
3102
3048
3061
3108
2988
3124
3028
3064
3104
2994
3127
3020
3066
3092
3021
3124
3018
3066
3101
2999
3133
3011
3058
3099
3014
3129
3013
3078
3094
3023
3122
3003
3083
3087
3021
3132
3000
3098
3074
3031
3113
3005
3092
3081
3028
3120
2985
3092
3087
3051
3109
2991
3099
3070
3046
3109
3001
3100
3060
3039
3115
3002
3111
3053
3060
3105
3000
3107
3050
3052
3111
2993
3129
3028
3078
3109
3003
3116
3018
3069
3095
3017
3125
3032
3070
3088
3020
3122
3024
3079
3092
3010
3129
3025
3078
3079
3040
3116
3009
3072
3086
3025
3120
3007
3088
3067
3036
3120
3006
3100
3068
3040
3112
2983
3093
3075
3041
3116
2983
3090
3069
3043
3129
2999
3105
3045
3055
3106
3008
3115
3033
3051
3105
3004
3112
3044
3058
3108
2998
3119
3040
3064
3107
3005
3128
3022
3055
3115
3030
3120
3018
3064
3083
3022
3124
3009
3082
3089
3013
3126
3000
3086
3075
3041
3119
3006
3085
3078
3038
3121
2986
3091
3073
3025
3123
2990
3092
3065
3031
3108
2988
3107
3078
3042
3120
2987
3119
3059
3052
3107
2991
3106
3041
3042
3112
3002
3119
3039
3059
3096
3007
3120
3034
3078
3112
2997
3113
3031
3061
3094
3010
3115
3026
3069
3093
3032
3120
3004
3059
3089
3022
3120
3018
3071
3092
3024
3121
3012
3086
3073
3017
3117
3003
3086
3078
3028
3125
2987
3098
3061
3025
3123
2988
3099
3058
3046
3107
2980
3110
3054
3046
