2294,5000
3006
3025
2993
3023
3010
3006
3029
2985
3028
3010
3007
3032
2998
3026
3005
3008
3029
2996
3030
3003
3007
3025
2992
3028
3005
3009
3022
2991
3029
3003
3008
3019
2997
3033
3002
3012
3020
3003
3036
2996
3010
3012
2998
3033
3006
3010
3007
2996
3029
2997
3017
3012
3003
3035
3000
3018
3013
3008
3032
2992
3022
3007
3005
3033
2992
3032
3002
3003
3025
2992
3028
3010
3016
3025
2994
3024
3010
3014
3024
2992
3027
3002
3010
3021
2995
3030
3000
3007
3019
3000
3031
3005
3008
3024
2993
3030
2999
3013
3015
2996
3033
3004
3017
3010
3004
3034
3000
3009
3017
2995
3036
2997
3018
3012
2998
3031
2996
3023
3012
3007
3027
2995
3022
3013
3005
3033
2993
3024
3010
3002
3028
2993
3026
3008
3010
3026
2994
3030
3009
3008
3026
2997
3032
3009
3010
3026
2992
3028
2997
3008
3018
3000
3028
3005
3008
3015
2998
3033
2999
3008
3017
3004
3032
3001
3017
3012
2997
3032
2996
3015
3013
3001
3036
2997
3022
3008
3007
3033
2999
3020
3012
3005
3027
2995
3027
3014
3000
3030
2988
3026
3010
3009
3032
2995
3027
3011
3006
3031
2991
3030
3005
3010
3022
2994
3033
3004
3008
3027
2990
3033
3005
3010
3022
2995
3032
2997
3009
3020
3000
3036
2998
3015
3016
3000
3037
3000
3017
3004
2999
3036
2996
3019
3012
3008
3028
3003
3017
3017
3011
3028
2993
3029
3008
3006
3033
2994
3022
3006
3004
3030
2994
3027
3008
3013
3023
2994
3026
3008
3015
3025
2993
3027
3004
3010
3024
2997
3026
3000
3008
3021
2996
3029
3003
3014
3023
2997
3030
3013
3013
3016
2999
3031
3001
3019
3010
2995
3032
2996
3015
3010
3001
3036
2998
3018
3012
3005
3029
2997
3023
3007
3003
3037
2990
3024
3012
3009
3024
2989
3022
3009
3008
3029
2993
3026
3008
3013
3031
2998
3028
3004
3008
3030
2990
3042
3002
3010
3021
2990
3030
3001
3008
3022
3003
3029
3000
3011
3020
2998
3033
2997
3009
3019
2994
3033
3003
3017
3013
2997
3026
2999
3018
3009
3002
3035
2995
3019
3012
3001
3035
2992
3026
3006
3010
3027
2997
3025
3013
3001
3028
2993
3028
3013
3008
3033
2991
3027
3008
3011
3029
2990
3028
3011
3003
3025
2995
3037
3001
3004
3022
2995
3031
3001
3012
3020
2999
3031
3001
3015
3023
2995
3035
2998
3015
3016
2997
3038
2995
3013
3008
3000
3036
2998
3019
3013
3001
3031
2997
3021
3014
3000
3031
2995
3023
3010
3010
3032
2993
3020
3009
3004
3031
2999
3030
3003
3008
3033
2990
3033
3008
3010
3024
2996
3025
3006
3011
3024
2993
3027
2999
3010
3028
2992
3035
3001
3010
3018
2999
3035
3000
3011
3017
2997
3031
3002
3017
3017
2996
3031
3001
3012
3013
3000
3033
2998
3016
3016
2999
3038
2993
3023
3011
3005
3031
2995
3029
3013
3000
3030
2987
3026
3008
3007
3027
3001
3021
3010
3016
3027
2995
3027
3003
3007
3028
2990
3034
3006
3009
3020
2992
3034
3009
3006
3022
2999
3032
2998
3012
3021
2996
3031
2997
3015
3015
3000
3036
3000
3014
3009
3001
3038
2997
3025
3009
3003
3032
2994
3019
3012
3001
3029
2993
3023
3011
3009
3035
3001
3020
3010
3002
3028
2992
3025
3007
3007
3029
2993
3027
3008
3014
3031
2986
3028
3004
3009
3026
2997
3029
3000
3009
3018
3000
3029
3002
3013
3018
2998
3041
2997
3014
3012
2997
3036
3000
3015
3015
3001
3038
2998
3015
3016
2996
3033
2998
3019
3013
3002
3036
2996
3023
3009
3001
3030
2993
3027
3009
3008
3029
2991
3028
3013
3007
3028
2994
3033
3002
3009
3025
2996
3028
3002
3006
3024
2994
3031
3006
3010
3022
2993
3034
3002
3011
3022
2998
3036
3001
3007
3018
2998
3036
2998
3010
3015
2996
3033
3007
3012
3016
2998
3035
3002
3022
3015
3002
3033
2997
3015
3013
3003
3036
2994
3024
3008
3005
3030
2998
3024
3008
3004
3027
2996
3023
3009
3014
3028
2992
3024
3012
3009
3027
2994
3027
3003
3007
3024
2993
3033
3008
3004
3024
2996
3034
3003
3011
3019
2995
3031
3004
3014
3017
2996
3033
3000
3015
3012
3001
3041
2994
3013
3005
3000
3033
2997
3020
3013
2999
3031
2996
3026
3013
2997
3034
2992
3029
3005
3007
3030
2994
3022
3004
3008
3029
2996
3024
3009
3005
3029
2991
3027
3008
3008
3025
3000
3025
3004
3010
3025
2993
3027
3000
3017
3018
2999
3033
2997
3011
3017
2998
3033
3002
3009
3012
3002
3030
3002
3016
3014
2996
3030
2994
3015
3017
3003
3033
2998
3019
3009
3006
3032
2997
3027
3004
3004
3029
2995
3024
3010
3003
3033
2987
3026
3010
3008
3027
3001
3020
3007
3010
3030
2990
3027
3002
3010
3027
2994
3031
3003
3008
3018
2991
3033
3005
3015
3016
2998
3029
3000
3012
3019
2999
3029
3001
3010
3018
2993
3036
3001
3011
3007
2998
3031
2999
3022
3009
3003
3030
2996
3019
3011
3006
3028
2996
3022
3013
3008
3033
2993
3024
3007
3007
3023
2996
3025
3012
3010
3028
2990
3026
3015
3006
3028
2987
3031
3005
3007
3027
2996
3028
2996
3009
3015
2995
3032
3003
3009
3021
2994
3042
2998
3013
3013
3000
3030
3002
3015
3014
3000
3031
2997
3007
3012
3002
3040
2995
3022
3009
2999
3035
2999
3022
3010
2999
3032
2998
3018
3012
3007
3026
2989
3025
3007
3008
3028
2993
3026
3006
3015
3025
2996
3029
3007
3005
3025
2993
3028
3006
3010
3022
2991
3028
3003
3011
3022
2995
3041
2995
3009
3016
2997
3035
2998
3012
3019
2997
3037
3001
3015
3011
2994
3033
2995
3018
3015
2997
3036
2998
3014
3015
3006
3030
2995
3018
3013
3005
3031
2998
3024
3010
3002
3026
2992
3022
3008
3008
3030
2993
3025
3008
3011
3027
2995
3025
3006
3009
3025
2997
3032
3002
3009
3022
3000
3028
3002
3010
3020
2998
3035
3000
3017
3014
2996
3032
2999
3014
3011
3001
3040
2993
3014
3009
3001
3033
2998
3019
3016
2999
3033
2996
3022
3016
2999
3030
2993
3022
3011
3009
3028
2992
3020
3006
3008
3029
2997
3029
3005
3014
3026
2999
3029
3007
3011
3020
2994
3030
3005
3010
3025
2995
3030
3007
3004
3023
2998
3032
3002
3012
3017
3002
3037
3005
3010
3012
2998
3034
2997
3018
3016
3004
3027
2997
3018
3012
3002
3036
2996
3015
3011
3002
3035
3002
3015
3010
3005
3028
2994
3032
3015
3003
3025
2991
3024
3007
3011
3027
2995
3027
3007
3010
3028
2995
3031
3001
3018
3018
2998
3029
3005
3008
3016
2992
3033
3000
3016
3015
3001
3028
2998
3011
3017
3000
3031
3001
3013
3011
2997
3034
2997
3017
3008
2999
3031
2998
3020
3014
3002
3035
2992
3021
3014
3009
3031
2992
3025
3009
3010
3030
2996
3023
3006
3005
3030
3002
3020
3006
3008
3029
2987
3031
3013
3009
3022
2993
3030
3004
3010
3023
2997
3033
2994
3009
3020
2998
3031
3000
3010
3018
2997
3032
3002
3010
3012
2998
3034
3001
3013
3013
3003
3035
2991
3014
3010
3001
3040
2991
3019
3013
2995
3030
2997
3020
3008
3004
3035
2997
3024
3011
3008
3024
2993
3024
3007
3009
3026
2992
3027
3004
3007
3025
2998
3030
3002
3007
3023
2993
3029
3004
3010
3017
2992
3029
2999
3015
3020
2996
3035
2995
3014
3016
3001
3040
3002
3005
3011
2996
3033
2997
3016
3006
2999
3029
2995
3014
3011
2999
3032
3000
3020
3012
3007
3036
2990
3021
3009
3006
3028
2996
3025
3014
3000
3023
2990
3026
3012
3004
3029
2993
3025
3005
3012
3027
2990
3027
3003
3007
3023
2996
3032
3006
3003
3015
2993
3038
2996
3015
3021
2998
3030
3001
3012
3015
3002
3027
2998
3018
3006
3004
3032
2993
3015
3008
2999
3034
3002
3014
3012
3003
3029
2997
3023
3014
3005
3028
2996
3030
3007
3007
3029
2991
3021
3003
3009
3032
2994
3027
3007
3015
3022
2996
3031
3007
3008
3026
2990
3031
3001
3012
3027
2994
3029
3002
3011
3019
2998
3031
3002
3013
3015
3003
3041
2997
3011
3009
2999
3039
2992
3019
3007
2998
3030
2999
3014
3016
2998
3034
2996
3024
3008
3009
3030
2998
3023
3009
3007
3028
2994
3031
3007
3005
3024
2996
3021
3012
3005
3025
2995
3033
3004
3009
3023
3003
3023
3003
3009
3023
2991
3031
3001
3008
3018
2993
3031
2999
3012
3023
3000
3033
2996
3014
3013
3002
3027
2997
3013
3011
3001
3034
3000
3014
3009
2996
3032
2997
3020
3011
3009
3029
3000
3019
3012
3005
3028
2989
3023
3009
3004
3030
2993
3022
3004
3007
3026
2995
3028
3003
3011
3034
2989
3030
3006
3010
3022
2989
3031
3003
3010
3022
3002
3035
2994
3013
3018
2998
3034
2998
3015
3011
2995
3036
2999
3016
3007
2998
3033
3000
3016
3014
3001
3033
2995
3013
3015
3006
3028
2999
3025
3013
3000
3032
2995
3025
3006
3004
3027
2992
3022
3008
3007
3023
2995
3016
3009
3008
3026
2997
3028
3003
3013
3020
3002
3027
3002
3003
3021
2994
3032
3002
3010
3017
2992
3028
2997
3011
3015
2997
3032
2999
3012
3015
2998
3035
2996
3013
3009
2998
3036
3005
3013
3009
3001
3034
2995
3021
3011
3002
3032
2994
3019
3009
3008
3028
2990
3022
3007
3005
3026
2997
3022
3003
3004
3022
2988
3023
3011
3005
3028
2988
3029
3002
3010
3022
2988
3027
2999
3012
3016
2996
3030
2996
3006
3011
2996
3032
3000
3011
3017
3001
3032
3003
3012
3014
3000
3025
2999
3014
3011
3003
3034
2992
3012
3007
2999
3035
2991
3023
3009
3002
3026
2993
3023
3010
3009
3022
2997
3020
3008
3008
3028
2988
3023
3002
3013
3024
2993
3027
3006
3010
3022
2999
3029
3003
3005
3018
2992
3031
3001
3010
3018
2992
3029
2995
3011
3012
3001
3034
3006
3006
3014
2998
3038
3001
3011
3007
2998
3034
3000
3013
3012
2998
3033
2989
3019
3010
3004
3036
2991
3022
3008
3004
3029
2995
3022
3007
3007
3027
2991
3027
3007
3008
3020
2990
3026
3005
3008
3028
2993
3027
3003
3009
3022
2995
3029
2998
3007
3019
2994
3035
3001
3008
3013
2992
3031
3006
3010
3018
2996
3034
3003
3009
3014
3002
3026
2996
3016
3010
2998
3032
3000
3015
3006
2998
3030
2992
3023
3010
3008
3025
2998
3019
3011
3009
3026
2991
3024
3010
3006
3030
2994
3027
2999
3006
3023
2995
3028
3003
3006
3022
2997
3029
3004
3007
3019
2992
3030
2999
3013
3014
2998
3030
2995
3006
3017
2996
3031
3001
3017
3014
3001
3038
2994
3017
3009
2996
3034
2993
3014
3011
3003
3030
2994
3014
3012
3004
3035
2993
3022
3010
3001
3025
2999
3030
3005
3010
3024
2994
3026
3004
3013
3028
2985
3026
3000
3010
3029
2990
3030
3003
3009
3019
2998
3037
2994
3010
3017
3001
3027
3004
3015
3011
2994
3030
2996
3012
3013
2998
3031
2999
3011
3008
3001
3030
2998
3011
3015
2997
3029
2995
3020
3008
3002
3027
2992
3023
3006
3008
3033
2993
3021
3009
3007
3036
2985
3024
3010
3009
3025
3001
3022
3004
3007
3019
2995
3030
3005
3007
3022
2991
3037
2996
3013
3017
2991
3031
2996
3011
3017
2999
3039
2990
3012
3012
2995
3034
3000
3013
3012
2998
3037
2992
3018
3010
2997
3031
2995
3015
3011
3006
3028
2992
3017
3004
3004
3030
2995
3026
3007
3010
3035
3005
3025
3010
3008
3024
2995
3020
3007
3006
3028
2988
3025
3001
3009
3026
2992
3027
3005
3011
3021
2995
3032
3003
3009
3017
2994
3032
3003
3007
3018
3000
3024
3008
3012
3014
2998
3031
2996
3014
3010
3006
3028
2997
3012
3008
2998
3030
2993
3020
3010
2996
3026
2992
3017
3013
3003
3031
3000
3019
3007
3011
3026
2996
3024
3001
3008
3023
2993
3022
3008
3002
3023
2989
3029
3007
3008
3021
2994
3030
3002
3008
3020
2995
3029
3003
3005
3015
2994
3033
3003
3007
3012
2993
3033
3003
3009
3013
2998
3031
2994
3015
3011
3001
3035
2994
3010
3010
3001
3031
2997
3015
3013
2994
3033
2995
3020
3009
3006
3027
2993
3025
3010
3006
3024
2990
3024
3005
3010
3025
3000
3021
3000
3005
3021
2994
3029
3004
3006
3021
2991
3034
2997
3011
3017
2994
3032
2997
3009
3020
2998
3028
2995
3008
3012
2997
3033
2998
3014
3010
3000
3038
2994
3021
3004
2999
3031
2991
3018
3012
3002
3028
2991
3019
3010
3012
3024
2998
3026
3005
3005
3027
2993
3025
3012
3005
3029
2990
3023
3005
3009
3020
2992
3026
3002
3007
3027
2987
3031
3000
3008
3021
3001
3028
2997
3006
3015
2997
3037
2996
3013
3011
2991
3035
2993
3016
3011
2998
3034
2996
3015
3011
3002
3040
2992
3015
3009
3003
3032
3001
3017
3010
2999
3029
2990
3022
3009
3004
3028
2991
3023
3008
3004
3029
2993
3024
3006
3014
3019
2995
3028
2999
3004
3020
3003
3036
3000
3008
3023
2995
3029
3001
3011
3027
2989
3039
2997
3014
3014
2997
3034
2997
3008
3014
2994
3032
2999
3013
3009
3000
3032
2997
3024
3013
2996
3030
2996
3019
3008
3005
3030
2992
3024
3004
3004
3035
2991
3023
3009
3013
3022
2995
3019
3009
3007
3025
2989
3030
3003
3016
3026
2995
3027
3000
3007
3027
2990
3033
3002
3008
3019
2996
3030
3000
3008
3013
2999
3029
2998
3016
3012
2997
3033
2993
3015
3013
3004
3028
2997
3013
3011
3001
3032
2997
3014
3013
3003
3032
2991
3021
3012
2999
3023
2993
3017
3010
3007
3033
2992
3024
3008
3010
3027
2994
3020
3009
3003
3024
2994
3030
3004
3009
3019
2988
3032
3006
3012
3020
2995
3029
3001
3012
3026
3002
3025
2996
3012
3019
2993
3035
3003
3009
3012
2996
3033
2997
3013
3012
2999
3033
2994
3016
3018
3002
3031
3000
3016
3013
3002
3035
2993
3020
3006
3005
3026
2994
3025
3014
3001
3026
2994
3020
3010
3011
3025
2996
3027
3007
3010
3030
2994
3023
3001
3004
3022
2992
3029
3001
3007
3018
2990
3031
3002
3012
3015
2999
3029
2997
3011
3016
3000
3032
2997
3015
3007
3002
3036
2998
3015
3009
2999
3036
2994
3018
3007
2998
3036
2997
3016
3013
3002
3024
2990
3025
3003
3006
3027
2994
3024
3009
3005
3028
2998
3026
3006
3008
3025
2991
3025
3011
3005
3024
2993
3027
3002
3009
3020
2997
3032
2998
3009
3017
3002
3029
2999
3004
3019
2992
3032
3001
3017
3007
2995
3028
3004
3010
3016
2995
3040
2995
3015
3013
3002
3032
2994
3023
3005
3001
3029
2995
3021
3011
2997
3033
2996
3024
3011
3008
3030
2993
3022
3008
3009
3027
2991
3024
3003
3011
3024
2993
3029
3003
3009
3016
2992
3032
3005
3007
3024
2999
3029
3001
3014
3017
2995
3030
3000
3010
3017
2998
3035
2998
3010
3015
2997
3034
3001
3011
3012
2997
3032
3001
3015
3013
2998
3031
3003
3021
3011
3009
3031
2992
3019
3006
3005
3030
2994
3025
3008
3009
3029
2995
3024
3011
3007
3027
2998
3025
3009
3010
3031
2992
3026
3000
3011
3026
2989
3033
3002
3009
3018
2996
3034
3000
3011
3018
2999
3031
3001
3020
3011
2997
3029
2998
3015
3013
3000
3035
3003
3028
3007
3004
3039
3003
3015
3012
2999
3032
2995
3026
3012
3001
3028
3001
3019
3010
3007
3032
2991
3027
3011
3007
3030
2994
3022
3005
3013
3028
2996
3027
3011
3012
3017
2991
3032
3002
3012
3024
3002
3026
3000
3012
3023
2998
3032
2998
3011
3015
3001
3037
3005
3008
3023
2992
3036
3000
3015
3013
3005
3030
2997
3018
3014
3003
3031
2999
3027
3010
3002
3036
2997
3018
3010
3002
3033
2994
3022
3011
3009
3028
2995
3023
3011
3009
3026
2990
3028
3012
3008
3027
2996
3027
3003
3015
3019
2996
3037
3008
3010
3023
2995
3031
3005
3016
3012
3001
3034
3000
3013
3015
2999
3032
2994
3014
3009
3001
3035
2996
3025
3017
3002
3033
3000
3016
3010
2997
3034
2997
3019
3013
3006
3027
2989
3027
3009
3006
3029
2995
3025
3008
3005
3027
3002
3023
3002
3010
3029
2996
3027
3008
3010
3024
2991
3027
3008
3005
3022
2994
3034
3000
3009
3024
2996
3032
2999
3009
3020
2998
3035
3001
3013
3015
3029
3033
3003
3017
3016
3002
3036
3000
3019
3015
3004
3037
3006
3028
3037
3011
3032
3001
3026
3015
3000
3031
2996
3028
3013
3012
3035
2996
3045
3006
3012
3031
2995
3033
3006
3007
3031
3000
3038
3002
3014
3020
3006
3036
3006
3019
3027
3002
3036
3007
3016
3023
2998
3047
3002
3018
3028
3000
3042
3008
3017
3021
3000
3040
3006
3021
3018
3013
3034
3002
3028
3023
3003
3034
3004
3029
3023
3016
3040
3002
3028
3016
3013
3039
3002
3030
3017
3016
3035
2999
3030
3017
3014
3035
2999
3032
3010
3019
3032
3001
3038
3009
3016
3031
3006
3038
3014
3013
3024
3006
3044
3004
3016
3020
3004
3037
3000
3021
3021
3001
3040
3006
3016
3016
3002
3037
3002
3021
3016
3005
3037
3002
3020
3012
3005
3032
2997
3029
3017
3000
3029
2993
3026
3010
3009
3035
2990
3025
3009
3008
3027
2994
3025
3007
3005
3031
2989
3029
3004
3006
3019
2989
3034
3002
3009
3025
2992
3030
2999
3013
3018
2998
3029
3014
3014
3015
2997
3030
3000
3011
3011
2994
3034
2999
3020
3009
2997
3041
2997
3015
3010
3002
3026
2992
3016
3012
2997
3032
2995
3018
3008
3000
3030
2995
3026
3009
3008
3027
2991
3025
3007
3009
3025
2987
3028
3000
3011
3021
2995
3028
3001
3001
3021
2995
3031
3003
3017
3019
2997
3032
2998
3010
3016
2998
3027
2998
3008
3016
2997
3029
2998
3010
3015
2994
3033
2995
3018
3009
2995
3028
3006
3024
3007
2996
3032
2996
3016
3010
3003
3025
2994
3017
3009
3002
3026
2997
3020
3003
3005
3024
2993
3028
2998
3007
3027
2991
3023
3006
3009
3026
2989
3024
3006
3008
3019
2993
3028
2998
3004
3019
2996
3032
2997
3007
3013
2997
3029
2999
3011
3014
2988
3032
2996
3013
