2756,10000
828,1558,20274,16438
825,1561,20202,16337
824,1554,20168,16316
832,1549,20481,16499
821,1570,20092,16228
823,1560,20109,16356
831,1543,20402,16426
826,1576,20172,16300
824,1550,20197,16402
821,1578,20028,16217
824,1548,20174,16404
822,1564,20099,16312
827,1556,20286,16377
825,1554,20160,16412
818,1586,19951,16211
832,1547,20492,16512
826,1568,20245,16341
829,1559,20338,16400
830,1556,20489,16478
825,1566,20153,16337
830,1565,20215,16424
829,1560,20348,16380
822,1573,20118,16320
824,1560,20203,16381
828,1584,20315,16329
832,1545,20490,16502
831,1535,20439,16459
825,1573,20213,16335
822,1575,20124,16309
820,1575,20010,16216
846,1598,20832,16789
830,1559,20420,16448
832,1569,20411,16418
831,1558,20392,16447
829,1551,20324,16371
832,1554,20479,16515
831,1569,20452,16419
829,1551,20387,16462
826,1556,20274,16378
826,1572,20250,16328
845,1584,20786,16769
829,1569,20296,16347
829,1561,20312,16384
830,1545,20425,16447
827,1578,20302,16362
828,1558,20347,16474
825,1560,20182,16320
826,1565,20246,16362
831,1538,20440,16475
821,1559,20101,16299
827,1550,20258,16479
820,1574,20014,16245
820,1561,20006,16252
821,1561,20049,16283
822,1565,20052,16296
830,1572,20338,16555
835,1561,20444,16573
824,1569,20095,16295
821,1558,20064,16318
824,1563,20152,16374
822,1568,20087,16330
823,1568,20127,16335
829,1572,20199,16372
822,1562,20116,16296
823,1570,20148,16338
824,1544,20178,16407
820,1579,19974,16241
821,1562,20126,16386
820,1562,20076,16306
822,1571,20098,16296
824,1550,20176,16402
822,1567,20043,16258
823,1547,20155,16382
822,1555,20091,16335
822,1574,20083,16341
837,1576,20466,16642
819,1569,20025,16232
823,1564,20117,16344
822,1567,20099,16327
821,1559,20066,16301
824,1554,20120,16359
825,1599,20063,16253
827,1569,20291,16506
833,1576,20333,16467
822,1565,20119,16309
822,1549,20079,16328
820,1577,19981,16239
825,1546,20210,16456
821,1570,20086,16285
839,1575,20539,16619
823,1564,20116,16342
827,1567,20201,16386
839,1583,20554,16703
820,1572,19941,16206
828,1551,20223,16447
828,1554,20263,16464
834,1572,20430,16551
837,1584,20527,16682
820,1572,20009,16263
821,1553,20053,16290
821,1552,20084,16340
820,1572,20044,16268
827,1561,20279,16483
820,1572,20040,16226
823,1557,20166,16362
823,1556,20108,16357
822,1564,20070,16330
825,1550,20213,16447
819,1569,20009,16240
822,1565,20148,16325
821,1555,20080,16317
821,1567,20075,16302
824,1547,20210,16413
818,1572,19963,16224
821,1567,20051,16309
821,1558,20066,16305
822,1560,20104,16295
823,1551,20141,16353
818,1585,19948,16201
824,1554,20145,16393
821,1571,20018,16281
821,1552,20076,16318
823,1550,20167,16410
819,1578,20014,16212
827,1545,20336,16478
822,1557,20033,16270
821,1558,20031,16288
822,1557,20089,16321
820,1564,20027,16290
824,1550,20205,16404
822,1557,20084,16336
821,1580,20067,16274
826,1564,20268,16495
824,1588,19968,16222
824,1552,20192,16421
822,1549,20105,16340
822,1552,20103,16302
823,1563,20155,16371
818,1575,19954,16180
823,1554,20166,16392
822,1555,20098,16346
822,1557,20109,16344
823,1558,20138,16363
820,1575,20026,16241
825,1553,20275,16456
821,1569,20043,16269
825,1569,20128,16341
822,1562,20082,16324
823,1565,20118,16336
823,1550,20194,16349
819,1573,20009,16256
823,1550,20133,16342
822,1559,20096,16335
821,1563,20010,16272
826,1556,20233,16464
828,1585,20118,16333
822,1569,20136,16318
824,1553,20135,16361
820,1572,19994,16251
824,1546,20183,16418
820,1575,19989,16234
824,1549,20214,16429
823,1565,20149,16368
831,1567,20323,16477
827,1559,20320,16491
821,1589,19981,16195
820,1565,20052,16294
822,1557,20105,16349
819,1583,20060,16262
824,1553,20219,16392
820,1576,20015,16261
834,1575,20455,16602
832,1553,20319,16513
824,1568,20143,16382
828,1563,20197,16402
820,1579,19984,16248
825,1561,20203,16390
821,1550,20073,16302
820,1569,20043,16278
822,1558,20098,16331
819,1573,19978,16243
823,1548,20193,16406
822,1547,20122,16341
822,1565,20136,16328
824,1557,20225,16405
818,1588,19927,16163
825,1551,20203,16442
829,1569,20233,16458
824,1560,20178,16381
823,1573,20082,16271
819,1583,19953,16204
824,1552,20205,16412
825,1550,20153,16378
823,1562,20096,16345
822,1550,20132,16386
818,1579,19897,16169
826,1549,20275,16444
821,1562,20086,16285
824,1560,20159,16390
821,1521,20065,16288
821,1554,20029,16251
824,1545,20192,16408
825,1567,20190,16378
827,1552,20200,16368
823,1568,20197,16357
821,1563,20049,16286
823,1553,20123,16369
818,1573,19951,16211
824,1562,20171,16356
826,1552,20271,16455
822,1578,20058,16316
824,1539,20215,16398
817,1568,19923,16187
819,1535,20035,16351
830,1584,20198,16399
821,1581,20000,16243
824,1543,20230,16397
823,1580,20023,16271
826,1558,20204,16435
833,1578,20318,16495
819,1556,20006,16270
826,1559,20246,16467
820,1569,19986,16225
823,1554,20134,16330
821,1576,20105,16279
821,1558,20048,16312
825,1559,20186,16436
818,1575,19931,16188
821,1559,20087,16306
837,1570,20493,16617
821,1570,20031,16282
823,1554,20177,16404
822,1575,20052,16302
823,1559,20120,16352
822,1561,20077,16333
821,1557,20040,16288
822,1552,20154,16351
820,1567,20008,16246
829,1564,20214,16402
820,1571,20023,16258
820,1570,20024,16280
821,1570,20109,16331
820,1569,20024,16238
824,1541,20215,16413
822,1567,20142,16315
821,1552,20034,16291
824,1539,20143,16387
817,1581,19881,16144
826,1547,20259,16438
822,1556,20113,16298
823,1551,20140,16361
822,1559,20114,16319
828,1577,20190,16384
829,1561,20323,16511
826,1558,20194,16419
827,1576,20130,16340
823,1560,20171,16361
820,1573,20015,16268
823,1547,20132,16368
822,1568,20080,16339
823,1560,20113,16359
824,1545,20155,16390
822,1557,20079,16312
826,1561,20306,16475
820,1578,20074,16251
823,1567,20152,16392
823,1564,20118,16352
823,1567,20109,16341
824,1547,20191,16405
823,1557,20136,16328
822,1574,20100,16340
825,1559,20182,16399
821,1567,20030,16269
826,1562,20259,16484
818,1588,19917,16160
820,1571,20029,16292
822,1555,20114,16322
819,1572,20019,16242
826,1543,20252,16460
819,1581,19986,16241
820,1552,20047,16335
822,1555,20120,16322
829,1549,20252,16442
832,1559,20362,16512
820,1580,20069,16237
822,1568,20073,16322
820,1572,20022,16251
835,1565,20418,16590
822,1558,20139,16331
831,1563,20363,16512
823,1554,20129,16376
822,1563,20097,16332
824,1570,20164,16382
830,1570,20203,16437
818,1566,19945,16202
825,1553,20209,16450
820,1547,20078,16277
823,1555,20125,16372
822,1546,20108,16345
818,1569,19935,16194
823,1552,20125,16382
822,1553,20106,16319
825,1568,20174,16381
835,1578,20521,16645
822,1570,20123,16287
823,1570,20116,16346
823,1556,20144,16384
836,1577,20448,16626
823,1554,20183,16376
823,1567,20117,16331
825,1551,20217,16444
822,1572,20130,16326
827,1551,20228,16445
830,1557,20268,16475
828,1588,20186,16398
828,1559,20281,16486
835,1566,20451,16579
823,1558,20147,16366
826,1566,20117,16375
823,1551,20087,16337
823,1536,20143,16399
822,1563,20085,16277
822,1556,20119,16342
822,1556,20140,16341
832,1567,20426,16573
822,1563,20142,16360
819,1559,19963,16235
822,1565,20075,16315
829,1551,20322,16488
830,1550,20356,16515
824,1551,20196,16427
821,1563,20047,16286
820,1561,20042,16287
822,1555,20075,16344
822,1565,20098,16338
824,1557,20182,16434
816,1572,20064,16255
836,1580,20461,16635
827,1573,20151,16344
822,1555,20074,16326
823,1545,20133,16377
817,1582,19992,16205
824,1563,20169,16381
821,1555,20105,16303
823,1569,20165,16332
821,1561,20077,16330
823,1569,20080,16320
828,1561,20181,16392
821,1568,20104,16301
819,1552,20040,16255
827,1545,20219,16445
820,1587,19979,16221
825,1550,20209,16439
821,1556,20024,16289
824,1542,20137,16394
827,1573,20136,16345
820,1577,20035,16229
823,1553,20173,16384
822,1560,20076,16308
821,1578,20053,16295
823,1561,20105,16359
820,1573,20000,16231
822,1560,20144,16341
823,1540,20168,16377
824,1556,20190,16365
824,1558,20103,16344
818,1576,19924,16186
825,1551,20194,16439
820,1560,20117,16311
824,1559,20201,16398
821,1556,20097,16339
820,1567,20024,16265
823,1551,20160,16395
822,1545,20065,16321
822,1563,20110,16353
821,1559,20072,16327
823,1554,20154,16328
824,1551,20201,16423
819,1571,19973,16228
822,1562,20100,16328
825,1561,20201,16441
833,1588,20284,16430
823,1548,20179,16384
820,1571,20045,16266
823,1567,20141,16320
821,1559,20079,16297
825,1548,20157,16399
837,1570,20451,16625
834,1557,20427,16567
826,1572,20165,16363
820,1555,20028,16293
827,1554,20236,16424
834,1582,20428,16624
818,1568,19967,16195
821,1563,20040,16293
821,1561,20073,16308
821,1563,20088,16276
824,1553,20194,16426
827,1556,20201,16409
827,1566,20139,16328
822,1554,20081,16325
823,1578,20099,16323
823,1544,20170,16386
821,1565,20085,16273
826,1553,20281,16445
822,1568,20058,16302
821,1570,20031,16286
827,1562,20227,16429
823,1594,20034,16232
830,1563,20360,16532
832,1577,20259,16431
820,1564,20061,16272
824,1561,20188,16393
818,1569,19931,16200
826,1556,20248,16466
834,1571,20314,16489
826,1565,20141,16309
823,1554,20137,16381
818,1574,19948,16188
825,1556,20230,16455
821,1577,20048,16317
821,1573,20113,16296
824,1541,20173,16398
830,1598,20173,16331
824,1549,20218,16383
820,1572,20041,16269
821,1549,20100,16350
824,1543,20151,16400
820,1571,20033,16259
827,1565,20303,16491
824,1582,20055,16266
822,1552,20118,16354
822,1546,20099,16339
821,1573,20036,16300
823,1550,20127,16385
819,1577,19970,16237
821,1561,20101,16299
823,1553,20157,16386
820,1576,20028,16272
826,1555,20250,16468
820,1579,19997,16272
825,1565,20216,16403
826,1556,20137,16324
823,1562,20159,16356
825,1548,20280,16448
820,1566,19973,16243
821,1556,20045,16290
822,1570,20081,16338
822,1564,20122,16349
826,1566,20304,16467
819,1565,19985,16254
821,1567,20073,16294
827,1543,20251,16462
835,1589,20356,16532
835,1602,20471,16672
820,1543,20012,16271
823,1556,20158,16381
821,1548,20055,16280
822,1559,20071,16318
822,1560,20118,16343
823,1589,20051,16255
825,1551,20233,16446
822,1565,20065,16274
824,1555,20181,16379
825,1566,20166,16332
822,1566,20063,16313
823,1550,20159,16393
821,1563,20047,16291
821,1569,20092,16312
823,1568,20175,16334
821,1567,20039,16291
824,1548,20215,16431
821,1558,20061,16304
821,1561,20037,16291
822,1561,20100,16352
820,1568,19981,16249
824,1556,20193,16396
819,1562,20042,16280
826,1544,20167,16406
826,1565,20145,16364
822,1570,20047,16294
822,1543,20129,16355
824,1557,20188,16399
822,1555,20140,16343
823,1555,20173,16373
823,1568,20132,16344
822,1555,20122,16361
822,1567,20029,16299
821,1555,20105,16307
824,1550,20218,16409
819,1560,20000,16255
825,1555,20240,16441
818,1564,19957,16221
823,1560,20090,16357
823,1567,20130,16364
821,1558,20020,16274
825,1553,20228,16412
820,1585,20000,16219
821,1563,20052,16302
822,1573,20126,16344
820,1562,20034,16303
828,1581,20334,16530
819,1580,19986,16218
824,1554,20180,16377
822,1550,20147,16349
823,1560,20138,16357
823,1549,20151,16387
821,1583,20020,16276
824,1576,20107,16268
824,1553,20186,16391
819,1583,19998,16241
824,1549,20195,16390
817,1576,19918,16158
822,1559,20104,16342
822,1561,20096,16323
821,1567,20035,16290
824,1541,20205,16403
822,1578,20106,16259
822,1546,20126,16370
822,1560,20090,16331
820,1574,19982,16258
823,1556,20185,16403
819,1591,19971,16202
824,1547,20208,16424
822,1558,20098,16293
822,1565,20088,16327
823,1552,20105,16365
818,1566,19933,16208
826,1543,20275,16454
823,1573,20127,16317
824,1563,20077,16329
824,1546,20205,16402
820,1574,20016,16251
826,1555,20239,16468
820,1565,20061,16306
823,1555,20163,16414
828,1562,20333,16488
833,1563,20395,16568
826,1559,20241,16468
820,1554,20017,16277
822,1557,20057,16330
823,1557,20183,16380
819,1565,20025,16240
828,1560,20324,16516
826,1591,20115,16264
822,1556,20104,16336
822,1568,20070,16303
821,1571,20017,16264
824,1555,20211,16399
821,1576,20035,16247
823,1555,20115,16347
822,1562,20124,16324
821,1581,20034,16290
829,1565,20301,16522
825,1574,20048,16259
822,1561,20091,16343
822,1554,20163,16342
823,1569,20121,16338
824,1544,20196,16389
821,1565,20033,16265
823,1552,20098,16381
821,1580,20106,16306
819,1562,20022,16251
825,1555,20287,16467
820,1568,20100,16266
823,1544,20122,16371
820,1571,20057,16297
822,1570,20070,16314
833,1562,20397,16556
827,1565,20205,16378
838,1569,20487,16635
828,1569,20140,16341
821,1578,20048,16288
822,1549,20116,16371
818,1616,19928,16193
829,1563,20315,16520
836,1578,20512,16657
823,1557,20162,16353
823,1572,20088,16320
818,1587,19915,16164
823,1548,20143,16378
821,1569,20090,16314
829,1550,20269,16453
837,1599,20559,16675
827,1589,20143,16279
825,1555,20143,16380
822,1565,20101,16339
821,1567,20048,16311
822,1561,20139,16330
820,1577,20038,16230
823,1547,20157,16384
821,1560,20098,16313
821,1574,20098,16321
822,1558,20098,16343
821,1574,20008,16261
822,1555,20096,16329
825,1549,20202,16385
830,1581,20205,16395
822,1551,20115,16348
820,1567,19998,16261
822,1543,20124,16379
819,1570,19989,16238
823,1565,20173,16388
822,1566,20133,16308
824,1559,20195,16387
823,1546,20149,16376
819,1574,19958,16208
822,1565,20105,16341
823,1559,20134,16365
826,1564,20271,16445
838,1563,20477,16640
819,1575,20000,16230
821,1556,20099,16327
821,1545,20077,16348
821,1570,20073,16325
827,1570,20287,16520
825,1587,20077,16264
822,1559,20102,16330
820,1561,20025,16276
820,1570,20039,16297
822,1541,20117,16369
822,1564,20094,16305
824,1578,20082,16283
822,1559,20136,16334
822,1562,20112,16318
822,1563,20158,16384
818,1570,19934,16201
827,1544,20238,16434
824,1555,20174,16379
821,1572,20069,16245
822,1557,20121,16370
819,1578,20015,16254
822,1552,20139,16356
822,1568,20078,16340
821,1556,20062,16307
823,1548,20107,16374
820,1566,20021,16241
825,1551,20228,16425
823,1563,20135,16379
823,1578,20106,16324
821,1551,20046,16305
819,1573,19993,16222
827,1551,20241,16454
824,1563,20134,16314
824,1554,20181,16370
822,1567,20107,16349
821,1584,19927,16174
823,1552,20142,16389
821,1567,20129,16318
823,1601,20149,16361
826,1556,20194,16424
821,1581,20002,16215
825,1550,20210,16432
819,1564,19984,16245
820,1558,20081,16318
823,1544,20106,16360
822,1569,20137,16328
823,1531,20152,16351
819,1574,19957,16211
819,1557,20132,16362
821,1560,20058,16327
823,1569,20119,16339
824,1564,20197,16402
822,1572,20100,16302
822,1565,20110,16298
827,1550,20265,16468
834,1555,20350,16558
828,1564,20292,16521
835,1585,20362,16494
835,1577,20515,16643
835,1575,20443,16617
829,1570,20170,16349
823,1549,20150,16398
821,1572,19999,16265
822,1553,20048,16315
822,1561,20045,16316
823,1565,20147,16338
825,1549,20211,16426
819,1576,19962,16210
832,1554,20343,16536
823,1557,20125,16360
820,1570,20012,16243
824,1548,20205,16411
819,1570,20020,16226
826,1561,20219,16428
821,1568,20060,16309
821,1568,20048,16299
821,1559,20086,16328
819,1590,19979,16196
830,1564,20372,16536
828,1572,20246,16442
835,1584,20383,16520
825,1573,20113,16329
816,1572,19850,16121
824,1561,20193,16466
820,1572,20032,16277
822,1560,20108,16300
822,1550,20113,16340
818,1575,19970,16205
825,1549,20232,16440
823,1557,20081,16360
821,1574,20098,16314
820,1552,20054,16265
821,1573,20059,16238
827,1565,20341,16491
826,1564,20123,16333
822,1563,20103,16339
822,1546,20099,16353
821,1575,20031,16250
826,1550,20278,16454
820,1575,20001,16242
822,1556,20104,16353
823,1553,20124,16375
822,1579,20041,16302
826,1549,20203,16433
817,1569,19936,16196
822,1580,20146,16310
827,1555,20190,16412
823,1576,20083,16345
824,1550,20190,16419
820,1559,19993,16267
822,1566,20128,16346
821,1566,20061,16280
822,1563,20108,16319
825,1558,20296,16451
820,1569,19995,16259
820,1568,20020,16270
821,1570,20067,16307
821,1564,20078,16288
826,1561,20307,16486
819,1584,19964,16241
822,1567,20100,16299
822,1562,20095,16328
820,1567,20016,16246
825,1558,20184,16424
819,1578,19971,16223
828,1547,20309,16478
832,1589,20243,16431
818,1561,19971,16228
823,1544,20143,16392
818,1566,19922,16217
823,1548,20163,16378
822,1555,20117,16331
821,1568,20092,16299
824,1548,20253,16405
821,1564,20036,16292
827,1557,20254,16476
834,1586,20367,16559
837,1561,20441,16596
822,1549,20173,16348
819,1569,19946,16211
826,1561,20240,16455
821,1562,20072,16313
822,1575,20072,16315
826,1547,20213,16417
832,1576,20297,16478
832,1555,20316,16478
821,1575,20060,16288
821,1561,20072,16312
821,1556,20096,16327
820,1579,19963,16240
824,1543,20207,16411
824,1561,20160,16369
824,1564,20195,16365
822,1552,20144,16343
819,1556,19979,16256
825,1551,20182,16438
817,1574,19890,16173
824,1572,20203,16383
822,1546,20129,16307
820,1556,20022,16268
824,1548,20229,16438
818,1582,19933,16184
824,1559,20159,16406
822,1551,20071,16327
821,1567,20032,16283
824,1546,20236,16416
818,1580,19953,16180
823,1557,20110,16347
821,1561,20079,16291
820,1564,20009,16273
826,1552,20292,16474
818,1586,19956,16180
824,1562,20187,16366
822,1560,20160,16332
822,1565,20074,16322
823,1545,20164,16409
819,1567,19990,16226
821,1569,20102,16319
821,1551,20097,16316
821,1571,20062,16290
823,1567,20148,16361
819,1563,19970,16231
824,1550,20131,16373
820,1573,20005,16251
821,1564,20045,16280
824,1548,20204,16401
818,1579,19948,16191
826,1544,20226,16434
822,1567,20081,16338
821,1555,20017,16295
824,1561,20147,16376
818,1580,19955,16178
823,1547,20202,16403
821,1570,20119,16300
820,1563,20062,16322
822,1546,20072,16313
823,1573,20084,16276
828,1561,20330,16509
837,1577,20527,16654
820,1570,20036,16280
824,1565,20196,16405
816,1581,19838,16110
835,1566,20395,16580
828,1590,20165,16363
822,1548,20069,16312
826,1571,20163,16333
819,1573,19965,16204
823,1547,20160,16402
822,1569,20090,16324
824,1546,20139,16373
825,1565,20187,16402
823,1573,20114,16341
824,1537,20190,16381
820,1567,20038,16243
821,1556,20087,16338
820,1555,20043,16305
819,1565,19983,16240
824,1556,20233,16431
824,1574,20153,16339
831,1598,20202,16401
837,1579,20489,16638
823,1556,20104,16342
823,1549,20140,16380
820,1578,20007,16245
821,1566,20054,16308
827,1554,20344,16492
822,1571,20048,16254
824,1545,20208,16426
818,1571,19965,16209
821,1561,20021,16308
822,1557,20093,16323
822,1571,20101,16319
827,1563,20322,16490
822,1595,20040,16189
823,1563,20122,16359
824,1564,20135,16383
820,1561,19979,16227
823,1546,20196,16390
822,1572,20098,16286
823,1555,20146,16362
821,1556,20115,16324
821,1561,20036,16276
828,1558,20285,16484
830,1598,20182,16385
834,1563,20346,16550
822,1567,20113,16295
821,1578,20063,16281
827,1554,20199,16447
817,1580,19931,16190
823,1550,20158,16409
820,1570,20068,16271
822,1570,20143,16340
822,1552,20134,16319
821,1585,20061,16255
823,1551,20133,16375
822,1548,20097,16350
822,1550,20087,16335
823,1550,20147,16360
821,1582,20012,16223
824,1548,20172,16410
823,1543,20159,16383
823,1566,20112,16361
822,1558,20096,16344
820,1573,19974,16225
824,1552,20152,16408
819,1566,20040,16226
822,1571,20116,16344
828,1557,20227,16424
821,1573,20028,16277
823,1541,20128,16376
819,1590,19989,16208
820,1560,20088,16295
821,1571,20123,16317
821,1564,20139,16306
824,1552,20164,16365
821,1584,20016,16278
826,1575,20100,16317
822,1569,20108,16339
820,1571,20100,16281
825,1551,20221,16449
822,1575,20057,16272
821,1576,20051,16276
820,1549,20008,16274
820,1555,20008,16266
824,1560,20210,16458
819,1570,20009,16213
821,1551,20058,16301
824,1554,20146,16377
819,1555,19985,16250
825,1552,20158,16407
822,1558,20091,16318
822,1566,20109,16299
823,1576,20157,16335
821,1567,20099,16276
822,1556,20096,16340
830,1558,20291,16536
824,1556,20197,16424
823,1577,20129,16333
823,1559,20162,16366
825,1563,20126,16341
821,1573,20031,16261
822,1553,20150,16376
821,1549,20064,16312
820,1576,20024,16273
822,1548,20112,16348
820,1564,20020,16241
825,1563,20241,16454
822,1550,20111,16349
821,1559,20065,16304
821,1555,20064,16328
819,1571,19981,16220
827,1556,20291,16484
834,1586,20348,16502
822,1556,20134,16303
824,1553,20151,16395
821,1571,19996,16257
824,1543,20158,16404
820,1565,20079,16305
836,1579,20534,16655
831,1566,20237,16437
822,1585,20048,16300
823,1549,20182,16406
822,1558,20054,16307
823,1559,20103,16358
822,1546,20086,16346
831,1557,20360,16501
828,1558,20272,16454
828,1558,20194,16411
837,1588,20470,16652
822,1560,20068,16330
822,1563,20115,16325
824,1554,20183,16409
819,1570,20024,16238
826,1547,20231,16419
821,1558,20066,16305
822,1576,20077,16324
824,1560,20201,16445
817,1574,19975,16179
822,1571,20128,16291
821,1554,20038,16290
826,1566,20126,16358
827,1553,20284,16491
818,1576,19926,16168
823,1561,20139,16387
832,1577,20259,16445
832,1577,20297,16446
823,1559,20135,16367
819,1571,19968,16215
837,1584,20518,16660
820,1568,20000,16272
822,1567,20078,16330
824,1548,20194,16405
816,1577,20013,16225
825,1550,20231,16402
821,1569,20066,16298
820,1564,20018,16276
822,1549,20067,16307
819,1583,20013,16225
825,1550,20261,16448
828,1573,20146,16359
821,1597,20095,16331
823,1547,20115,16376
834,1567,20333,16530
830,1567,20231,16412
825,1547,20184,16422
824,1567,20097,16285
823,1563,20152,16360
819,1576,19941,16207
823,1550,20154,16391
821,1561,20029,16269
825,1564,20185,16394
829,1570,20200,16378
822,1562,20083,16288
824,1548,20231,16408
821,1558,20066,16286
821,1571,20050,16293
826,1539,20207,16436
830,1583,20212,16390
823,1546,20203,16401
820,1569,20011,16257
821,1557,20090,16299
823,1572,20120,16361
821,1567,20008,16279
823,1547,20138,16401
820,1583,19995,16252
821,1572,20142,16317
821,1518,20092,16312
825,1556,20169,16391
839,1590,20580,16718
819,1572,19950,16232
824,1555,20178,16402
821,1550,20118,16325
824,1565,20152,16346
825,1550,20255,16411
834,1565,20400,16572
834,1574,20406,16599
820,1553,20053,16292
826,1559,20201,16390
836,1560,20465,16574
829,1587,20159,16328
822,1569,20099,16318
821,1572,20065,16303
823,1548,20100,16347
821,1556,20074,16337
822,1565,20045,16300
823,1552,20193,16374
822,1559,20094,16324
820,1572,19997,16261
824,1551,20153,16410
814,1563,19864,16140
825,1555,20223,16439
824,1550,20159,16388
822,1577,20112,16323
824,1548,20217,16409
817,1582,19916,16180
823,1546,20160,16400
821,1559,20042,16296
822,1562,20114,16326
823,1557,20176,16353
819,1588,19973,16227
824,1544,20199,16394
821,1567,20072,16310
821,1555,20045,16297
822,1563,20073,16329
817,1581,19931,16179
827,1551,20290,16466
821,1554,20106,16328
823,1572,20118,16345
822,1560,20099,16314
821,1562,20008,16284
822,1553,20149,16353
820,1567,20051,16271
823,1559,20180,16384
824,1547,20219,16382
820,1578,20003,16250
826,1557,20217,16450
819,1564,19947,16203
823,1555,20145,16361
822,1554,20158,16352
822,1569,20103,16323
824,1554,20236,16426
818,1572,19959,16227
820,1565,20034,16275
822,1573,20095,16348
820,1566,20029,16292
825,1553,20230,16406
819,1574,19997,16233
820,1563,20036,16305
827,1569,20252,16488
819,1584,19982,16231
830,1556,20365,16555
833,1565,20392,16566
829,1548,20326,16480
836,1560,20460,16597
834,1569,20406,16596
827,1562,20242,16467
823,1566,20007,16218
823,1563,20125,16342
821,1559,20100,16303
823,1556,20116,16361
837,1567,20468,16605
830,1579,20205,16381
820,1548,20097,16344
822,1561,20101,16329
821,1560,20052,16287
823,1557,20175,16365
819,1573,19966,16201
823,1545,20159,16395
820,1569,20036,16299
821,1576,20060,16302
822,1552,20086,16315
819,1587,19976,16215
824,1546,20244,16419
826,1548,20234,16414
820,1570,20059,16289
825,1546,20210,16444
822,1571,20040,16278
827,1565,20221,16386
823,1556,20167,16362
820,1547,20014,16282
825,1550,20237,16453
818,1592,19911,16166
823,1552,20164,16401
821,1557,20075,16319
823,1561,20084,16353
824,1557,20198,16388
819,1570,19977,16228
834,1598,20474,16675
832,1587,20283,16440
828,1574,20143,16366
822,1552,20113,16342
822,1561,20077,16296
825,1551,20255,16430
820,1578,20055,16266
827,1550,20230,16425
826,1557,20127,16352
821,1567,20050,16301
824,1552,20206,16401
820,1574,20058,16260
821,1562,20074,16321
821,1556,20133,16343
823,1564,20099,16358
824,1555,20179,16423
818,1569,19963,16232
820,1566,20025,16285
824,1558,20113,16312
821,1556,20084,16310
828,1572,20313,16537
818,1584,19955,16193
836,1572,20421,16617
825,1552,20199,16421
821,1579,20068,16274
825,1541,20231,16421
819,1570,20043,16257
825,1549,20214,16419
824,1556,20073,16298
820,1571,19988,16267
824,1548,20196,16401
819,1585,20026,16231
820,1555,20172,16416
822,1559,20128,16340
821,1567,20021,16273
823,1567,20169,16396
820,1551,20055,16304
822,1553,20121,16378
822,1557,20123,16325
822,1567,20120,16337
822,1562,20082,16308
817,1574,19880,16142
822,1541,20107,16374
822,1566,20119,16338
822,1567,20118,16325
821,1542,20135,16322
827,1586,20115,16318
824,1547,20152,16389
822,1572,20068,16310
821,1566,20062,16315
822,1562,20127,16328
820,1573,20039,16254
823,1553,20163,16382
821,1546,20091,16312
823,1560,20110,16354
818,1557,20027,16276
820,1577,20018,16256
823,1554,20112,16353
825,1567,20178,16350
826,1575,20139,16312
823,1552,20158,16391
820,1560,20034,16254
822,1552,20122,16363
818,1585,19961,16169
822,1549,20119,16351
826,1554,20269,16469
829,1590,20226,16334
824,1536,20184,16426
820,1560,19984,16262
822,1558,20087,16350
823,1550,20165,16359
821,1571,20095,16289
825,1548,20214,16433
834,1571,20408,16581
821,1578,20041,16269
824,1560,20145,16370
822,1568,20016,16260
823,1562,20189,16436
821,1563,20063,16265
822,1568,20094,16329
820,1571,20064,16294
820,1555,20085,16312
824,1544,20133,16398
819,1575,20012,16224
824,1550,20194,16402
820,1576,20061,16258
824,1560,20208,16361
825,1560,20108,16327
819,1582,19981,16229
823,1556,20136,16376
821,1560,20106,16307
823,1570,20118,16320
823,1559,20150,16382
819,1579,19970,16213
828,1556,20288,16497
827,1579,20123,16331
822,1555,20036,16312
826,1554,20211,16451
831,1600,20205,16354
823,1540,20149,16372
822,1561,20079,16347
821,1556,20079,16305
822,1564,20093,16345
819,1578,20058,16275
831,1571,20263,16430
823,1558,20186,16374
822,1561,20154,16339
823,1613,20124,16374
834,1567,20358,16539
823,1553,20138,16371
836,1578,20468,16628
822,1556,20132,16327
823,1551,20173,16407
821,1570,20050,16254
823,1544,20163,16387
820,1557,19991,16252
822,1565,20088,16348
820,1564,20037,16265
822,1567,20121,16324
824,1546,20187,16413
819,1568,19953,16203
821,1557,20048,16314
821,1559,20037,16305
822,1563,20110,16351
825,1547,20214,16424
821,1581,20060,16263
822,1571,20113,16295
821,1571,20091,16334
834,1582,20406,16608
825,1554,20221,16453
820,1578,20023,16256
824,1552,20212,16388
822,1573,20069,16277
822,1580,20134,16329
822,1565,20130,16351
821,1559,20037,16299
821,1570,20073,16307
823,1549,20136,16384
820,1579,20070,16273
823,1548,20170,16372
818,1562,19952,16209
826,1559,20223,16450
819,1545,20023,16347
823,1551,20134,16357
826,1551,20252,16469
830,1593,20230,16369
824,1544,20214,16373
821,1567,20052,16290
821,1564,20049,16312
821,1570,20061,16322
818,1583,19989,16209
823,1551,20194,16388
825,1556,20114,16356
823,1556,20149,16348
821,1558,20064,16304
819,1571,19995,16250
824,1552,20156,16405
821,1571,20037,16307
822,1567,20160,16358
823,1559,20099,16322
819,1590,19942,16203
824,1556,20172,16381
823,1551,20095,16364
822,1560,20125,16332
822,1573,20124,16320
824,1568,20128,16330
825,1550,20254,16433
819,1571,20003,16256
823,1555,20096,16334
819,1537,20013,16247
820,1559,20045,16274
825,1542,20279,16450
818,1588,19931,16183
826,1540,20206,16413
834,1555,20361,16548
822,1566,20071,16322
824,1567,20168,16407
820,1579,19967,16228
823,1565,20170,16343
826,1559,20248,16451
832,1590,20225,16437
824,1552,20196,16420
818,1566,19932,16209
822,1563,20125,16351
822,1566,20120,16356
821,1546,20106,16311
825,1551,20254,16442
819,1572,20009,16236
824,1556,20132,16367
821,1564,20031,16286
831,1580,20205,16362
824,1539,20232,16426
822,1553,20067,16322
822,1555,20074,16280
820,1569,20048,16295
820,1569,20022,16276
822,1545,20099,16360
820,1574,19983,16237
824,1549,20242,16431
822,1567,20052,16292
836,1571,20425,16605
829,1568,20223,16406
818,1576,19903,16175
827,1571,20326,16528
826,1571,20130,16325
820,1568,20075,16270
822,1558,20158,16328
820,1572,19994,16244
822,1550,20105,16346
823,1547,20146,16390
819,1568,20025,16257
822,1571,20147,16322
827,1599,20084,16268
823,1553,20166,16366
822,1555,20074,16307
823,1555,20115,16343
823,1548,20053,16299
817,1571,20006,16277
823,1558,20188,16367
822,1551,20141,16360
821,1565,20078,16312
822,1557,20117,16348
821,1569,20022,16295
825,1553,20211,16407
821,1565,20062,16296
823,1550,20147,16354
822,1564,20157,16329
822,1547,20038,16304
822,1559,20096,16332
821,1589,20015,16256
821,1566,20089,16302
820,1563,20116,16305
821,1573,20017,16245
824,1552,20215,16424
818,1582,19942,16195
820,1563,20039,16288
823,1561,20124,16381
821,1572,20047,16296
823,1554,20198,16375
820,1569,19997,16235
821,1564,20082,16310
822,1555,20090,16326
828,1542,20193,16434
836,1561,20410,16570
818,1582,19951,16175
823,1573,20157,16332
820,1566,20075,16271
828,1546,20206,16433
837,1598,20517,16697
822,1578,19967,16205
825,1551,20199,16404
825,1558,20226,16408
822,1586,20019,16221
823,1552,20165,16374
819,1570,19970,16231
823,1557,20147,16383
820,1578,20022,16263
820,1585,20022,16276
826,1560,20278,16462
827,1588,20067,16271
824,1544,20188,16400
820,1570,20044,16278
821,1560,20040,16297
821,1553,20110,16333
833,1575,20353,16534
823,1550,20188,16368
822,1550,20158,16334
821,1563,20023,16275
823,1548,20126,16367
820,1578,19977,16238
829,1559,20328,16493
820,1575,20105,16273
825,1552,20173,16403
833,1566,20286,16461
819,1570,19973,16217
826,1558,20230,16476
822,1564,20040,16289
821,1554,20077,16322
826,1562,20158,16336
819,1590,19976,16206
827,1542,20256,16464
822,1579,19983,16221
820,1570,20016,16277
825,1555,20200,16396
824,1604,20158,16376
830,1563,20385,16539
832,1598,20265,16390
821,1569,20032,16258
825,1560,20204,16373
822,1557,20064,16316
824,1557,20236,16418
821,1574,20076,16259
821,1564,20020,16254
822,1557,20135,16352
821,1568,20041,16304
823,1544,20156,16416
820,1577,20010,16264
819,1554,20006,16265
826,1557,20222,16406
819,1581,19963,16189
827,1558,20294,16498
819,1573,19950,16208
820,1557,20067,16294
821,1569,20079,16306
822,1573,20115,16326
823,1557,20192,16372
821,1576,20095,16265
822,1556,20134,16363
820,1573,20023,16266
821,1564,20021,16292
823,1555,20187,16379
819,1561,20008,16226
826,1553,20233,16451
824,1570,20181,16358
821,1561,20034,16287
836,1579,20440,16627
821,1564,20010,16265
827,1559,20162,16374
821,1572,20113,16310
821,1550,20080,16313
825,1552,20186,16418
820,1592,19941,16177
824,1548,20169,16424
823,1554,20098,16331
822,1565,20123,16321
823,1550,20189,16365
819,1568,20008,16217
827,1553,20242,16462
827,1570,20124,16332
823,1554,20091,16344
822,1566,20120,16355
820,1583,20029,16232
829,1562,20295,16505
834,1563,20418,16587
820,1577,20063,16289
830,1560,20310,16506
826,1580,20115,16304
823,1550,20133,16367
817,1572,20007,16208
820,1556,20064,16283
823,1564,20078,16326
826,1565,20150,16361
835,1565,20356,16542
833,1567,20370,16552
823,1559,20173,16374
823,1574,20136,16345
821,1575,20088,16283
825,1556,20212,16429
820,1577,19988,16240
821,1565,20049,16306
822,1568,20137,16347
819,1569,20086,16296
825,1561,20201,16440
818,1571,19983,16217
824,1560,20145,16388
821,1563,20082,16334
820,1566,20002,16284
824,1560,20217,16440
821,1576,20083,16263
826,1557,20224,16417
831,1572,20219,16419
820,1559,20060,16299
823,1548,20087,16335
820,1570,20018,16258
826,1567,20184,16373
823,1554,20143,16346
822,1562,20133,16329
824,1543,20168,16405
821,1575,20016,16254
824,1551,20139,16371
822,1562,20093,16302
830,1559,20296,16466
826,1561,20212,16422
826,1586,20061,16251
824,1547,20166,16396
832,1587,20407,16603
822,1582,20016,16244
835,1565,20362,16554
831,1583,20227,16378
824,1552,20148,16361
824,1565,20143,16351
821,1572,20053,16299
822,1550,20082,16359
820,1589,19997,16223
824,1545,20204,16406
825,1556,20223,16408
821,1560,20113,16296
823,1559,20134,16379
823,1565,20076,16325
831,1558,20237,16418
821,1563,20095,16310
823,1559,20154,16366
824,1536,20181,16398
820,1563,20011,16240
824,1552,20181,16406
819,1576,19948,16214
829,1563,20244,16457
835,1565,20370,16556
826,1577,20128,16272
823,1553,20194,16403
820,1578,20004,16235
821,1561,20057,16294
822,1556,20071,16327
822,1569,20085,16288
825,1551,20247,16447
823,1574,20150,16324
823,1555,20193,16373
820,1555,20042,16273
821,1565,20052,16317
822,1550,20160,16394
821,1567,20064,16267
820,1567,20095,16297
819,1564,19988,16237
819,1585,19998,16223
823,1548,20174,16397
821,1560,20001,16272
821,1583,20010,16258
820,1562,20047,16306
821,1571,20082,16305
822,1561,20126,16355
820,1561,19985,16235
823,1558,20134,16357
827,1555,20215,16439
835,1573,20322,16484
823,1556,20132,16321
823,1567,20113,16316
826,1544,20244,16402
823,1573,20094,16343
822,1566,20075,16299
821,1558,20076,16327
820,1576,20008,16219
828,1557,20346,16508
825,1564,20101,16302
824,1561,20180,16371
822,1557,20078,16321
821,1586,20020,16252
825,1555,20221,16447
821,1576,20023,16277
824,1551,20187,16373
824,1549,20164,16396
820,1578,20004,16257
825,1562,20143,16346
823,1562,20113,16364
822,1562,20094,16295
823,1547,20144,16369
830,1578,20302,16455
837,1579,20563,16698
820,1567,20013,16254
821,1566,20055,16303
829,1548,20291,16483
824,1578,20153,16353
830,1567,20298,16428
818,1582,19940,16184
823,1560,20133,16353
822,1535,20074,16327
819,1573,19970,16237
825,1557,20222,16462
820,1566,19959,16237
823,1563,20151,16363
823,1553,20140,16367
821,1563,20042,16276
823,1544,20176,16396
819,1557,19968,16243
821,1562,20073,16294
821,1549,20130,16318
821,1571,20070,16276
827,1566,20288,16473
819,1564,19981,16207
820,1562,20003,16286
822,1544,20072,16336
822,1569,20123,16325
824,1548,20176,16352
820,1578,20005,16253
825,1577,20120,16326
821,1554,20064,16309
822,1557,20063,16326
823,1548,20128,16361
818,1571,19951,16207
830,1557,20364,16521
821,1567,20060,16284
820,1570,20010,16250
822,1568,20121,16368
819,1575,19950,16214
824,1550,20235,16414
821,1561,20102,16328
826,1560,20217,16397
830,1577,20251,16381
817,1580,19901,16137
825,1555,20199,16423
821,1560,20024,16280
829,1555,20288,16458
827,1556,20289,16462
833,1572,20237,16436
829,1556,20234,16413
821,1550,20049,16296
822,1575,20107,16330
823,1558,20121,16376
820,1591,19934,16203
825,1548,20253,16436
819,1569,20016,16249
822,1559,20109,16348
828,1554,20266,16461
834,1561,20353,16573
827,1569,20197,16386
821,1571,20060,16293
823,1551,20136,16347
823,1560,20202,16382
820,1570,20033,16290
828,1558,20244,16484
819,1576,19932,16189
825,1560,20213,16404
824,1576,20135,16294
821,1572,20054,16307
825,1550,20199,16397
821,1584,20029,16269
820,1562,20021,16254
822,1537,20079,16339
820,1556,20002,16277
826,1544,20278,16457
820,1568,20020,16253
824,1565,20125,16354
821,1548,20068,16310
821,1559,20023,16289
824,1556,20210,16400
819,1574,20011,16257
822,1572,20134,16323
822,1574,20146,16309
821,1573,20062,16293
823,1551,20149,16400
818,1572,19951,16201
826,1551,20249,16445
824,1567,20129,16302
821,1565,20064,16299
822,1562,20116,16351
820,1579,20018,16238
825,1551,20213,16438
820,1569,20022,16262
821,1569,20059,16311
823,1542,20169,16368
818,1575,19934,16188
825,1550,20197,16427
820,1568,20040,16263
822,1568,20061,16318
822,1552,20123,16345
819,1576,19994,16215
826,1559,20259,16458
824,1561,20184,16376
823,1553,20078,16323
822,1569,20088,16337
815,1552,19990,16225
830,1565,20391,16540
828,1550,20290,16459
836,1568,20408,16578
826,1553,20146,16343
819,1586,19979,16215
823,1555,20116,16369
821,1557,20087,16315
822,1572,20096,16352
824,1563,20174,16364
821,1580,20056,16276
824,1558,20168,16372
820,1566,20025,16259
821,1567,20054,16309
822,1558,20099,16300
822,1564,20098,16332
825,1560,20217,16412
820,1567,20060,16232
825,1564,20183,16418
824,1568,20101,16327
821,1559,20036,16299
825,1552,20206,16411
820,1575,20051,16243
826,1561,20198,16405
834,1569,20357,16515
826,1567,20136,16322
823,1537,20141,16384
817,1580,19937,16197
822,1565,20072,16320
822,1554,20116,16305
820,1568,20052,16271
824,1554,20213,16442
819,1577,19958,16206
824,1563,20101,16358
819,1526,20032,16263
822,1557,20084,16330
825,1559,20254,16452
819,1577,20010,16207
823,1565,20141,16373
822,1558,20083,16326
820,1564,19988,16218
822,1551,20155,16352
819,1571,19998,16219
824,1557,20194,16407
821,1557,20044,16277
820,1572,20024,16263
823,1549,20130,16387
819,1590,19948,16201
823,1549,20142,16385
825,1563,20220,16399
826,1579,20129,16309
823,1565,20089,16301
818,1575,19955,16200
824,1546,20157,16414
823,1561,20133,16364
823,1565,20116,16345
822,1565,20175,16356
820,1572,20048,16243
828,1564,20295,16497
826,1558,20128,16341
822,1554,20099,16357
823,1571,20180,16374
822,1588,20055,16179
822,1550,20137,16384
822,1563,20105,16314
824,1553,20182,16389
833,1579,20294,16471
823,1571,20002,16242
821,1542,20077,16355
821,1581,20066,16252
820,1567,20055,16284
823,1550,20126,16353
821,1561,20043,16302
823,1563,20120,16366
822,1566,20075,16296
822,1568,20085,16281
822,1552,20162,16362
836,1559,20445,16578
823,1549,20198,16416
820,1565,20024,16258
819,1576,20009,16264
824,1545,20181,16374
822,1564,20102,16314
824,1548,20178,16419
819,1588,20011,16207
820,1568,20026,16268
822,1565,20074,16319
824,1555,20114,16310
825,1541,20176,16412
819,1579,20011,16207
824,1547,20156,16384
828,1561,20118,16315
830,1557,20241,16456
829,1558,20254,16494
833,1577,20287,16447
824,1554,20159,16348
825,1561,20209,16376
826,1576,20147,16304
824,1558,20150,16385
819,1579,19971,16234
824,1560,20174,16393
825,1568,20141,16336
822,1572,20129,16317
822,1569,20091,16338
818,1572,19979,16199
820,1556,20049,16360
823,1567,20115,16362
822,1564,20078,16320
821,1567,20038,16281
819,1579,20020,16231
824,1544,20198,16419
821,1561,20069,16316
822,1562,20071,16324
822,1547,20104,16362
818,1583,19947,16191
823,1533,20165,16368
820,1565,20061,16287
824,1554,20172,16358
823,1557,20069,16288
822,1616,20055,16310
823,1557,20134,16377
820,1557,20096,16288
823,1564,20108,16311
822,1544,20145,16375
821,1568,20066,16282
824,1558,20174,16414
817,1582,19910,16185
823,1542,20118,16358
821,1557,20077,16336
821,1557,20113,16294
823,1544,20148,16390
823,1564,20086,16317
821,1565,20037,16300
821,1555,20056,16320
830,1565,20304,16479
825,1545,20241,16446
825,1572,20188,16356
836,1583,20515,16653
826,1563,20130,16319
823,1561,20121,16351
826,1570,20246,16469
819,1585,19996,16222
824,1560,20171,16378
820,1577,20035,16265
820,1569,20068,16287
824,1545,20191,16416
818,1569,19932,16187
824,1560,20108,16353
821,1567,20029,16280
821,1560,20087,16284
830,1567,20334,16522
833,1584,20309,16486
829,1561,20301,16512
827,1578,20141,16358
822,1570,20103,16328
823,1541,20154,16370
821,1579,20081,16284
834,1570,20489,16608
824,1571,20095,16306
821,1561,20005,16248
822,1565,20072,16326
821,1565,20064,16253
823,1563,20196,16382
821,1543,20094,16325
821,1567,20051,16276
821,1565,20070,16305
819,1578,19975,16239
821,1560,20128,16415
821,1557,20050,16307
823,1561,20167,16349
823,1563,20119,16346
831,1568,20297,16484
824,1562,20198,16457
821,1551,20022,16265
822,1557,20098,16334
824,1546,20200,16398
821,1589,20032,16240
826,1549,20282,16452
820,1576,20028,16268
822,1565,20077,16325
820,1550,20058,16301
827,1569,20212,16383
838,1568,20532,16641
824,1569,20121,16329
830,1580,20241,16386
823,1560,20143,16374
820,1562,19997,16248
823,1553,20182,16421
818,1575,19948,16207
823,1562,20161,16374
822,1559,20094,16337
821,1567,20060,16299
824,1550,20156,16367
819,1580,19950,16217
823,1562,20173,16370
824,1558,20114,16314
821,1570,20128,16303
825,1547,20278,16457
821,1562,20032,16290
822,1567,20074,16320
822,1556,20115,16351
820,1569,20071,16300
823,1559,20195,16384
821,1566,20062,16278
824,1563,20161,16364
821,1567,20105,16336
821,1579,20031,16291
823,1544,20125,16384
817,1575,19891,16165
831,1562,20362,16525
836,1584,20495,16652
820,1583,19990,16204
823,1558,20125,16359
817,1572,19875,16134
824,1542,20199,16412
821,1575,20073,16285
825,1564,20182,16374
836,1573,20554,16656
821,1586,20008,16263
832,1551,20262,16461
821,1570,20040,16313
825,1562,20176,16374
822,1562,20107,16316
820,1573,19954,16224
823,1515,20171,16369
821,1558,20042,16292
824,1573,20143,16388
820,1565,20022,16284
820,1574,19983,16245
829,1570,20262,16404
821,1563,20094,16310
821,1564,20096,16325
824,1577,20153,16380
819,1569,19943,16213
824,1551,20205,16411
819,1571,19979,16220
822,1555,20127,16337
824,1563,20216,16372
822,1590,20057,16317
823,1557,20149,16385
819,1579,19969,16224
822,1561,20113,16312
822,1539,20146,16325
822,1567,20060,16309
824,1559,20172,16397
820,1567,20009,16258
821,1568,20040,16284
823,1564,20160,16321
823,1564,20065,16341
823,1541,20204,16398
821,1564,20056,16283
821,1566,20062,16297
821,1561,20044,16299
821,1556,20027,16311
824,1549,20200,16408
819,1581,19995,16208
822,1563,20139,16345
822,1574,20126,16301
822,1564,20086,16326
822,1549,20090,16348
823,1576,20094,16312
832,1578,20294,16432
821,1560,20105,16292
821,1577,20036,16269
824,1553,20176,16413
823,1571,20008,16235
823,1557,20130,16380
820,1556,20018,16280
820,1559,19960,16236
830,1556,20343,16501
832,1574,20284,16480
832,1572,20357,16560
825,1562,20214,16387
819,1579,19970,16216
823,1575,20126,16328
819,1582,19994,16217
824,1548,20201,16405
821,1533,20129,16307
821,1573,20037,16272
821,1565,20044,16311
818,1583,19959,16200
823,1559,20181,16376
825,1557,20183,16394
825,1569,20182,16385
825,1567,20113,16308
820,1575,19972,16235
824,1578,20142,16406
820,1549,20006,16275
822,1556,20075,16325
822,1560,20125,16313
822,1558,20086,16315
822,1559,20108,16353
819,1573,19964,16214
821,1567,20040,16315
823,1555,20142,16374
819,1551,20067,16281
825,1559,20226,16406
819,1585,19991,16170
822,1557,20090,16338
822,1561,20091,16315
820,1568,20017,16275
824,1547,20183,16386
823,1570,20100,16313
820,1567,20036,16274
824,1551,20213,16413
834,1591,20307,16492
826,1553,20165,16395
819,1574,19949,16225
822,1570,20081,16323
822,1555,20108,16310
820,1577,20001,16253
823,1557,20195,16431
822,1562,20051,16291
820,1570,20026,16274
822,1558,20094,16303
821,1562,20041,16242
824,1552,20214,16419
821,1571,20083,16270
828,1559,20280,16490
835,1582,20428,16608
833,1561,20369,16566
823,1561,20147,16373
820,1567,20020,16236
824,1553,20177,16403
821,1564,20065,16282
820,1580,20047,16271
821,1559,20078,16315
819,1582,19944,16203
825,1555,20183,16422
835,1581,20504,16630
824,1575,20141,16365
822,1571,20048,16280
819,1580,19968,16223
821,1567,20070,16320
825,1561,20178,16381
825,1578,20116,16295
823,1563,20155,16362
817,1562,19961,16164
825,1549,20203,16428
822,1560,20083,16343
823,1539,20093,16362
821,1567,20124,16300
819,1576,20012,16201
820,1552,20109,16330
821,1563,20079,16297
822,1542,20083,16327
823,1548,20102,16370
820,1575,19963,16221
822,1566,20117,16338
821,1560,20050,16272
822,1560,20087,16319
822,1562,20095,16318
821,1569,20013,16266
823,1554,20116,16353
820,1577,20029,16250
821,1552,20072,16297
823,1567,20189,16381
828,1571,20189,16356
825,1554,20196,16433
818,1578,19938,16187
821,1550,20033,16311
822,1554,20118,16309
823,1565,20143,16334
825,1555,20169,16376
820,1566,20034,16264
820,1553,20020,16281
821,1571,20047,16311
820,1579,20006,16264
823,1552,20181,16422
820,1570,20009,16235
822,1576,20083,16299
821,1565,20064,16289
820,1566,20009,16262
823,1546,20121,16384
818,1559,19969,16197
827,1557,20294,16465
822,1560,20151,16322
820,1566,20067,16241
822,1558,20115,16350
820,1580,19972,16229
836,1572,20415,16587
833,1573,20313,16474
822,1564,20130,16312
821,1554,20076,16332
819,1576,19973,16197
838,1583,20496,16675
822,1561,20086,16332
820,1561,20046,16292
822,1569,20073,16314
823,1575,20144,16304
836,1587,20513,16683
825,1551,20181,16390
821,1568,20052,16307
821,1562,20033,16307
818,1584,19955,16179
823,1548,20140,16372
821,1560,20088,16290
824,1575,20212,16370
825,1573,20112,16321
819,1576,19988,16240
822,1559,20165,16408
820,1555,20066,16280
821,1568,20100,16294
823,1565,20113,16367
821,1561,20067,16289
824,1555,20211,16450
818,1560,19908,16190
822,1557,20075,16327
822,1553,20101,16329
821,1571,20090,16279
823,1549,20165,16378
819,1574,19963,16196
823,1573,20121,16352
822,1567,20099,16363
826,1569,20196,16416
837,1574,20491,16632
835,1550,20434,16568
827,1587,20181,16316
822,1559,20079,16330
822,1557,20067,16318
824,1549,20164,16415
822,1580,20086,16297
822,1565,20065,16257
826,1547,20161,16421
831,1581,20257,16403
824,1556,20128,16354
818,1593,19960,16204
824,1554,20153,16383
822,1551,20096,16349
823,1568,20153,16354
823,1541,20139,16370
820,1576,20000,16238
828,1560,20299,16501
827,1581,20116,16338
821,1567,20031,16268
826,1549,20254,16438
827,1583,20137,16308
826,1554,20320,16463
825,1563,20091,16314
822,1566,20045,16312
824,1549,20164,16403
820,1563,20015,16246
825,1546,20237,16419
822,1560,20097,16320
820,1574,20065,16275
824,1553,20149,16370
819,1570,19973,16228
823,1549,20163,16387
822,1549,20096,16364
821,1559,20133,16314
821,1561,20055,16343
818,1581,19920,16176
825,1549,20214,16441
821,1562,20044,16317
823,1558,20130,16349
822,1547,20144,16349
821,1569,20069,16289
827,1556,20317,16464
827,1585,20110,16300
821,1553,20036,16307
822,1551,20127,16368
821,1555,20080,16301
825,1565,20240,16444
818,1569,19938,16169
832,1557,20368,16532
823,1560,20112,16362
819,1563,19990,16254
825,1549,20221,16445
819,1571,19959,16212
824,1550,20189,16375
822,1547,20106,16349
819,1560,20008,16246
824,1560,20212,16442
820,1582,19991,16256
822,1559,20128,16350
821,1565,20093,16292
823,1599,20131,16340
823,1543,20248,16394
821,1560,20009,16272
821,1568,20068,16296
820,1579,20049,16292
826,1562,20209,16385
830,1580,20306,16431
820,1569,19965,16204
823,1553,20138,16353
819,1567,20003,16264
823,1576,20102,16342
822,1557,20065,16318
819,1572,19958,16214
829,1555,20339,16532
821,1564,20064,16292
825,1564,20178,16383
837,1562,20420,16580
819,1578,19933,16198
838,1591,20586,16721
823,1559,20138,16368
821,1578,20081,16268
823,1560,20202,16365
817,1579,19916,16160
825,1545,20184,16435
821,1558,20070,16336
823,1559,20134,16339
823,1565,20177,16379
819,1574,19977,16210
824,1552,20204,16412
820,1567,20058,16288
823,1549,20118,16361
824,1558,20087,16313
821,1571,20002,16257
823,1551,20170,16368
828,1555,20297,16486
834,1575,20308,16475
825,1567,20093,16316
820,1566,20002,16283
825,1551,20210,16433
820,1564,20039,16275
824,1570,20220,16385
823,1551,20189,16375
826,1572,20173,16386
827,1562,20185,16395
818,1569,19923,16203
824,1549,20175,16385
822,1562,20169,16345
822,1561,20071,16311
827,1552,20298,16498
825,1585,20058,16251
828,1561,20229,16448
837,1581,20492,16653
820,1569,19998,16238
823,1547,20225,16436
822,1569,20057,16281
825,1568,20086,16282
821,1553,20083,16332
824,1546,20134,16368
838,1559,20500,16582
818,1580,19968,16208
822,1560,20125,16338
824,1541,20204,16409
821,1557,20052,16290
826,1549,20219,16460
819,1574,19964,16224
823,1560,20172,16357
823,1570,20085,16264
821,1554,20020,16290
821,1554,20141,16342
818,1577,19943,16184
824,1557,20187,16424
823,1584,20106,16362
820,1563,20004,16265
825,1557,20242,16434
819,1565,19990,16237
827,1557,20261,16483
834,1572,20341,16522
830,1585,20183,16395
820,1549,20068,16306
821,1567,20045,16274
824,1564,20247,16350
822,1570,20124,16292
821,1565,20096,16320
821,1553,20064,16309
819,1572,19954,16203
823,1553,20194,16385
821,1563,20122,16305
822,1556,20122,16339
823,1560,20166,16392
820,1568,19988,16241
822,1544,20113,16351
821,1554,20084,16324
821,1562,20039,16287
822,1562,20122,16324
821,1572,20039,16268
831,1573,20368,16555
825,1590,20059,16272
822,1559,20094,16340
822,1559,20128,16336
825,1565,20189,16378
830,1555,20293,16449
820,1583,20056,16231
821,1559,20066,16302
828,1550,20240,16454
829,1574,20242,16447
825,1547,20250,16458
820,1571,20057,16249
820,1560,20033,16259
822,1557,20154,16364
822,1557,20066,16315
820,1562,20188,16427
821,1554,20023,16286
821,1564,20028,16288
823,1540,20192,16384
826,1566,20118,16321
838,1594,20578,16735
821,1572,20063,16288
821,1554,20010,16282
824,1561,20154,16368
819,1546,20006,16243
825,1552,20236,16415
820,1579,20058,16252
824,1556,20162,16382
821,1571,20050,16293
822,1566,20060,16325
823,1545,20151,16368
818,1579,20033,16223
825,1550,20197,16437
824,1593,20166,16386
820,1569,20034,16288
828,1547,20250,16467
828,1559,20222,16441
825,1561,20235,16459
825,1547,20211,16407
820,1582,20017,16241
829,1551,20267,16488
833,1556,20345,16552
831,1557,20296,16499
836,1569,20486,16651
824,1552,20148,16373
822,1561,20132,16335
819,1568,20048,16247
829,1554,20266,16481
828,1572,20156,16361
821,1560,20082,16326
824,1566,20212,16395
820,1564,20051,16244
824,1544,20185,16402
834,1566,20324,16494
829,1574,20177,16382
823,1559,20142,16391
818,1582,19956,16219
822,1551,20101,16352
821,1563,20104,16306
821,1569,20096,16306
821,1559,20104,16302
827,1561,20200,16425
834,1559,20341,16529
819,1571,19984,16218
820,1549,20058,16289
826,1546,20268,16434
822,1561,20098,16280
825,1557,20230,16464
819,1568,19957,16223
821,1562,20060,16317
823,1555,20131,16357
823,1564,20139,16330
823,1557,20145,16385
822,1581,20088,16291
820,1557,20017,16269
820,1561,20033,16284
821,1581,20009,16256
823,1549,20174,16407
824,1565,20170,16356
834,1585,20329,16480
820,1567,20005,16254
824,1563,20116,16329
824,1551,20182,16413
820,1576,20028,16244
826,1557,20240,16440
820,1574,20073,16282
822,1559,20130,16312
822,1566,20103,16335
818,1582,19910,16171
824,1550,20176,16407
821,1524,20108,16287
823,1556,20164,16364
821,1543,20101,16355
818,1584,19952,16171
825,1547,20199,16419
821,1573,20003,16258
822,1560,20053,16319
821,1571,20040,16292
821,1571,20050,16269
824,1551,20195,16415
822,1566,20098,16323
822,1569,20097,16320
820,1569,20049,16290
819,1568,19973,16201
822,1550,20154,16357
824,1572,20143,16351
823,1563,20197,16373
822,1562,20095,16332
820,1579,19989,16234
823,1544,20128,16388
822,1561,20141,16347
822,1559,20132,16330
825,1553,20176,16414
819,1570,20033,16235
824,1550,20185,16424
820,1579,20004,16252
823,1563,20133,16369
822,1536,20072,16327
820,1565,20049,16238
823,1553,20159,16380
820,1579,20007,16257
822,1558,20085,16319
821,1544,20065,16338
822,1566,20094,16305
827,1560,20294,16485
820,1581,20004,16201
822,1563,20149,16333
825,1543,20200,16421
828,1588,20142,16344
824,1545,20157,16379
820,1571,20017,16244
822,1569,20108,16316
821,1576,20062,16304
820,1573,20043,16274
822,1558,20138,16375
821,1568,20034,16292
823,1550,20114,16358
820,1558,20001,16255
820,1564,20070,16319
824,1552,20194,16433
823,1556,20098,16349
829,1574,20203,16396
819,1570,19990,16250
820,1590,20013,16244
822,1548,20097,16318
821,1570,20082,16295
825,1552,20240,16419
821,1565,20045,16287
821,1561,20039,16315
823,1564,20112,16364
818,1585,19988,16198
824,1559,20222,16396
830,1558,20319,16493
823,1541,20161,16401
820,1551,20088,16339
818,1577,19920,16172
825,1552,20230,16450
822,1554,20103,16350
822,1579,20132,16324
823,1561,20136,16370
818,1572,19953,16208
820,1555,20198,16422
819,1560,20008,16263
835,1574,20477,16629
823,1539,20147,16354
821,1572,20086,16293
824,1568,20212,16367
824,1549,20150,16384
836,1577,20432,16625
823,1552,20128,16379
821,1568,20112,16318
824,1546,20212,16401
817,1583,19946,16192
823,1553,20130,16360
823,1567,20142,16369
824,1574,20033,16277
827,1561,20243,16475
819,1584,19930,16198
825,1541,20220,16415
822,1562,20084,16309
823,1574,20097,16327
825,1557,20208,16447
819,1579,19937,16215
824,1562,20167,16359
821,1560,20106,16303
821,1576,20102,16305
827,1563,20334,16484
821,1573,19975,16198
820,1570,20035,16286
822,1566,20089,16333
821,1565,20045,16262
826,1561,20322,16464
817,1567,19921,16191
824,1559,20159,16366
821,1575,20048,16285
824,1576,20145,16402
822,1547,20122,16379
824,1577,20125,16336
826,1552,20225,16374
821,1567,20067,16295
820,1570,20022,16270
822,1559,20089,16332
819,1568,19949,16223
822,1550,20158,16380
825,1548,20211,16407
825,1592,20122,16292
825,1542,20243,16427
820,1584,19976,16226
824,1554,20171,16414
818,1554,20045,16284
821,1564,20077,16303
822,1554,20154,16337
824,1574,20091,16317
831,1558,20266,16435
821,1566,20066,16301
827,1553,20196,16444
832,1572,20373,16585
817,1567,19920,16195
826,1547,20241,16419
820,1567,20046,16270
822,1567,20134,16352
828,1556,20165,16367
819,1572,19962,16234
824,1587,20212,16423
820,1572,20037,16266
824,1566,20218,16391
822,1567,20173,16339
825,1562,20122,16336
832,1584,20412,16606
826,1553,20139,16380
836,1574,20493,16619
824,1561,20217,16380
820,1589,19944,16203
829,1569,20340,16528
827,1584,20108,16304
824,1557,20144,16376
831,1570,20249,16424
820,1562,20015,16260
825,1558,20273,16464
820,1585,20028,16251
824,1551,20143,16368
821,1546,20070,16309
822,1569,20066,16326
826,1551,20214,16396
820,1567,20012,16249
821,1575,20094,16283
822,1571,20125,16300
823,1567,20091,16320
823,1559,20131,16369
820,1569,20009,16265
825,1563,20171,16379
821,1572,20119,16314
828,1543,20197,16418
837,1565,20471,16612
834,1565,20352,16552
824,1548,20129,16380
823,1562,20123,16369
819,1572,19971,16239
823,1555,20196,16401
822,1576,20085,16319
834,1567,20368,16542
832,1576,20261,16441
821,1581,20046,16302
822,1562,20106,16320
819,1581,19981,16203
823,1536,20188,16385
824,1559,20205,16392
821,1564,20042,16283
823,1543,20129,16384
818,1576,19892,16179
823,1554,20172,16376
822,1576,20115,16314
822,1557,20043,16289
821,1556,20090,16308
825,1568,20104,16336
834,1571,20316,16503
819,1560,20043,16282
823,1566,20117,16344
822,1560,20127,16331
821,1574,20055,16290
819,1559,20146,16407
819,1576,19971,16198
823,1564,20085,16341
823,1560,20147,16374
821,1567,20064,16292
825,1550,20261,16447
820,1573,20030,16213
822,1557,20085,16318
821,1565,20093,16326
822,1614,20053,16315
823,1547,20212,16394
820,1563,20034,16265
821,1569,20064,16297
824,1558,20169,16377
820,1579,19988,16237
822,1560,20124,16356
820,1569,19985,16252
821,1569,20047,16290
824,1543,20198,16395
819,1571,19995,16244
825,1554,20230,16431
821,1584,19981,16190
822,1549,20064,16351
834,1582,20330,16475
826,1569,20133,16296
823,1550,20170,16364
821,1575,20100,16273
823,1554,20126,16368
820,1568,20017,16279
821,1565,20028,16301
824,1548,20193,16394
819,1563,20026,16224
823,1555,20148,16372
821,1560,20104,16325
820,1560,20003,16243
821,1557,20088,16314
818,1574,19933,16195
823,1562,20149,16387
822,1559,20136,16338
823,1556,20131,16344
822,1559,20074,16329
819,1569,19949,16188
833,1558,20324,16529
826,1580,20099,16291
821,1572,20099,16319
821,1571,20082,16307
821,1572,20057,16240
825,1544,20185,16418
820,1566,20056,16284
822,1564,20075,16335
821,1542,20117,16330
820,1590,20039,16221
822,1550,20161,16399
822,1555,20109,16335
820,1566,20013,16285
824,1547,20160,16401
819,1588,19957,16214
822,1563,20100,16337
819,1567,20046,16251
823,1572,20135,16355
826,1553,20224,16439
823,1565,20006,16241
827,1540,20194,16449
819,1583,19983,16204
820,1561,20040,16270
822,1554,20117,16337
820,1568,20044,16235
825,1551,20230,16435
819,1580,19985,16239
823,1559,20125,16368
824,1560,20131,16318
826,1591,20122,16301
825,1540,20213,16433
819,1582,19966,16192
823,1558,20133,16367
823,1562,20128,16387
825,1583,20063,16282
824,1549,20180,16402
819,1571,20024,16238
822,1563,20099,16326
821,1560,20073,16325
819,1563,20009,16252
822,1560,20097,16357
819,1578,20000,16241
822,1555,20107,16332
821,1554,20096,16306
822,1567,20104,16307
822,1562,20098,16348
820,1575,20020,16263
822,1551,20100,16341
822,1575,20130,16331
831,1587,20228,16388
822,1556,20078,16306
817,1582,19919,16149
825,1553,20197,16433
822,1570,20086,16333
820,1576,19994,16234
823,1546,20133,16375
819,1583,20023,16221
825,1559,20205,16411
820,1563,20058,16303
820,1549,20093,16335
822,1571,20084,16349
818,1572,19952,16185
824,1553,20194,16418
825,1603,20206,16403
822,1563,20121,16281
823,1556,20153,16382
819,1574,19898,16156
825,1547,20176,16437
822,1584,20096,16232
823,1540,20165,16366
823,1557,20103,16309
823,1582,20089,16312
822,1549,20120,16354
819,1564,19944,16202
835,1581,20426,16616
824,1549,20160,16377
824,1583,20094,16250
824,1564,20176,16454
827,1570,20184,16390
837,1567,20466,16633
821,1545,20055,16311
822,1557,20090,16334
827,1559,20259,16458
819,1583,20029,16236
824,1558,20216,16385
823,1566,20148,16395
830,1587,20168,16359
825,1555,20215,16451
822,1574,20019,16221
822,1545,20128,16337
821,1567,20056,16292
823,1574,20131,16356
824,1554,20193,16434
818,1577,19924,16192
821,1570,20056,16299
819,1555,20038,16297
820,1567,20060,16255
823,1548,20152,16358
818,1576,19940,16197
824,1561,20129,16369
822,1555,20073,16334
822,1567,20110,16333
824,1568,20164,16373
819,1572,20023,16219
831,1556,20391,16529
827,1572,20217,16410
825,1581,20033,16276
822,1553,20091,16351
819,1585,20013,16220
824,1550,20233,16404
821,1569,20055,16292
821,1555,20072,16318
821,1546,20090,16315
818,1582,19899,16167
824,1553,20184,16407
823,1543,20095,16356
822,1563,20111,16315
822,1558,20125,16364
823,1577,20041,16289
831,1571,20251,16433
820,1548,20032,16290
823,1569,20126,16354
828,1554,20231,16429
831,1594,20229,16374
828,1554,20261,16406
817,1556,20044,16316
824,1549,20157,16399
821,1569,20086,16318
821,1571,20082,16266
828,1558,20318,16503
819,1570,19944,16178
822,1558,20143,16361
822,1563,20074,16296
821,1561,20056,16310
824,1565,20158,16382
819,1574,19962,16217
823,1569,20176,16365
822,1544,20138,16356
819,1582,20001,16236
819,1553,20184,16401
817,1573,19902,16197
827,1566,20225,16429
836,1562,20457,16612
828,1555,20245,16425
828,1565,20274,16428
820,1566,20019,16270
821,1562,20057,16299
820,1570,20006,16256
823,1551,20139,16357
824,1558,20202,16376
820,1562,19999,16250
828,1552,20246,16441
835,1567,20353,16544
835,1569,20397,16608
824,1558,20092,16311
820,1582,19987,16237
824,1558,20213,16398
826,1562,20118,16351
822,1576,20066,16312
822,1560,20124,16366
821,1580,20022,16264
824,1554,20183,16381
821,1555,20102,16306
821,1564,20089,16299
824,1557,20212,16386
817,1556,19919,16174
823,1557,20136,16363
820,1573,20009,16266
822,1569,20140,16330
825,1563,20196,16390
826,1595,20047,16241
823,1550,20148,16371
821,1577,20063,16289
825,1559,20147,16376
827,1561,20131,16352
816,1569,19878,16133
828,1555,20324,16487
824,1566,20114,16315
824,1563,20129,16349
821,1548,20063,16323
820,1573,19972,16254
824,1552,20211,16425
820,1553,20028,16312
823,1570,20166,16337
822,1562,20192,16367
821,1559,20029,16289
824,1551,20136,16381
821,1560,20044,16308
819,1568,20060,16271
824,1565,20212,16387
821,1564,20052,16291
825,1549,20214,16411
818,1571,19931,16184
825,1548,20149,16373
834,1575,20304,16490
819,1570,19981,16227
824,1540,20206,16400
819,1573,19975,16218
822,1564,20083,16327
825,1555,20179,16392
821,1572,19987,16243
826,1545,20259,16448
821,1577,20044,16287
825,1562,20202,16389
822,1559,20133,16314
835,1618,20348,16535
839,1596,20540,16705
821,1567,20036,16293
820,1560,20070,16300
822,1557,20143,16334
819,1571,19951,16199
824,1554,20205,16429
818,1577,19954,16210
823,1557,20131,16380
823,1564,20109,16349
818,1561,19959,16233
824,1545,20207,16403
820,1568,19975,16231
825,1553,20229,16447
824,1555,20089,16318
821,1568,20016,16289
824,1564,20198,16400
819,1575,19988,16218
823,1548,20195,16395
824,1548,20199,16389
821,1573,20049,16302
823,1560,20127,16367
818,1583,19932,16177
824,1556,20186,16406
824,1546,20175,16348
822,1560,20138,16354
821,1566,20112,16306
820,1566,20006,16249
823,1546,20125,16388
822,1561,20112,16365
821,1555,20046,16288
827,1560,20283,16443
829,1595,20148,16326
824,1547,20136,16361
820,1557,20033,16283
823,1556,20088,16354
821,1561,20085,16326
822,1577,20075,16296
826,1552,20276,16455
820,1569,20108,16271
823,1565,20120,16363
829,1549,20267,16484
834,1569,20400,16596
828,1567,20368,16548
818,1588,20001,16209
823,1551,20109,16362
823,1566,20117,16329
825,1551,20151,16367
824,1564,20106,16339
819,1585,19979,16221
824,1556,20114,16366
829,1572,20218,16391
821,1577,20067,16262
823,1525,20122,16358
820,1572,20015,16253
822,1563,20088,16337
819,1567,20061,16279
823,1566,20086,16301
825,1543,20243,16446
819,1590,20031,16218
822,1567,20093,16321
821,1560,20043,16290
820,1570,20008,16262
824,1557,20213,16392
820,1567,20028,16239
824,1551,20141,16379
821,1573,20078,16277
823,1562,20105,16331
822,1564,20058,16296
820,1577,19998,16267
824,1554,20173,16419
822,1572,20136,16320
821,1603,20083,16311
821,1545,20084,16328
821,1576,20028,16276
826,1551,20193,16416
823,1546,20142,16377
822,1570,20095,16301
822,1569,20148,16306
819,1573,19984,16198
825,1557,20222,16456
821,1556,20061,16318
823,1570,20106,16333
822,1560,20098,16312
821,1563,20063,16277
827,1562,20177,16383
822,1564,20108,16338
821,1563,20071,16322
822,1555,20093,16345
819,1584,19964,16206
829,1561,20266,16494
830,1564,20356,16529
822,1552,20102,16336
822,1565,20112,16347
825,1573,20140,16353
826,1556,20146,16365
823,1576,20110,16303
826,1566,20153,16340
838,1578,20543,16664
821,1564,20029,16220
822,1549,20133,16356
819,1565,19951,16254
823,1559,20135,16368
823,1574,20127,16293
827,1554,20238,16409
830,1572,20263,16451
818,1573,19957,16207
824,1561,20139,16365
821,1577,20022,16255
820,1568,20035,16286
824,1555,20156,16383
824,1563,20140,16310
821,1557,20075,16320
824,1572,20140,16391
829,1551,20266,16470
837,1591,20474,16676
817,1570,19932,16164
821,1562,20085,16328
823,1566,20143,16345
827,1576,20265,16368
825,1544,20200,16425
818,1563,19930,16194
822,1572,20104,16334
823,1563,20147,16364
821,1562,20111,16346
822,1548,20115,16347
821,1563,20051,16282
824,1547,20172,16403
827,1579,20114,16310
822,1565,20059,16322
823,1551,20128,16380
821,1570,20083,16291
824,1553,20193,16414
825,1547,20196,16429
820,1556,20050,16295
825,1567,20163,16414
826,1598,20080,16253
826,1559,20264,16469
824,1554,20177,16383
830,1554,20346,16497
834,1579,20311,16484
819,1570,20014,16256
826,1556,20223,16466
825,1542,20221,16424
823,1573,20135,16310
831,1554,20437,16432
820,1571,20002,16243
826,1558,20220,16445
820,1556,20037,16281
823,1569,20120,16365
825,1555,20143,16399
823,1568,20123,16328
824,1550,20171,16399
818,1576,19965,16215
822,1556,20099,16333
822,1569,20079,16337
821,1577,20059,16273
823,1534,20147,16366
822,1577,20105,16271
822,1576,20139,16309
824,1562,20159,16374
826,1557,20166,16368
824,1557,20195,16419
826,1587,20098,16274
821,1566,20104,16297
822,1559,20134,16373
822,1567,20050,16281
825,1545,20235,16440
821,1575,19970,16217
821,1566,20052,16308
822,1560,20086,16334
821,1566,20064,16269
823,1548,20173,16415
821,1567,20019,16274
822,1560,20066,16305
826,1555,20150,16406
818,1557,20047,16253
824,1551,20158,16400
820,1583,20049,16252
825,1547,20258,16427
822,1570,20105,16322
819,1579,19993,16233
821,1544,20097,16346
822,1573,20099,16306
823,1547,20183,16364
825,1551,20172,16391
825,1586,20087,16275
820,1556,20052,16298
819,1570,19943,16213
826,1556,20208,16444
826,1559,20185,16387
825,1575,20193,16367
821,1555,20053,16293
817,1581,19899,16163
828,1566,20277,16506
829,1566,20205,16418
824,1556,20183,16390
821,1563,20110,16300
822,1575,20110,16295
825,1560,20237,16352
823,1567,20128,16364
824,1546,20149,16396
822,1555,20095,16336
822,1576,20112,16298
822,1554,20182,16356
822,1561,20123,16342
823,1568,20107,16297
824,1547,20183,16415
822,1567,20084,16334
824,1551,20192,16431
820,1560,20031,16281
824,1556,20170,16372
824,1556,20197,16407
820,1561,20026,16282
828,1555,20296,16499
820,1565,19977,16248
824,1550,20165,16382
824,1564,20167,16376
825,1549,20224,16414
828,1570,20358,16523
823,1557,20093,16337
822,1560,20091,16336
823,1560,20102,16343
824,1561,20191,16384
827,1561,20306,16491
820,1559,20023,16276
827,1564,20303,16401
822,1555,20091,16329
825,1565,20185,16411
826,1575,20265,16499
822,1558,20039,16303
825,1552,20218,16409
824,1548,20162,16389
823,1552,20161,16375
824,1549,20170,16401
823,1561,20113,16350
826,1557,20236,16439
824,1549,20200,16413
823,1559,20161,16363
828,1560,20331,16499
823,1556,20116,16337
825,1550,20203,16420
838,1598,20525,16717
826,1558,20292,16471
840,1580,20584,16703
826,1572,20193,16403
841,1606,20654,16785
826,1545,20251,16468
823,1563,20133,16372
827,1567,20267,16506
822,1561,20086,16327
841,1576,20616,16715
833,1556,20371,16537
826,1560,20205,16418
827,1562,20218,16458
823,1560,20099,16361
826,1575,20279,16524
827,1552,20296,16484
828,1554,20336,16484
828,1554,20323,16503
825,1556,20186,16421
827,1561,20255,16474
830,1554,20255,16470
829,1562,20383,16545
835,1591,20521,16668
830,1575,20332,16548
831,1572,20412,16604
827,1561,20226,16443
832,1578,20389,16601
833,1583,20431,16636
831,1576,20345,16561
843,1616,20795,16911
829,1562,20297,16505
833,1579,20416,16618
831,1583,20411,16616
834,1590,20469,16661
838,1621,20626,16783
834,1589,20480,16637
833,1577,20482,16630
834,1577,20517,16639
834,1586,20461,16645
835,1600,20531,16716
834,1588,20456,16670
835,1586,20526,16679
838,1612,20631,16745
834,1589,20444,16652
837,1598,20585,16735
832,1576,20378,16578
835,1594,20495,16683
845,1601,20860,16806
835,1596,20476,16655
835,1588,20552,16686
833,1578,20440,16622
836,1595,20546,16732
836,1590,20529,16704
838,1592,20489,16693
835,1602,20549,16710
837,1581,20583,16686
836,1597,20610,16721
840,1603,20688,16769
841,1580,20537,16676
835,1593,20488,16678
840,1568,20699,16691
849,1632,20915,17011
845,1593,20857,16768
837,1572,20582,16671
833,1575,20461,16640
830,1561,20342,16530
843,1606,20839,16820
837,1576,20623,16651
844,1593,20814,16800
841,1580,20599,16717
828,1554,20253,16462
855,1620,21129,17035
831,1573,20379,16583
831,1586,20363,16566
831,1572,20411,16575
831,1572,20378,16565
833,1579,20482,16624
832,1579,20458,16623
830,1565,20362,16555
833,1597,20442,16642
830,1571,20324,16549
834,1591,20510,16660
828,1547,20282,16468
830,1573,20364,16563
830,1574,20363,16557
830,1556,20327,16535
831,1567,20393,16594
825,1554,20173,16405
833,1581,20426,16611
844,1604,20760,16840
827,1558,20274,16481
830,1573,20359,16576
824,1550,20152,16366
825,1552,20171,16404
828,1557,20298,16501
828,1566,20295,16503
832,1583,20494,16630
825,1552,20225,16385
823,1563,20105,16338
825,1553,20187,16431
829,1558,20288,16511
829,1558,20340,16512
831,1567,20371,16492
833,1567,20376,16559
837,1569,20494,16624
830,1558,20307,16512
844,1578,20544,16716
822,1570,20040,16301
828,1559,20287,16503
824,1566,20166,16353
825,1557,20209,16431
828,1565,20302,16521
836,1559,20385,16561
838,1596,20567,16732
829,1547,20303,16509
830,1569,20223,16388
827,1552,20289,16467
821,1573,20085,16275
827,1559,20253,16477
827,1557,20240,16467
829,1570,20175,16380
827,1561,20274,16474
820,1584,20031,16239
824,1546,20173,16403
826,1558,20265,16424
826,1531,20202,16438
825,1552,20159,16396
820,1570,19999,16267
825,1547,20184,16423
825,1560,20226,16408
825,1566,20184,16403
824,1550,20134,16371
824,1574,20109,16346
824,1550,20145,16381
820,1570,20057,16292
824,1561,20184,16398
823,1545,20176,16382
820,1568,20057,16246
825,1549,20219,16427
820,1550,20021,16268
823,1556,20113,16370
826,1557,20246,16427
821,1551,20101,16296
825,1558,20201,16434
820,1579,20030,16234
824,1553,20165,16400
822,1558,20102,16334
823,1551,20101,16349
825,1549,20210,16430
824,1569,20180,16355
827,1574,20146,16332
822,1563,20102,16351
823,1557,20113,16340
827,1557,20255,16500
820,1579,20029,16250
822,1564,20109,16317
821,1560,20104,16292
821,1577,20118,16300
825,1559,20197,16441
817,1575,19923,16187
821,1564,20060,16320
821,1563,20085,16296
822,1557,20085,16295
825,1554,20203,16405
819,1569,19971,16221
823,1548,20140,16366
821,1565,20062,16301
819,1557,19969,16225
822,1558,20126,16353
820,1562,20009,16217
827,1568,20285,16494
821,1578,20041,16282
820,1580,19972,16232
818,1560,19960,16249
820,1573,20005,16241
830,1567,20390,16544
833,1557,20396,16560
822,1581,20122,16289
820,1569,20020,16269
820,1575,19984,16247
824,1556,20176,16421
823,1555,20202,16404
825,1567,20158,16323
828,1552,20375,16441
819,1570,19979,16218
825,1554,20211,16448
821,1558,20053,16285
828,1540,20294,16439
822,1557,20104,16362
834,1545,20516,16471
824,1557,20149,16362
820,1572,20016,16260
822,1551,20088,16332
827,1538,20278,16395
823,1569,20121,16320
835,1571,20408,16477
827,1575,20232,16378
829,1581,20230,16382
822,1538,20112,16346
822,1562,20059,16328
826,1550,20243,16475
821,1575,20064,16280
831,1552,20404,16468
822,1568,20063,16281
821,1568,20092,16302
830,1550,20420,16496
820,1563,20001,16251
826,1564,20225,16375
831,1562,20397,16399
830,1549,20409,16396
826,1557,20260,16468
827,1578,20236,16272
831,1545,20427,16476
839,1565,20537,16557
830,1567,20391,16419
830,1544,20412,16463
829,1559,20327,16379
829,1556,20387,16415
829,1553,20312,16425
826,1571,20212,16300
827,1542,20297,16411
825,1559,20203,16266
831,1549,20444,16483
827,1565,20304,16399
825,1561,20227,16330
828,1548,20363,16456
824,1560,20173,16315
829,1550,20368,16470
829,1549,20328,16438
826,1557,20265,16323
827,1567,20313,16420
831,1555,20341,16429
836,1571,20604,16651
829,1568,20312,16432
