2236,5000
2928
2903
2905
2929
2893
2926
2899
2905
2928
2885
2929
2892
2899
2923
2892
2934
2899
2901
2915
2882
2936
2897
2905
2918
2891
2943
2884
2909
2916
2891
2930
2887
2912
2906
2889
2943
2889
2918
2896
2887
2936
2886
2918
2915
2898
2930
2884
2919
2911
2907
2931
2888
2918
2908
2895
2938
2879
2926
2906
2892
2928
2883
2929
2908
2907
2931
2876
2941
2895
2907
2921
2885
2935
2897
2902
2932
2882
2933
2888
2901
2919
2887
2939
2896
2905
2918
2887
2938
2894
2911
2907
2889
2939
2891
2912
2913
2894
2941
2880
2916
2898
2898
2939
2893
2915
2910
2889
2939
2892
2921
2906
2895
2935
2885
2934
2905
2906
2921
2881
2915
2903
2904
2934
2883
2931
2906
2912
2932
2892
2933
2894
2907
2919
2887
2928
2912
2904
2918
2887
2936
2904
2903
2919
2888
2939
2894
2899
2918
2895
2936
2890
2900
2911
2892
2932
2894
2911
2906
2886
2934
2889
2911
2911
2903
2937
2889
2924
2903
2900
2934
2881
2923
2901
2897
2937
2884
2926
2903
2903
2930
2881
2933
2908
2904
2931
2881
2939
2895
2915
2930
2887
2925
2895
2907
2923
2886
2947
2887
2905
2926
2879
2938
2899
2908
2920
2889
2933
2903
2899
2925
2879
2934
2891
2902
2914
2897
2940
2886
2907
2898
2893
2948
2885
2915
2912
2887
2935
2887
2921
2910
2891
2932
2891
2916
2908
2901
2938
2883
2928
2893
2903
2927
2890
2928
2903
2902
2927
2887
2938
2901
2911
2918
2886
2939
2893
2907
2926
2883
2934
2887
2909
2932
2888
2940
2893
2906
2922
2891
2941
2897
2902
2911
2889
2944
2885
2913
2924
2891
2934
2886
2916
2905
2894
2944
2887
2914
2915
2890
2950
2881
2924
2895
2898
2940
2886
2935
2905
2903
2925
2884
2923
2909
2902
2934
2894
2921
2907
2905
2932
2890
2923
2900
2906
2927
2883
2942
2900
2900
2924
2882
2932
2899
2910
2933
2893
2929
2896
2903
2921
2893
2941
2891
2915
2909
2892
2942
2891
2903
2907
2886
2934
2895
2907
2912
2889
2939
2888
2921
2910
2898
2935
2886
2913
2907
2894
2939
2889
2920
2907
2892
2939
2883
2927
2911
2899
2939
2879
2930
2908
2904
2927
2882
2927
2918
2895
2932
2891
2938
2892
2897
2926
2888
2938
2895
2910
2920
2885
2947
2893
2906
2915
2890
2940
2893
2909
2914
2893
2932
2886
2904
2913
2891
2950
2884
2917
2917
2885
2947
2901
2910
2907
2889
2942
2881
2919
2913
2899
2939
2874
2920
2903
2902
2938
2890
2926
2905
2897
2935
2891
2927
2902
2899
2931
2885
2929
2911
2904
2927
2888
2920
2902
2908
2928
2887
2938
2891
2909
2928
2891
2944
2891
2905
2924
2881
2941
2904
2905
2915
2880
2932
2891
2910
2913
2895
2940
2889
2907
2908
2890
2945
2889
2908
2906
2893
2939
2896
2912
2908
2887
2937
2890
2920
2909
2896
2934
2888
2931
2901
2904
2943
2877
2927
2898
2917
2925
2893
2925
2903
2899
2927
2882
2936
2898
2906
2928
2892
2924
2899
2915
2925
2885
2939
2891
2907
2919
2893
2934
2893
2899
2912
2888
2940
2896
2905
2923
2884
2939
2890
2912
2914
2894
2931
2891
2917
2911
2895
2942
2888
2918
2902
2895
2937
2885
2925
2908
2896
2935
2882
2934
2907
2897
2932
2881
2927
2905
2906
2932
2889
2921
2899
2904
2940
2880
2935
2903
2909
2922
2886
2935
2900
2900
2921
2891
2931
2893
2906
2928
2878
2940
2881
2910
2915
2892
2939
2892
2907
2910
2901
2951
2900
2900
2906
2890
2940
2891
2919
2911
2891
2933
2886
2909
2910
2899
2942
2891
2918
2907
2898
2936
2894
2913
2905
2897
2931
2884
2932
2909
2900
2928
2880
2936
2907
2901
2935
2881
2929
2896
2906
2936
2894
2936
2901
2906
2924
2886
2940
2896
2903
2917
2884
2943
2895
2911
2914
2893
2944
2890
2907
2919
2892
2944
2882
2915
2905
2891
2944
2889
2910
2903
2888
2935
2890
2920
2919
2892
2941
2883
2921
2912
2898
2929
2883
2923
2922
2918
2930
2888
2927
2895
2900
2925
2890
2926
2908
2905
2942
2876
2934
2904
2914
2922
2880
2939
2897
2906
2930
2885
2936
2894
2898
2919
2892
2948
2890
2912
2921
2881
2941
2893
2911
2911
2887
2939
2897
2902
2918
2887
2937
2887
2910
2907
2893
2938
2890
2924
2909
2895
2935
2890
2930
2897
2901
2929
2890
2922
2908
2908
2930
2880
2930
2899
2910
2932
2890
2926
2909
2899
2931
2887
2935
2900
2917
2918
2888
2927
2912
2907
2921
2881
2933
2895
2909
2934
2888
2939
2903
2894
2925
2898
2934
2892
2907
2923
2889
2936
2900
2909
2916
2879
2938
2887
2919
2903
2895
2941
2886
2916
2909
2906
2934
2884
2920
2904
2898
2944
2883
2928
2906
2900
2929
2885
2932
2907
2909
2933
2884
2937
2897
2910
2935
2886
2931
2900
2912
2932
2881
2938
2893
2903
2928
2882
2935
2902
2909
2927
2887
2939
2894
2908
2924
2883
2942
2883
2910
2909
2892
2942
2890
2902
2911
2890
2941
2898
2911
2907
2897
2945
2888
2919
2926
2884
2925
2888
2924
2907
2901
2939
2879
2918
2905
2900
2944
2883
2928
2909
2897
2931
2885
2929
2910
2897
2929
2888
2930
2898
2910
2935
2873
2926
2892
2904
2932
2889
2938
2900
2908
2921
2892
2939
2900
2897
2923
2889
2938
2892
2915
2920
2889
2933
2885
2910
2916
2893
2944
2888
2918
2899
2897
2940
2891
2913
2915
2885
2947
2885
2921
2912
2896
2925
2880
2923
2911
2896
2940
2889
2934
2898
2903
2937
2887
2922
2904
2899
2933
2890
2926
2907
2897
2923
2879
2935
2900
2901
2927
2899
2935
2894
2906
2926
2894
2931
2893
2899
2927
2882
2942
2914
2901
2923
2876
2942
2887
2912
2915
2889
2937
2892
2908
2908
2893
2935
2888
2915
2910
2897
2942
2893
2912
2901
2906
2927
2889
2918
2911
2899
2935
2881
2933
2911
2902
2928
2881
2926
2903
2905
2935
2888
2928
2901
2900
2930
2883
2933
2901
2903
2924
2881
2937
2905
2898
2918
2885
2937
2897
2904
2926
2894
2932
2888
2899
2915
2887
2941
2892
2911
2910
2897
2934
2896
2916
2906
2884
2937
2892
2913
2913
2899
2936
2882
2908
2905
2895
2935
2890
2918
2904
2899
2937
2889
2932
2899
2899
2928
2884
2931
2905
2910
2925
2882
2920
2901
2908
2940
2880
2934
2900
2899
2930
2883
2939
2893
2901
2920
2885
2939
2892
2912
2914
2887
2925
2892
2909
2919
2893
2950
2886
2909
2914
2902
2933
2890
2912
2902
2893
2947
2888
2919
2903
2891
2932
2885
2922
2903
2897
2939
2883
2926
2919
2895
2938
2878
2921
2910
2898
2932
2888
2929
2900
2902
2922
2883
2929
2902
2908
2933
2882
2930
2899
2910
2930
2882
2934
2905
2900
2923
2890
2938
2891
2903
2910
2890
2933
2896
2915
2913
2893
2932
2893
2913
2913
2887
2935
2897
2901
2913
2894
2946
2895
2899
2915
2882
2950
2878
2926
2903
2896
2930
2890
2923
2910
2900
2928
2888
2930
2900
2907
2936
2879
2921
2904
2898
2931
2884
2932
2912
2897
2927
2887
2939
2905
2898
2920
2887
2931
2901
2903
2927
2884
2926
2890
2899
2924
2887
2938
2896
2916
2906
2895
2937
2893
2902
2906
2893
2933
2894
2907
2915
2887
2931
2882
2912
2907
2899
2932
2892
2919
2909
2891
2942
2887
2928
2897
2898
2934
2885
2926
2911
2891
2930
2878
2937
2903
2903
2930
2887
2926
2899
2909
2927
2886
2929
2899
2902
2931
2880
2935
2902
2896
2925
2874
2938
2894
2902
2924
2889
2942
2883
2907
2920
2894
2932
2887
2911
2912
2890
2942
2893
2906
2900
2889
2940
2885
2916
2905
2892
2935
2882
2924
2903
2896
2937
2882
2919
2912
2891
2938
2889
2927
2890
2897
2934
2881
2927
2908
2902
2934
2882
2928
2911
2903
2930
2876
2932
2900
2906
2928
2884
2939
2883
2902
2919
2891
2941
2898
2908
2919
2888
2934
2901
2903
2914
2886
2935
2890
2910
2915
2893
2934
2885
2910
2916
2888
2938
2894
2916
2902
2891
2939
2893
2913
2910
2889
2936
2886
2918
2931
2897
2933
2881
2925
2911
2904
2929
2889
2932
2902
2901
2929
2893
2931
2906
2895
2933
2883
2935
2901
2911
2939
2892
2921
2899
2906
2927
2890
2943
2896
2907
2920
2901
2930
2893
2896
2921
2887
2938
2900
2913
2915
2883
2934
2893
2912
2920
2889
2942
2889
2913
2906
2896
2940
2884
2909
2908
2895
2940
2887
2928
2900
2891
2929
2884
2933
2907
2903
2930
2888
2927
2906
2905
2938
2878
2927
2906
2899
2933
2885
2936
2898
2903
2925
2878
2935
2907
2897
2934
2880
2936
2899
2908
2924
2885
2944
2887
2909
2922
2891
2939
2889
2908
2909
2890
2939
2892
2910
2910
2893
2932
2891
2913
2908
2893
2936
2888
2923
2908
2897
2941
2886
2907
2904
2896
2938
2889
2930
2910
2901
2932
2885
2930
2906
2904
2927
2891
2942
2894
2908
2934
2881
2922
2896
2914
2920
2887
2926
2904
2906
2923
2892
2932
2903
2896
2917
2886
2933
2895
2903
2922
2885
2930
2889
2913
2908
2889
2947
2890
2913
2909
2890
2939
2892
2907
2905
2887
2942
2881
2917
2913
2886
2935
2883
2922
2905
2898
2939
2879
2924
2910
2903
2931
2892
2920
2905
2899
2935
2880
2927
2910
2899
2924
2875
2937
2894
2911
2924
2887
2931
2898
2908
2923
2887
2933
2895
2903
2924
2887
2939
2896
2903
2914
2883
2938
2894
2906
2915
2894
2932
2893
2917
2908
2894
2932
2891
2904
2912
2894
2938
2891
2910
2903
2889
2937
2886
2919
2908
2905
2927
2872
2926
2912
2897
2930
2884
2927
2908
2900
2935
2887
2931
2890
2895
2932
2890
2932
2903
2911
2923
2885
2929
2910
2899
2925
2881
2933
2898
2906
2924
2888
2933
2901
2892
2916
2888
2935
2898
2910
2917
2895
2930
2896
2916
2898
2887
2940
2887
2910
2912
2903
2931
2882
2905
2907
2895
2938
2890
2927
2901
2899
2946
2880
2928
2905
2895
2930
2885
2928
2907
2907
2928
2878
2929
2901
2910
2934
2890
2926
2900
2905
2926
2889
2928
2902
2896
2927
2888
2933
2902
2904
2915
2887
2920
2901
2896
2918
2891
2931
2896
2900
2917
2892
2948
2882
2906
2905
2891
2941
2898
2907
2905
2882
2935
2883
2913
2915
2900
2939
2890
2922
2905
2899
2946
2877
2917
2906
2899
2933
2891
2920
2907
2888
2927
2894
2919
2906
2904
2940
2877
2926
2902
2908
2932
2889
2920
2904
2896
2931
2886
2936
2893
2905
2919
2892
2930
2901
2913
2915
2889
2928
2899
2902
2918
2881
2935
2888
2907
2921
2888
2945
2890
2900
2901
2889
2945
2885
2920
2900
2896
2944
2879
2923
2902
2893
2934
2881
2919
2903
2902
2934
2880
2922
2901
2898
2932
2884
2931
2899
2902
2926
2887
2940
2897
2909
2919
2885
2936
2898
2908
2927
2881
2931
2885
2909
2917
2890
2936
2898
2903
2916
2891
2947
2888
2908
2906
2893
2939
2886
2909
2915
2889
2935
2880
2910
2917
2889
2937
2899
2908
2904
2893
2941
2888
2915
2907
2887
2939
2882
2931
2906
2895
2929
2878
2937
2897
2917
2923
2886
2936
2896
2906
2933
2885
2926
2900
2907
2924
2885
2935
2902
2902
2921
2880
2926
2904
2909
2924
2887
2935
2895
2906
2926
2892
2932
2887
2911
2915
2888
2940
2895
2914
2900
2893
2929
2893
2911
2918
2887
2937
2894
2908
2912
2894
2938
2874
2918
2903
2901
2929
2889
2918
2906
2890
2941
2881
2928
2906
2903
2928
2880
2931
2899
2907
2924
2880
2926
2903
2906
2931
2889
2935
2890
2902
2931
2886
2934
2904
2908
2918
2888
2933
2901
2903
2918
2883
2938
2893
2907
2923
2891
2931
2893
2899
2911
2888
2943
2892
2911
2910
2887
2937
2891
2917
2899
2884
2939
2884
2913
2916
2892
2936
2888
2907
2906
2899
2936
2892
2925
2908
2888
2932
2884
2937
2896
2907
2928
2887
2925
2903
2904
2925
2885
2917
2900
2910
2931
2886
2935
2900
2909
2916
2890
2941
2891
2900
2922
2882
2937
2906
2906
2914
2882
2937
2887
2914
2911
2892
2941
2893
2901
2919
2887
2942
2894
2905
2907
2895
2939
2890
2920
2905
2887
2935
2883
2919
2909
2896
2938
2890
2932
2901
2911
2927
2882
2928
2904
2906
2932
2887
2931
2902
2893
2924
2882
2934
2895
2907
2923
2879
2929
2896
2905
2931
2878
2931
2890
2898
2915
2887
2928
2887
2892
2905
2890
2928
2883
2904
2909
2886
2927
2892
2899
2908
2876
2929
2877
2911
2907
2883
2939
2873
2905
2900
2885
2937
2879
2920
2897
2893
2927
2881
2918
2909
2881
2926
2874
2926
2894
2899
2930
2869
2924
2881
2899
2923
2881
2917
2896
2899
2916
2880
2927
2895
2895
2909
2878
2930
2897
2899
2921
2881
2930
2878
2898
2909
2885
2927
2887
2910
2899
2884
2933
2885
2895
2898
2888
2930
2886
2909
2902
2885
2926
2877
2910
2912
2883
2931
2883
2913
2900
2888
2930
2884
2907
2902
2886
2924
2878
2930
2906
2887
2923
2866
2928
2889
2890
2926
2877
2922
2890
2900
2927
2880
2925
2893
2892
2920
2874
2938
2886
2897
2903
2892
2939
2881
2903
2910
2887
2930
2887
2901
2908
2891
2922
2885
2895
2907
2879
2935
2884
2900
2894
2884
2930
2884
2915
2903
2888
2938
2872
2917
2905
2894
2929
2872
2918
2905
2960
2961
2896
2920
2895
2891
2922
2882
2922
2897
2898
2929
2869
2926
2899
2905
2920
2873
2924
2892
2895
2923
2878
2925
2883
2895
2917
2880
2931
2887
2901
2908
2879
2933
2898
2895
2902
2881
2925
2889
2900
2905
2886
2927
2879
2902
2898
2887
2935
2878
2908
2902
2889
2930
2881
2914
2901
2892
2919
2879
2913
2900
2899
2919
2874
2907
2897
2892
2926
2878
2933
2887
2897
2922
2889
2924
2888
2901
2916
2880
2921
2896
2900
2915
2873
2916
2889
2895
2915
2883
2934
2892
2889
2914
2883
2928
2882
2894
2905
2879
2931
2894
2897
2902
2874
2928
2881
2905
2903
2888
2930
2879
2902
2901
2886
2938
2873
2906
2896
2886
2921
2880
2915
2901
2878
2923
2873
2916
2896
2895
2925
2872
2916
2900
2896
2927
2869
2916
2886
2893
2915
2873
2922
2884
2889
2909
2883
2915
2887
2894
2911
2877
2917
2889
2894
2910
2878
2915
2882
2895
2905
2876
2944
2883
2882
2898
2878
2929
2884
2901
2904
2884
2925
2882
2911
2892
2877
2916
2877
2908
2899
2886
2924
2867
2902
2888
2891
2912
2877
2916
2896
2885
2919
2865
2925
2883
2890
2900
2869
2914
2880
2893
2912
2866
2901
2880
2887
2907
2867
2922
2876
2891
2902
2866
2929
2871
2884
2897
2872
2918
2884
2883
2899
2871
2916
2865
2890
2904
2866
2925
2873
2894
2885
2873
2931
2873
2895
2884
2877
2921
2870
2910
2897
2882
2919
2865
2904
2896
2875
2928
2863
2909
2889
2891
2915
2879
2912
2881
2889
2917
2873
2911
2893
2891
2911
2866
2917
2884
2893
2914
2873
2920
2889
2892
2913
2878
2919
2881
2892
2910
2878
2938
2881
2894
2893
2876
2924
2881
2898
2904
2883
2922
2876
2899
2901
2886
2924
2876
2901
2894
2888
2940
2876
2904
2888
2883
2927
2885
2905
2897
2885
2926
2872
2917
2899
2894
2919
2881
2908
2899
2889
2926
2879
2916
2895
2891
2923
2878
2933
2885
2903
2920
2873
2937
2889
2899
2912
2877
2922
2888
2897
2927
2874
2928
2874
2895
2919
2882
2932
2886
2905
2901
2886
2927
2890
2902
2905
2879
2933
2880
2902
2904
2887
2927
2877
2915
2894
2891
2927
2885
2911
2898
2888
2931
2880
2916
2901
2885
2926
2881
2914
2906
2894
2923
2866
2923
2888
2898
2920
2882
2921
2899
2898
2919
2891
2932
2886
2897
2916
2881
2934
2894
2903
2914
2871
2925
2890
2896
2912
2883
2942
2879
2909
2899
2890
2942
2889
2893
2907
2885
2929
2891
2906
2899
2881
2936
2880
2910
2906
2892
2934
