2218,5000
3028
2989
3013
3011
2993
3021
2985
3013
3003
2998
3026
2987
3021
2993
2998
3019
2986
3019
3008
2997
3022
2982
3018
2999
3007
3015
2985
3019
3000
3006
3013
2990
3018
2993
2998
3014
2987
3025
2993
3006
3016
2987
3027
2991
3007
3009
2986
3030
2990
3009
3004
2997
3030
2989
3004
3008
2992
3027
2990
3012
3004
2994
3025
2990
3014
3004
2994
3028
2984
3016
3006
2998
3023
2978
3018
3002
3003
3026
2994
3017
2999
3002
3021
2993
3017
2997
2999
3021
2982
3021
3001
3002
3015
2987
3027
2993
3004
3015
2991
3025
2994
3005
3014
2987
3027
2993
3006
3007
2990
3024
2997
3009
3010
2986
3025
2994
3009
3006
2999
3027
2990
3013
2999
2998
3026
2984
3013
3001
2998
3024
2993
3016
3003
2995
3016
2988
3018
3002
3000
3029
2983
3019
3008
2999
3022
2983
3019
2996
3001
3021
2985
3027
2996
2997
3013
2988
3025
2994
3007
3017
2988
3024
2995
3006
3015
2985
3024
2992
3005
3007
2995
3027
2998
3016
3008
2996
3028
2991
3012
3011
2996
3026
2990
3019
3006
2993
3022
2988
3016
3002
2999
3026
2990
3012
3000
3000
3021
2988
3019
3001
3003
3020
2991
3015
3004
2997
3019
2981
3032
2993
3006
3022
2980
3025
2994
3006
3013
2992
3021
2995
3000
3011
2995
3025
2995
3007
3003
2992
3032
2986
3006
3008
2994
3025
2991
3007
3005
2995
3028
2994
3013
3003
2995
3024
2994
3005
3004
2996
3027
2994
3011
3008
2992
3026
2983
3017
3008
2998
3023
2987
3018
3001
3003
3019
2988
3014
2996
3002
3019
2988
3022
3000
3000
3012
2984
3024
2999
3001
3015
2991
3021
2995
3000
3015
2992
3021
2988
3005
3007
2991
3029
2994
3008
3000
2988
3026
2993
3008
3005
2995
3026
2987
3010
3008
2998
3027
2987
3012
3006
2997
3022
2990
3012
2999
2993
3027
2985
3018
3000
3002
3020
2982
3020
2999
3003
3018
2984
3017
2998
3001
3018
2988
3026
2989
2998
3017
2989
3020
2997
3005
3014
2987
3025
2994
3003
3008
2990
3022
2992
3003
3007
2994
3026
2995
2997
3007
2990
3024
2994
3007
3004
2993
3026
2992
3010
3001
2993
3026
2989
3013
3006
2997
3020
2983
3012
3004
3001
3022
2986
3023
2998
3001
3017
2989
3020
2999
3001
3020
2986
3020
3002
3005
3016
2981
3020
2996
3002
3013
2990
3021
2997
3005
3009
2994
3025
2991
3002
3009
2988
3032
2993
3005
3007
2987
3028
2989
3010
3004
2991
3026
2993
3009
3006
2997
3025
2987
3009
3002
2996
3025
2992
3017
3014
3005
3027
2981
3016
3004
3004
3018
2986
3017
3003
3003
3022
2984
3016
2999
3002
3018
2995
3017
2996
2999
3021
2981
3020
2998
3003
3014
2989
3021
2993
3004
3013
2988
3024
2995
3010
3005
2995
3026
2989
3003
3001
2992
3027
2994
3014
3003
2997
3022
2993
3010
3004
2993
3022
2989
3012
3003
2996
3028
2983
3011
2998
2999
3022
2989
3020
3001
3004
3019
2986
3020
3001
3002
3016
2987
3022
2997
3006
3020
2981
3023
3000
2996
3017
2988
3021
2996
3003
3013
2991
3029
2993
3005
3004
2991
3027
2994
3006
3010
2990
3022
2990
3011
3003
2992
3028
2994
3008
3004
2990
3031
2994
3009
3002
2993
3031
2985
3015
3006
3002
3016
2987
3016
3004
2997
3021
2989
3017
3003
2995
3023
2987
3013
3002
2997
3020
2987
3025
2999
3003
3013
2983
3022
2998
3010
3013
2988
3021
2993
3001
3017
2991
3023
2991
3004
3008
2991
3027
2996
2998
3007
2987
3028
2995
3006
3010
2990
3027
2992
3004
3008
3004
3018
2988
3012
3006
2994
3025
2993
3012
3000
2996
3026
2987
3016
3004
3000
3019
2985
3025
2998
3003
3022
2979
3017
2997
3003
3028
2984
3019
2995
2999
3016
2992
3019
3008
3008
3009
2987
3026
2994
3002
3012
2988
3025
2993
3001
3017
2989
3024
2987
3003
3007
3001
3022
2992
3008
3006
2989
3027
2994
3010
3001
2994
3021
2989
3013
3008
3001
3025
2982
3013
3002
2997
3023
2992
3016
3001
2997
3022
2988
3025
2992
2999
3022
2982
3018
2999
3002
3014
2982
3016
3003
2998
3021
2986
3023
2996
3005
3015
2991
3026
2991
3001
3011
2988
3025
2995
3007
3007
2993
3018
2994
3010
3006
2994
3028
2999
3006
3004
3001
3024
2989
3006
3006
2994
3027
2996
3011
3001
2991
3021
2994
3012
3009
2997
3022
2992
3011
3005
3002
3023
2986
3020
2996
3005
3023
2984
3022
2998
3002
3016
2983
3022
2998
3007
3011
2989
3022
2997
3008
3010
2988
3022
2995
3011
3009
2994
3030
2989
3002
3004
2990
3029
2994
3006
3009
2994
3027
2992
3010
3005
2989
3024
2985
3011
3003
2996
3028
2986
3008
3001
2994
3025
2988
3018
3010
2996
3023
2984
3020
3002
2998
3023
2982
3016
2999
3008
3018
2985
3017
2995
3002
3020
2988
3023
2994
3003
3014
2988
3025
2994
3000
3011
2989
3030
2991
3004
3012
2986
3024
2989
3009
3004
2995
3024
2996
3004
3005
2994
3031
2990
3010
2997
2992
3026
2988
3012
3005
2993
3029
2980
3017
3002
2999
3021
2991
3017
3001
3001
3026
2984
3018
3003
3002
3018
2988
3015
3004
3000
3021
2985
3021
2998
3001
3018
2995
3021
2994
3003
3020
2986
3023
2992
3006
3017
2994
3028
2992
3003
3004
2986
3027
2995
3005
3011
2989
3033
2986
3011
3004
2997
3019
2989
3012
3004
2992
3029
2991
3010
3002
2992
3024
2989
3015
3004
2999
3022
2985
3020
3007
2998
3025
2979
3019
3003
3000
3018
2987
3016
2997
3002
3018
2995
3017
2998
3001
3016
2988
3027
2993
3009
3005
2990
3021
2992
3005
3011
2992
3023
2988
3000
3009
2988
3029
2992
3007
3002
2997
3022
2995
3010
3004
2992
3025
2990
3009
3005
2996
3029
2982
3010
3010
2993
3026
2988
3019
3006
3001
3018
2988
3020
3000
2998
3018
2986
3014
3009
3015
3030
2983
3017
2998
3005
3023
2981
3022
2995
2998
3015
2990
3026
2994
3000
3013
2993
3023
2994
3008
3007
2987
3022
2998
3004
3008
2994
3026
2998
3003
3008
2996
3030
2994
3011
3000
2998
3026
2991
3013
3004
2991
3020
2988
3017
3002
2998
3023
2985
3019
3000
3003
3022
2984
3017
3000
3002
3022
2987
3022
3003
2995
3017
2980
3022
2995
3002
3022
2981
3024
2998
3006
3020
2988
3020
2996
3003
3010
2991
3028
2991
3001
3007
2993
3028
2993
3009
3010
2997
3021
2995
3006
3007
2992
3023
2991
3010
3004
2998
3030
2982
3011
3005
2993
3030
2983
3019
2999
2999
3019
2990
3022
3001
3004
3012
2990
3021
2998
3004
3020
2985
3018
2996
3001
3017
2987
3021
2996
2999
3013
2991
3021
2996
3005
3008
2990
3027
2992
3007
3013
2990
3025
2986
3006
3005
2989
3024
2994
3006
3010
2989
3034
2999
3003
3003
2993
3027
2988
3012
3006
2992
3020
2983
3016
3007
2992
3025
2985
3018
3003
3000
3023
2986
3017
2996
2999
3022
2981
3031
3003
2996
3015
2982
3020
2996
3003
3017
2987
3021
2993
3004
3013
2989
3022
2991
3004
3016
2984
3027
2996
3003
3007
2986
3027
2995
3013
3004
2993
3026
2991
3012
3005
3002
3021
2989
3009
3004
2995
3025
2989
3012
3001
2996
3029
2983
3017
3003
2999
3023
2983
3017
3009
2998
3020
2980
3018
3000
3002
3022
2990
3013
2998
2996
3017
2986
3025
2995
3006
3014
2986
3029
2995
3006
3015
2985
3031
2988
3004
3009
2995
3024
2988
3004
3007
2994
3025
2997
3006
3005
2988
3033
2989
3010
3003
2993
3025
2991
3013
3005
2997
3020
2982
3010
3003
2996
3025
2987
3021
2997
2998
3018
2990
3022
3002
2996
3021
2986
3017
3003
3008
3012
2984
3019
2997
3003
3015
2991
3021
2997
3002
3013
2998
3035
2986
3003
3006
2989
3025
2994
3006
3007
2986
3029
2990
3007
3007
2992
3032
2989
3006
3007
2996
3029
2990
3012
3008
2999
3021
2994
3012
3006
2988
3021
2987
3017
3003
2999
3023
2988
3016
3002
3001
3020
2986
3015
3000
3002
3015
2990
3022
2994
2999
3015
2986
3021
2998
3002
3017
2987
3024
2998
3003
3014
2988
3021
2994
3004
3015
2987
3028
2989
3001
3006
2991
3030
2989
3009
3005
2990
3026
2992
3013
3009
2988
3033
2983
3011
3004
2999
3027
2986
3012
3001
3005
3028
2988
3015
3003
3001
3021
2987
3019
3010
2994
3023
2985
3016
3000
3003
3019
2982
3015
2995
3001
3016
2991
3025
3000
3004
3015
2989
3032
3001
2999
3007
2991
3024
2991
3005
3010
2986
3029
2983
3009
3013
2988
3028
2992
3008
3004
3000
3023
2995
3004
3003
2995
3024
2989
3016
3007
2995
3022
2983
3014
3004
3000
3022
2988
3020
2995
3001
3022
2988
3014
2999
3003
3017
2983
3021
3002
3002
3012
2986
3021
2998
3003
3016
2994
3021
2994
3003
3013
2991
3029
2987
3003
3013
2987
3028
2995
3001
3003
2987
3025
2998
3005
3006
2993
3027
2988
3012
3008
2999
3020
2990
3006
3006
2997
3024
2991
3019
2998
2997
3018
2989
3022
3006
3004
3021
2990
3019
3003
3003
3023
2979
3018
2997
3001
3022
2992
3015
2995
3003
3015
2988
3021
2995
3005
3013
2990
3028
2993
3008
3014
2983
3028
2992
3005
3008
2996
3020
2992
2999
3005
2992
3025
3001
3003
3004
2992
3031
2992
3011
3002
3000
3022
2995
3020
3008
2994
3023
2984
3013
3002
2999
3021
2992
3015
3002
3002
3019
2988
3015
2999
3001
3016
2989
3015
3000
3003
3015
2983
3019
2997
3003
3015
2993
3020
2996
3001
3013
2991
3025
2992
3000
3007
2989
3024
2993
3007
3006
2992
3018
2995
3008
3005
2995
3025
2993
3006
3006
2996
3026
2986
3010
3007
2996
3023
2989
3015
3003
2989
3021
2986
3022
3009
2997
3024
2989
3013
3002
3008
3016
2982
3018
2998
3002
3019
2986
3025
2993
2998
3011
2987
3024
2993
3003
3011
2990
3028
2996
3005
3014
2987
3023
2997
3000
3011
2987
3027
2989
3003
3003
2992
3028
2993
3014
3004
2994
3025
2990
3013
3007
2994
3026
2994
3008
3008
2998
3023
2987
3013
3002
3004
3020
2987
3020
3000
3001
3020
2990
3014
3003
3006
3012
2988
3024
2996
3002
3018
2982
3021
2994
3009
3012
2991
3020
2998
2999
3013
2997
3022
2997
3003
3009
2991
3022
2990
3005
3015
2984
3022
2989
3010
3009
2992
3028
2992
3011
3003
3000
3023
2992
3017
2997
2995
3023
2987
3014
3003
2994
3018
2983
3016
3004
3000
3019
2986
3023
2999
3004
3026
2986
3018
2995
3001
3024
2981
3024
3003
2999
3013
2988
3022
2994
3002
3017
2988
3023
2993
3003
3014
2991
3021
2991
3004
3014
2986
3028
2995
3002
3003
2985
3026
2993
3014
3006
2995
3024
2990
3011
3008
2997
3023
2986
3014
3002
2996
3023
2989
3013
2999
2994
3021
2987
3018
3000
3000
3020
2985
3016
3002
3004
3017
2984
3020
2999
3000
3020
2990
3025
2989
2999
3014
2992
3024
2994
3003
3011
2987
3028
3000
3003
3008
2991
3026
2996
3000
3007
2992
3023
2991
3004
3005
2998
3029
2989
3012
3000
2994
3026
2990
3014
3003
2999
3020
2987
3017
3004
3001
3020
2981
3021
2997
3000
3021
2987
3019
3001
3000
3020
2988
3021
3000
3004
3021
2986
3020
2998
3005
3015
2984
3026
2995
3001
3014
2990
3024
2993
3002
3011
2997
3031
2986
3005
3008
2990
3027
2995
3008
3006
2988
3028
2988
3009
3006
2993
3026
2989
3008
3005
2997
3032
2992
3005
3004
2997
3023
2990
3021
3006
2990
3019
2987
3017
3003
2999
3021
2985
3019
3000
3003
3021
2982
3017
3001
2996
3022
2983
3024
2996
2997
3011
2987
3021
2998
3006
3017
2993
3023
2994
3006
3012
2991
3022
2993
3003
3008
2994
3029
2991
3009
3000
2992
3032
2987
3009
3011
2989
3025
2992
3013
3006
2996
3025
2986
3017
3003
3000
3029
2988
3010
3005
2993
3022
2990
3019
3002
2998
3022
2982
3025
2997
3005
3014
2986
3021
2996
3000
3019
2984
3020
2998
2997
3018
2992
3027
2993
3006
3012
2994
3022
2994
3003
3008
2985
3027
2995
3007
3013
2987
3022
2988
3006
3004
2993
3025
2994
3011
3008
2992
3028
2989
3009
3001
2995
3024
2987
3018
3005
2995
3020
2985
3021
3002
3000
3022
2990
3012
3000
2999
3022
2988
3017
2997
3002
3022
2983
3023
2998
3001
3013
2985
3028
2999
3001
3012
2988
3025
2994
3007
3007
2995
3025
2994
3011
3005
2993
3030
2997
3008
2997
2991
3026
2995
3007
3006
2995
3026
2987
3011
3009
2994
3023
2986
3011
3002
2998
3024
2988
3012
3000
2995
3019
2989
3020
3001
3003
3021
2985
3017
2999
3004
3014
2984
3018
2997
3001
3017
2990
3018
2994
3001
3016
2991
3022
2998
3006
3012
2995
3021
2996
3005
3003
2990
3021
2997
3004
3007
2993
3025
2988
3002
3005
2999
3033
2990
3010
3005
2991
3024
2992
3014
3003
2998
3022
2986
3014
3004
3000
3023
2986
3013
3003
3001
3021
2985
3020
3000
2998
3020
2992
3022
2996
3001
3019
2987
3021
2999
3003
3015
2986
3022
2993
3004
3016
2989
3026
2994
3001
3017
2990
3028
2990
3002
3009
2993
3020
2995
3008
3004
2987
3027
2988
3012
3005
3000
3023
2990
3007
3005
2996
3024
2986
3009
3003
3001
3020
2991
3015
3003
2994
3021
2989
3016
3003
3007
3021
2987
3017
3000
3003
3022
2990
3012
2999
3000
3018
2989
3025
2997
3003
3008
2989
3029
2993
3004
3012
2989
3022
2994
3008
3006
2990
3029
2990
3003
3009
2994
3031
2995
3009
3003
2995
3031
2992
3009
3005
2992
3023
2991
3013
3007
2999
3019
2992
3013
3005
2998
3025
2986
3016
2999
2999
3021
2988
3018
3004
2996
3021
2986
3022
3002
3006
3013
2991
3015
3000
3000
3018
2984
3026
2995
2998
3015
2991
3024
2996
3005
3010
2989
3027
2996
3004
3008
2990
3027
2999
3005
3009
2991
3024
2989
3007
3003
2995
3032
2995
3011
3005
2999
3028
2991
3010
3003
2997
3024
2990
3017
3006
2994
3022
2983
3023
3006
3006
3018
2990
3015
3003
3002
3023
2987
3021
2992
3003
3017
2986
3022
2998
3001
3013
2983
3023
2999
3003
3016
2993
3023
2993
3006
3021
2988
3024
2988
3003
3009
2990
3034
3000
2999
3005
2989
3027
2994
3007
3006
2994
3032
2985
3012
3004
3001
3017
2994
3013
3005
2998
3027
2988
3011
3001
2996
3022
2989
3019
3007
3000
3021
2984
3016
3005
3001
3018
2983
3019
3002
3007
3015
2990
3022
2993
3001
3017
2989
3025
2997
3003
3012
2993
3026
2996
3009
3006
2988
3030
2997
3008
3008
2997
3025
2994
3000
3006
2994
3032
2991
3009
3012
2987
3030
2988
3013
3006
2991
3025
2990
3014
3006
3001
3023
2977
3015
3006
2995
3022
2989
3022
3000
3004
3024
2992
3015
2999
3002
3017
2987
3025
2996
3002
3013
2983
3022
2992
3003
3013
2989
3029
2996
3001
3013
2990
3026
2990
3002
3011
2983
3027
2993
3006
3004
2985
3025
2990
3012
3001
2997
3029
2988
3006
3006
2997
3029
2989
3004
3009
2991
3026
2988
3015
3008
2988
3021
2986
3017
3002
3000
3021
2987
3017
3002
3004
3019
2986
3013
2997
3002
3015
2988
3020
2996
3002
3013
2987
3023
2995
3002
3013
2990
3029
2990
3005
3013
2989
3024
2992
3005
3008
2993
3032
2986
3004
3002
2989
3026
2992
3009
3006
2999
3023
2991
3014
3009
2989
3025
2990
3017
3003
3001
3025
2985
3012
2999
2998
3023
2989
3018
3002
3001
3021
2987
3017
3006
3008
3013
2989
3018
2998
3005
3020
2991
3015
3000
3000
3018
2990
3026
2998
3004
3015
2997
3024
3000
2998
3012
2994
3026
2993
3011
3011
2997
3024
2995
3010
3008
3003
3027
2998
3014
3012
2997
3034
2998
3014
3007
3003
3033
2996
3022
3010
3006
3029
2994
3026
3012
3011
3032
2997
3028
3010
3012
3030
2999
3024
3012
3016
3030
3001
3030
3014
3008
3028
2997
3035
3010
3015
3030
2998
3040
3004
3017
3026
3009
3037
3006
3019
3024
3011
3048
3006
3020
3021
3006
3041
3011
3024
3021
3014
3038
3007
3029
3025
3015
3041
3004
3035
3021
3015
3043
3009
3030
3018
3013
3045
3005
3034
3022
3018
3038
3002
3037
3021
3023
3041
3002
3039
3013
3021
3039
3006
3042
3014
3021
3039
3004
3041
3014
3021
3028
3006
3041
3012
3020
3028
3005
3042
3006
3024
3022
3006
3039
3005
3018
3019
3018
3035
3006
3020
3016
3003
3039
3002
3021
3013
3009
3036
2998
3025
3020
3005
3029
2996
3019
3015
3006
3032
3001
3029
3009
3007
3027
2998
3031
3004
3007
3027
2996
3029
3006
3011
3023
2991
3027
3001
3007
3020
2996
3029
2998
3007
3015
2997
3031
2996
3007
3015
2995
3032
2997
3011
3015
2989
3032
2995
3013
3009
2996
3030
3000
3011
3010
2999
3030
2991
3014
3007
3000
3028
2992
3021
3002
3001
3030
2987
3024
3005
3010
3022
2995
3024
3004
3006
3025
2986
3018
3002
3006
3020
2991
3028
2997
3000
3019
2985
3028
2995
3005
3017
2993
3025
2997
3003
3017
2990
3025
2999
3001
3010
2994
3027
2992
3003
3005
2997
3026
2997
3005
3008
2996
3022
2997
3008
3010
2989
3023
2992
3017
3002
3002
3026
2987
3012
3007
2993
3028
2994
3015
3003
3001
3019
2987
3018
3007
3000
3014
2988
3022
3000
3003
3018
2990
3014
2995
3001
3016
2989
3025
2997
3002
3011
2991
3026
2997
3001
3009
2988
3028
2992
3011
3006
2991
3026
2993
3008
3005
2996
3029
2992
3016
3000
2996
3027
2990
3010
3005
2993
3030
2985
3017
3005
2997
3021
2986
3018
3009
2995
3026
2985
3017
2999
3004
3018
2990
3009
2998
3003
3022
2984
3025
3001
2999
3015
2983
3022
2995
3001
3016
2989
3022
2993
3004
3011
2992
3017
2988
3008
3003
2991
3026
2994
3007
2997
2989
3027
2995
3008
3005
2992
3026
2994
3003
3009
2995
3022
2985
3010
3005
2995
3029
2991
3007
3003
2990
3022
2986
3017
3002
3000
3022
2980
3017
2999
3003
3014
2983
3016
2998
3003
3019
2988
3020
2992
2996
3017
2984
3023
2995
3001
3015
2985
3020
2998
3001
3011
2987
3028
2996
2999
3008
2994
3022
2991
3000
3004
2992
3024
2995
3004
3005
2994
3027
2990
3016
2998
2993
3021
2989
3010
3004
2997
3022
2988
3013
2999
3003
3020
2990
3015
3001
2998
3019
2987
3017
2999
2997
3019
2985
3023
2993
3004
3018
2989
3013
2995
3003
3020
2982
3025
2994
3001
3015
2995
3022
2989
2998
3009
2987
3028
2993
3009
3008
2986
3021
2994
3013
2998
