2252,5000
3010
2996
3032
2991
3004
3004
2995
3027
2993
3008
3008
2995
3029
2991
3014
3008
2995
3026
2990
3020
3001
3001
3024
2989
3009
3006
2995
3024
2994
3015
3016
2999
3024
2989
3029
3001
3003
3022
2986
3020
3004
3002
3021
2989
3017
2997
3003
3023
2985
3028
2996
3004
3015
2989
3028
2995
3003
3013
2991
3028
3002
3004
3011
2988
3023
2992
3010
3008
2994
3030
2991
3014
3004
2994
3028
2993
3014
3000
2998
3031
2987
3017
3006
2998
3021
2994
3020
3002
3006
3019
2988
3018
3002
3003
3023
2990
3024
2999
3003
3021
2991
3021
3006
3000
3016
2989
3020
2999
3005
3018
2991
3023
2997
3008
3016
2992
3024
2994
3004
3012
2990
3028
2994
3002
3007
2989
3027
2991
3009
3009
3000
3024
2992
3014
3006
2994
3027
2990
3016
3009
2998
3033
2987
3015
2998
2994
3028
2986
3019
3006
3005
3024
2989
3019
3003
3005
3019
2984
3027
2996
3004
3026
2986
3022
2995
3008
3014
2988
3030
2993
3006
3017
2987
3027
2998
3005
3013
2990
3030
2992
3008
3015
2994
3027
2996
2998
3010
2991
3030
2994
3010
3011
2988
3036
2988
3012
3008
2995
3030
2988
3015
3006
3000
3024
2991
3008
3007
3000
3032
2984
3019
3006
3001
3023
2989
3022
3000
3005
3021
2986
3027
2998
3008
3014
2987
3018
2999
3009
3019
2992
3023
2997
3009
3014
2992
3029
2993
3003
3012
2989
3026
2995
3008
3008
2989
3026
2993
3008
3011
2998
3032
2992
3009
3006
3001
3028
2987
3014
3003
2996
3026
2996
3012
3005
2993
3026
2991
3017
3005
2999
3023
2985
3018
3003
3002
3028
2981
3019
3008
3002
3020
2990
3028
2992
3001
3016
2988
3025
2999
3004
3021
2989
3024
2998
3011
3017
2986
3025
2994
3007
3013
2993
3032
2987
3003
3011
2990
3030
2997
3004
3007
2991
3025
2993
3011
3005
2993
3028
2992
3016
3005
2997
3027
2986
3011
3001
2997
3024
2995
3014
3006
2997
3023
2988
3022
3005
3000
3029
2982
3023
3003
3005
3021
2986
3018
2996
3006
3021
2987
3025
3001
3004
3018
2988
3027
3000
3002
3011
2992
3025
2996
3007
3015
2987
3021
2992
3003
3015
2992
3026
2996
3007
3005
2995
3028
2993
3009
3004
2993
3027
2991
3017
3005
2995
3025
2986
3013
3005
3001
3023
2990
3022
2999
3005
3029
2986
3020
2997
3002
3024
2992
3024
3001
3001
3019
2986
3018
3002
3008
3017
2990
3024
2997
3004
3019
2991
3022
2996
3001
3018
2990
3025
2998
3004
3009
2988
3029
2996
3013
3006
2997
3024
2995
3004
3013
2990
3029
2994
3009
3004
2996
3030
2996
3009
3005
2993
3030
2990
3016
3005
2999
3027
2992
3016
3005
3002
3018
2988
3016
2998
3006
3025
2986
3020
2997
3008
3025
2984
3023
2999
3009
3015
2985
3026
2999
3005
3013
2986
3028
2999
3000
3017
2994
3024
2991
3003
3015
2991
3027
2993
3009
3006
2990
3026
2997
3006
3005
2991
3025
2990
3009
3007
2998
3025
2985
3015
3005
2998
3026
2991
3016
3003
2999
3026
2995
3016
3007
2994
3024
2989
3026
2999
3007
3013
2983
3017
2999
3006
3025
2985
3027
3000
3003
3017
2994
3026
2994
3002
3015
2986
3031
2991
3007
3013
2988
3025
2991
3008
3013
2988
3031
2990
3007
3008
2994
3028
2997
3002
2998
2995
3031
2991
3011
3004
2988
3026
2989
3016
3006
3001
3028
2988
3018
3007
3001
3023
2985
3021
2998
3001
3025
2984
3024
3002
2996
3017
2987
3023
3005
3002
3022
2985
3026
3002
3000
3019
2986
3023
2997
3003
3016
2989
3033
2988
3004
3007
2992
3027
2993
3006
3017
2986
3026
2995
3009
3013
2989
3025
2992
3009
3005
2997
3029
2993
3009
3002
2995
3026
2989
3015
3005
2996
3026
2987
3017
3004
2997
3022
2989
3026
2997
3006
3023
2985
3019
2999
3007
3019
2994
3029
2995
3003
3017
2989
3029
3001
3002
3015
2990
3027
2999
3005
3014
2990
3020
2989
3003
3011
2991
3030
2995
3008
3006
2993
3028
2997
3009
3004
2991
3028
2990
3013
3006
2992
3023
2988
3011
3013
2995
3026
2993
3018
3005
2999
3024
2994
3011
3001
2998
3021
2987
3023
3012
2996
3020
2985
3027
3005
3005
3022
2991
3025
2998
3005
3014
2989
3022
2993
3004
3017
2996
3025
3000
3004
3012
2990
3028
2997
3004
3010
2994
3027
2989
3006
3008
2993
3026
2990
3008
3007
2995
3030
2993
3014
3003
2991
3026
2989
3018
3002
3000
3027
2988
3015
3008
2998
3028
2984
3024
3007
2998
3028
2987
3020
3001
2994
3022
2991
3023
3003
3003
3021
2989
3024
3000
3009
3011
2987
3026
2994
3002
3018
2992
3031
2987
3002
3012
2994
3026
2994
3012
3010
2994
3029
2996
3011
3003
2992
3029
2996
3006
3005
2997
3031
2987
3012
3003
2997
3027
2994
3011
3008
2999
3025
2991
3022
3001
2995
3026
2985
3025
3005
3004
3021
2984
3020
3003
3012
3016
2989
3023
2998
3002
3019
2990
3027
2998
3003
3014
2991
3030
2995
3011
3008
2994
3020
2995
3006
3013
2997
3027
2996
3003
3011
2994
3028
2992
3006
3006
2993
3028
2993
3012
3003
2993
3028
2994
3013
3008
2999
3028
2990
3016
3007
3004
3025
2984
3018
3002
3002
3024
2993
3024
2996
3003
3014
2989
3023
3002
3011
3019
2989
3028
3000
3006
3018
2988
3019
3000
2999
3015
2993
3024
2996
3002
3010
2989
3030
2996
3009
3011
2993
3028
2994
3008
3010
2990
3029
2992
3008
3007
2997
3031
2988
3013
3009
2992
3033
2990
3015
3009
2996
3028
2985
3019
3007
3004
3018
2990
3019
3003
3012
3031
2980
3024
3007
3000
3025
2989
3027
2997
3008
3016
2989
3030
2995
3003
3016
2992
3025
2999
3002
3018
2987
3030
2994
3001
3017
2991
3026
2996
3011
3004
2996
3030
2994
3006
3005
2990
3028
2991
3011
3007
2992
3026
2986
3016
3004
2999
3031
2998
3012
3006
2997
3027
2990
3019
2996
3001
3023
2987
3025
3011
2997
3022
2984
3021
3005
3002
3025
2992
3020
3005
3000
3025
2986
3025
3001
3001
3016
2990
3027
2998
3004
3019
2981
3030
2993
3007
3013
2993
3029
2995
3003
3015
2999
3024
2989
3007
3004
2995
3029
2995
3003
3005
2989
3031
2990
3013
3009
3003
3023
2988
3018
3006
2998
3022
2988
3016
3005
3002
3029
2988
3019
2998
3000
3022
2988
3025
3002
3007
3019
2986
3024
3000
3004
3019
2981
3033
3001
3001
3020
2991
3025
2992
3004
3009
2995
3028
3001
3002
3009
2990
3032
2994
3010
3006
2990
3033
2988
3013
3006
2997
3029
2986
3009
3009
2995
3030
2990
3015
3006
2997
3032
2983
3022
3001
2997
3027
2986
3025
3000
3005
3022
2981
3017
3001
3004
3024
2986
3023
2997
3006
3019
2990
3024
2995
3003
3016
2988
3027
3007
3015
3021
2979
3027
2994
3007
3014
2992
3030
2998
3003
3011
2992
3028
2994
3007
3007
2996
3029
2991
3011
3001
2990
3026
2996
3008
3010
2996
3031
2992
3013
3007
3002
3024
2988
3014
3004
3001
3025
2991
3021
3004
2995
3028
2988
3021
3003
3005
3019
2989
3020
2997
3007
3018
2987
3019
3001
3003
3018
2997
3023
3001
2995
3010
2997
3023
2997
3004
3014
2996
3026
2994
3015
3011
2990
3026
2993
3009
3005
2997
3033
2988
3006
3003
2997
3027
2992
3012
3007
2997
3026
2989
3018
3005
2995
3020
2986
3019
3009
2998
3026
2986
3018
3001
3004
3023
2987
3022
3002
3011
3020
2988
3024
2998
3003
3014
2987
3026
2997
3007
3020
2982
3031
2997
3003
3011
2990
3029
2994
3002
3009
2996
3028
2995
3009
3005
2994
3029
2991
3013
3008
2990
3024
2988
3013
3009
2992
3029
2988
3012
3007
2993
3029
2995
3010
3002
3001
3024
2991
3020
3009
3001
3018
2984
3022
3002
3004
3020
2990
3026
3002
2998
3021
2990
3021
2995
3003
3017
2996
3025
3002
3006
3008
2984
3025
2994
3008
3007
2994
3025
2990
3007
3011
2994
3026
2992
3013
3002
2993
3031
2990
3008
3001
2991
3027
2995
3016
3004
2998
3026
2994
3018
3008
3000
3023
2990
3011
3003
2998
3021
2989
3018
2998
2998
3021
2986
3026
2999
3011
3022
2992
3020
3001
3006
3020
2981
3024
2999
3004
3017
2990
3024
2992
3002
3014
2991
3029
2997
3004
3011
2994
3026
2994
3010
3006
2990
3028
2989
3015
3001
2997
3030
2987
3008
3005
2995
3029
2996
3010
3008
2997
3027
2989
3017
3003
2998
3024
2987
3017
3004
3001
3020
2982
3018
3009
2999
3023
2991
3025
2997
3002
3018
2991
3026
2999
2997
3020
2988
3026
3001
3004
3011
2982
3024
2996
3003
3013
2991
3026
2993
3006
3009
2994
3029
2992
3008
3007
2994
3028
2991
3009
3010
2984
3024
2989
3014
3005
2997
3026
2991
3010
3007
2998
3027
2986
3015
3002
2998
3026
2992
3019
3002
2999
3019
2991
3021
3002
3005
3026
2985
3023
3002
3006
3021
2984
3018
2999
3004
3017
2991
3032
2988
2999
3010
2988
3026
2996
3010
3008
2994
3025
2994
3007
3010
2988
3026
2991
3008
3006
2997
3028
2991
3007
3003
2995
3028
2992
3014
3006
2996
3028
2989
3017
3009
2994
3026
2982
3018
3001
3001
3024
2986
3017
2998
2999
3022
2987
3025
3001
3005
3020
2987
3023
3001
3001
3019
2991
3030
2995
3007
3017
2984
3022
2998
3009
3014
2988
3029
2999
3002
3015
2998
3027
2998
3002
3010
2991
3029
2994
3012
3008
2995
3020
2989
3007
3008
2994
3034
2988
3014
3005
2998
3026
2990
3015
3001
2998
3027
2984
3023
3008
2999
3021
2986
3019
3002
3010
3017
2986
3023
3000
3005
3021
2994
3019
2998
3002
3019
2988
3026
2999
3002
3011
2987
3032
2992
3005
3013
2989
3026
2994
3006
3010
2994
3024
2993
3004
3008
2994
3030
2992
3008
3001
2991
3033
2987
3014
3005
2995
3026
2988
3015
3009
2996
3027
2983
3017
3004
3005
3023
2990
3023
2998
2997
3021
2989
3022
3003
3006
3023
2989
3023
3002
3006
3017
2993
3021
3000
2999
3018
2991
3024
2993
2999
3015
2988
3027
2995
3008
3013
2991
3028
2995
3008
3004
2991
3029
2995
3012
3006
2997
3027
2988
3006
3006
3001
3025
2990
3010
3009
2990
3028
2988
3016
3003
2998
3023
2986
3018
3006
3003
3022
2984
3014
3001
3004
3025
2987
3025
3001
3001
3022
2985
3025
2996
3002
3017
2989
3028
2999
3007
3014
2989
3022
2999
3003
3014
2992
3032
2993
3011
3008
2994
3028
2990
3005
3007
2992
3030
2993
3014
3005
2988
3024
2992
3012
3005
2996
3033
2988
3010
3006
3005
3022
2988
3008
3006
2998
3025
2989
3019
3003
2998
3019
2985
3021
3003
3005
3020
2988
3020
3002
3007
3022
2990
3016
2999
3002
3019
2991
3026
2994
3006
3008
2989
3025
2998
3002
3015
2990
3025
2996
3011
3011
2988
3026
2994
3008
3005
2995
3028
2987
3007
3004
2992
3028
2992
3019
3002
2996
3025
2989
3014
3007
2993
3023
2987
3016
3009
3000
3025
2987
3015
3004
2995
3022
2991
3020
3006
3004
3022
2987
3027
3004
2999
3017
2988
3026
2997
3005
3019
2991
3024
2993
3007
3014
2991
3024
2998
3003
3009
2992
3029
2995
3005
3011
2993
3027
2994
3009
3009
2991
3028
2992
3009
3004
2998
3025
2993
3018
3008
2993
3026
2990
3012
3000
2999
3029
2994
3014
3007
2997
3021
2980
3020
3003
3010
3016
2991
3020
3000
3004
3023
2990
3018
3000
2999
3019
2987
3028
3003
2999
3012
2985
3024
2996
3005
3018
2993
3032
2991
3008
3012
2993
3025
2993
3005
3014
2988
3031
2995
3010
3001
2992
3027
2991
3014
3009
2998
3031
2993
3012
3008
3001
3019
2987
3017
3001
2997
3024
2990
3022
2996
3000
3021
2987
3021
3004
3006
3019
2987
3024
3007
3010
3023
2981
3024
3002
2998
3019
2991
3022
2998
3005
3017
2990
3031
2995
3003
3013
2991
3029
2996
3007
3009
2988
3030
2996
3003
3010
2995
3029
2984
3011
3003
2996
3025
2992
3014
3005
2995
3030
2988
3016
2999
2998
3019
2991
3013
3009
3002
3026
2984
3016
3002
3001
3026
2985
3022
3001
3002
3024
2990
3022
2999
3003
3017
2988
3022
3000
3003
3018
2989
3018
3001
3000
3016
2991
3030
2991
3005
3012
2993
3027
2993
3010
3009
2992
3029
2995
3009
3002
2992
3026
2992
3012
3008
2994
3027
2986
3012
3006
2997
3033
2983
3014
3005
2997
3023
2991
3020
3001
3002
3013
2985
3021
3002
3003
3020
2987
3028
2997
3010
3019
2986
3021
2999
3005
3017
2994
3022
2997
2996
3012
2989
3027
2996
3004
3012
2993
3032
2994
3006
3015
2991
3024
3001
3016
3003
2997
3024
2990
3003
3000
2995
3028
2992
3011
3008
2996
3026
2993
3014
3005
2998
3021
2989
3022
2998
3002
3026
2983
3015
2997
3002
3022
2992
3018
3006
3004
3026
2987
3026
3000
3003
3020
2984
3024
2996
3005
3015
2985
3024
2990
3004
3015
2992
3027
2998
3007
3015
2993
3029
2996
3003
3012
2987
3028
2993
3006
3010
2991
3027
2988
3011
3008
2995
3030
2992
3010
3004
2996
3028
2990
3012
3002
2995
3026
2989
3016
3008
2993
3020
2982
3018
3002
3001
3021
2987
3018
3001
3003
3020
2990
3022
2998
3006
3015
2990
3021
3003
2999
3014
2986
3024
2997
3007
3011
2990
3024
2994
3005
3014
2997
3019
2990
3008
3007
2993
3028
2995
3007
3009
2984
3028
2992
3013
3008
2995
3031
2991
3009
3009
2999
3022
2986
3018
3005
2996
3027
2991
3019
3004
2999
3017
2990
3019
3004
3006
3020
2985
3022
3005
3008
3014
2985
3023
2998
3003
3023
2990
3027
2989
3000
3015
2988
3027
2997
3004
3017
2985
3026
2995
3009
3009
2989
3031
2991
3007
3011
2993
3029
2989
3008
3006
2996
3029
2992
3012
3005
2995
3025
2991
3013
3005
3000
3032
2985
3018
3005
3002
3025
2982
3018
3003
3002
3021
2987
3022
2999
3006
3018
2990
3023
2998
3008
3020
2990
3024
3002
3012
3011
2991
3017
2998
3006
3016
2989
3027
2995
3005
3012
2993
3035
2987
3006
3010
2992
3029
2992
3017
3000
2991
3026
2997
3006
3009
2992
3036
2986
3018
3005
2999
3028
2988
3010
3004
2999
3031
2987
3019
3004
2997
3020
2985
3022
3003
3000
3023
2991
3016
3003
3007
3030
2978
3025
2994
3008
3018
2992
3025
2995
3001
3014
2988
3027
2998
3006
3016
2989
3029
2994
3005
3015
2989
3026
2993
3007
3009
2997
3033
2987
3006
3004
2993
3029
2992
3011
3005
2995
3026
2993
3015
3008
2997
3029
2991
3015
3006
3000
3029
2987
3012
3003
3001
3022
2990
3022
3004
3005
3022
2992
3022
3003
3002
3020
2993
3020
3001
3008
3024
2988
3029
2990
3005
3020
2991
3029
2998
3005
3016
2990
3029
2997
3004
3012
2994
3030
2996
3006
3012
2993
3025
2991
3011
3007
2993
3033
2990
3012
3007
2995
3029
2999
3006
3006
3001
3024
2992
3019
3007
2998
3023
2987
3020
3008
3005
3023
2992
3022
3011
3003
3023
2991
3026
3006
3004
3021
2989
3026
3004
3003
3016
2985
3026
3003
3002
3019
2992
3026
3004
3001
3017
2993
3030
2993
3004
3013
2992
3030
3002
3002
3009
2991
3030
2993
3010
3010
2998
3029
2991
3012
3011
2998
3026
2991
3017
3012
2996
3031
2989
3019
3002
2997
3024
2993
3023
3006
3004
3025
2990
3023
3006
3006
3020
2987
3024
3004
3010
3025
2995
3022
2999
3004
3022
2994
3034
2997
3009
3017
2996
3029
2998
3011
3016
2991
3029
2997
3009
3013
2999
3028
2994
3008
3006
2999
3027
2997
3014
3007
2993
3031
2997
3011
3007
2996
3027
2989
3015
3008
3006
3018
2984
3016
3005
3002
3027
2987
3022
2998
3004
3020
2989
3022
3000
3004
3022
2989
3026
3002
3010
3024
2982
3022
3001
3012
3015
2994
3027
3000
3006
3016
2995
3031
2999
3003
3028
3003
3045
2996
3014
3014
2990
3033
3002
3013
3013
3004
3030
2996
3018
3013
3007
3033
2998
3013
3015
3009
3032
3002
3025
3015
3007
3032
2999
3027
3013
3014
3032
2998
3028
3017
3011
3034
2994
3032
3013
3014
3032
3000
3039
3005
3020
3026
3002
3036
3012
3014
3031
3001
3035
3008
3021
3023
3000
3038
3018
3014
3024
3009
3036
3013
3023
3011
3005
3042
3010
3023
3018
3005
3040
3007
3025
3019
3008
3038
3004
3027
3019
3013
3041
2999
3026
3015
3011
3037
3003
3031
3017
3018
3032
3003
3032
3013
3012
3028
2997
3033
3010
3019
3029
2997
3033
3012
3009
3031
2995
3036
3006
3011
3024
2999
3041
3002
3016
3013
2999
3034
3001
3017
3018
3001
3028
2997
3014
3015
3002
3031
3000
3015
3015
3006
3031
2997
3015
3009
3000
3031
3001
3029
3022
3011
3033
2996
3021
3008
3002
3027
2992
3023
3004
3002
3029
2990
3021
3002
3005
3022
2991
3024
3003
3002
3022
2989
3023
2997
3005
3022
2987
3027
2995
3009
3017
2994
3025
3004
3001
3015
2997
3032
2995
3005
3010
2991
3035
2988
3012
3012
2992
3027
2990
3012
3006
3001
3021
2989
3010
3006
3003
3023
2991
3014
3004
2996
3023
2988
3019
3005
3005
3025
2988
3022
3003
3004
3019
2987
3022
3001
3004
3021
2993
3023
2992
3006
3017
2989
3024
3000
3004
3017
2988
3031
2995
3008
3019
2987
3028
2995
3009
3009
2996
3028
2994
3004
3008
2995
3030
3000
3009
3006
2994
3030
2994
3013
3005
2993
3024
2993
3012
3009
3000
3024
2985
3012
3001
3003
3029
2989
3019
3006
3008
3025
2990
3021
3003
3001
3022
2988
3026
3000
3008
3023
2985
3018
2999
3008
3019
2990
3029
3001
3003
3015
2991
3028
2993
3005
3013
2991
3025
2996
3007
3008
2993
3021
3003
3014
3003
2996
3025
2992
3012
3001
2998
3030
2989
3015
3005
2996
3029
2992
3015
3004
2995
3023
2990
3017
3003
