2297,5000
3044
3097
2990
3114
3016
3047
3086
3004
3113
3005
3040
3088
2995
3105
3018
3051
3077
3003
3103
3003
3058
3064
3014
3100
2999
3059
3059
3010
3116
2978
3064
3064
3013
3098
2987
3075
3057
3019
3106
2969
3091
3055
3042
3094
2986
3086
3051
3033
3091
2977
3096
3034
3028
3110
2991
3108
3025
3039
3085
2992
3105
3025
3034
3083
2995
3099
3025
3043
3092
2991
3111
3004
3053
3077
2993
3125
2996
3054
3062
3009
3113
2991
3058
3070
2999
3120
2991
3088
3072
3004
3107
2976
3088
3065
3016
3112
2966
3094
3039
3037
3093
2983
3077
3046
3033
3094
2967
3098
3037
3045
3083
2984
3091
3025
3050
3093
2984
3097
3022
3042
3089
2993
3108
3019
3050
3080
2999
3109
3021
3039
3082
3003
3108
2999
3059
3075
3002
3099
2987
3064
3068
3012
3106
3013
3063
3053
3027
3107
2995
3065
3047
3027
3099
2983
3082
3066
3011
3100
2968
3089
3047
3043
3106
2978
3090
3043
3040
3093
2970
3095
3028
3040
3095
2981
3098
3038
3032
3076
2987
3094
3027
3039
3095
2985
3108
3011
3047
3090
2988
3118
3010
3048
3094
2992
3115
2996
3043
3075
2994
3102
3002
3063
3061
3012
3105
2997
3062
3058
3007
3107
2978
3077
3061
3006
3122
2973
3083
3046
3022
3099
2967
3098
3043
3019
3104
2972
3094
3048
3037
3090
2981
3089
3052
3039
3096
2977
3101
3022
3025
3097
2991
3106
3011
3050
3081
2993
3111
3019
3045
3084
2988
3099
3011
3049
3086
3011
3101
3000
3048
3077
2999
3102
3000
3066
3070
3002
3103
2987
3076
3049
3013
3111
2980
3083
3052
3012
3111
2969
3068
3058
3017
3109
2974
3078
3054
3018
3105
2978
3096
3042
3031
3096
2983
3090
3027
3045
3082
2983
3098
3021
3048
3089
2980
3111
3008
3043
3081
2988
3105
3010
3039
3088
2993
3114
3002
3048
3076
2995
3108
3004
3067
3073
3023
3109
2997
3058
3071
3011
3113
2980
3062
3072
3005
3097
2981
3070
3060
3014
3086
2980
3075
3056
3023
3108
2974
3093
3039
3024
3105
2967
3093
3029
3047
3090
2973
3103
3022
3035
3083
2987
3105
3019
3034
3101
2987
3106
3015
3052
3092
2980
3099
3011
3047
3072
3005
3109
3001
3045
3058
2995
3114
2999
3057
3071
3009
3103
2998
3065
3073
3003
3108
2989
3062
3053
3021
3105
2986
3078
3043
3024
3116
2973
3092
3041
3030
3091
2982
3085
3061
3018
3097
2971
3090
3045
3044
3093
2984
3093
3016
3031
3096
2976
3111
3011
3058
3082
2994
3106
3021
3037
3082
3001
3105
3006
3052
3088
2990
3095
2998
3051
3063
2995
3116
2988
3069
3055
3024
3100
2997
3062
3049
3018
3099
2991
3072
3049
3009
3102
2965
3096
3050
3031
3093
2976
3093
3059
3022
3106
2975
3093
3035
3035
3084
2983
3093
3037
3030
3092
2972
3104
3020
3047
3088
2992
3100
3003
3050
3080
2989
3111
3002
3038
3083
3001
3107
2996
3047
3075
2996
3119
3009
3059
3076
3002
3102
3006
3059
3079
3007
3103
2986
3090
3063
3013
3100
2974
3077
3049
3012
3102
2978
3080
3061
3024
3088
2980
3090
3051
3027
3105
2970
3090
3027
3047
3090
2986
3094
3028
3032
3095
2991
3104
3013
3056
3092
2992
3102
3031
3046
3085
2990
3114
3002
3055
3083
3008
3098
2998
3049
3062
3012
3108
3001
3061
3072
3002
3122
2984
3072
3051
3000
3112
2979
3078
3066
3011
3106
2990
3067
3046
3028
3097
2981
3082
3053
3028
3109
2972
3103
3032
3042
3087
2983
3090
3040
3036
3080
2981
3088
3016
3053
3089
2995
3111
3021
3034
3103
2990
3115
3004
3045
3085
3011
3100
3013
3047
3078
2988
3098
2988
3064
3075
3010
3099
2989
3065
3059
3003
3114
2983
3060
3063
3011
3109
2980
3079
3057
3009
3089
2968
3090
3043
3027
3098
2963
3091
3038
3046
3101
2966
3091
3033
3046
3088
2986
3086
3030
3029
3077
2974
3105
3020
3033
3082
2980
3095
3023
3041
3091
2992
3111
3011
3045
3083
2998
3113
2987
3058
3081
3005
3114
2987
3065
3066
3010
3110
2998
3065
3071
3006
3107
2981
3078
3051
3023
3100
2971
3065
3039
3024
3098
2992
3076
3062
3034
3093
2983
3084
3036
3030
3089
2981
3099
3030
3027
3105
2967
3104
3024
3028
3083
3002
3111
3013
3047
3078
3005
3107
3006
3034
3085
2986
3110
3007
3057
3073
3010
3098
3011
3069
3074
2995
3119
2996
3065
3074
3001
3116
2986
3080
3053
3004
3108
2972
3082
3055
3015
3113
2967
3083
3065
3020
3100
2976
3083
3041
3020
3116
2975
3089
3035
3036
3095
2983
3095
3028
3045
3079
2970
3089
3030
3040
3094
2985
3116
3006
3037
3103
2988
3099
3024
3039
3072
3008
3107
2996
3035
3063
3000
3104
3015
3056
3061
3020
3103
2997
3061
3076
3007
3096
2989
3064
3062
3013
3112
2990
3073
3051
3004
3104
2982
3075
3056
3028
3104
2977
3094
3047
3039
3089
2979
3086
3031
3039
3088
2991
3087
3030
3030
3097
2981
3096
3028
3040
3092
2988
3100
3017
3055
3099
2997
3110
3012
3042
3075
3007
3120
2991
3050
3080
2997
3109
3001
3066
3064
3021
3117
2993
3077
3055
2996
3115
2985
3063
3067
3022
3103
2971
3066
3044
3018
3106
2972
3089
3047
3029
3094
2988
3088
3033
3033
3099
2978
3083
3043
3037
3095
2966
3097
3022
3033
3085
3005
3099
3036
3042
3090
2999
3106
3025
3034
3086
3000
3106
3007
3047
3065
3003
3101
3003
3072
3071
3009
3106
2985
3068
3067
3015
3105
3002
3058
3052
3016
3101
2991
3079
3055
3013
3099
2986
3083
3053
3030
3098
2991
3081
3050
3034
3101
2979
3083
3035
3047
3091
2990
3090
3019
3037
3085
2973
3116
3020
3048
3089
2981
3106
3013
3039
3093
3007
3095
3005
3053
3078
3004
3110
3002
3048
3075
3011
3105
3005
3058
3076
2995
3120
2989
3074
3063
3002
3109
2984
3074
3063
3006
3106
2981
3068
3044
3019
3105
2976
3077
3045
3029
3096
2976
3084
3042
3034
3093
2975
3099
3030
3042
3094
2986
3092
3017
3046
3098
2976
3116
3025
3036
3093
2984
3112
3015
3046
3078
2986
3119
3010
3044
3078
3001
3098
2990
3060
3071
3001
3116
3000
3057
3059
3024
3110
3009
3055
3064
3003
3116
2991
3074
3051
3024
3090
2984
3075
3059
3026
3104
2986
3075
3044
3032
3099
2994
3081
3052
3030
3087
2971
3103
3031
3025
3081
2980
3097
3034
3046
3089
2993
3097
3023
3038
3099
2986
3109
3004
3052
3081
2989
3116
3005
3052
3068
3001
3103
3008
3052
3081
2997
3112
2989
3058
3083
3004
3113
2981
3075
3063
3017
3113
2989
3061
3054
3015
3096
2985
3079
3045
3029
3095
2980
3084
3056
3030
3087
2977
3081
3046
3039
3093
2987
3088
3032
3031
3082
2979
3113
3031
3042
3095
2979
3110
3016
3064
3075
2980
3112
3010
3051
3082
3004
3101
3012
3049
3078
3005
3124
3008
3054
3077
2995
3099
3000
3072
3057
3009
3112
2988
3082
3061
3022
3099
2966
3076
3051
3024
3098
2983
3084
3055
3018
3106
2975
3093
3045
3025
3098
2967
3106
3038
3042
3085
2980
3086
3034
3036
3095
2983
3103
3022
3030
3083
2997
3105
3019
3043
3084
2996
3099
3017
3064
3074
2985
3108
2996
3055
3069
3010
3109
2987
3062
3063
3025
3122
2991
3053
3067
3005
3110
3003
3068
3059
3004
3104
2978
3072
3060
3017
3119
2968
3086
3049
3043
3111
2976
3083
3049
3027
3086
2997
3087
3022
3035
3085
2996
3097
3020
3030
3098
2979
3116
3024
3048
3097
2982
3107
3007
3060
3091
2991
3117
3001
3060
3065
3001
3107
3006
3050
3081
3002
3095
3005
3057
3075
3018
3103
2997
3069
3052
3004
3112
2996
3085
3056
3014
3120
2984
3087
3047
3024
3095
2974
3090
3064
3026
3089
2982
3084
3048
3033
3112
2965
3104
3024
3027
3089
2983
3104
3024
3045
3086
2994
3105
3015
3033
3090
2998
3103
3017
3049
3089
2993
3110
2997
3054
3073
3005
3107
3010
3053
3078
3010
3110
3003
3058
3070
3002
3112
2983
3078
3064
3012
3100
2979
3065
3061
3022
3102
2982
3078
3054
3018
3095
2967
3083
3034
3042
3089
2990
3096
3060
3021
3088
2979
3089
3025
3048
3087
2991
3101
3019
3032
3088
2996
3095
3022
3035
3091
2988
3114
3010
3047
3074
2996
3120
2999
3052
3075
2995
3114
3004
3050
3065
3001
3111
2999
3060
3056
3012
3100
2995
3062
3047
3011
3104
2990
3086
3051
3027
3105
2970
3084
3046
3030
3092
2960
3081
3057
3025
3105
2983
3075
3038
3022
3090
2994
3108
3027
3056
3085
2985
3097
3029
3044
3078
2989
3100
3030
3036
3085
3003
3097
3010
3039
3072
3010
3108
3011
3044
3081
3005
3107
2993
3062
3072
2991
3114
2990
3070
3062
3025
3095
2982
3056
3052
3023
3100
2998
3073
3066
3019
3109
2974
3090
3039
3015
3097
2978
3102
3054
3032
3106
2963
3077
3042
3036
3086
2976
3099
3020
3030
3090
2977
3107
3018
3041
3089
2979
3095
3026
3041
3076
2998
3097
3016
3040
3079
3003
3108
3008
3048
3083
3001
3117
2987
3071
3072
2994
3115
3011
3064
3052
3002
3105
2984
3080
3052
3023
3102
2985
3072
3068
3017
3113
2962
3089
3041
3037
3101
2969
3094
3034
3029
3086
2982
3097
3033
3049
3098
2985
3089
3023
3049
3091
2974
3105
3039
3047
3085
2998
3106
3015
3034
3085
2993
3100
3008
3048
3076
3005
3099
3006
3047
3083
2998
3109
2993
3063
3068
3013
3104
2995
3056
3061
3007
3113
2984
3066
3077
3007
3110
2973
3086
3055
3022
3092
2989
3078
3053
3033
3099
2987
3083
3028
3025
3102
2985
3084
3030
3051
3085
2985
3091
3036
3031
3093
2984
3105
3018
3049
3104
2981
3115
3008
3061
3087
2987
3114
3008
3040
3086
2995
3107
2999
3055
3065
3008
3101
3000
3067
3069
2997
3107
2982
3072
3061
3002
3101
3004
3078
3051
3022
3104
2987
3087
3045
3023
3107
2967
3082
3058
3019
3098
2960
3090
3042
3034
3089
2968
3108
3032
3038
3087
2987
3083
3029
3035
3096
2981
3108
3023
3043
3074
2997
3100
3009
3060
3079
2998
3121
3002
3056
3075
2992
3100
3005
3050
3065
3011
3108
3008
3050
3071
3000
3100
2986
3063
3070
3007
3112
2977
3080
3070
3011
3092
2981
3077
3066
3020
3107
2972
3096
3048
3014
3111
2976
3090
3047
3024
3086
2987
3086
3044
3041
3092
2979
3086
3022
3044
3101
2987
3101
3019
3041
3078
2982
3096
3014
3038
3091
2986
3115
3014
3046
3081
2987
3102
3012
3055
3075
3009
3113
2996
3052
3075
3006
3120
2988
3068
3063
3026
3102
2985
3088
3051
3026
3103
2986
3090
3057
3028
3093
2977
3071
3041
3029
3097
2982
3085
3035
3031
3095
2974
3091
3037
3030
3099
2978
3091
3039
3037
3083
2983
3090
3034
3041
3084
2990
3120
3008
3048
3085
3002
3110
2999
3033
3086
2998
3107
3011
3051
3077
2992
3103
2999
3049
3078
3001
3118
2992
3066
3056
3022
3105
2993
3058
3074
3009
3111
2980
3070
3054
3013
3105
2976
3087
3056
3026
3113
2969
3102
3039
3050
3106
2970
3094
3032
3039
3094
2976
3104
3022
3042
3080
2986
3110
3026
3046
3090
2977
3105
3018
3058
3082
2993
3102
3006
3062
3079
3006
3115
2994
3060
3065
3015
3106
3008
3060
3072
3010
3120
2995
3055
3075
2994
3095
3003
3065
3059
3017
3114
2977
3087
3040
3009
3106
2983
3086
3043
3028
3097
2981
3079
3041
3032
3093
2979
3086
3045
3037
3096
2977
3091
3031
3035
3095
2990
3097
3018
3043
3088
2995
3102
3027
3034
3084
2994
3098
3018
3046
3093
2989
3108
3008
3054
3074
3007
3114
3010
3057
3085
2997
3117
2991
3047
3068
3009
3108
2993
3088
3058
3023
3093
2983
3077
3061
3022
3096
2973
3087
3044
3025
3096
2978
3093
3035
3030
3097
2993
3097
3044
3030
3085
2964
3108
3036
3028
3100
2976
3102
3026
3045
3086
2995
3097
3027
3041
3092
2991
3109
3019
3034
3081
2992
3109
2999
3066
3080
3003
3101
3007
3061
3079
3008
3119
2985
3053
3062
3010
3106
2999
3058
3058
2995
3111
2986
3065
3075
3013
3108
2974
3084
3049
3029
3092
2977
3083
3053
3021
3107
2976
3083
3044
3020
3099
2977
3106
3028
3039
3087
2985
3094
3035
3043
3076
2985
3092
3010
3044
3095
2980
3106
3006
3030
3094
2987
3101
3023
3047
3085
3001
3110
3011
3048
3073
3013
3099
3003
3054
3064
3010
3108
2987
3052
3070
3003
3113
2982
3071
3056
3015
3102
2974
3094
3045
3021
3095
2968
3096
3049
3040
3088
2972
3082
3058
3041
3093
2981
3096
3033
3039
3097
2985
3086
3033
3025
3096
2987
3103
3024
3034
3078
2984
3094
3011
3053
3092
3009
3100
3015
3042
3071
2994
3116
2995
3050
3082
2997
3111
3006
3049
3059
3005
3100
3001
3063
3083
3010
3098
2994
3060
3064
3017
3117
2974
3074
3054
3007
3109
2972
3085
3045
3019
3096
2977
3081
3053
3022
3104
2967
3075
3047
3028
3092
2977
3080
3036
3025
3083
2987
3095
3037
3032
3087
2990
3096
3034
3039
3097
2985
3095
3005
3040
3092
2989
3095
3010
3057
3078
2993
3103
3003
3043
3060
3006
3104
3007
3054
3088
3009
3111
2988
3073
3074
3006
3107
2979
3066
3046
3024
3101
2989
3073
3050
3015
3094
2992
3075
3043
3030
3099
2980
3090
3050
3015
3096
2965
3083
3040
3031
3101
2973
3092
3023
3040
3090
2991
3097
3027
3047
3089
2989
3099
3022
3040
3070
2982
3113
3024
3041
3098
3002
3105
2987
3043
3082
3000
3114
2993
3048
3072
2999
3113
2986
3066
3053
3012
3099
3001
3068
3071
3007
3103
2985
3077
3062
3012
3094
2978
3085
3037
3039
3094
2985
3078
3055
3024
3102
2976
3092
3045
3030
3090
2971
3100
3025
3042
3098
2988
3089
3012
3060
3091
2995
3091
3003
3050
3083
2997
3107
3016
3046
3067
2983
3112
3001
3058
3073
3007
3102
3006
3052
3067
3011
3110
2985
3075
3069
3000
3112
2983
3073
3058
3002
3113
2979
3083
3051
3035
3099
2981
3078
3060
3023
3086
2983
3079
3043
3029
3107
2978
3092
3032
3019
3110
2981
3111
3038
3037
3086
2977
3104
3034
3049
3083
2985
3097
3024
3040
3085
2995
3108
3002
3047
3082
2999
3105
3014
3052
3069
3003
3109
3009
3056
3072
2998
3105
3015
3053
3082
3017
3100
2991
3065
3067
3014
3100
2991
3074
3048
3023
3100
2976
3081
3058
3016
3107
2978
3087
3051
3023
3101
2968
3088
3043
3039
3110
2977
3106
3030
3048
3089
3000
3095
3028
3042
3090
2976
3116
3031
3048
3089
3001
3092
3007
3041
3102
2994
3112
3010
3052
3081
3011
3108
3004
3041
3081
3002
3116
2996
3054
3059
3002
3107
2990
3072
3057
3011
3113
2987
3077
3058
3023
3113
2980
3090
3049
3028
3097
2972
3095
3041
3030
3091
2982
3086
3042
3039
3096
2980
3097
3040
3046
3092
2985
3088
3039
3046
3093
2993
3109
3022
3044
3082
2980
3108
3011
3065
3083
2987
3112
3010
3060
3080
3002
3101
3014
3043
3081
3006
3125
2998
3043
3061
3016
3113
3000
3071
3065
3010
3097
3001
3075
3056
3017
3103
2992
3072
3053
3035
3103
2998
3082
3046
3032
3099
2972
3095
3046
3032
3097
2987
3092
3051
3037
3099
2981
3087
3043
3042
3089
2975
3086
3028
3048
3103
2986
3113
3020
3053
3087
3004
3111
3023
3054
3074
3012
3116
3021
3070
3091
2999
3115
3001
3069
3081
3008
3115
3002
3073
3067
3029
3115
3005
3078
3070
3020
3123
2999
3104
3089
3026
3111
3002
3091
3080
3042
3126
2991
3107
3069
3065
3112
3010
3098
3077
3053
3105
2993
3108
3062
3042
3111
2992
3107
3056
3062
3108
2997
3120
3031
3068
3103
3001
3119
3021
3074
3091
3013
3124
3017
3059
3086
3005
3119
3022
3053
3091
3013
3128
2998
3082
3077
3019
3100
3001
3067
3065
3018
3112
2987
3078
3058
3018
3104
2994
3077
3065
3023
3108
2985
3077
3063
3025
3103
2978
3091
3041
3036
3097
3000
3081
3042
3024
3102
2979
3090
3050
3038
3098
2981
3101
3027
3037
3085
3004
3106
3012
3045
3096
2994
3093
3014
3033
3087
2992
3105
3012
3054
3068
3016
3112
3002
3064
3063
3007
3106
3012
3061
3066
3019
3098
2992
3060
3074
3010
3100
2992
3073
3060
3009
3107
2999
3091
3047
3022
3099
2976
3075
3056
3027
3086
2976
3081
3034
3040
3092
2980
3097
3028
3040
3094
2995
3103
3026
3043
3085
3001
3115
3018
3041
3087
2974
3114
3010
3052
3080
3005
3114
3010
3046
3071
3018
3105
3012
3052
3065
3009
3105
3007
3060
3069
2998
3111
2986
3082
3063
3029
3104
2994
3070
3066
3027
3105
2968
3081
3050
3019
3105
2980
3089
3046
3027
3091
2968
3092
3038
3039
3094
2971
3097
3033
3050
3114
2977
3085
3025
3047
3091
2979
3115
3037
3039
3075
2995
3109
3010
3056
3083
3011
3101
3008
3046
3090
2993
3095
3009
3049
3081
3009
3112
2989
3062
