2310,5000
3003
2837
2960
2954
2873
3011
2830
2966
2927
2895
2996
2840
2982
2920
2886
3011
2830
2998
2913
2899
2991
2840
2991
2915
2902
2993
2844
3003
2887
2901
2987
2848
3011
2893
2918
2979
2861
3004
2872
2924
2977
2849
3005
2875
2937
2976
2860
3001
2855
2947
2964
2861
3006
2855
2955
2955
2866
3003
2845
2957
2949
2870
2999
2832
2961
2957
2881
2994
2818
2969
2936
2889
2998
2828
2975
2939
2891
2995
2849
2988
2910
2887
3002
2831
2995
2915
2894
3000
2835
3007
2904
2900
2995
2855
3003
2883
2906
2987
2863
3015
2889
2911
2989
2863
3018
2869
2937
2972
2848
3008
2864
2949
2965
2857
3017
2843
2956
2961
2861
3000
2845
2950
2955
2866
3010
2831
2977
2949
2880
2996
2828
2967
2940
2887
2995
2827
2983
2927
2896
2995
2823
2985
2918
2900
3009
2849
2990
2903
2902
2992
2848
3005
2908
2901
3002
2848
3007
2900
2914
2987
2842
2998
2876
2920
2983
2849
3012
2865
2914
2981
2853
3018
2861
2939
2969
2866
3011
2861
2948
2965
2870
3003
2852
2959
2958
2870
3001
2840
2963
2953
2875
3005
2841
2978
2956
2883
2993
2832
2974
2948
2881
2997
2838
2973
2925
2896
2996
2846
2981
2903
2893
2993
2854
2996
2908
2897
2997
2838
2994
2896
2895
2996
2839
3006
2889
2920
2982
2853
3012
2875
2919
2982
2858
3009
2863
2933
2981
2854
3004
2865
2935
2966
2853
3009
2839
2956
2960
2870
3001
2837
2960
2965
2868
2999
2841
2961
2963
2872
2999
2827
2963
2945
2883
3001
2834
2972
2940
2886
3000
2820
2987
2932
2892
2999
2836
2983
2903
2895
3001
2846
2995
2910
2901
3002
2843
3007
2892
2895
2980
2852
2999
2874
2908
2990
2849
3008
2860
2928
2981
2862
3002
2850
2940
2974
2849
3013
2852
2935
2966
2854
3010
2838
2961
2960
2871
3006
2833
2964
2964
2881
2996
2844
2961
2947
2886
3003
2832
2967
2927
2879
3000
2834
2973
2922
2898
2993
2837
2991
2921
2891
2995
2837
2985
2910
2897
2999
2844
2999
2877
2910
2985
2853
2998
2891
2912
2980
2852
3005
2868
2925
2972
2852
3008
2863
2924
2981
2872
2999
2844
2933
2969
2855
3006
2840
2947
2965
2866
3002
2853
2952
2947
2859
2999
2822
2961
2955
2868
2994
2830
2960
2946
2881
3000
2825
2980
2929
2890
2996
2830
2989
2909
2890
3000
2846
2989
2911
2899
2994
2828
2989
2900
2907
2991
2853
3000
2888
2913
2991
2849
3001
2864
2926
2983
2844
2999
2876
2925
2977
2845
3000
2849
2941
2966
2865
3004
2859
2939
2960
2858
3003
2843
2952
2961
2869
2996
2834
2969
2948
2883
3000
2822
2966
2952
2879
3008
2834
2965
2939
2890
2997
2835
2980
2926
2881
2993
2830
2991
2900
2904
2989
2841
2988
2903
2907
2999
2844
2999
2905
2905
2999
2850
2994
2887
2919
2990
2847
3001
2876
2909
2971
2846
3010
2857
2941
2971
2859
3004
2850
2947
2976
2851
3006
2843
2954
2957
2873
2999
2837
2953
2942
2867
2994
2836
2968
2947
2884
2995
2837
2975
2942
2885
2993
2840
2975
2933
2892
2999
2835
2979
2912
2907
3002
2836
2987
2920
2896
3003
2842
2990
2894
2889
2986
2850
3009
2881
2921
2990
2838
2994
2881
2921
2984
2844
3001
2861
2914
2967
2858
3002
2862
2921
2961
2850
3009
2841
2951
2972
2866
2997
2841
2951
2955
2871
3007
2842
2954
2947
2882
3000
2830
2963
2940
2880
3004
2831
2972
2948
2888
2991
2823
2976
2934
2892
3005
2834
3001
2912
2892
2994
2850
2994
2892
2909
3000
2843
3000
2889
2900
2994
2840
3001
2891
2909
2986
2860
3005
2881
2918
2986
2851
3008
2862
2932
2988
2861
3015
2859
2952
2963
2865
3008
2862
2953
2971
2870
3002
2834
2968
2966
2868
3009
2828
2963
2955
2886
3004
2842
2976
2943
2897
3006
2832
2975
2946
2887
3006
2838
2994
2936
2899
2995
2845
2998
2919
2896
3004
2841
2993
2892
2904
2991
2860
3003
2889
2908
2991
2845
3014
2890
2912
2984
2845
3004
2885
2936
2979
2858
3013
2864
2940
2975
2858
3014
2851
2956
2967
2874
3007
2857
2953
2966
2870
3001
2849
2964
2966
2884
2998
2840
2966
2949
2899
3010
2844
2982
2941
2883
3010
2842
2993
2927
2887
3001
2861
2993
2926
2908
2998
2840
2987
2927
2903
2996
2856
3005
2903
2900
2995
2848
3018
2882
2924
2986
2853
3017
2881
2928
2982
2851
3009
2888
2930
2983
2862
3006
2858
2943
2986
2867
3005
2860
2946
2965
2872
3004
2841
2964
2973
2876
3000
2839
2968
2959
2886
3004
2848
2980
2950
2891
3002
2831
2971
2943
2887
2997
2844
2989
2930
2891
2994
2846
2996
2925
2910
2999
2839
3003
2914
2905
2997
2842
2999
2897
2914
2990
2851
3012
2901
2914
2980
2872
3014
2873
2931
2983
2854
3004
2876
2932
2983
2859
3003
2868
2954
2973
2866
3021
2851
2945
2958
2881
3014
2843
2957
2968
2885
3013
2846
2971
2955
2874
3007
2833
2980
2958
2885
3010
2832
2989
2947
2894
3005
2858
2988
2931
2909
3011
2844
3002
2911
2907
3002
2853
2998
2907
2919
2994
2853
3011
2889
2899
2993
2851
2997
2894
2906
2976
2862
3010
2866
2914
2974
2863
3007
2872
2940
2970
2866
3007
2853
2941
2968
2855
3010
2851
2949
2946
2854
2995
2835
2947
2952
2863
3001
2829
2963
2956
2870
2996
2833
2977
2955
2886
3006
2843
2973
2932
2894
2996
2827
2976
2903
2890
2990
2850
2991
2910
2899
2989
2847
2997
2896
2904
2995
2866
3001
2902
2910
2986
2861
3005
2876
2914
2980
2859
3004
2870
2938
2972
2868
3008
2862
2940
2977
2873
3018
2860
2957
2980
2875
3019
2871
2972
2967
2892
3019
2855
2965
2966
2878
3012
2846
2979
2952
2888
3002
2836
2977
2944
2879
2995
2824
2993
2926
2909
3003
2840
2986
2922
2891
3000
2842
3002
2925
2911
3008
2841
3005
2901
2900
2994
2841
3006
2879
2902
2983
2861
3001
2879
2916
2987
2859
3014
2873
2937
2977
2853
3015
2859
2946
2975
2855
3007
2846
2965
2974
2875
3002
2848
2952
2967
2871
3011
2841
2974
2969
2879
3011
2839
2969
2950
2882
3003
2842
2976
2931
2889
2995
2838
2978
2919
2901
3000
2857
2988
2909
2894
2996
2841
3001
2907
2909
2997
2843
3017
2899
2916
2988
2854
2999
2884
2911
2996
2856
3007
2884
2926
2991
2865
3015
2860
2931
2975
2857
3012
2864
2950
2964
2855
3008
2859
2963
2968
2863
3013
2843
2965
2961
2885
3017
2845
2978
2956
2878
3014
2840
2976
2955
2891
2998
2847
2981
2948
2893
3013
2850
2993
2930
2902
3009
2852
3004
2926
2902
2997
2846
2996
2906
2904
2992
2846
3001
2882
2901
2988
2841
3006
2878
2910
2992
2856
3001
2870
2921
2990
2871
3014
2881
2924
2974
2863
3013
2863
2936
2975
2858
3001
2842
2949
2971
2863
3010
2850
2961
2963
2869
3010
2828
2961
2955
2868
2998
2831
2974
2939
2896
2996
2841
2976
2927
2891
2995
2829
2986
2916
2892
2996
2842
2984
2897
2905
2996
2837
3006
2894
2897
2995
2840
3007
2892
2907
2983
2847
2996
2874
2909
2983
2844
3000
2874
2918
2975
2855
3001
2855
2931
2978
2851
3009
2846
2943
2956
2861
3011
2839
2962
2955
2864
3005
2832
2959
2969
2875
3013
2830
2966
2941
2883
3000
2840
2967
2931
2878
3006
2827
2972
2924
2878
2990
2839
2976
2915
2899
2996
2836
2986
2908
2905
3005
2838
2989
2899
2895
2987
2850
3004
2885
2901
2977
2850
2999
2872
2908
2977
2855
2997
2867
2914
2983
2853
3013
2852
2928
2976
2855
3009
2861
2945
2955
2865
3004
2838
2955
2962
2874
3005
2824
2957
2969
2875
3009
2820
2958
2947
2880
2997
2826
2980
2929
2893
2998
2838
2975
2936
2886
2992
2826
2993
2912
2900
2990
2827
2983
2908
2895
3000
2846
2996
2879
2903
2992
2855
2999
2878
2914
2982
2852
2997
2881
2912
2983
2851
2997
2872
2919
2976
2869
2997
2866
2923
2964
2848
3009
2851
2948
2963
2851
3013
2842
2951
2950
2870
2999
2835
2953
2953
2880
2995
2816
2958
2954
2870
2997
2839
2979
2954
2875
3006
2833
2985
2919
2889
2996
2841
2988
2934
2897
2999
2833
2983
2909
2902
2997
2837
2991
2901
2896
2988
2864
3002
2874
2895
2993
2855
3004
2886
2923
2976
2841
3005
2875
2932
2973
2861
3005
2866
2937
2969
2867
3007
2856
2948
2964
2867
3005
2853
2952
2970
2855
3004
2826
2964
2954
2879
3003
2841
2970
2951
2878
3008
2824
2968
2955
2884
3004
2835
2975
2920
2882
2992
2841
2981
2924
2897
2993
2848
2987
2911
2908
2999
2833
2995
2903
2914
2993
2856
3006
2879
2900
2985
2856
3001
2874
2927
2984
2863
3000
2868
2932
2980
2857
3017
2864
2931
2969
2869
3012
2850
2949
2966
2859
3012
2841
2950
2962
2862
3016
2836
2957
2955
2877
2999
2849
2973
2947
2883
2998
2825
2975
2932
2880
3008
2834
2980
2933
2902
3002
2859
2990
2932
2901
3010
2845
2994
2911
2909
3000
2858
2998
2895
2918
3000
2849
3005
2902
2919
2996
2864
3006
2894
2921
2983
2872
3008
2890
2939
2989
2879
3009
2861
2940
2983
2864
3013
2862
2956
2966
2883
3006
2868
2956
2957
2868
3011
2839
2963
2966
2885
3002
2830
2978
2954
2891
3004
2854
2978
2939
2896
3003
2839
2986
2937
2900
3016
2860
2994
2922
2904
2999
2840
3000
2908
2901
3012
2857
3004
2893
2916
3003
2861
3008
2895
2914
2987
2854
3016
2884
2927
2987
2851
3006
2894
2935
2979
2861
3021
2864
2939
2984
2866
3007
2865
2957
2971
2863
3016
2849
2962
2957
2873
3020
2852
2966
2958
2877
3001
2850
2979
2958
2892
3007
2833
2972
2950
2884
3001
2858
2980
2934
2898
3004
2850
2985
2919
2910
3000
2847
2998
2906
2919
2999
2839
2997
2904
2910
2992
2853
3002
2896
2908
2989
2866
3007
2890
2920
2983
2856
3004
2872
2944
2974
2849
3007
2865
2945
2985
2860
3011
2852
2951
2981
2864
3014
2849
2961
2959
2886
3006
2849
2963
2953
2871
3012
2832
2970
2958
2882
2997
2828
2968
2947
2891
3000
2835
2981
2930
2896
3000
2840
2994
2919
2893
2997
2841
3000
2906
2913
2994
2840
2993
2893
2909
2991
2848
3003
2893
2906
2999
2859
3004
2888
2922
2983
2867
3015
2878
2938
2973
2853
3011
2860
2953
2982
2867
3020
2855
2956
2970
2870
3007
2855
2959
2963
2883
3012
2852
2975
2961
2883
3003
2849
2970
2961
2895
3006
2837
2992
2950
2894
3002
2837
2987
2929
2904
3003
2848
2994
2923
2903
3007
2859
2995
2902
2901
3002
2855
2995
2891
2909
2992
2855
3011
2883
2916
2997
2852
3012
2868
2910
2984
2870
3015
2868
2938
2986
2873
3010
2865
2947
2975
2851
3002
2869
2945
2970
2866
3006
2847
2953
2960
2863
3011
2841
2960
2962
2884
3006
2831
2979
2950
2888
2998
2831
2971
2946
2897
3014
2829
2984
2920
2910
3009
2838
2988
2910
2906
2999
2837
3002
2906
2892
3000
2862
2997
2888
2909
2999
2851
2997
2888
2911
2984
2848
3018
2876
2925
2982
2862
3003
2876
2926
2980
2857
3005
2867
2941
2970
2850
3002
2844
2954
2974
2866
3008
2848
2962
2966
2882
3002
2841
2970
2947
2870
3000
2828
2970
2955
2879
3009
2825
2983
2934
2905
3000
2838
2982
2932
2893
3007
2838
2987
2918
2900
2992
2852
2997
2901
2896
3001
2850
2998
2891
2905
2988
2860
3005
2876
2910
2990
2857
2999
2868
2918
2977
2852
3023
2882
2926
2968
2865
3007
2856
2942
2977
2864
3004
2852
2949
2972
2870
3002
2846
2966
2962
2880
3006
2836
2962
2948
2882
3002
2851
2973
2942
2881
3009
2833
2990
2931
2900
3001
2839
2997
2922
2900
2998
2838
2994
2907
2907
3007
2857
2996
2905
2900
2992
2862
3003
2909
2914
2992
2855
3011
2882
2923
2989
2862
3002
2876
2924
2978
2868
3007
2865
2930
2971
2869
3005
2859
2954
2963
2854
3014
2841
2959
2971
2872
3009
2831
2971
2963
2873
3009
2831
2976
2954
2877
3000
2844
2976
2953
2875
3005
2837
2978
2930
2898
3006
2832
2978
2914
2902
2999
2850
2990
2911
2900
2993
2861
2999
2898
2907
2994
2850
2997
2905
2911
2982
2851
3011
2874
2933
2993
2854
3004
2868
2918
2976
2854
3006
2865
2930
2977
2863
3003
2865
2959
2960
2869
3007
2839
2964
2959
2878
3004
2849
2960
2955
2895
3006
2826
2980
2951
2879
3004
2838
2985
2937
2881
3002
2843
2980
2929
2890
3009
2842
2982
2928
2904
2999
2843
2993
2910
2898
3000
2852
2999
2887
2912
2990
2859
3008
2881
2911
2988
2862
3010
2872
2928
2986
2858
3002
2875
2939
2982
2862
3016
2852
2945
2963
2872
3007
2860
2966
2968
2862
3013
2843
2974
2967
2864
3001
2829
2971
2957
2876
3001
2839
2972
2950
2881
2998
2853
2985
2938
2883
2996
2845
2981
2922
2907
2999
2833
2986
2906
2907
2997
2834
2991
2904
2902
2995
2853
3002
2891
2915
2987
2859
3011
2884
2917
2988
2860
3008
2871
2921
2981
2853
2999
2867
2937
2975
2857
3016
2863
2949
2963
2859
3015
2858
2945
2967
2884
3004
2851
2960
2966
2865
3011
2837
2964
2971
2878
3001
2846
2971
2942
2905
3004
2852
2978
2942
2898
3002
2849
2989
2921
2904
3003
2836
2990
2920
2905
3007
2843
3006
2900
2916
2999
2847
3006
2895
2917
2989
2862
3007
2901
2914
2982
2861
3015
2875
2927
2980
2871
3008
2883
2949
2979
2875
3017
2853
2955
2970
2877
3016
2863
2955
2969
2879
3009
2841
2965
2957
2894
3009
2851
2968
2960
2891
3002
2821
2968
2942
2888
2995
2833
2987
2917
2881
2995
2834
2991
2918
2892
2997
2841
2988
2917
2907
2993
2851
3005
2901
2919
2998
2855
3020
2892
2924
2997
2878
3024
2896
2923
2991
2875
3013
2889
2939
2978
2871
3016
2861
2943
2973
2878
3012
2849
2956
2971
2884
3011
2850
2960
2972
2873
3020
2847
2976
2955
2887
3014
2842
2972
2951
2894
3011
2829
2973
2956
2900
3002
2833
2988
2939
2889
3001
2841
2996
2908
2897
3007
2844
3007
2904
2923
2995
2836
3005
2893
2906
2987
2845
3002
2887
2917
2990
2849
3009
2879
2918
2986
2849
3012
2881
2943
2973
2853
3009
2864
2938
2966
2860
3013
2844
2946
2968
2866
3010
2840
2952
2962
2874
3006
2841
2970
2948
2889
2999
2831
2968
2953
2887
2997
2841
2975
2927
2890
2995
2826
2987
2917
2891
3002
2846
2990
2910
2902
3001
2837
3004
2901
2908
2991
2853
3002
2897
2913
3002
2842
3007
2875
2927
2981
2861
3008
2874
2919
2982
2874
3008
2866
2931
2980
2862
3002
2868
2952
2968
2859
3007
2857
2954
2970
2872
3014
2834
2957
2957
2884
3008
2843
2966
2953
2879
3003
2834
2972
2951
2887
3005
2837
2976
2939
2896
3005
2850
2994
2917
2894
2998
2861
2991
2917
2901
2995
2847
2998
2896
2902
2987
2858
3001
2882
2908
3002
2857
3010
2891
2919
2979
2865
3016
2868
2933
2990
2871
3008
2868
2941
2971
2866
3010
2857
2947
2963
2855
2999
2843
2963
2957
2878
3002
2845
2971
2953
2888
3004
2834
2980
2946
2897
3002
2842
2977
2932
2892
2994
2823
2988
2926
2905
3001
2846
2987
2919
2905
2995
2845
2990
2904
2911
2995
2855
3003
2892
2914
2995
2849
2999
2882
2919
2993
2856
3002
2870
2918
2988
2857
3003
2858
2931
2969
2858
3006
2864
2944
2964
2851
3009
2848
2955
2956
2872
2998
2846
2965
2962
2876
2997
2841
2963
2961
2877
3010
2834
2971
2944
2874
3005
2843
2975
2928
2884
3008
2845
2990
2925
2888
3003
2833
2994
2906
2913
2993
2857
3000
2912
2901
2994
2856
3001
2883
2917
2984
2861
3014
2879
2910
2985
2849
3002
2887
2919
2984
2877
3012
2869
2930
2979
2867
3013
2863
2949
2972
2862
3014
2852
2951
2966
2866
3009
2841
2967
2959
2873
3006
2828
2964
2949
2888
3000
2842
2979
2953
2882
2999
2854
2979
2920
2896
2999
2845
2986
2914
2910
2996
2845
2998
2903
2920
2998
2844
3011
2892
2904
3000
2854
3001
2891
2915
2997
2857
3003
2876
2930
2986
2862
3006
2866
2937
2985
2865
3015
2872
2942
2978
2871
3008
2858
2946
2968
2869
3015
2849
2968
2961
2876
3000
2848
2967
2963
2877
3014
2839
2968
2959
2889
3003
2832
2990
2939
2901
3015
2851
2986
2920
2904
3005
2840
2987
2914
2916
3002
2852
3005
2908
2914
3004
2852
3010
2890
2918
2998
2853
3005
2891
2911
2982
2853
3016
2872
2921
2986
2870
3013
2879
2940
2973
2857
3013
2866
2947
2970
2870
3015
2846
2961
2964
2880
3006
2847
2968
2965
2870
3015
2836
2968
2950
2882
3010
2843
2975
2952
2884
3001
2850
2978
2936
2894
3008
2848
2984
2928
2902
3005
2854
2996
2907
2917
2992
2844
3007
2894
2921
2995
2843
2999
2902
2916
2991
2853
3012
2879
2928
2985
2852
3023
2873
2939
2974
2867
3009
2859
2949
2973
2862
3005
2856
2945
2962
2864
3015
2841
2954
2966
2879
3006
2834
2973
2960
2873
3009
2835
2977
2950
2887
3003
2824
2984
2935
2900
3003
2845
2983
2918
2905
3007
2837
2994
2908
2908
3012
2851
2996
2910
2907
3005
2849
2999
2903
2909
2992
2861
