2471,5000
2884
2999
2847
2979
2918
2890
2999
2845
2988
2903
2908
2996
2846
2997
2898
2894
2987
2843
3009
2886
2906
2992
2846
3004
2886
2911
2991
2853
3001
2883
2916
2972
2863
3009
2861
2930
2963
2848
3012
2860
2940
2971
2858
3003
2848
2957
2959
2881
2998
2825
2966
2952
2881
3003
2841
2965
2952
2869
3011
2827
2982
2935
2892
3000
2846
2979
2923
2906
2994
2826
2998
2910
2905
2998
2834
2989
2893
2892
2993
2855
3000
2898
2904
2992
2836
3012
2887
2915
2986
2848
3002
2889
2920
2988
2859
3004
2865
2919
2977
2861
3015
2855
2953
2963
2870
3006
2857
2953
2964
2862
3012
2835
2966
2956
2880
3010
2834
2966
2959
2876
3000
2836
2974
2957
2894
2999
2839
2983
2933
2884
2995
2839
2985
2917
2903
2994
2846
2989
2901
2906
2994
2836
3009
2891
2898
2996
2842
3014
2879
2913
2985
2850
3010
2872
2921
2980
2856
3003
2861
2933
2977
2868
3008
2854
2944
2967
2856
3014
2845
2940
2968
2876
3003
2842
2964
2952
2857
3008
2831
2977
2955
2879
3003
2828
2975
2963
2888
3005
2835
2980
2929
2879
3006
2832
2982
2915
2894
2997
2842
2992
2918
2900
2993
2843
3005
2898
2906
3000
2848
3002
2905
2901
2996
2851
3012
2877
2914
2984
2856
3004
2865
2919
2976
2850
3010
2867
2930
2979
2852
3012
2859
2945
2966
2870
3009
2848
2952
2965
2868
3010
2840
2968
2963
2888
3000
2841
2973
2950
2879
3011
2826
2982
2938
2895
3009
2825
2987
2918
2897
3001
2852
2994
2910
2912
2997
2848
3004
2900
2893
2999
2842
3013
2889
2904
2996
2847
3010
2871
2906
2992
2850
3005
2881
2920
2973
2861
3008
2875
2930
2979
2854
3015
2856
2939
2967
2871
3005
2849
2957
2963
2882
3007
2847
2963
2950
2881
3005
2843
2970
2943
2891
2997
2839
2974
2952
2878
2996
2837
2978
2924
2896
2997
2841
2988
2924
2899
2998
2844
2988
2897
2905
2998
2837
2999
2905
2905
2991
2851
3003
2883
2917
2982
2845
3012
2873
2934
2984
2863
3007
2863
2942
2975
2849
3009
2865
2941
2970
2850
3014
2851
2946
2967
2876
3010
2845
2962
2964
2872
3008
2834
2963
2957
2879
3010
2842
2973
2935
2874
3007
2830
2975
2941
2887
3007
2830
2992
2931
2901
2995
2841
2988
2915
2899
3005
2842
2998
2900
2897
2989
2862
3004
2894
2908
2988
2852
3005
2888
2915
2977
2867
3010
2862
2921
2984
2860
3002
2854
2934
2966
2859
3007
2862
2950
2961
2866
3006
2841
2961
2964
2864
3012
2828
2964
2952
2884
3002
2820
2974
2950
2886
3000
2839
2975
2943
2884
3006
2842
2985
2930
2894
3005
2834
3000
2920
2908
2994
2841
3003
2903
2905
3000
2847
3000
2884
2899
3003
2850
3014
2875
2905
2984
2846
3003
2872
2923
2983
2847
3003
2862
2929
2981
2859
3017
2865
2942
2966
2879
3014
2841
2950
2967
2865
3010
2840
2960
2961
2863
3007
2846
2982
2948
2886
3002
2840
2978
2954
2900
3001
2836
2979
2927
2897
3001
2846
2989
2908
2898
2997
2842
2999
2909
2910
3008
2836
2997
2899
2912
2995
2837
3011
2884
2905
2992
2862
3014
2866
2921
2978
2867
3014
2871
2944
2981
2856
3008
2865
2940
2978
2855
3016
2849
2960
2962
2867
3007
2834
2962
2955
2867
3002
2841
2969
2950
2882
3001
2849
2977
2951
2872
3007
2830
2986
2940
2889
3008
2823
2991
2915
2910
3002
2835
3006
2913
2893
3003
2840
3011
2905
2902
2997
2850
3002
2893
2919
2986
2862
3003
2880
2909
2988
2854
3023
2866
2934
2975
2855
3012
2860
2950
2972
2856
3016
2850
2963
2965
2855
3011
2837
2955
2974
2872
3003
2835
2963
2961
2877
3000
2842
2974
2946
2885
3009
2831
2985
2935
2892
2996
2833
2990
2933
2890
3007
2835
2998
2907
2908
3000
2850
3005
2907
2903
2997
2848
3010
2894
2916
2987
2840
3016
2881
2912
2992
2848
3009
2876
2926
2977
2867
3008
2855
2931
2970
2864
3014
2854
2954
2977
2866
3006
2861
2956
2967
2876
3010
2832
2971
2958
2872
3001
2843
2968
2956
2878
3018
2839
2971
2939
2887
3000
2844
2990
2924
2900
3007
2833
2996
2916
2907
2993
2843
3002
2907
2906
3005
2849
3005
2882
2899
2999
2849
3003
2895
2918
2995
2862
3009
2871
2936
2975
2847
3017
2867
2929
2973
2857
3013
2848
2945
2978
2861
3017
2844
2959
2962
2858
3009
2849
2964
2961
2871
3001
2837
2966
2949
2890
2999
2845
2976
2946
2881
3001
2832
2982
2924
2886
3001
2846
2992
2918
2893
3006
2840
2993
2923
2907
2993
2837
3006
2890
2917
2989
2856
3015
2888
2910
2986
2861
3009
2886
2914
2976
2870
3007
2878
2930
2978
2846
3003
2854
2950
2971
2868
3023
2842
2958
2965
2876
3009
2846
2962
2961
2879
3005
2844
2972
2957
2878
2997
2839
2976
2951
2890
2999
2839
2985
2931
2900
3004
2826
2993
2917
2903
2997
2846
2999
2910
2902
3001
2841
3000
2903
2908
2989
2855
3006
2882
2920
2988
2866
3009
2874
2918
2988
2862
3017
2863
2925
2984
2859
3018
2870
2956
2971
2868
3004
2848
2966
2966
2869
3020
2840
2957
2972
2872
3021
2834
2970
2949
2884
3001
2849
2973
2946
2880
3007
2841
2988
2938
2903
2998
2853
2988
2924
2900
3003
2826
2997
2910
2908
2996
2853
3001
2903
2906
2996
2842
3016
2886
2902
2991
2845
3007
2886
2920
2993
2860
3006
2874
2929
2981
2865
3010
2876
2942
2976
2879
3009
2857
2944
2958
2868
3008
2846
2958
2966
2860
3015
2829
2964
2963
2877
3001
2841
2979
2950
2877
3012
2832
2984
2930
2897
3001
2843
2987
2930
2892
2994
2843
2998
2912
2899
2999
2859
3001
2904
2910
2991
2850
3009
2888
2904
2997
2858
3007
2886
2912
2986
2851
3008
2874
2924
2984
2857
3020
2856
2949
2980
2859
3016
2849
2957
2972
2868
3011
2842
2964
2955
2873
3002
2830
2964
2960
2881
3009
2828
2973
2945
2891
3014
2823
2986
2950
2891
3009
2842
2988
2924
2896
2996
2845
2999
2911
2898
3005
2843
2996
2908
2908
3004
2848
3003
2894
2910
2997
2855
3002
2881
2915
2985
2859
3025
2879
2937
2979
2851
3019
2860
2946
2968
2873
3016
2853
2958
2968
2874
3005
2832
2960
2956
2880
3006
2832
2970
2960
2866
3010
2851
2970
2951
2882
3008
2842
2985
2930
2885
3005
2827
2989
2920
2904
2999
2833
2991
2915
2893
3008
2843
3008
2890
2909
2991
2856
3006
2886
2918
2986
2851
3011
2877
2916
2992
2854
3006
2864
2932
2976
2873
3011
2865
2930
2969
2859
3019
2853
2965
2964
2866
3019
2839
2957
2956
2879
3006
2840
2965
2968
2885
3004
2827
2976
2955
2887
3005
2845
2982
2938
2877
2997
2834
2982
2931
2900
3002
2841
2988
2906
2895
3004
2849
2996
2896
2911
2993
2858
3005
2893
2901
2998
2846
3014
2876
2925
2985
2850
3008
2887
2922
2977
2859
3007
2864
2943
2969
2877
3018
2856
2940
2971
2860
3021
2842
2959
2966
2873
3018
2850
2968
2951
2865
3009
2828
2979
2946
2878
3001
2836
2975
2939
2890
2998
2830
2983
2923
2902
3005
2834
2998
2917
2898
3002
2841
2993
2906
2903
3003
2842
3013
2877
2916
2990
2847
3013
2875
2921
2987
2871
3007
2880
2927
2972
2854
3022
2862
2933
2974
2860
3011
2840
2944
2979
2879
3011
2836
2958
2963
2877
3009
2830
2961
2959
2873
3005
2836
2969
2959
2888
2997
2835
2977
2945
2903
3001
2829
2988
2915
2899
3005
2845
2989
2905
2903
3004
2839
2997
2916
2900
2996
2844
3001
2885
2918
2996
2850
3004
2883
2919
2983
2859
3007
2876
2922
2988
2851
3008
2864
2927
2966
2862
3010
2848
2958
2966
2875
3009
2858
2954
2968
2870
3011
2826
2964
2961
2875
3009
2829
2969
2940
2874
2998
2837
2984
2937
2883
3003
2824
2991
2922
2896
3002
2832
2989
2917
2898
3005
2841
3003
2892
2896
2991
2854
3004
2897
2910
2993
2853
3008
2885
2924
2982
2856
3007
2875
2918
2986
2858
3014
2859
2927
2978
2858
3008
2863
2947
2970
2866
3014
2853
2961
2951
2862
3012
2831
2961
2951
2892
2998
2824
2974
2944
2883
3008
2838
2985
2936
2894
3002
2829
2991
2936
2891
2998
2843
2991
2906
2908
2993
2842
2991
2895
2911
2993
2860
3004
2891
2901
2984
2866
3006
2871
2925
2985
2846
3013
2880
2926
2973
2860
3011
2852
2949
2969
2860
3005
2856
2950
2960
2883
3006
2845
2961
2959
2871
3008
2826
2971
2947
2865
2998
2827
2973
2942
2889
2999
2835
2982
2927
2896
3002
2838
2981
2917
2901
2999
2837
3000
2902
2903
2993
2854
2997
2892
2900
2990
2844
3008
2884
2906
2996
2850
3005
2868
2910
2986
2847
3017
2858
2918
2985
2856
3013
2866
2943
2976
2856
3021
2846
2946
2962
2867
3003
2837
2963
2960
2877
3004
2834
2958
2946
2872
3009
2825
2972
2950
2888
2999
2839
2977
2932
2881
3008
2832
2981
2927
2891
3002
2831
2994
2897
2905
2997
2834
3010
2890
2905
2987
2861
3006
2895
2898
2983
2859
3003
2878
2913
2990
2848
3017
2854
2924
2988
2859
3016
2859
2936
2974
2862
3007
2858
2947
2967
2865
3009
2843
2964
2955
2875
3011
2832
2962
2959
2873
3011
2825
2971
2949
2880
3003
2836
2975
2935
2888
3009
2849
2992
2911
2889
2993
2829
2989
2911
2900
3002
2839
3008
2896
2907
2997
2848
3017
2884
2906
2993
2849
3015
2870
2910
2973
2855
3012
2871
2930
2982
2852
3011
2846
2948
2969
2858
3012
2840
2959
2960
2873
3005
2847
2956
2958
2867
2999
2839
2968
2956
2878
3006
2822
2983
2937
2900
2995
2846
2979
2934
2888
3005
2839
2982
2926
2888
3012
2845
2993
2898
2898
3006
2840
3009
2889
2915
2988
2844
3011
2890
2910
2994
2851
3014
2863
2924
2985
2860
3011
2872
2929
2969
2864
3009
2854
2952
2967
2851
3020
2840
2952
2969
2867
3009
2830
2967
2953
2882
3002
2850
2967
2955
2882
3000
2832
2984
2933
2885
3004
2823
2980
2939
2890
3006
2828
2990
2918
2898
3004
2832
3007
2895
2907
2996
2858
3014
2892
2909
2989
2853
3018
2881
2921
2984
2856
3007
2875
2921
2986
2852
3013
2865
2940
2971
2866
3017
2849
2940
2975
2857
3014
2846
2963
2969
2863
3006
2832
2971
2952
2887
3001
2823
2976
2950
2879
3015
2827
2971
2935
2893
3004
2829
2989
2916
2895
2996
2843
2995
2904
2906
3001
2838
2995
2907
2903
3002
2837
3009
2895
2911
2984
2855
3015
2870
2918
2978
2868
3008
2876
2925
2982
2856
3004
2868
2940
2979
2851
3005
2866
2951
2963
2872
3008
2845
2961
2956
2872
3006
2824
2971
2952
2874
3013
2842
2974
2946
2886
3002
2846
2976
2924
2886
3012
2825
2984
2908
2890
2995
2843
2989
2902
2894
3000
2840
3007
2896
2909
2989
2841
3014
2878
2925
2989
2838
3018
2882
2927
2983
2848
3015
2864
2941
2969
2863
3010
2865
2941
2964
2868
3007
2854
2960
2963
2866
3006
2828
2967
2959
2878
3006
2837
2969
2956
2879
3010
2833
2979
2939
2878
3014
2825
2980
2926
2889
3000
2835
2990
2909
2911
2996
2855
2994
2918
2897
3003
2849
3006
2892
2911
2995
2845
3020
2880
2914
2980
2852
3018
2870
2926
2980
2861
3014
2854
2928
2975
2855
3013
2853
2945
2964
2857
3013
2842
2951
2963
2862
3011
2836
2969
2954
2878
3001
2825
2973
2944
2886
3000
2833
2979
2932
2892
3000
2847
2981
2913
2883
3003
2842
2990
2905
2902
2997
2830
3011
2912
2900
2987
2855
3002
2898
2907
3002
2847
3017
2867
2905
2995
2852
3016
2872
2930
2983
2853
3016
2861
2952
2968
2870
3006
2864
2946
2966
2880
3006
2828
2964
2957
2872
3003
2826
2962
2957
2866
3008
2833
2971
2939
2872
3007
2837
2974
2940
2895
2999
2834
2986
2914
2901
3013
2845
2993
2922
2901
2994
2852
2999
2900
2900
2997
2855
3011
2889
2906
2993
2842
3003
2881
2924
2981
2868
3009
2874
2923
2982
2856
3019
2849
2932
2975
2864
3018
2848
2961
2959
2868
3006
2830
2958
2965
2868
3008
2823
2972
2949
2894
3003
2822
2968
2949
2884
3004
2833
2987
2936
2885
2992
2839
2985
2911
2903
2996
2843
2995
2898
2918
2993
2833
3006
2893
2913
2990
2859
3006
2884
2914
2986
2861
3011
2866
2921
2985
2852
3007
2872
2935
2970
2848
3012
2846
2941
2963
2859
3014
2839
2958
2956
2882
3009
2846
2961
2957
2870
3003
2839
2967
2958
2876
3006
2836
2981
2941
2892
2999
2824
2977
2936
2887
3006
2834
2990
2905
2906
2993
2859
2995
2907
2912
3003
2842
3009
2904
2919
2992
2852
3004
2881
2919
2992
2853
3014
2871
2932
2971
2869
3014
2872
2934
2981
2867
3009
2844
2957
2972
2853
3001
2831
2962
2966
2872
3002
2832
2963
2953
2872
3001
2830
2976
2940
2881
3006
2840
2980
2933
2882
3002
2834
2997
2914
2893
3004
2840
2988
2911
2901
3002
2839
3001
2896
2921
2992
2853
3009
2879
2914
2985
2838
3012
2876
2925
2982
2857
3013
2869
2925
2972
2867
3005
2849
2938
2975
2858
3017
2847
2958
2967
2860
3012
2839
2968
2960
2866
2999
2827
2979
2961
2887
3004
2837
2975
2939
2898
3000
2840
2981
2917
2895
3001
2829
2986
2927
2901
2994
2835
2992
2910
2906
2994
2846
2998
2882
2914
2988
2866
3017
2876
2904
2992
2853
3013
2877
2919
2982
2853
3006
2869
2947
2968
2863
3007
2848
2961
2968
2869
3012
2834
2962
2960
2873
3009
2828
2973
2951
2880
3001
2832
2986
2959
2873
2997
2826
2989
2938
2885
3006
2824
2988
2919
2909
2997
2843
3000
2904
2911
2996
2848
3005
2897
2897
2998
2850
3002
2893
2905
2992
2844
3007
2884
2914
2976
2862
3009
2881
2923
2980
2859
3018
2852
2948
2968
2866
3011
2846
2963
2965
2863
3008
2835
2967
2956
2882
3002
2825
2967
2956
2879
2999
2820
2979
2937
2892
3002
2826
2980
2929
2894
2992
2834
3000
2911
2909
3011
2843
3001
2899
2913
2994
2858
2997
2882
2911
2993
2844
3011
2884
2902
2987
2851
3015
2871
2919
2975
2861
3010
2867
2938
2979
2852
3008
2858
2952
2962
2863
3005
2847
2952
2961
2866
3000
2843
2964
2967
2874
3013
2826
2979
2947
2881
2997
2839
2979
2927
2889
3008
2828
2985
2922
2898
2995
2852
2990
2914
2896
3001
2849
3007
2913
2901
2995
2855
3004
2893
2907
2986
2863
3003
2877
2915
2987
2846
3015
2873
2923
2978
2865
3014
2856
2937
2972
2866
3019
2860
2949
2971
2869
3016
2832
2974
2962
2877
3016
2838
2972
2956
2884
3006
2826
2977
2944
2890
2997
2828
2985
2940
2883
2995
2828
2993
2931
2905
2996
2857
2995
2907
2898
2994
2855
2996
2895
2900
2998
2845
3004
2894
2907
2997
2851
3016
2870
2917
2988
2854
3016
2856
2942
2972
2860
3005
2846
2952
2966
2859
3022
2848
2948
2964
2870
3013
2849
2962
2954
2869
3008
2822
2983
2966
2888
2996
2821
2984
2941
2895
2998
2832
2981
2927
2895
3006
2838
2991
2908
2907
2999
2846
2997
2898
2922
2989
2838
3004
2906
2914
3003
2864
3014
2872
2917
2983
2865
3008
2866
2938
2986
2853
3008
2871
2942
2964
2866
3008
2857
2945
2973
2871
3008
2844
2953
2961
2876
3009
2830
2974
2951
2887
3012
2839
2979
2959
2881
3009
2824
2976
2944
2895
3003
2838
2983
2917
2897
2996
2846
2992
2901
2907
2999
2864
2999
2903
2902
2989
2841
3012
2883
2911
2996
2846
3012
2892
2922
2978
2867
3011
2873
2924
2981
2860
3007
2863
2932
2965
2871
3007
2859
2956
2964
2875
3001
2851
2967
2965
2878
3013
2832
2966
2960
2883
3003
2837
2974
2938
2895
3008
2840
2983
2936
2890
3009
2845
2987
2925
2908
2998
2844
3002
2908
2917
2996
2847
3003
2909
2911
2993
2858
3024
2884
2925
2990
2860
3014
2881
2942
2988
2876
3024
2876
2962
2983
2879
3015
2884
2960
2989
2886
3035
2869
2970
2974
2893
3030
2867
2990
2981
2901
3038
2873
3001
2975
2914
3028
2881
3005
2973
2924
3036
2870
3004
2960
2930
3032
2872
3016
2944
2940
3041
2896
3025
2939
2933
3016
2894
3033
2932
2946
3026
2889
3026
2909
2955
3020
2896
3031
2902
2956
3000
2901
3039
2891
2964
3006
2898
3039
2884
2974
2996
2891
3035
2877
2984
2989
2901
3034
2865
2994
2975
2913
3021
2860
2997
2964
2916
3018
2856
2998
2953
2928
3012
2861
3010
2939
2923
3016
2868
3012
2923
2928
3009
2875
3010
2917
2925
3002
2861
3015
2898
2931
2995
2863
3021
2884
2933
2995
2865
3013
2882
2939
2989
2878
3020
2867
2958
2978
2880
3014
2856
2965
2965
2881
3009
2855
2969
2969
2884
3012
2837
2980
2965
2898
3003
2844
2982
2947
2887
3000
2851
2982
2926
2892
3009
2837
2998
2915
2912
3006
2852
3001
2913
2912
3000
2839
3005
2901
2910
3007
2860
3012
2877
2908
2994
2860
3015
2877
2935
2981
2869
3008
2863
2937
2979
2861
3013
2862
2947
2974
2870
3015
2836
2955
2967
2868
3007
2830
2972
2956
2890
3007
2833
2975
2953
2878
3011
2829
2986
2942
2887
2997
2840
2982
2931
2897
3008
2839
2989
2907
2901
3006
2849
3006
2895
2910
3003
2842
3014
2888
2913
2984
2857
3001
2888
2917
2981
2865
3008
2863
2938
2978
2872
3010
2854
2947
2973
2873
3011
2856
2967
2959
2870
3001
2853
2969
2960
2873
3012
2835
2974
2955
2899
3012
2830
2981
2950
2881
3002
2842
2980
2931
2902
2999
2836
2988
2934
2903
2998
2850
2992
2901
2902
2998
2841
3014
2898
2921
3006
2854
3013
2880
2905
2982
2862
3009
2883
2925
2989
2864
3016
2875
2935
2984
2851
3015
2862
2952
2969
2878
3011
2847
2954
2959
2868
3017
2834
2971
2962
2879
3001
2834
2981
2960
2878
3007
2833
2979
2935
2909
3004
2842
2982
2925
2896
3009
2836
2993
2911
2911
2997
2856
3004
2898
2916
2993
2856
3003
2890
2919
2995
2865
3004
2872
