2766,5000
3024
3002
3005
3011
2983
3024
2994
3005
3012
2993
3027
2992
3019
3027
2991
3033
3000
2999
3005
3003
3028
2999
3018
3007
2991
3025
2992
3024
3005
2999
3033
2992
3028
3004
3006
3033
2988
3029
3001
3009
3024
2997
3029
3009
3013
3020
2993
3031
3007
3019
3030
2987
3034
3013
3005
3027
2996
3037
3006
3012
3030
3002
3032
3002
3013
3005
3001
3037
3005
3011
3019
2996
3037
3001
3016
3018
2995
3039
2992
3018
3018
3005
3042
2992
3016
3015
2997
3042
2992
3025
3020
3001
3034
2996
3029
3018
2997
3032
2992
3025
3008
3016
3032
2988
3031
2999
3015
3023
2995
3036
3009
3007
3025
2995
3037
3011
3005
3031
2989
3034
3003
3015
3026
2994
3040
2987
3012
3015
2998
3048
2994
3020
3011
3000
3041
3002
3016
3014
3005
3037
2994
3029
3016
3001
3030
2993
3023
3014
3010
3037
2993
3025
3010
3015
3030
3001
3024
3013
3005
3030
2994
3031
3010
3010
3025
2990
3032
3004
3011
3030
2993
3035
3007
3015
3027
3011
3026
2999
3017
3016
3009
3033
3004
3009
3013
2996
3038
3001
3017
3014
3000
3038
2997
3021
3015
3005
3042
2995
3013
3014
3006
3039
3002
3012
3012
3004
3027
3002
3030
3008
3012
3028
2997
3023
3016
3010
3028
2997
3029
3008
3017
3029
2996
3027
3000
3006
3034
2989
3039
3014
3008
3025
3001
3032
3006
3012
3019
2989
3038
2997
3024
3021
3000
3036
3001
3001
3015
2996
3048
2994
3015
3010
3000
3038
2998
3022
3015
2991
3036
3004
3012
3017
3013
3035
2988
3016
3010
3018
3030
2994
3030
3006
3008
3027
2998
3027
3008
3007
3034
2988
3030
3011
3019
3021
2990
3021
3008
3021
3016
2997
3028
3005
3006
3018
2998
3034
2999
3007
3020
2995
3035
3002
3012
3010
2993
3028
3005
3026
3003
3004
3029
2997
3008
3015
3006
3042
2986
3018
3011
3007
3032
2997
3025
3003
3004
3022
2995
3024
3012
3015
3024
2997
3028
3008
3014
3033
2990
3035
3001
3013
3018
3003
3031
3002
3006
3016
2999
3040
2999
3009
3023
3000
3036
3002
3014
3018
2995
3041
2996
3014
3022
2994
3039
2995
3012
3010
2996
3041
2997
3016
3021
2993
3036
2993
3022
3016
3000
3044
2993
3032
3003
3016
3028
2991
3025
3004
3006
3029
3006
3021
3011
3009
3024
2995
3034
3010
3010
3022
3005
3025
2996
3015
3035
2992
3041
2992
3014
3023
2998
3036
3005
3009
3017
3005
3045
3002
3011
3018
3012
3035
3005
3015
3018
2997
3036
2994
3021
3011
3003
3040
3008
3016
3016
3004
3042
3006
3019
3009
3012
3034
2998
3036
3019
3006
3026
2987
3030
3011
3014
3042
2990
3035
3003
3023
3028
3002
3029
3004
3017
3037
2991
3044
3006
3015
3012
2998
3035
3003
3020
3019
3003
3045
3002
3019
3026
3000
3038
2995
3014
3019
3007
3037
3005
3019
3005
2999
3041
2999
3024
3015
3009
3034
2998
3032
3018
3011
3036
2994
3026
3011
3011
3041
2998
3030
3000
3006
3034
2998
3033
3011
3025
3024
2994
3043
3006
3017
3026
2995
3035
3006
3013
3027
3000
3045
2993
3016
3018
3002
3035
3008
3024
3014
3011
3036
3004
3023
3008
3003
3048
2995
3026
3012
3011
3045
2990
3024
3013
3006
3042
3000
3030
3021
2998
3037
3002
3026
3011
3002
3033
2997
3028
3024
3005
3028
2990
3036
3008
3014
3032
2997
3033
3005
3010
3039
2996
3039
3001
3013
3025
2995
3038
3025
3015
3020
2994
3033
3008
3016
3027
3001
3039
3003
3014
3022
3010
3049
2995
3017
3013
3005
3040
3001
3024
3018
2992
3038
2998
3031
3017
3009
3037
2996
3029
3024
3010
3044
2995
3019
3018
3008
3039
3000
3032
3010
3007
3030
2991
3038
3010
3012
3032
3000
3032
3010
3021
3035
2994
3036
3005
3012
3024
3006
3038
3003
3016
3012
2999
3040
3003
3018
3017
3004
3032
3007
3026
3012
3008
3030
2999
3020
3015
3007
3044
2995
3018
3013
3006
3036
2999
3029
3016
3007
3033
3001
3025
3015
3007
3032
2988
3031
3008
3018
3034
2998
3030
3008
3011
3027
2997
3035
3009
3010
3025
2996
3040
3009
3012
3017
2999
3038
3002
3014
3024
2999
3035
2997
3019
3015
3007
3048
3007
3020
3012
3005
3036
3006
3016
3011
3005
3038
2998
3026
3026
2996
3038
2986
3035
3016
3006
3044
2991
3029
3028
3010
3040
2993
3032
3004
3015
3034
2997
3035
3011
3011
3025
2991
3033
3010
3010
3031
3007
3030
3009
3013
3027
3004
3037
3002
3008
3020
2999
3048
3003
3012
3015
3006
3033
3004
3023
3015
3004
3042
2998
3020
3015
3015
3029
3000
3014
3013
3003
3040
2999
3020
3007
3005
3039
3004
3035
3014
3016
3041
2991
3030
3012
3017
3022
2994
3026
3011
3020
3032
3000
3042
2998
3012
3036
2994
3047
2998
3014
3025
2996
3038
3008
3014
3021
2998
3038
3007
3012
3031
3000
3034
3001
3009
3014
3010
3034
3003
3015
3015
3002
3042
3000
3028
3014
2994
3040
2997
3023
3021
3008
3031
2995
3023
3014
3011
3036
2998
3032
3014
3007
3037
3000
3034
3009
3005
3039
2991
3037
3005
3016
3021
2988
3038
3006
3017
3023
3001
3033
3002
3017
3025
3006
3042
2998
3012
3018
3002
3047
3001
3027
3012
2999
3032
2999
3025
3011
3009
3034
2999
3013
3018
3009
3048
2994
3021
3015
3018
3029
3007
3023
3028
3001
3040
2994
3034
3010
3011
3042
2989
3027
3013
3011
3036
2987
3032
3005
3015
3031
3000
3045
3000
3009
3021
2999
3034
3003
3014
3024
2995
3039
3003
3028
3013
2997
3036
3010
3010
3025
3000
3046
2990
3013
3007
3010
3035
3006
3016
3019
2998
3037
3003
3025
3020
3003
3034
2994
3023
3012
3018
3033
2990
3028
3014
3008
3035
2998
3034
3011
3013
3032
2993
3038
3006
3014
3026
2996
3045
3001
3019
3031
2997
3030
3000
3020
3019
2999
3036
3007
3013
3021
3001
3042
3005
3011
3018
2998
3039
3000
3022
3015
2997
3041
2986
3022
3015
3004
3040
2996
3019
3012
3014
3035
3003
3023
3005
3009
3032
2994
3031
3016
3006
3039
2982
3031
3013
3018
3028
2996
3030
3006
3016
3032
3002
3026
3005
3015
3027
2998
3035
3011
3009
3019
3000
3028
3004
3021
3018
3005
3036
3002
3013
3024
3000
3046
2990
3020
3012
3001
3041
3002
3014
3009
2998
3039
3002
3014
3018
3015
3030
2997
3023
3021
3003
3035
2987
3027
3015
3013
3034
2998
3025
3004
3007
3035
3003
3025
3012
3010
3024
2994
3035
3011
3011
3024
2997
3029
3011
3012
3026
3001
3034
3000
3009
3018
3005
3046
2998
3017
3024
2996
3039
3001
3019
3012
2998
3041
3001
3011
3017
3005
3044
2988
3016
3013
3003
3045
2990
3026
3018
3007
3031
2999
3028
3008
3004
3034
2993
3036
3010
3014
3036
2987
3027
3007
3015
3030
3003
3029
3007
3015
3032
3001
3034
3002
3019
3016
3006
3032
3007
3013
3022
2993
3038
3002
3015
3017
3010
3037
3000
3015
3024
3001
3041
2993
3014
3015
3005
3038
2998
3027
3007
3001
3032
2997
3027
3010
3016
3031
2987
3024
3015
3015
3041
2991
3025
3008
3011
3040
2995
3035
3007
3009
3030
2994
3036
3008
3014
3030
2999
3041
3006
3021
3032
2993
3033
3004
3028
3034
2995
3052
2990
3010
3009
3001
3042
3003
3027
3019
3001
3041
3007
3015
3015
3001
3041
3008
3010
3014
3007
3041
2998
3009
3007
3006
3043
2996
3024
3017
3007
3041
2987
3036
3020
3001
3029
2992
3027
3012
3013
3031
2994
3027
3002
3019
3025
2996
3037
3011
3017
3030
2999
3045
3003
3006
3026
2999
3039
3001
3024
3013
2995
3031
3002
3008
3021
3000
3039
3004
3009
3017
2995
3044
2997
3018
3006
3001
3037
2996
3022
3018
3003
3033
2987
3026
3016
3003
3036
2995
3028
3008
3008
3035
3002
3033
3015
3006
3035
2994
3051
3020
3002
3025
2990
3036
3003
3013
3025
2998
3041
3009
3009
3028
2994
3034
3001
3009
3021
2996
3039
3006
3012
3010
3000
3045
3004
3015
3014
3001
3046
2989
3020
3016
3012
3027
2996
3024
3012
3007
3045
2998
3021
3004
3000
3030
2997
3033
3012
3012
3028
2992
3029
3012
3014
3028
2988
3034
3009
3012
3028
2996
3032
2995
3008
3020
2999
3038
3008
3014
3028
2997
3046
3000
3017
3014
2994
3044
3000
3013
3022
3005
3035
2993
3012
3007
3007
3039
2997
3025
3016
2999
3044
3000
3025
3019
2995
3036
2996
3020
3024
3002
3033
2991
3016
3013
3005
3034
2997
3028
3012
3007
3031
2996
3048
3012
3001
3030
2992
3030
3006
3016
3019
2992
3029
3006
3013
3025
2997
3035
3012
3001
3023
2999
3036
2997
3009
3021
3004
3033
3005
3024
3012
3002
3027
3015
3023
3012
3005
3036
3002
3018
3011
3012
3036
2993
3020
3018
3003
3036
3014
3023
3009
3003
3033
2992
3030
3012
3009
3031
2995
3021
3013
3012
3035
2990
3027
3003
3016
3018
3000
3032
3000
3010
3013
2997
3034
3007
3010
3022
3000
3037
2997
3018
3027
3001
3032
3001
3018
3009
3004
3045
2993
3009
3010
2997
3042
2993
3029
3006
3005
3030
2997
3025
3016
3005
3037
3003
3018
3015
3017
3030
2994
3030
3007
3013
3033
2992
3037
3003
3013
3026
2998
3038
3007
3015
3031
2989
3036
3008
3019
3027
2994
3027
2997
3007
3024
3002
3045
2997
3018
3023
2998
3046
3000
3013
3011
3000
3036
3003
3015
3022
2992
3035
2998
3014
3015
3001
3040
3001
3014
3012
3008
3035
3008
3013
3008
3009
3037
2994
3033
3009
3006
3030
2997
3022
3011
3008
3039
2988
3033
3001
3031
3028
2999
3030
2999
3013
3026
3006
3032
3009
3011
3014
2992
3034
3001
3011
3024
2996
3036
2999
3014
3019
2999
3035
3002
3013
3015
3002
3036
3002
3024
3021
2990
3046
2992
3022
3016
3003
3036
2995
3025
3021
3001
3032
2991
3022
3011
3016
3028
2999
3021
3007
3011
3023
2998
3028
3012
3014
3033
2991
3033
3013
3015
3035
2990
3034
3002
3012
3032
2995
3036
2997
3007
3023
2996
3037
3003
3011
3019
2994
3041
3006
3024
3005
2997
3040
3002
3012
3015
3002
3036
2990
3009
3013
3006
3039
3005
3017
3012
3005
3032
3000
3020
3024
3020
3042
2988
3026
3016
3008
3026
2991
3025
3012
3008
3032
2999
3031
3005
3016
3038
2993
3038
3000
3008
3029
3003
3029
3007
3010
3021
2988
3032
3002
3012
3021
3007
3037
3008
3004
3017
3004
3042
3006
3004
3011
3005
3029
3004
3016
3005
2998
3040
2990
3022
3023
3001
3038
2995
3026
3012
3006
3045
2986
3025
3003
3010
3032
3000
3032
3006
3005
3033
2986
3049
3002
3022
3025
2992
3030
3006
3014
3036
2987
3038
2999
3021
3040
3010
3049
3001
3000
3017
2996
3045
2998
3016
3020
2995
3044
2997
3019
3015
2998
3031
3000
3018
3006
3005
3042
2989
3013
3006
3003
3037
2996
3020
3020
3001
3032
2995
3027
3016
3014
3023
2995
3028
3015
3006
3040
2989
3024
3002
3018
3031
3001
3032
3014
3009
3026
2994
3035
3008
3008
3021
2996
3042
2994
3014
3026
2995
3036
2998
3014
3028
2993
3046
2993
3014
3018
2997
3042
3008
3006
3013
2995
3041
2992
3025
3012
3001
3040
2986
3020
3014
3004
3036
2998
3020
3011
3001
3042
2994
3018
3007
3008
3031
3005
3024
3018
3005
3029
2984
3031
3014
3018
3032
2992
3038
3001
3010
3028
2998
3025
3003
3015
3020
2996
3047
2998
3009
3013
2992
3041
3003
3014
3020
3004
3034
3000
3015
3015
3000
3031
2992
3013
3009
2999
3046
2991
3018
3011
3006
3040
3003
3019
3025
3003
3039
2996
3029
3015
3016
3022
2991
3023
3017
2999
3036
3000
3034
2999
3013
3028
3000
3032
3006
3013
3031
2988
3038
2998
3015
3026
2985
3037
3007
3006
3037
2994
3036
2991
3009
3020
2999
3039
3000
3010
3011
2993
3038
3001
3016
3005
3000
3033
3002
3017
3020
3003
3038
2989
3014
3011
3011
3033
2997
3015
3011
3004
3036
2998
3031
3009
3004
3037
3003
3023
3020
3003
3033
2981
3031
2996
3011
3025
2996
3030
3012
3003
3029
2995
3039
3000
3006
3019
2994
3033
3007
3015
3014
2993
3028
2997
3014
3019
3005
3033
3001
3009
3025
2995
3042
2993
3019
3007
3000
3038
3004
3026
3006
2997
3031
2993
3033
3007
3012
3026
2997
3030
3010
3010
3040
2984
3026
3009
3004
3029
2995
3033
3002
3008
3025
2994
3029
3011
3013
3026
3000
3033
3003
3016
3024
2991
3030
3004
3008
3021
3001
3041
3005
3000
3014
2996
3047
2995
3016
3013
3003
3034
2997
3020
3018
2993
3034
3004
3008
3012
3005
3036
2988
3015
3006
3005
3030
2992
3033
3007
3005
3031
2995
3030
3015
3013
3021
2993
3028
3005
3015
3034
2993
3023
2998
3006
3034
2987
3037
3010
3009
3024
2997
3038
3009
3000
3018
2998
3028
3004
3007
3022
2991
3031
2994
3013
3015
3003
3046
2997
3015
3011
3003
3039
3000
3021
3003
3007
3041
2998
3022
3014
2998
3031
2989
3029
3011
3008
3041
2992
3024
3008
3007
3031
2993
3031
3000
3011
3025
2993
3028
3013
3005
3024
2999
3024
3019
3003
3027
2996
3038
3000
3011
3022
3007
3026
3000
3008
3020
2996
3038
3003
3012
3007
2995
3038
3000
3017
3020
2993
3039
2994
3015
3016
3010
3038
2990
3019
3014
3003
3039
2997
3017
3008
2999
3035
2992
3027
3018
3004
3031
2995
3032
3007
3011
3025
2990
3030
3011
3017
3027
2998
3029
3004
3006
3022
2994
3034
3016
3013
3022
2993
3038
3004
3019
3010
2992
3036
3004
3007
3027
2994
3041
3000
3015
3014
3003
3041
2997
3021
3006
3001
3036
3007
3017
3013
3007
3029
2996
3022
3022
3003
3038
3001
3015
3013
3007
3033
2998
3021
3011
3010
3021
2998
3034
2998
3008
3033
2987
3035
3007
3025
3016
2994
3027
3008
3010
3028
3004
3028
3016
3023
3014
3005
3028
2994
3012
3015
2999
3043
3006
3019
3012
3002
3029
3006
3015
3021
2998
3038
2994
3019
3004
3003
3039
2986
3014
3010
3003
3038
2998
3028
3010
3011
3021
2994
3026
3013
3010
3027
2992
3025
3012
3012
3034
2985
3029
3010
3012
3029
3000
3035
3004
3000
3021
3001
3028
3004
3018
3014
2999
3029
3005
3012
3020
2996
3033
3001
3011
3012
3002
3040
3002
3003
3006
3010
3035
2999
3018
3014
3003
3036
3000
3013
3019
3000
3030
2995
3021
3009
3010
3033
2994
3019
3006
3008
3032
2996
3029
3010
3009
3028
2993
3034
3012
3003
3026
2995
3041
3013
3006
3027
2996
3028
3002
3015
3019
2997
3035
3004
3012
3015
3003
3040
3002
3018
3007
3001
3038
3003
3011
3025
3005
3031
2991
3025
3009
3001
3040
3001
3015
3012
3003
3037
3002
3029
3007
3009
3033
2994
3029
3023
3002
3023
2991
3024
3021
3003
3033
2999
3029
3006
3013
3029
2994
3026
3003
3015
3032
2990
3037
3006
3005
3020
2990
3033
3008
3011
3031
3001
3042
2996
3018
3020
3000
3033
2995
3023
3006
3001
3039
3011
3007
3008
2991
3052
2995
3022
3010
3009
3034
2991
3023
3014
3008
3030
2988
3024
3009
3013
3029
2997
3018
3009
3001
3028
2996
3034
3005
3017
3027
2994
3037
3007
3022
3016
2997
3042
3000
3013
3032
2997
3039
2994
3003
3025
3002
3039
3003
3015
3014
2995
3043
2997
3016
3011
2998
3042
2992
3019
3010
3002
3036
2987
3014
3010
3004
3042
2995
3020
3012
3004
3028
2997
3029
3005
3005
3030
2998
3019
3016
3009
3024
2989
3030
3003
3014
3028
2997
3024
3012
3002
3029
2998
3031
3002
3006
3030
2995
3034
3007
3013
3019
2995
3027
3004
3013
3020
2999
3046
2998
3020
3012
3002
3042
2998
3005
3015
3001
3036
3001
3027
3003
3006
3044
2990
3020
3014
3007
3037
2996
3020
3013
3013
3043
2989
3027
3008
3011
3032
2997
3034
3003
3010
3025
2996
3030
3011
3014
3028
2992
3031
3010
3009
3028
2995
3039
2997
3012
3017
3011
3037
3002
3016
3008
2998
3036
3000
3021
3011
3000
3036
3006
3011
3021
2991
3038
2997
3016
3014
3001
3037
2993
3012
3005
2999
3035
2998
3022
3014
3006
3031
2992
3028
3022
3000
3029
3002
3021
3013
3010
3035
2991
3020
3003
3010
3028
2996
3032
3003
3009
3025
2993
3043
3002
3005
3019
2998
3042
3007
3023
3015
2997
3025
2999
3013
3014
3008
3036
3001
3011
3010
3002
3040
3010
3012
3006
3000
3034
3000
3017
3024
2990
3041
2982
3019
3013
3007
3033
2994
3023
3007
3014
3027
3000
3017
3008
3005
3035
2990
3032
3009
3015
3031
2989
3040
3000
3012
3028
2998
3034
3013
3004
3028
3007
3024
3002
3011
3026
2995
3036
3007
3006
3011
2995
3037
2999
3013
3020
3000
3035
2998
3018
3006
3010
3034
3002
3012
3012
3002
3041
2995
3021
3007
3000
3043
2992
3032
3007
3007
3035
2991
3027
3019
3012
3033
2989
3025
3009
3007
3029
3000
3035
3001
3009
3027
2997
3039
3014
3005
3030
2992
3039
3008
3017
3017
2998
3032
3008
3006
3020
3001
3030
2998
3007
3026
2997
3038
3002
3015
3014
2995
3034
3002
3012
3014
2991
3045
2992
3018
3014
3005
3037
2991
3016
3012
3015
3027
3003
3020
3009
3004
3028
2999
3037
2999
3006
3029
2991
3030
3004
3017
3023
2987
3026
2997
3009
3031
2984
3034
3009
3002
3022
2997
3035
2992
3006
3016
2995
3038
3006
3015
3012
2986
3031
2998
3004
3017
2987
3034
2995
3009
3005
2999
3040
2985
3006
3011
2993
3033
2992
3018
3000
3001
3025
2989
3017
3004
2999
3027
2982
3014
3002
3004
3027
2977
3013
3006
2996
3024
2979
3026
2990
2995
3010
2986
3020
2996
3009
3006
2985
3025
2990
3003
3015
2980
3018
2992
2995
3008
2987
3033
2978
2996
2998
2984
3033
2980
3006
2996
2998
3014
2985
3007
3000
2988
3017
2992
2997
2996
2994
3018
2979
3001
2994
2985
3022
2979
3015
2998
2995
3013
2986
3009
3001
2995
3016
2980
3020
2989
3005
3017
2976
3017
2982
2996
3013
2985
3023
2991
3002
3006
2988
3024
2991
2996
3006
2984
3028
2991
3011
3013
2991
3015
2983
3004
3007
2991
3029
2989
3005
3004
2992
3030
2993
3005
2998
2994
3031
2987
3017
3007
2999
3013
2982
3018
3003
2999
3024
2989
3019
3002
3002
3036
2983
3022
3001
3006
3029
2982
3031
2998
3005
3013
2984
3032
2999
3009
3020
2995
3037
2998
3005
3018
2996
3024
2993
3008
3010
2994
3040
3002
3001
3007
2996
3035
2998
3014
3013
2995
3035
2989
3021
3015
2999
3024
2994
3012
3015
2995
3037
3002
3017
3003
3002
3031
2990
3025
3008
3012
3034
2990
3033
3009
3022
3018
2995
3024
3005
3016
3019
2999
3025
3000
3001
3022
2997
3033
3004
3016
3016
2994
3037
3008
3007
3012
2989
3047
2990
3021
3008
3008
3026
2994
3011
3014
3002
3037
2991
3022
3007
3001
3035
2999
3021
3011
3004
3035
2989
3024
3022
3005
3027
2991
3019
3008
3015
3031
2993
3039
3000
3018
3023
2999
3031
2999
3006
3026
3004
3029
3006
3014
3019
2989
3028
3003
3009
3024
2996
3041
2995
3013
3018
3006
3035
2998
3007
3014
2997
3038
3002
3016
3010
2989
3034
2995
3017
3011
3005
3035
