2273,5000
3132
3171
3119
3154
3153
3128
3169
3119
3171
3145
3134
3167
3132
3150
3143
3142
3161
3117
3157
3150
3137
3178
3115
3165
3143
3144
3163
3120
3156
3133
3152
3157
3115
3163
3137
3159
3151
3101
3156
3144
3148
3156
3102
3179
3135
3156
3167
3108
3166
3137
3153
3157
3109
3166
3125
3162
3149
3121
3163
3132
3151
3157
3121
3176
3129
3154
3153
3126
3166
3123
3152
3152
3135
3168
3126
3157
3149
3142
3159
3125
3156
3142
3157
3178
3121
3155
3147
3140
3176
3106
3156
3134
3153
3157
3110
3165
3130
3152
3151
3113
3164
3142
3154
3170
3110
3166
3131
3165
3162
3117
3157
3132
3158
3164
3122
3163
3130
3153
3144
3130
3168
3119
3168
3150
3136
3167
3127
3157
3155
3126
3163
3125
3149
3142
3146
3164
3130
3155
3136
3145
3163
3129
3158
3138
3155
3157
3121
3161
3140
3158
3153
3114
3167
3141
3155
3161
3114
3158
3139
3150
3163
3115
3172
3134
3161
3147
3117
3162
3131
3158
3147
3125
3164
3131
3160
3156
3125
3157
3126
3158
3156
3129
3174
3119
3168
3149
3147
3168
3128
3154
3147
3130
3171
3114
3163
3146
3142
3161
3106
3166
3140
3150
3164
3120
3161
3132
3151
3160
3118
3164
3133
3152
3157
3114
3164
3144
3154
3151
3111
3160
3141
3148
3158
3115
3158
3125
3161
3151
3116
3167
3124
3168
3146
3128
3166
3134
3150
3152
3126
3172
3118
3169
3147
3144
3164
3118
3160
3145
3142
3161
3110
3165
3146
3138
3160
3112
3163
3135
3142
3160
3120
3160
3137
3145
3165
3106
3160
3148
3146
3160
3105
3168
3137
3152
3162
3106
3175
3135
3151
3159
3114
3171
3143
3160
3150
3129
3167
3125
3162
3147
3133
3165
3120
3152
3163
3128
3170
3119
3156
3149
3138
3169
3116
3162
3154
3132
3165
3123
3156
3146
3130
3161
3122
3155
3151
3148
3155
3116
3161
3143
3141
3176
3113
3160
3136
3159
3163
3114
3164
3132
3161
3165
3120
3161
3133
3161
3152
3107
3168
3135
3162
3152
3123
3170
3130
3160
3160
3123
3172
3117
3157
3147
3133
3168
3141
3164
3147
3123
3172
3120
3152
3145
3133
3174
3118
3160
3146
3155
3172
3117
3162
3145
3146
3163
3111
3168
3136
3146
3153
3117
3164
3151
3160
3160
3116
3160
3146
3149
3164
3109
3159
3132
3155
3166
3120
3168
3140
3144
3157
3111
3181
3131
3152
3151
3134
3162
3133
3155
3155
3119
3171
3121
3152
3147
3147
3178
3115
3166
3146
3128
3168
3127
3154
3144
3141
3167
3120
3156
3151
3138
3171
3112
3174
3142
3151
3161
3116
3161
3142
3144
3159
3115
3165
3139
3153
3155
3117
3169
3152
3148
3158
3108
3162
3131
3155
3159
3115
3165
3132
3151
3162
3119
3163
3125
3160
3144
3141
3176
3123
3160
3153
3134
3164
3127
3162
3158
3138
3163
3121
3156
3153
3136
3163
3114
3162
3142
3147
3165
3123
3157
3141
3148
3162
3118
3169
3136
3140
3159
3111
3159
3134
3152
3158
3115
3163
3145
3147
3169
3125
3163
3138
3152
3159
3113
3173
3138
3146
3154
3113
3169
3137
3154
3148
3139
3168
3117
3161
3168
3132
3172
3120
3162
3146
3139
3165
3121
3155
3144
3137
3164
3124
3157
3160
3137
3170
3114
3165
3159
3146
3165
3109
3159
3140
3149
3166
3106
3157
3130
3147
3152
3117
3162
3153
3157
3151
3103
3172
3139
3158
3149
3115
3170
3138
3148
3166
3118
3157
3125
3164
3166
3124
3181
3126
3161
3150
3122
3167
3120
3156
3152
3126
3174
3116
3160
3149
3135
3179
3112
3165
3141
3135
3161
3124
3156
3142
3135
3168
3115
3169
3136
3153
3158
3109
3158
3156
3149
3160
3109
3155
3144
3149
3170
3105
3170
3136
3154
3153
3118
3163
3130
3157
3151
3120
3165
3128
3162
3144
3122
3162
3126
3161
3153
3129
3167
3130
3153
3147
3139
3174
3123
3158
3150
3140
3169
3116
3164
3144
3146
3157
3121
3161
3140
3146
3167
3111
3156
3151
3144
3161
3114
3164
3142
3151
3157
3107
3173
3135
3150
3147
3104
3162
3140
3154
3164
3109
3171
3133
3160
3160
3115
3158
3125
3162
3153
3126
3168
3128
3151
3152
3119
3180
3122
3154
3163
3124
3173
3119
3173
3156
3132
3170
3119
3160
3156
3136
3177
3121
3154
3151
3138
3170
3114
3157
3147
3147
3163
3118
3167
3149
3139
3162
3116
3158
3145
3147
3169
3104
3156
3137
3150
3151
3117
3164
3151
3147
3163
3110
3175
3132
3155
3145
3118
3172
3125
3168
3152
3116
3169
3123
3163
3150
3134
3169
3138
3169
3152
3137
3182
3128
3147
3141
3141
3164
3122
3153
3143
3144
3157
3117
3156
3149
3142
3170
3110
3166
3138
3157
3161
3119
3158
3143
3150
3162
3103
3177
3137
3143
3146
3111
3167
3132
3161
3150
3111
3170
3144
3152
3170
3117
3166
3128
3161
3149
3127
3169
3134
3153
3150
3117
3172
3122
3161
3149
3145
3164
3125
3152
3157
3135
3177
3116
3170
3145
3154
3169
3112
3162
3136
3143
3161
3120
3167
3139
3158
3155
3108
3164
3147
3148
3163
3104
3177
3136
3156
3155
3113
3169
3131
3145
3160
3116
3181
3140
3154
3157
3109
3174
3131
3164
3146
3123
3166
3130
3150
3157
3141
3162
3125
3152
3143
3146
3183
3124
3160
3144
3130
3168
3125
3161
3144
3142
3170
3111
3164
3147
3150
3174
3113
3162
3140
3156
3176
3108
3167
3142
3149
3165
3118
3165
3139
3148
3160
3104
3160
3143
3152
3156
3102
3168
3134
3157
3155
3130
3165
3142
3151
3168
3136
3167
3130
3158
3150
3120
3171
3141
3158
3150
3121
3167
3128
3156
3155
3136
3165
3115
3158
3147
3143
3167
3128
3151
3152
3139
3159
3122
3167
3138
3153
3158
3115
3167
3146
3145
3166
3115
3163
3142
3150
3164
3106
3176
3136
3157
3152
3110
3171
3133
3155
3146
3114
3171
3129
3161
3148
3113
3173
3125
3159
3160
3121
3168
3129
3153
3146
3138
3168
3116
3159
3140
3145
3168
3133
3157
3154
3135
3168
3122
3157
3152
3139
3173
3111
3171
3146
3151
3164
3118
3156
3149
3144
3163
3109
3179
3145
3147
3161
3124
3161
3144
3146
3158
3103
3168
3138
3159
3156
3126
3157
3134
3153
3158
3123
3166
3132
3160
3156
3119
3176
3124
3148
3161
3121
3181
3123
3160
3147
3134
3165
3111
3161
3148
3131
3173
3125
3153
3141
3146
3163
3117
3150
3136
3147
3166
3114
3177
3144
3139
3164
3109
3158
3146
3145
3164
3117
3165
3131
3157
3158
3114
3168
3131
3163
3151
3118
3165
3141
3149
3154
3112
3171
3140
3156
3159
3120
3161
3130
3171
3152
3132
3166
3116
3161
3146
3137
3167
3133
3152
3149
3131
3173
3124
3150
3152
3135
3170
3122
3160
3141
3138
3166
3110
3155
3149
3142
3167
3115
3164
3132
3149
3156
3115
3165
3145
3148
3170
3108
3177
3137
3167
3148
3104
3170
3135
3147
3166
3113
3170
3126
3153
3167
3116
3166
3135
3154
3164
3118
3173
3123
3165
3146
3125
3181
3117
3162
3147
3135
3161
3114
3159
3143
3143
3168
3123
3159
3148
3133
3159
3122
3168
3138
3135
3165
3117
3160
3138
3142
3152
3111
3162
3143
3154
3160
3103
3179
3137
3143
3162
3111
3161
3144
3146
3158
3113
3161
3149
3162
3151
3120
3166
3125
3163
3149
3129
3164
3129
3154
3157
3134
3164
3131
3149
3154
3135
3163
3127
3158
3148
3134
3166
3116
3164
3148
3146
3163
3111
3165
3141
3151
3168
3116
3161
3134
3138
3165
3116
3160
3132
3149
3154
3114
3167
3144
3150
3163
3107
3159
3144
3152
3156
3105
3174
3129
3152
3148
3122
3169
3124
3161
3152
3137
3171
3120
3154
3162
3124
3171
3126
3153
3147
3134
3176
3117
3161
3146
3153
3173
3113
3150
3136
3145
3166
3121
3164
3147
3137
3155
3129
3159
3150
3140
3164
3108
3163
3143
3150
3154
3119
3158
3140
3148
3162
3111
3160
3143
3149
3159
3110
3181
3135
3155
3146
3123
3165
3123
3162
3153
3121
3160
3130
3154
3147
3133
3164
3118
3161
3147
3137
3171
3126
3163
3160
3141
3165
3113
3162
3158
3132
3170
3114
3172
3140
3148
3166
3108
3168
3140
3138
3175
3109
3160
3143
3150
3152
3114
3165
3146
3151
3157
3106
3175
3138
3157
3154
3121
3173
3138
3158
3153
3115
3157
3125
3159
3158
3127
3169
3134
3155
3163
3119
3180
3121
3161
3151
3143
3180
3115
3152
3149
3151
3158
3123
3154
3152
3131
3162
3128
3150
3148
3138
3157
3123
3158
3139
3141
3166
3112
3167
3145
3141
3151
3106
3168
3137
3160
3163
3106
3164
3139
3158
3155
3118
3169
3150
3150
3162
3114
3171
3142
3151
3157
3117
3171
3125
3158
3154
3123
3167
3120
3147
3147
3143
3169
3129
3157
3145
3139
3166
3131
3152
3153
3133
3168
3121
3160
3148
3144
3166
3113
3160
3142
3138
3176
3114
3157
3156
3142
3162
3120
3158
3146
3143
3165
3110
3161
3138
3156
3152
3104
3154
3147
3147
3164
3113
3165
3131
3157
3162
3126
3160
3135
3149
3150
3121
3176
3129
3161
3147
3132
3173
3122
3159
3153
3131
3175
3117
3154
3151
3143
3167
3113
3156
3145
3148
3174
3119
3165
3141
3142
3156
3122
3159
3138
3156
3158
3108
3168
3147
3150
3166
3105
3165
3144
3147
3151
3119
3163
3133
3153
3147
3131
3161
3151
3154
3153
3127
3161
3139
3156
3162
3122
3155
3122
3151
3160
3128
3172
3125
3148
3151
3126
3172
3124
3159
3149
3132
3175
3117
3168
3150
3129
3165
3118
3150
3139
3148
3162
3126
3156
3146
3143
3165
3113
3169
3140
3154
3158
3118
3163
3147
3138
3153
3115
3161
3146
3146
3162
3111
3153
3139
3153
3153
3123
3162
3128
3156
3150
3120
3171
3144
3144
3147
3132
3163
3140
3153
3160
3140
3158
3113
3162
3150
3140
3164
3125
3146
3153
3136
3168
3119
3158
3140
3144
3159
3122
3158
3160
3135
3152
3117
3156
3148
3148
3168
3117
3153
3145
3145
3152
3108
3165
3135
3158
3149
3108
3170
3136
3158
3155
3115
3163
3130
3153
3169
3123
3165
3129
3154
3151
3143
3174
3120
3146
3148
3125
3171
3138
3147
3151
3130
3167
3120
3156
3151
3131
3167
3113
3160
3153
3133
3165
3110
3150
3149
3140
3157
3122
3153
3143
3146
3155
3119
3156
3156
3145
3162
3105
3163
3147
3142
3157
3113
3165
3133
3154
3163
3126
3158
3136
3145
3168
3122
3173
3127
3162
3161
3126
3174
3124
3157
3147
3132
3159
3131
3148
3159
3135
3155
3133
3142
3153
3131
3166
3115
3161
3147
3131
3162
3124
3159
3147
3142
3158
3110
3169
3143
3140
3165
3104
3161
3140
3149
3151
3117
3162
3146
3144
3151
3120
3166
3148
3141
3161
3118
3156
3149
3153
3147
3124
3157
3136
3151
3159
3127
3160
3139
3148
3161
3133
3171
3121
3148
3155
3135
3169
3130
3158
3143
3138
3159
3125
3148
3153
3139
3167
3116
3150
3150
3148
3168
3113
3158
3142
3147
3162
3111
3158
3145
3142
3165
3107
3167
3141
3153
3166
3123
3160
3143
3154
3163
3119
3159
3128
3147
3161
3124
3159
3140
3144
3149
3139
3167
3131
3147
3161
3129
3168
3128
3159
3150
3129
3167
3124
3155
3149
3140
3171
3115
3153
3146
3151
3162
3114
3164
3143
3144
3156
3121
3162
3160
3143
3160
3123
3153
3145
3151
3163
3112
3151
3142
3144
3153
3120
3165
3140
3141
3151
3122
3163
3135
3158
3149
3115
3173
3131
3159
3154
3115
3162
3119
3154
3159
3122
3173
3124
3158
3148
3139
3165
3125
3151
3147
3143
3158
3127
3153
3159
3131
3155
3123
3152
3152
3145
3160
3130
3152
3149
3141
3168
3113
3151
3145
3142
3163
3108
3168
3143
3148
3150
3113
3160
3146
3149
3162
3113
3166
3140
3153
3170
3116
3164
3128
3148
3158
3122
3160
3136
3146
3153
3130
3160
3127
3149
3167
3133
3166
3124
3156
3153
3141
3158
3125
3160
3145
3132
3169
3117
3164
3142
3139
3163
3123
3155
3149
3142
3166
3111
3172
3140
3143
3161
3111
3163
3139
3152
3158
3118
3157
3144
3139
3153
3121
3160
3133
3156
3152
3112
3174
3133
3165
3151
3125
3167
3129
3155
3153
3142
3158
3129
3148
3157
3137
3163
3139
3152
3150
3136
3164
3129
3151
3143
3142
3160
3127
3153
3153
3140
3163
3112
3159
3141
3147
3163
3111
3164
3139
3148
3158
3120
3172
3138
3147
3154
3116
3162
3137
3161
3149
3125
3161
3143
3155
3153
3118
3160
3139
3148
3162
3120
3161
3123
3155
3153
3139
3163
3134
3150
3163
3124
3165
3122
3155
3150
3140
3163
3128
3145
3149
3140
3168
3120
3164
3144
3147
3175
3125
3156
3138
3141
3155
3122
3156
3157
3142
3165
3111
3165
3140
3151
3157
3114
3157
3136
3149
3162
3116
3169
3135
3151
3148
3121
3162
3141
3149
3150
3126
3163
3127
3159
3154
3125
3154
3132
3155
3156
3136
3166
3118
3160
3144
3146
3165
3119
3149
3157
3134
3163
3125
3149
3149
3147
3154
3123
3153
3160
3147
3160
3119
3156
3143
3147
3156
3116
3154
3150
3142
3162
3111
3158
3148
3142
3150
3123
3158
3145
3150
3162
3117
3151
3135
3149
3161
3117
3169
3130
3148
3159
3123
3178
3129
3141
3157
3125
3163
3136
3151
3160
3128
3167
3119
3144
3158
3134
3158
3137
3150
3156
3136
3169
3118
3157
3147
3135
3156
3123
3156
3145
3146
3155
3106
3165
3140
3149
3160
3107
3167
3138
3145
3162
3108
3158
3141
3152
3152
3122
3164
3153
3153
3155
3121
3157
3140
3151
3152
3131
3160
3130
3157
3153
3121
3158
3129
3149
3158
3136
3166
3134
3148
3152
3125
3161
3127
3145
3158
3134
3162
3125
3153
3155
3141
3152
3122
3159
3152
3145
3165
3119
3169
3136
3144
3157
3110
3165
3142
3147
3161
3108
3168
3141
3162
3150
3117
3161
3133
3154
3157
3125
3159
3136
3145
3162
3120
3160
3144
3149
3161
3122
3163
3136
3150
3158
3126
3172
3121
3163
3154
3141
3161
3123
3154
3151
3138
3167
3127
3152
3157
3136
3159
3122
3162
3146
3131
3156
3121
3157
3141
3149
3160
3104
3160
3140
3144
3163
3106
3168
3138
3153
3154
3120
3163
3133
3160
3153
3123
3170
3138
3158
3149
3130
3154
3127
3149
3159
3130
3171
3124
3142
3159
3130
3173
3120
3143
3157
3131
3171
3121
3157
3142
3145
3162
3124
3155
3153
3132
3159
3124
3160
3145
3139
3169
3109
3150
3158
3139
3164
3113
3158
3135
3143
3157
3105
3157
3148
3142
3168
3109
3164
3137
3156
3157
3120
3154
3142
3151
3152
3136
3161
3129
3151
3151
3130
3163
3134
3151
3162
3124
3169
3126
3165
3151
3124
3166
3124
3150
3156
3136
3171
3124
3146
3141
3143
3164
3125
3154
3153
3139
3153
3133
3155
3142
3144
3156
3111
3166
3145
3157
3160
3116
3158
3148
3146
3172
3112
3167
3142
3144
3169
3119
3167
3143
3144
3161
3117
3169
3131
3161
3161
3126
3160
3130
3154
3154
3136
3166
3122
3157
3153
3139
3169
3120
3152
3145
3142
3163
3128
3154
3158
3133
3169
3115
3163
3160
3140
3170
3117
3165
3145
3146
3166
3123
3154
3141
3151
3158
3113
3168
3148
3143
3151
3115
3163
3150
3154
3155
3125
3166
3132
3169
3167
3122
3174
3139
3161
3162
3127
3177
3140
3157
3162
3126
3179
3133
3169
3151
3149
3172
3136
3165
3165
3145
3179
3125
3174
3156
3166
3174
3140
3170
3169
3155
3172
3131
3178
3166
3168
3184
3134
3181
3161
3184
3175
3129
3196
3158
3182
3181
3147
3186
3172
3176
3191
3143
3188
3170
3181
3185
3144
3207
3156
3189
3171
3145
3199
3154
3177
3183
3155
3189
3148
3169
3174
3150
3193
3144
3170
3171
3148
3194
3135
3179
3160
3150
3180
3136
3168
3150
3156
3174
3118
3176
3144
3165
3167
3123
3162
3155
3157
3161
3130
3168
3132
3162
3160
3110
3173
3138
3152
3163
3110
3156
3142
3159
3153
3132
3166
3130
3155
3160
3121
3181
3120
3167
3153
3128
3160
3130
3163
3146
3133
3159
3126
3154
3143
3141
3167
3124
3159
3148
3142
3159
3129
3158
3140
3137
3166
3114
3162
3141
3141
3151
3114
3165
3139
3150
3156
3115
3159
3143
3147
3152
3111
3165
3128
3150
3159
3112
3166
3137
3146
3147
3115
3169
3127
3168
3154
3120
3167
3131
3151
3156
3123
3157
3135
3153
3155
3129
3173
3113
3156
3143
3137
3171
3123
3158
3141
3148
3165
3113
3158
3149
3131
3162
3119
3159
3136
3143
3158
3116
3158
3130
3150
3158
3118
3157
3150
3146
3155
3115
3162
3145
3144
3166
3107
3165
3134
3148
3160
3106
3167
3138
3167
3149
3124
3162
3135
3152
3155
3122
3174
3123
3161
3154
3126
3161
3129
3155
3144
3138
3162
3112
3150
3145
3140
3167
3123
3155
3145
3141
3167
3121
3154
3134
3148
3164
3108
3167
3141
3145
3153
3113
3159
3135
3152
3153
3112
3164
3141
3146
3162
3112
3157
3143
3147
3152
3114
3169
