2277,5000
2867
2998
2821
2980
2940
2873
3003
2832
2980
2921
2884
2990
2831
2977
2908
2884
2998
2817
2992
2889
2884
3003
2827
2996
2888
2894
2983
2830
2999
2862
2910
2969
2847
3000
2856
2916
2963
2821
2990
2840
2911
2952
2843
2995
2839
2929
2960
2842
2994
2820
2948
2944
2854
2993
2817
2949
2945
2838
2980
2806
2950
2919
2856
3000
2796
2974
2905
2872
2989
2808
2975
2895
2888
2986
2825
2983
2901
2877
2988
2835
2987
2875
2895
2986
2834
2989
2860
2908
2977
2843
2996
2870
2921
2973
2847
3002
2863
2918
2967
2839
2996
2833
2940
2963
2847
2992
2823
2944
2945
2863
2987
2820
2955
2949
2861
3003
2823
2963
2946
2864
3003
2837
2971
2926
2876
2994
2831
2991
2928
2883
3000
2819
2997
2904
2891
2990
2824
2999
2875
2885
2982
2826
2987
2874
2885
2978
2823
2993
2855
2898
2970
2820
2996
2843
2894
2960
2841
2986
2827
2907
2959
2844
2994
2818
2949
2952
2833
2997
2808
2947
2936
2843
2981
2810
2950
2945
2853
2996
2798
2958
2932
2863
2995
2817
2965
2916
2872
2995
2807
2971
2892
2859
2991
2831
2975
2873
2896
2973
2811
2992
2870
2904
2987
2828
3000
2856
2914
2981
2832
2998
2866
2903
2974
2845
3000
2855
2927
2970
2831
2992
2841
2936
2965
2852
3008
2836
2948
2962
2860
2998
2824
2963
2947
2868
2999
2826
2965
2935
2859
2991
2820
2965
2921
2868
2986
2815
2981
2894
2887
2989
2824
2985
2885
2884
2987
2840
2999
2887
2891
2988
2831
3001
2871
2913
2980
2837
2994
2864
2917
2966
2823
2999
2843
2908
2967
2840
2994
2836
2920
2944
2832
2997
2810
2942
2947
2831
2992
2799
2950
2936
2845
2980
2789
2953
2914
2870
2980
2804
2951
2908
2852
2990
2797
2970
2889
2872
2985
2795
2966
2895
2877
2970
2811
2975
2870
2871
2972
2813
2972
2842
2889
2960
2810
2994
2847
2902
2956
2823
3004
2838
2908
2953
2834
2989
2829
2917
2941
2829
2981
2806
2928
2949
2829
2991
2800
2936
2926
2848
2984
2810
2944
2918
2842
2989
2791
2967
2919
2852
2988
2801
2974
2901
2861
2992
2804
2974
2899
2875
2995
2820
2981
2884
2884
2979
2835
2997
2878
2885
2984
2827
2998
2865
2906
2974
2835
3016
2848
2917
2975
2863
3000
2856
2929
2963
2856
3005
2851
2943
2965
2850
2999
2837
2958
2950
2859
3008
2817
2968
2948
2871
2993
2809
2966
2942
2876
3003
2842
2971
2929
2869
3009
2818
2987
2916
2880
3008
2818
2988
2901
2887
2986
2833
3003
2881
2898
2998
2832
3003
2855
2902
2974
2829
3006
2848
2913
2980
2835
3003
2851
2938
2960
2846
3002
2840
2940
2968
2852
2994
2832
2943
2962
2857
3008
2825
2967
2952
2872
3006
2820
2976
2945
2874
3006
2821
2983
2935
2892
2995
2842
2980
2922
2892
2998
2842
2997
2897
2909
3005
2843
2997
2903
2890
2994
2843
2997
2885
2903
2978
2844
2999
2873
2920
2973
2842
3002
2861
2918
2968
2854
3002
2844
2929
2960
2857
2998
2824
2953
2950
2860
2997
2825
2956
2963
2860
3012
2809
2965
2934
2875
2995
2818
2966
2925
2864
2997
2816
2973
2913
2873
2996
2820
2991
2906
2885
2999
2822
2998
2880
2900
2992
2837
3002
2876
2891
2989
2842
3009
2863
2899
2982
2838
3001
2846
2934
2966
2849
3001
2843
2926
2970
2840
2996
2823
2947
2953
2860
3001
2816
2955
2942
2863
3002
2837
2966
2940
2873
2995
2820
2975
2927
2885
2991
2824
2981
2911
2886
2999
2807
2984
2892
2885
2998
2821
3003
2889
2896
2982
2831
3001
2867
2897
2975
2840
2994
2872
2894
2981
2837
2990
2837
2913
2960
2844
3001
2845
2914
2955
2842
2994
2849
2945
2947
2843
3001
2801
2937
2949
2834
2991
2814
2943
2940
2851
2991
2798
2968
2913
2866
2999
2812
2964
2896
2872
2983
2814
2966
2885
2873
2983
2796
2988
2875
2884
2977
2810
2994
2859
2890
2980
2819
2986
2863
2884
2979
2835
3001
2846
2918
2965
2836
2993
2854
2916
2964
2833
2988
2829
2924
2954
2842
2990
2800
2951
2955
2841
2998
2807
2953
2935
2839
2997
2805
2966
2933
2869
2988
2804
2974
2911
2867
2987
2815
2975
2894
2884
2990
2831
2982
2904
2879
2983
2828
2997
2884
2904
2985
2819
3010
2874
2893
2973
2837
3001
2850
2914
2971
2848
2998
2835
2923
2962
2850
2998
2845
2929
2963
2842
2994
2821
2951
2955
2850
2998
2818
2955
2948
2866
2990
2802
2960
2928
2871
2994
2804
2972
2920
2872
2991
2813
2982
2901
2869
2997
2815
2980
2900
2892
2982
2838
2988
2888
2888
2981
2827
3008
2863
2898
2981
2849
3000
2876
2897
2978
2832
3001
2850
2928
2958
2849
2993
2846
2928
2963
2849
2994
2820
2942
2947
2856
2996
2809
2958
2958
2847
2999
2818
2966
2932
2861
2995
2817
2959
2923
2868
2991
2818
2964
2915
2868
2983
2802
2979
2910
2869
2989
2826
2982
2884
2876
2985
2815
2999
2870
2883
2985
2827
2992
2865
2898
2969
2821
2997
2859
2922
2966
2842
2993
2854
2920
2955
2832
3005
2827
2951
2963
2840
2999
2811
2945
2957
2843
2989
2821
2951
2947
2864
3001
2809
2955
2924
2873
2996
2809
2978
2925
2880
2995
2812
2988
2903
2885
2996
2823
2983
2892
2892
2991
2819
2996
2877
2889
2991
2833
3004
2883
2896
2974
2847
2998
2858
2915
2985
2842
3008
2860
2924
2966
2847
3006
2829
2943
2962
2852
2995
2826
2955
2951
2863
3001
2820
2961
2943
2866
3002
2808
2964
2951
2859
2997
2810
2976
2918
2880
3000
2823
2973
2900
2888
3000
2826
2989
2899
2891
2986
2821
2993
2878
2895
2980
2831
2991
2879
2901
2981
2844
2997
2864
2908
2981
2846
3000
2849
2920
2963
2851
3008
2842
2937
2963
2841
3004
2835
2939
2951
2848
2997
2836
2951
2946
2858
3008
2828
2959
2940
2871
2996
2809
2961
2926
2870
2990
2835
2982
2913
2874
2997
2822
2996
2898
2893
2989
2831
2989
2892
2885
2994
2835
2992
2864
2908
2991
2831
2997
2859
2914
2972
2842
3003
2850
2919
2970
2847
3002
2849
2928
2964
2854
3004
2819
2932
2953
2845
3004
2812
2963
2946
2861
2997
2818
2957
2934
2856
3001
2813
2979
2931
2865
2986
2816
2974
2905
2883
2992
2815
2979
2894
2885
2992
2836
2988
2891
2883
2983
2833
3001
2883
2896
2986
2826
3000
2872
2900
2983
2836
3004
2856
2917
2975
2837
3008
2841
2915
2975
2841
3000
2856
2950
2959
2846
2998
2830
2951
2958
2854
3002
2823
2953
2941
2871
2992
2819
2972
2927
2873
2996
2826
2972
2921
2869
2993
2816
2988
2904
2872
2996
2821
2980
2885
2880
2985
2832
2994
2883
2889
2988
2839
2994
2856
2900
2969
2828
2999
2849
2925
2969
2851
2996
2850
2926
2978
2837
2994
2841
2932
2952
2860
2998
2841
2947
2951
2853
3002
2812
2951
2948
2865
2993
2807
2966
2941
2852
2987
2815
2974
2928
2867
3003
2821
2970
2912
2875
3001
2819
2983
2897
2889
2986
2845
2991
2890
2900
2980
2826
2999
2876
2900
2978
2849
2998
2863
2907
2979
2832
3015
2858
2916
2963
2850
3003
2840
2929
2954
2839
3004
2845
2942
2950
2866
3001
2820
2948
2953
2859
3003
2814
2957
2946
2861
2994
2826
2963
2924
2877
2993
2827
2976
2907
2881
2987
2826
2981
2891
2895
2989
2844
2995
2874
2896
2991
2838
2997
2864
2909
2978
2827
3006
2871
2900
2977
2840
2998
2862
2916
2964
2851
3010
2838
2924
2959
2851
3003
2821
2947
2964
2847
3008
2824
2961
2943
2861
2999
2810
2962
2949
2859
2991
2830
2967
2938
2864
2996
2808
2982
2913
2882
2998
2830
2979
2889
2890
2987
2827
2994
2887
2884
2992
2832
2996
2881
2899
2992
2824
3004
2856
2892
2974
2833
3008
2844
2900
2976
2845
2997
2853
2931
2958
2849
3003
2844
2940
2959
2846
3010
2822
2939
2960
2857
3005
2831
2952
2941
2867
3000
2811
2961
2941
2859
3002
2827
2970
2916
2878
2992
2826
2983
2908
2888
3002
2813
2986
2896
2878
2997
2833
2990
2887
2887
3000
2828
3003
2862
2909
2979
2835
3003
2860
2904
2978
2831
3006
2856
2919
2981
2850
3006
2839
2938
2960
2858
2999
2835
2940
2951
2846
3003
2831
2954
2949
2847
2991
2835
2958
2950
2880
2994
2820
2968
2920
2879
3008
2810
2985
2912
2890
2990
2842
2985
2891
2887
2988
2841
2990
2893
2889
2990
2822
3001
2872
2902
2983
2830
3004
2858
2915
2976
2857
3003
2868
2918
2966
2836
2999
2846
2922
2960
2848
3005
2833
2949
2957
2853
2997
2826
2944
2956
2856
3003
2818
2965
2936
2869
2994
2809
2963
2939
2868
3001
2812
2982
2916
2877
2988
2812
2985
2905
2883
3006
2814
2992
2878
2901
2989
2831
3002
2876
2903
2987
2840
2998
2873
2902
2980
2840
3002
2848
2907
2980
2843
3005
2840
2937
2962
2861
3000
2855
2930
2968
2847
3000
2834
2950
2948
2860
2997
2828
2957
2946
2858
2988
2818
2966
2941
2875
2996
2807
2976
2935
2871
2999
2818
2985
2896
2886
2997
2829
2987
2902
2879
2992
2820
2997
2887
2893
2982
2851
2993
2865
2905
2979
2846
2996
2855
2899
2982
2836
3009
2848
2934
2972
2837
3007
2841
2941
2962
2856
3000
2846
2949
2959
2860
2999
2809
2960
2947
2866
2996
2815
2969
2932
2875
3001
2824
2971
2921
2880
2993
2822
2981
2919
2875
2997
2816
2989
2897
2878
2990
2838
2987
2886
2890
2985
2840
2998
2893
2890
2992
2826
3005
2872
2907
2979
2839
3008
2854
2922
2975
2848
3006
2836
2931
2959
2844
3007
2834
2947
2955
2842
3005
2832
2948
2943
2845
2991
2815
2954
2954
2863
2989
2819
2961
2948
2870
2991
2815
2980
2916
2873
2999
2828
2984
2895
2872
2996
2834
2986
2904
2883
2992
2822
2996
2897
2892
2990
2843
2999
2877
2893
2981
2835
3002
2849
2913
2979
2838
3010
2868
2922
2958
2845
3010
2836
2942
2963
2841
3005
2835
2948
2948
2862
3009
2816
2956
2948
2854
3004
2829
2965
2941
2867
2993
2826
2967
2928
2881
2998
2808
2988
2911
2874
3001
2819
2991
2902
2877
2998
2826
3001
2876
2889
2985
2836
3003
2875
2890
2990
2832
2996
2871
2904
2974
2830
3007
2852
2921
2968
2839
3010
2854
2941
2969
2846
2998
2844
2942
2952
2857
3003
2826
2960
2948
2862
3001
2825
2959
2948
2867
3002
2821
2959
2933
2874
2991
2825
2978
2936
2872
3005
2819
2984
2913
2880
2997
2833
2988
2898
2889
2987
2820
3004
2870
2905
2994
2832
3004
2869
2899
2984
2840
3009
2870
2909
2974
2836
3009
2858
2928
2972
2853
3013
2833
2941
2963
2852
2997
2825
2954
2948
2847
2999
2829
2953
2940
2875
2998
2825
2961
2938
2860
2999
2809
2983
2938
2871
3008
2821
2981
2901
2884
2996
2833
2984
2898
2893
2990
2822
3002
2882
2885
2980
2833
3002
2883
2895
2982
2845
2998
2871
2906
2974
2839
3009
2869
2913
2974
2840
3010
2854
2929
2961
2849
3000
2853
2957
2954
2850
3004
2833
2954
2959
2856
2992
2807
2956
2943
2880
2995
2827
2965
2921
2884
3000
2810
2974
2912
2885
2998
2811
2977
2902
2892
2986
2837
2991
2892
2879
2995
2837
2998
2864
2904
2979
2831
3005
2871
2910
2979
2852
3000
2865
2918
2976
2833
2999
2853
2922
2970
2845
2993
2837
2931
2958
2853
3000
2833
2954
2946
2857
2997
2812
2961
2947
2861
2998
2808
2974
2933
2870
2996
2800
2965
2913
2882
2993
2811
2985
2900
2882
2990
2831
2985
2892
2885
2989
2819
2988
2879
2898
2983
2816
2999
2868
2903
2981
2828
3010
2867
2901
2978
2838
2997
2853
2911
2969
2839
3001
2849
2930
2959
2837
2991
2834
2942
2960
2848
3004
2815
2955
2946
2865
2999
2805
2960
2951
2869
2995
2821
2965
2921
2880
2986
2809
2980
2910
2876
2997
2822
2982
2906
2874
2998
2814
2991
2880
2901
2999
2824
3008
2869
2878
2976
2839
2994
2875
2899
2980
2842
3003
2859
2908
2975
2830
3002
2851
2926
2956
2856
2999
2837
2930
2947
2851
3003
2823
2957
2956
2855
2991
2815
2972
2951
2861
2998
2814
2967
2929
2877
2997
2817
2960
2925
2867
2998
2837
2976
2914
2875
2986
2823
2992
2895
2876
2999
2819
2997
2878
2897
2986
2819
2998
2862
2898
2977
2836
3000
2856
2895
2972
2834
2996
2854
2913
2966
2853
3003
2830
2924
2955
2843
2991
2817
2945
2944
2854
2997
2831
2944
2954
2848
2999
2826
2956
2928
2859
2987
2826
2966
2921
2878
2987
2821
2969
2914
2882
2988
2814
2985
2890
2877
2985
2818
2984
2884
2886
2979
2833
2996
2879
2878
2984
2821
3009
2866
2902
2967
2839
2996
2854
2905
2960
2843
2993
2842
2926
2969
2855
3006
2828
2938
2949
2841
2991
2810
2957
2949
2852
2993
2809
2953
2945
2860
2995
2801
2954
2936
2859
2985
2801
2969
2904
2869
2985
2817
2968
2906
2874
2983
2821
2984
2888
2890
2981
2825
2989
2884
2880
2993
2825
2987
2853
2897
2981
2832
3003
2850
2912
2968
2851
2995
2844
2924
2969
2832
3003
2842
2937
2960
2856
2994
2830
2950
2948
2866
2998
2833
2946
2945
2846
3001
2835
2955
2941
2854
2997
2824
2972
2922
2865
2985
2797
2973
2907
2881
2986
2820
2975
2899
2877
2989
2817
2984
2886
2872
2987
2820
2995
2862
2895
2978
2830
2987
2866
2888
2979
2832
3004
2848
2908
2972
2830
3003
2832
2910
2963
2836
2991
2827
2941
2943
2843
3006
2812
2938
2953
2849
2990
2818
2951
2948
2855
3008
2815
2957
2926
2870
2989
2817
2974
2907
2860
2994
2811
2970
2906
2875
2992
2821
2974
2879
2888
2985
2824
2981
2881
2890
2986
2832
2989
2867
2879
2975
2831
2990
2851
2895
2975
2829
2995
2853
2922
2964
2839
2999
2827
2931
2960
2845
3003
2819
2946
2939
2857
2992
2810
2956
2946
2860
2989
2817
2957
2942
2854
2991
2823
2958
2929
2867
2998
2800
2962
2907
2864
2990
2832
2978
2888
2884
2984
2834
2985
2891
2878
2985
2843
2998
2872
2896
2985
2821
2995
2850
2908
2970
2827
2995
2860
2909
2980
2843
2999
2847
2910
2962
2839
2993
2836
2935
2950
2848
2993
2824
2945
2956
2849
3003
2813
2949
2947
2859
2992
2819
2971
2928
2870
2988
2810
2964
2926
2865
2997
2802
2981
2900
2878
2998
2839
2983
2893
2886
2983
2842
2988
2881
2886
2980
2842
2990
2867
2906
2968
2825
2990
2863
2902
2976
2833
3004
2857
2916
2971
2844
2992
2827
2922
2957
2834
3005
2827
2944
2957
2838
3000
2827
2957
2950
2875
2998
2828
2955
2945
2861
2995
2810
2973
2920
2878
2994
2811
2965
2915
2872
3000
2818
2990
2895
2879
3000
2817
2995
2892
2890
2978
2841
3001
2870
2897
2983
2853
3007
2856
2888
2975
2832
2997
2872
2911
2972
2842
2995
2856
2918
2954
2846
3000
2828
2950
2964
2849
2992
2822
2937
2956
2849
2994
2815
2962
2942
2866
2994
2827
2961
2939
2865
2997
2810
2971
2926
2878
2994
2827
2985
2901
2888
2992
2824
2989
2904
2896
2991
2820
2994
2883
2878
2977
2844
2992
2886
2894
2978
2820
3001
2862
2911
2971
2833
3000
2851
2919
2969
2850
3000
2851
2919
2966
2840
2995
2830
2936
2944
2851
2992
2827
2951
2953
2864
2993
2814
2961
2946
2874
2996
2816
2966
2935
2866
2990
2811
2987
2920
2870
3000
2816
2984
2905
2880
3000
2823
2988
2885
2909
2988
2827
3003
2881
2903
2985
2851
2997
2867
2909
2978
2861
3001
2863
2913
2982
2845
3013
2858
2941
2973
2860
3006
2856
2951
2962
2870
3005
2845
2955
2964
2874
3014
2834
2979
2964
2875
3010
2837
2980
2960
2884
2999
2851
2980
2935
2900
3004
2842
2982
2928
2896
3001
2849
2996
2919
2902
3009
2843
3005
2895
2910
2996
2855
3004
2896
2908
2999
2848
3011
2865
2929
2989
2848
3009
2884
2928
2984
2856
3008
2864
2942
2964
2857
3012
2856
2953
2964
2867
3003
2837
2965
2957
2864
3011
2826
2971
2947
2871
3001
2840
2970
2950
2877
3004
2827
2983
2928
2876
2994
2831
2984
2925
2884
3010
2838
2993
2890
2901
3000
2830
3010
2882
2904
2986
2846
3000
2881
2904
2980
2840
2997
2872
2918
2968
2851
3004
2863
2923
2982
2847
2997
2831
2945
2963
2852
2998
2841
2946
2954
2856
2999
2826
2952
2955
2860
3003
2811
2963
2936
2882
2994
2825
2968
2921
2871
3002
2818
2987
2903
2883
2993
2838
2982
2890
2882
2997
2824
3004
2883
2901
2981
2833
2996
2879
2888
2989
2836
2997
2858
2902
2978
2841
3007
2861
2918
2963
2835
3010
2840
2940
2962
2835
3007
2829
2954
2957
2873
3003
2811
2954
2950
2854
3004
2819
2963
2945
2867
2993
2828
2967
2938
2864
2992
2814
2981
2918
2878
2998
2812
2976
2908
2884
2992
2836
2989
2888
2882
2985
2841
3001
2882
2891
2981
2837
3001
2871
2910
2976
2840
2996
2866
2907
2980
2841
3000
2853
2926
2973
2848
3001
2847
2929
2962
2843
3005
2835
2950
2944
2856
2995
2828
2962
2953
2879
2999
2813
2967
2947
2875
2993
2807
2971
2928
2880
2997
2827
2984
2907
2867
2998
2823
2981
2906
2884
3003
2824
2987
2891
2892
2995
2821
2996
2877
2899
2983
2845
3006
2867
2907
2969
2856
3011
2857
2912
2974
2850
2997
2852
2935
2969
2848
3008
2829
2949
2951
2852
3014
2816
2956
2960
2854
3007
2813
2971
2941
2861
2993
2821
2974
2949
2868
2987
2834
2974
2924
2883
3004
2815
2991
2895
2899
2991
2819
2986
2897
2887
2983
2837
