2408,5000
2891
3005
2834
2980
2941
2891
3006
2849
2984
2924
2904
3005
2844
2994
2900
2913
3002
2861
3002
2904
2903
3002
2849
3015
2887
2907
2991
2863
3015
2890
2923
2999
2852
3019
2862
2928
2980
2857
3024
2864
2951
2979
2862
3019
2855
2953
2983
2872
3025
2851
2979
2971
2874
3010
2857
2975
2961
2891
3021
2840
2980
2962
2893
3013
2855
2992
2945
2902
3025
2855
3009
2941
2908
3014
2864
3008
2924
2907
3005
2848
3006
2899
2897
3001
2853
3015
2885
2928
3006
2865
3030
2896
2927
3007
2869
3032
2886
2940
2999
2868
3023
2862
2956
2977
2853
3004
2849
2947
2971
2860
3014
2858
2963
2968
2876
3021
2849
2990
2976
2902
3025
2856
2990
2970
2902
3013
2846
3001
2962
2907
3037
2866
3012
2962
2926
3041
2876
3034
2951
2931
3037
2878
3023
2917
2917
2997
2847
3003
2878
2916
2993
2851
2999
2881
2911
2996
2863
3015
2892
2940
2996
2862
3029
2878
2940
2982
2858
3005
2850
2946
2960
2847
3010
2815
2950
2952
2866
3001
2837
2964
2964
2872
3009
2850
2984
2951
2890
3007
2842
2976
2946
2880
2995
2824
2975
2924
2888
3007
2825
2993
2911
2891
2996
2849
3007
2899
2909
3001
2850
3003
2886
2907
2989
2831
2996
2863
2902
2972
2821
2990
2853
2900
2970
2831
3006
2841
2927
2965
2842
3002
2845
2950
2959
2847
3008
2836
2943
2967
2848
3002
2806
2956
2940
2853
3000
2808
2952
2946
2868
3002
2818
2986
2929
2893
2998
2834
2981
2928
2891
3006
2840
2997
2902
2887
3000
2822
2995
2907
2894
2988
2846
3000
2888
2897
2984
2853
3006
2887
2910
2988
2855
3002
2876
2919
2975
2854
3007
2846
2933
2968
2848
3014
2847
2931
2968
2856
3012
2848
2960
2963
2883
3012
2837
2961
2966
2865
3001
2822
2971
2952
2890
3003
2823
2964
2937
2878
3014
2820
2979
2932
2889
3005
2824
2995
2911
2900
3009
2832
2990
2906
2896
3004
2828
3001
2881
2906
2991
2834
3001
2883
2905
2991
2847
3015
2872
2912
2986
2853
3018
2858
2940
2974
2860
3004
2839
2944
2971
2846
3003
2833
2953
2955
2865
3008
2836
2965
2948
2859
3008
2825
2976
2954
2869
2999
2833
2983
2952
2892
3007
2843
2983
2929
2892
3009
2842
2985
2921
2908
3012
2854
3001
2913
2890
2996
2834
2999
2907
2906
3005
2850
3008
2908
2930
2998
2863
3011
2876
2930
2990
2858
3023
2871
2939
2981
2873
3014
2872
2942
2981
2859
3016
2856
2957
2977
2875
3019
2851
2972
2976
2884
3021
2855
2976
2965
2886
3012
2850
2977
2959
2884
3012
2831
2979
2947
2892
3004
2840
2987
2937
2898
3021
2843
3010
2914
2900
3008
2846
3010
2897
2912
2992
2849
3007
2893
2908
2991
2838
3007
2886
2915
2989
2867
3013
2866
2944
2985
2869
3023
2877
2947
2986
2863
3013
2868
2959
2979
2864
3021
2852
2975
2969
2880
3033
2863
2972
2969
2907
3023
2850
2997
2966
2901
3026
2850
2997
2949
2901
3014
2851
2992
2938
2915
3021
2860
3008
2939
2924
3027
2863
3024
2922
2929
3014
2871
3051
2930
2939
3005
2862
3017
2895
2924
2994
2853
3034
2893
2945
3017
2897
3060
2907
2981
3007
2899
3040
2872
2971
2979
2872
3024
2860
2972
2970
2883
3017
2856
2994
2979
2902
3043
2885
3016
2990
2925
3041
2877
3004
2979
2919
3022
2873
2994
2935
2904
3004
2846
2994
2930
2905
3020
2851
3015
2936
2917
3025
2859
3023
2916
2939
3007
2864
3027
2891
2922
2988
2861
3008
2870
2927
2982
2862
3014
2876
2933
2982
2869
3014
2873
2950
2977
2878
3015
2855
2955
2966
2882
3017
2854
2978
2970
2883
3026
2858
2988
2968
2902
3024
2851
2985
2964
2905
3018
2837
2984
2935
2910
3009
2849
2991
2926
2903
3007
2850
3000
2928
2901
3005
2861
3017
2918
2929
3013
2857
3025
2901
2921
3011
2861
3024
2883
2930
2990
2865
3019
2881
2933
2979
2868
3016
2858
2950
2978
2866
3012
2853
2951
2970
2875
3013
2846
2969
2957
2870
3011
2832
2955
2948
2869
3001
2822
2968
2946
2864
2989
2823
2982
2934
2881
3009
2835
2985
2933
2900
3007
2855
2998
2932
2906
3007
2852
3016
2912
2913
3002
2870
3018
2915
2937
3010
2881
3022
2897
2944
3013
2881
3041
2898
2955
2998
2884
3041
2880
2958
2982
2877
3024
2868
2970
2992
2884
3028
2854
2977
2980
2881
3017
2859
2978
2977
2899
3016
2853
2975
2967
2883
3016
2836
2979
2954
2885
3016
2835
2994
2933
2909
3012
2852
2996
2930
2919
3017
2873
3008
2926
2916
3018
2860
3011
2902
2932
3011
2855
3024
2894
2934
3002
2871
3023
2905
2947
3002
2885
3041
2880
2941
2997
2864
3032
2875
2948
2982
2867
3021
2869
2981
2981
2904
3039
2876
2983
2992
2896
3031
2854
2980
2967
2905
3016
2859
2983
2959
2893
3018
2841
2995
2957
2896
3025
2849
3001
2957
2923
3017
2860
3012
2929
2905
3017
2843
3004
2897
2897
2996
2838
3006
2879
2903
2987
2867
3016
2899
2935
3005
2872
3030
2895
2960
3001
2884
3034
2877
2942
2979
2856
3013
2838
2948
2960
2864
3008
2845
2973
2975
2889
3028
2853
2986
2981
2910
3031
2865
2996
2966
2904
3016
2844
2986
2954
2885
3012
2839
2997
2948
2897
3020
2853
3014
2934
2916
3016
2859
3019
2925
2924
3024
2858
3006
2907
2898
2993
2852
3005
2859
2913
2972
2838
3002
2875
2922
2982
2862
3016
2860
2952
2979
2850
3019
2847
2935
2971
2870
3002
2822
2950
2954
2846
3008
2825
2952
2963
2863
3011
2832
2974
2965
2872
3009
2836
2972
2948
2882
3010
2817
2978
2913
2878
3003
2818
2991
2915
2892
3009
2838
2993
2916
2901
2999
2855
3009
2893
2909
3013
2843
3013
2880
2922
2991
2865
3008
2876
2926
3002
2863
3015
2896
2941
2986
2888
3026
2869
2967
2984
2867
3019
2861
2953
2979
2862
3018
2846
2953
2965
2861
3006
2843
2963
2970
2882
3006
2830
2984
2953
2896
3017
2826
2990
2941
2903
3004
2842
2984
2916
2888
3009
2838
2996
2926
2898
3013
2845
3015
2921
2922
2998
2858
3005
2889
2913
3001
2843
3014
2875
2903
2983
2858
3017
2863
2928
2984
2850
3023
2865
2950
2977
2874
3017
2857
2949
2972
2875
3015
2840
2966
2967
2870
3014
2826
2962
2965
2875
3023
2833
2970
2955
2872
3002
2835
2974
2932
2889
2996
2836
2988
2920
2900
2999
2839
2992
2927
2907
3008
2847
2997
2917
2907
3011
2866
3010
2914
2921
3004
2858
3011
2894
2927
2993
2853
3033
2891
2926
3011
2869
3024
2871
2927
2979
2864
3022
2860
2950
2974
2877
3018
2865
2964
2977
2878
3016
2858
2973
2973
2901
3017
2853
2976
2973
2889
3014
2849
2985
2964
2885
3019
2830
2982
2942
2893
3005
2840
3000
2932
2919
3009
2847
3001
2927
2911
3010
2855
3013
2904
2898
3003
2850
3012
2880
2917
2993
2842
3005
2888
2921
2992
2847
3028
2879
2954
3006
2871
3034
2876
2950
2991
2873
3017
2848
2962
2967
2866
3011
2850
2952
2964
2854
3010
2830
2966
2969
2890
3017
2852
2981
2969
2890
3030
2839
2994
2943
2896
3006
2852
2984
2933
2887
3000
2844
2994
2928
2902
3022
2854
3003
2917
2907
3011
2840
3014
2893
2917
2998
2860
3008
2884
2913
2991
2856
3010
2879
2918
2981
2849
3012
2858
2938
2977
2861
3018
2858
2956
2973
2875
3019
2854
2957
2970
2860
3026
2839
2964
2968
2871
3012
2834
2978
2958
2882
3004
2833
2987
2944
2894
3016
2832
2990
2934
2884
3012
2834
2994
2921
2885
3000
2852
2999
2905
2886
3001
2836
3004
2891
2919
2997
2853
3006
2892
2909
2994
2857
3011
2887
2915
2995
2855
3009
2874
2925
2981
2869
3006
2860
2935
2977
2849
3012
2843
2948
2972
2860
3018
2837
2955
2968
2867
3006
2825
2961
2964
2864
3016
2820
2982
2948
2878
3003
2829
2981
2934
2882
3005
2846
2986
2933
2895
3006
2850
2990
2916
2898
3014
2842
3011
2897
2890
2987
2847
3002
2888
2893
2994
2842
3001
2869
2916
2983
2866
3002
2863
2931
2982
2849
3026
2863
2942
2971
2864
3011
2863
2948
2982
2861
3015
2837
2968
2976
2862
3015
2826
2973
2960
2885
3005
2840
2968
2951
2876
3003
2821
2984
2946
2885
2997
2830
2978
2929
2898
2992
2827
2992
2916
2882
3003
2830
2998
2889
2896
2994
2845
3013
2892
2900
2995
2837
3000
2894
2908
2989
2834
3001
2869
2908
2986
2840
2998
2857
2917
2977
2851
3015
2846
2947
2967
2868
3010
2847
2956
2974
2853
2997
2833
2957
2956
2867
2996
2821
2956
2949
2859
3004
2827
2965
2932
2886
3003
2817
2977
2931
2882
3001
2827
2984
2919
2883
2999
2826
2991
2892
2896
2993
2825
3001
2884
2901
2992
2848
3007
2882
2895
2983
2847
3000
2867
2910
2985
2838
2997
2857
2926
2976
2854
3017
2849
2946
2967
2865
3010
2832
2940
2969
2852
3009
2836
2968
2956
2849
3003
2823
2968
2952
2875
2998
2821
2971
2959
2881
3003
2837
2968
2934
2885
2998
2821
2975
2920
2875
2990
2837
2983
2911
2890
2993
2840
2996
2895
2902
2995
2830
3005
2891
2903
2998
2851
3004
2883
2908
2980
2857
3014
2870
2929
2979
2858
3007
2857
2933
2985
2852
3017
2850
2956
2972
2863
3012
2848
2959
2960
2869
3006
2843
2963
2966
2876
3001
2837
2969
2957
2887
3003
2833
2975
2948
2883
3002
2836
2979
2932
2883
3010
2826
3001
2908
2883
2993
2841
2992
2906
2889
2990
2849
3001
2895
2907
2990
2847
3005
2870
2911
2995
2854
3011
2870
2925
2995
2856
3013
2867
2932
2971
2849
3004
2863
2938
2966
2861
3003
2829
2962
2965
2871
3006
2843
2966
2970
2864
3016
2830
2968
2944
2886
3002
2812
2969
2943
2872
2994
2821
2986
2930
2880
3002
2820
2989
2907
2895
2998
2840
2994
2896
2886
3001
2834
3003
2890
2884
2993
2829
3005
2879
2892
2989
2840
3007
2871
2908
2987
2858
3001
2853
2933
2972
2855
3008
2851
2923
2962
2854
3007
2834
2944
2957
2873
3010
2823
2960
2956
2860
2997
2831
2963
2957
2878
3001
2821
2978
2948
2862
2996
2820
2980
2933
2876
3010
2823
2976
2911
2882
3001
2823
2991
2898
2902
2991
2850
2990
2878
2896
2998
2831
3000
2882
2899
2977
2843
2999
2873
2904
2982
2833
3000
2863
2915
2980
2847
3009
2843
2918
2962
2857
3000
2838
2947
2962
2864
3011
2849
2954
2947
2842
3003
2817
2950
2956
2860
3002
2807
2956
2955
2869
3003
2821
2966
2941
2865
2995
2826
2978
2901
2880
2994
2827
2980
2896
2889
2995
2821
2990
2896
2886
2997
2829
3002
2875
2889
2981
2856
3006
2865
2904
2979
2834
3012
2860
2912
2979
2835
3001
2856
2926
2975
2847
3011
2853
2936
2967
2864
3006
2852
2946
2968
2866
3004
2849
2957
2959
2853
2998
2830
2972
2946
2868
2997
2814
2976
2939
2874
3013
2815
2986
2917
2897
2995
2847
2985
2901
2897
2990
2835
2993
2904
2895
2995
2846
2997
2887
2917
2993
2847
3003
2885
2904
2984
2841
3004
2868
2912
2981
2838
3011
2856
2918
2977
2850
3008
2851
2941
2963
2853
2996
2844
2942
2954
2877
3002
2818
2962
2949
2859
3014
2834
2964
2963
2865
2999
2830
2976
2942
2879
3001
2819
2987
2925
2887
3008
2820
2990
2911
2885
3007
2837
3002
2896
2903
2993
2853
2999
2895
2903
2987
2849
3001
2886
2906
2998
2844
3011
2867
2912
2980
2869
3011
2857
2943
2981
2851
3016
2848
2941
2967
2858
3001
2848
2945
2970
2856
2999
2837
2956
2960
2874
3005
2830
2969
2944
2866
3011
2826
2963
2932
2881
2999
2835
2976
2926
2872
3005
2819
2981
2910
2898
2997
2832
2998
2899
2894
3005
2840
2995
2896
2900
2998
2831
3015
2877
2917
2982
2846
3006
2888
2915
2999
2848
3019
2861
2926
2987
2856
3008
2867
2943
2970
2866
3013
2845
2961
2962
2866
3007
2843
2963
2966
2866
3013
2827
2975
2964
2880
3000
2822
2980
2945
2885
3010
2838
2984
2928
2875
3001
2828
2985
2927
2895
3005
2826
2993
2916
2900
2993
2832
3006
2895
2916
3000
2838
3009
2875
2906
2989
2841
3017
2871
2919
2991
2844
3013
2868
2921
2982
2846
3011
2864
2936
2969
2867
3003
2849
2938
2967
2869
3012
2846
2954
2968
2864
3005
2848
2969
2949
2876
3005
2830
2967
2955
2882
3006
2828
2969
2928
2892
3003
2824
2991
2927
2884
3008
2835
2989
2925
2902
3000
2846
2997
2906
2904
2998
2830
3014
2884
2915
2992
2855
3010
2892
2923
2989
2861
3013
2876
2925
2985
2862
3009
2872
2941
2978
2860
3009
2854
2949
2964
2870
3007
2855
2953
2959
2880
3004
2847
2960
2964
2874
3002
2843
2975
2953
2874
2998
2847
2980
2930
2890
3005
2836
2987
2921
2897
3005
2823
2994
2913
2902
2998
2840
3000
2904
2895
2997
2843
3018
2889
2904
2997
2839
3009
2878
2914
2991
2852
3005
2863
2918
2977
2863
3012
2857
2937
2966
2859
3011
2862
2938
2960
2860
3010
2831
2959
2957
2852
3005
2835
2972
2951
2872
3009
2814
2965
2933
2884
2999
2830
2973
2933
2884
2991
2830
2976
2908
2894
2989
2825
2988
2906
2897
3002
2835
2989
2893
2899
2997
2838
3005
2873
2903
2983
2832
3001
2863
2897
2982
2848
3005
2850
2912
2982
2841
3004
2853
2929
2969
2855
3006
2840
2954
2965
2861
3011
2846
2938
2958
2848
3006
2813
2966
2953
2864
3001
2816
2970
2936
2865
3003
2817
2974
2926
2883
2996
2814
2983
2902
2886
2996
2820
2982
2890
2887
2986
2832
2986
2904
2896
2987
2838
3008
2870
2891
2994
2834
2992
2869
2899
2984
2835
3009
2858
2905
2974
2834
3007
2841
2918
2971
2843
3008
2852
2931
2956
2865
3001
2817
2959
2951
2859
3005
2817
2963
2937
2863
2993
2825
2962
2952
2862
3001
2817
2976
2929
2873
2998
2815
2989
2902
2885
2995
2840
2979
2891
2871
2996
2831
2997
2885
2883
2993
2827
3009
2872
2903
2984
2826
3006
2866
2910
2979
2833
3003
2847
2915
2970
2850
3001
2853
2924
2970
2839
3009
2837
2949
2949
2852
3000
2816
2962
2954
2871
2991
2820
2953
2949
2856
2995
2827
2963
2946
2860
3001
2811
2985
2916
2876
2995
2827
2976
2917
2879
3003
2813
2976
2885
2899
2987
2840
2996
2878
2897
2985
2844
2997
2861
2893
2986
2840
3005
2864
2915
2974
2842
2999
2847
2930
2965
2848
3003
2836
2933
2970
2846
3007
2827
2934
2961
2851
3006
2822
2949
2942
2860
2994
2825
2959
2953
2867
2995
2824
2965
2934
2878
2995
2808
2981
2913
2884
2995
2826
2986
2901
2884
2988
2817
2998
2886
2905
2995
2821
2999
2888
2894
2982
2828
2994
2886
2904
2977
2848
2998
2861
2903
2966
2834
3007
2846
2926
2962
2854
3003
2832
2940
2956
2840
2997
2836
2939
2957
2848
3006
2811
2944
2949
2859
3003
2826
2959
2947
2865
2999
2807
2974
2930
2879
2993
2823
2973
2915
2872
2995
2808
2976
2905
2879
2998
2823
3000
2882
2901
2983
2849
2999
2872
2894
2978
2848
2992
2862
2901
2985
2833
3003
2843
2916
2971
2833
3006
2841
2922
2964
2852
2999
2832
2929
2968
2845
2994
2816
2960
2957
2841
3000
2809
2954
2950
2865
3002
2813
2956
2938
2876
2992
2824
2969
2911
2879
2995
2813
2982
2905
2867
2996
2826
2980
2900
2883
2996
2820
2985
2885
2891
2990
2834
2998
2862
2899
2988
2827
3003
2869
2892
2979
2848
2996
2861
2919
2975
2840
2995
2836
2935
2962
2862
2994
2825
2948
2957
2867
2995
2817
2961
2959
2849
3002
2825
2960
2952
2868
2992
2826
2965
2951
2873
2997
2823
2975
2925
2883
2997
2831
2979
2892
2897
3006
2823
2986
2891
2904
2994
2839
3002
2883
2892
2989
2828
3013
2883
2898
2981
2853
3002
2863
2917
2980
2842
3014
2857
2924
2979
2852
3004
2852
2939
2961
2859
3012
2839
2947
2958
2876
3001
2842
2953
2949
2878
3001
2823
2974
2944
2875
3009
2829
2974
2942
2876
3008
2834
2986
2930
2889
2995
2837
2993
2900
2890
3004
2835
2996
2899
2890
2999
2848
2997
2874
2904
2984
2848
3014
2870
2907
2981
2844
2994
2867
2918
2968
2851
3016
2841
2933
2963
2856
3007
2835
2936
2961
2847
2994
2831
2947
2961
2852
2988
2824
2955
2950
2854
2999
2809
2970
2932
2871
2996
2797
2959
2916
2861
2987
2805
2976
2895
2873
2987
2811
2990
2878
2886
2981
2827
2978
2880
2883
2976
2812
2998
2855
2879
2977
2825
2986
2863
2900
2963
2843
2997
2867
2924
2965
2854
3003
2850
2940
2969
2844
3004
2845
2939
2965
2856
2994
2815
2942
2942
2841
2999
2804
2961
2933
2862
2996
2811
2974
2925
2866
2993
2810
2982
2900
2879
2985
2813
2969
2872
2877
2978
2819
2981
2880
2871
2983
2819
2988
2870
2875
2974
2810
2983
2867
2887
2970
2808
2998
2825
2903
2955
2820
2997
2831
2914
2947
2827
2995
2815
2928
2946
2828
2989
2817
2933
2941
2831
2990
2794
2951
2931
2836
2991
2803
2955
2908
2848
2986
2817
2956
2889
2865
2981
2811
2970
2903
2871
2977
2802
2989
2882
2888
2988
2832
2990
2881
2886
2990
2833
2998
2858
2896
2970
2839
2994
2864
2905
2962
2835
2996
2850
2913
2970
2835
3001
2836
2923
2963
2841
2997
2817
2943
2949
2838
2993
2819
2943
2932
2853
3007
2813
2962
2950
2858
2992
2818
2967
2938
2868
2995
2818
2973
2917
2871
2990
2845
2980
2913
2882
2989
2839
2991
2897
2890
2995
2831
3004
2880
2892
2991
2834
2998
2878
2903
2986
2838
3011
2852
2914
2978
2854
3012
2858
2932
2963
2856
3008
2849
2944
2956
