2223,5000
3122
3174
3122
3150
3156
3135
3169
3123
3154
3153
3138
3165
3119
3153
3155
3129
3169
3118
3162
3146
3145
3164
3120
3153
3138
3147
3167
3106
3163
3138
3149
3159
3120
3163
3150
3143
3159
3112
3169
3138
3146
3161
3105
3175
3132
3150
3163
3114
3156
3139
3152
3161
3114
3165
3132
3148
3143
3134
3162
3128
3160
3149
3139
3166
3119
3168
3149
3137
3167
3115
3169
3151
3136
3165
3119
3153
3143
3143
3163
3123
3155
3138
3154
3156
3109
3165
3138
3138
3150
3126
3156
3133
3142
3164
3109
3164
3133
3154
3158
3111
3164
3141
3147
3149
3113
3168
3141
3147
3143
3115
3171
3124
3170
3154
3122
3159
3129
3155
3155
3126
3173
3122
3163
3145
3141
3166
3124
3147
3150
3130
3182
3117
3161
3146
3129
3166
3111
3170
3149
3142
3169
3113
3162
3143
3138
3157
3123
3153
3146
3141
3161
3107
3168
3153
3137
3159
3106
3169
3144
3155
3154
3114
3163
3132
3161
3158
3122
3156
3141
3145
3152
3133
3177
3131
3152
3148
3115
3174
3127
3146
3159
3130
3168
3119
3157
3150
3138
3163
3124
3153
3151
3144
3162
3127
3147
3148
3146
3167
3120
3150
3152
3136
3156
3123
3159
3140
3147
3154
3107
3161
3144
3135
3154
3116
3154
3141
3144
3163
3124
3157
3136
3160
3153
3109
3167
3149
3146
3166
3118
3172
3132
3160
3154
3119
3173
3127
3152
3149
3121
3169
3123
3155
3150
3141
3173
3125
3162
3146
3135
3164
3129
3147
3148
3142
3159
3120
3154
3147
3133
3166
3116
3158
3149
3139
3166
3115
3173
3141
3143
3153
3117
3156
3159
3142
3157
3112
3161
3137
3140
3162
3117
3163
3143
3144
3152
3111
3171
3134
3149
3160
3116
3168
3130
3165
3154
3129
3159
3133
3145
3161
3130
3161
3120
3144
3160
3129
3172
3117
3142
3157
3131
3176
3125
3161
3146
3136
3161
3118
3159
3150
3133
3168
3119
3158
3158
3139
3168
3109
3162
3143
3148
3157
3117
3159
3152
3141
3157
3107
3166
3143
3140
3169
3109
3154
3143
3146
3153
3119
3158
3143
3143
3161
3126
3169
3128
3149
3148
3132
3161
3131
3149
3160
3125
3165
3130
3151
3158
3128
3174
3117
3158
3146
3133
3169
3114
3157
3139
3146
3157
3123
3154
3153
3139
3172
3115
3166
3142
3144
3155
3118
3159
3147
3145
3152
3106
3162
3139
3147
3159
3122
3163
3137
3141
3159
3117
3156
3150
3145
3145
3130
3158
3139
3153
3162
3122
3155
3121
3164
3151
3134
3163
3131
3144
3147
3139
3165
3136
3150
3152
3142
3165
3128
3159
3146
3140
3160
3122
3155
3143
3147
3160
3114
3163
3143
3147
3161
3123
3157
3138
3140
3168
3105
3169
3143
3145
3155
3119
3156
3134
3153
3151
3123
3166
3135
3151
3150
3123
3155
3126
3151
3152
3123
3158
3140
3142
3151
3115
3154
3129
3148
3146
3136
3157
3125
3144
3157
3130
3156
3120
3151
3146
3126
3166
3117
3155
3138
3131
3153
3118
3160
3142
3136
3154
3116
3155
3137
3154
3149
3113
3154
3144
3140
3161
3107
3163
3129
3139
3147
3118
3162
3140
3159
3148
3111
3159
3132
3157
3151
3123
3163
3133
3152
3163
3140
3163
3121
3140
3156
3128
3178
3130
3148
3152
3136
3162
3125
3149
3149
3133
3155
3124
3150
3161
3137
3164
3112
3158
3159
3145
3162
3121
3156
3149
3145
3167
3110
3167
3138
3145
3157
3111
3153
3150
3147
3158
3110
3162
3147
3164
3160
3120
3171
3133
3162
3158
3136
3161
3124
3157
3166
3128
3158
3136
3152
3148
3122
3167
3121
3146
3151
3137
3163
3127
3147
3166
3139
3164
3126
3148
3149
3132
3176
3119
3165
3143
3141
3152
3121
3162
3160
3147
3157
3128
3157
3148
3145
3167
3108
3171
3143
3151
3158
3125
3164
3152
3144
3146
3125
3161
3143
3149
3151
3134
3156
3149
3157
3160
3125
3162
3131
3154
3160
3129
3163
3119
3150
3150
3126
3173
3127
3154
3159
3132
3166
3127
3152
3150
3135
3158
3120
3151
3160
3141
3156
3119
3151
3155
3146
3155
3109
3164
3143
3136
3165
3108
3158
3151
3140
3149
3105
3156
3135
3153
3158
3107
3172
3137
3151
3165
3120
3168
3130
3144
3168
3129
3164
3133
3150
3153
3120
3159
3132
3152
3169
3122
3168
3117
3153
3159
3131
3175
3127
3151
3160
3131
3162
3136
3157
3149
3149
3157
3111
3154
3151
3137
3152
3117
3159
3141
3149
3159
3112
3155
3144
3141
3170
3110
3170
3136
3156
3156
3107
3160
3146
3142
3146
3111
3167
3134
3156
3153
3127
3159
3135
3150
3161
3126
3154
3129
3146
3157
3125
3180
3122
3149
3154
3126
3172
3119
3157
3148
3140
3163
3123
3150
3148
3135
3164
3118
3159
3144
3146
3177
3124
3153
3144
3134
3164
3111
3168
3144
3140
3164
3107
3166
3141
3162
3154
3115
3160
3143
3149
3162
3121
3153
3130
3152
3149
3128
3161
3137
3152
3162
3117
3160
3127
3156
3153
3130
3163
3132
3149
3158
3136
3158
3116
3150
3156
3132
3159
3127
3154
3152
3137
3163
3114
3170
3151
3133
3160
3122
3156
3152
3140
3163
3105
3168
3146
3149
3157
3117
3161
3147
3148
3163
3111
3171
3139
3138
3151
3109
3166
3146
3148
3158
3114
3161
3131
3145
3152
3129
3162
3134
3151
3151
3134
3160
3130
3144
3156
3124
3178
3127
3146
3152
3124
3166
3120
3165
3149
3140
3158
3123
3151
3145
3146
3165
3119
3151
3151
3138
3171
3122
3160
3137
3135
3164
3119
3158
3148
3142
3170
3105
3157
3147
3147
3153
3117
3160
3130
3142
3161
3118
3170
3127
3150
3149
3115
3176
3130
3157
3155
3121
3164
3133
3150
3169
3121
3165
3124
3143
3156
3136
3172
3118
3142
3161
3140
3161
3128
3151
3157
3136
3165
3134
3155
3152
3150
3157
3110
3151
3158
3155
3156
3106
3159
3139
3138
3164
3108
3165
3140
3139
3159
3111
3168
3139
3156
3153
3110
3175
3129
3156
3161
3122
3158
3122
3154
3154
3134
3165
3122
3162
3153
3139
3162
3128
3142
3154
3128
3171
3120
3157
3149
3131
3163
3116
3157
3148
3147
3158
3118
3156
3141
3134
3166
3116
3151
3139
3138
3163
3128
3156
3149
3135
3161
3110
3152
3155
3139
3160
3114
3162
3132
3159
3163
3114
3162
3134
3152
3158
3120
3173
3135
3158
3157
3118
3163
3134
3148
3154
3119
3170
3121
3165
3159
3137
3168
3124
3153
3151
3140
3164
3130
3145
3158
3132
3164
3119
3160
3155
3142
3171
3111
3169
3145
3145
3159
3118
3155
3149
3140
3162
3108
3170
3134
3145
3158
3105
3166
3141
3142
3166
3107
3165
3141
3153
3157
3114
3156
3140
3145
3161
3138
3157
3120
3151
3152
3120
3170
3127
3146
3148
3141
3160
3133
3146
3145
3134
3161
3134
3145
3154
3131
3165
3124
3143
3143
3142
3161
3124
3155
3158
3132
3166
3114
3165
3141
3133
3169
3110
3153
3151
3145
3159
3106
3161
3149
3146
3150
3106
3174
3139
3143
3160
3117
3167
3126
3148
3161
3120
3166
3139
3149
3158
3117
3172
3136
3144
3159
3140
3160
3118
3159
3149
3147
3167
3129
3145
3153
3134
3167
3119
3150
3158
3130
3164
3116
3162
3143
3132
3175
3117
3158
3143
3151
3156
3122
3151
3147
3142
3152
3116
3170
3146
3142
3167
3110
3155
3147
3144
3170
3112
3166
3138
3157
3153
3120
3156
3143
3150
3159
3130
3162
3120
3144
3145
3134
3163
3122
3156
3154
3135
3163
3130
3147
3165
3127
3154
3126
3150
3145
3140
3166
3120
3153
3142
3143
3159
3132
3158
3143
3147
3153
3121
3158
3153
3135
3166
3113
3164
3142
3140
3154
3113
3162
3134
3147
3160
3112
3157
3134
3152
3160
3118
3160
3143
3144
3158
3116
3158
3125
3149
3151
3117
3166
3121
3160
3153
3136
3164
3119
3155
3148
3146
3167
3127
3160
3148
3129
3159
3126
3154
3152
3134
3160
3116
3160
3144
3136
3166
3119
3151
3149
3138
3163
3130
3161
3139
3156
3157
3105
3157
3148
3142
3148
3115
3157
3146
3146
3151
3110
3158
3139
3149
3151
3137
3164
3127
3151
3158
3124
3160
3131
3150
3146
3121
3171
3123
3154
3153
3137
3168
3122
3143
3159
3135
3165
3122
3152
3142
3144
3166
3123
3151
3138
3140
3156
3125
3155
3140
3147
3157
3127
3161
3151
3158
3151
3123
3161
3144
3137
3164
3113
3151
3138
3143
3159
3117
3157
3136
3154
3154
3123
3158
3140
3156
3150
3128
3158
3134
3163
3153
3143
3164
3117
3150
3147
3139
3163
3136
3144
3164
3129
3166
3121
3157
3144
3138
3158
3123
3151
3145
3146
3155
3120
3150
3137
3146
3155
3128
3159
3138
3146
3156
3114
3154
3143
3144
3158
3113
3163
3138
3152
3156
3114
3155
3133
3154
3156
3124
3157
3138
3147
3162
3122
3175
3126
3141
3162
3121
3159
3132
3145
3155
3123
3167
3120
3162
3149
3138
3176
3117
3150
3156
3137
3166
3120
3151
3144
3141
3161
3133
3152
3139
3142
3156
3129
3165
3144
3147
3158
3110
3168
3141
3149
3156
3114
3154
3146
3143
3161
3113
3158
3140
3148
3149
3122
3161
3129
3156
3161
3119
3162
3136
3145
3154
3126
3158
3133
3146
3155
3124
3175
3122
3149
3152
3135
3164
3128
3149
3156
3134
3163
3122
3162
3143
3129
3164
3118
3154
3150
3138
3174
3115
3147
3148
3138
3166
3109
3171
3138
3138
3162
3112
3167
3144
3136
3158
3111
3164
3142
3157
3171
3120
3163
3133
3153
3151
3126
3169
3129
3145
3157
3123
3159
3126
3160
3155
3126
3158
3129
3144
3150
3124
3169
3116
3154
3150
3132
3176
3116
3153
3144
3142
3162
3123
3144
3148
3135
3154
3111
3155
3142
3143
3152
3108
3164
3143
3149
3155
3118
3156
3135
3141
3156
3118
3158
3150
3149
3154
3118
3160
3135
3158
3154
3114
3163
3148
3154
3158
3134
3161
3129
3155
3156
3120
3157
3128
3149
3159
3125
3180
3119
3156
3143
3133
3166
3120
3156
3148
3142
3158
3120
3157
3154
3136
3157
3116
3149
3142
3143
3160
3120
3152
3134
3133
3161
3115
3169
3141
3155
3151
3104
3165
3141
3142
3150
3106
3174
3143
3147
3154
3117
3153
3126
3144
3159
3124
3162
3136
3149
3157
3117
3168
3131
3145
3156
3121
3169
3121
3154
3152
3143
3159
3119
3151
3155
3139
3156
3124
3154
3143
3139
3159
3127
3154
3154
3133
3174
3119
3157
3153
3146
3149
3105
3165
3138
3151
3158
3115
3162
3144
3137
3150
3128
3161
3139
3142
3169
3116
3164
3151
3145
3165
3111
3152
3146
3154
3154
3119
3166
3138
3145
3148
3134
3164
3126
3145
3158
3124
3169
3124
3152
3153
3128
3161
3132
3147
3155
3132
3175
3111
3165
3150
3139
3168
3111
3166
3138
3134
3167
3109
3164
3139
3132
3147
3120
3160
3153
3143
3162
3109
3166
3136
3162
3155
3115
3162
3133
3152
3151
3127
3160
3136
3143
3157
3117
3168
3126
3147
3160
3123
3170
3138
3151
3159
3127
3166
3131
3149
3154
3134
3165
3123
3155
3158
3133
3156
3114
3167
3151
3137
3153
3123
3155
3152
3139
3164
3110
3157
3147
3142
3163
3113
3150
3136
3148
3157
3104
3157
3148
3143
3158
3110
3168
3143
3145
3147
3126
3157
3140
3144
3162
3118
3160
3130
3146
3159
3125
3175
3122
3160
3150
3132
3171
3121
3148
3154
3132
3157
3127
3149
3157
3127
3163
3113
3158
3145
3142
3160
3121
3147
3139
3145
3162
3109
3165
3136
3147
3171
3112
3164
3146
3143
3154
3102
3162
3144
3139
3153
3117
3159
3132
3147
3153
3112
3162
3134
3141
3160
3116
3160
3129
3150
3147
3130
3170
3123
3163
3151
3143
3169
3118
3155
3153
3146
3159
3125
3151
3155
3131
3171
3124
3154
3139
3140
3161
3122
3155
3151
3141
3159
3115
3162
3146
3154
3149
3116
3154
3156
3143
3163
3114
3159
3133
3145
3156
3117
3158
3137
3150
3159
3110
3158
3133
3154
3147
3120
3159
3130
3161
3156
3130
3161
3129
3144
3160
3127
3169
3125
3160
3150
3124
3166
3139
3151
3150
3135
3162
3124
3144
3155
3138
3171
3116
3154
3148
3137
3166
3113
3169
3139
3136
3165
3116
3162
3146
3138
3162
3111
3154
3158
3140
3160
3103
3150
3154
3146
3152
3126
3164
3142
3144
3150
3124
3166
3136
3141
3162
3123
3157
3127
3163
3149
3117
3165
3123
3154
3151
3134
3164
3130
3143
3157
3131
3158
3113
3140
3153
3136
3165
3119
3159
3144
3129
3160
3111
3162
3141
3137
3166
3112
3159
3143
3154
3156
3115
3153
3156
3135
3169
3111
3156
3133
3140
3155
3115
3165
3132
3143
3162
3113
3171
3135
3143
3163
3122
3160
3126
3144
3148
3138
3158
3130
3142
3148
3122
3177
3121
3145
3155
3125
3166
3119
3155
3146
3126
3167
3115
3147
3152
3144
3162
3109
3154
3141
3144
3158
3112
3160
3139
3152
3153
3117
3158
3150
3135
3168
3106
3161
3140
3150
3154
3105
3161
3132
3139
3162
3118
3155
3141
3143
3150
3124
3159
3129
3151
3166
3117
3174
3125
3163
3151
3125
3162
3123
3154
3153
3134
3169
3129
3145
3145
3137
3163
3115
3158
3140
3131
3166
3120
3162
3152
3138
3153
3126
3157
3143
3143
3162
3116
3151
3146
3139
3172
3108
3164
3145
3142
3160
3113
3155
3136
3148
3148
3123
3154
3133
3152
3154
3129
3159
3134
3144
3155
3117
3164
3128
3145
3150
3130
3169
3131
3140
3146
3131
3163
3117
3163
3151
3135
3164
3126
3148
3159
3132
3165
3114
3164
3142
3141
3165
3122
3153
3145
3138
3154
3111
3160
3139
3147
3163
3110
3165
3151
3139
3160
3112
3171
3138
3140
3163
3111
3163
3132
3137
3159
3111
3166
3135
3159
3154
3116
3168
3144
3149
3157
3123
3169
3123
3147
3159
3123
3165
3120
3150
3149
3139
3161
3136
3146
3156
3138
3161
3128
3154
3150
3139
3160
3125
3153
3163
3138
3156
3115
3153
3140
3145
3163
3118
3159
3148
3141
3166
3112
3170
3139
3137
3161
3106
3166
3148
3147
3162
3116
3153
3142
3147
3162
3114
3167
3131
3157
3152
3121
3177
3121
3152
3152
3141
3165
3121
3158
3152
3132
3159
3118
3146
3150
3138
3163
3135
3147
3162
3134
3165
3122
3152
3141
3136
3166
3116
3168
3155
3135
3149
3116
3160
3148
3137
3163
3110
3152
3150
3145
3155
3105
3154
3137
3152
3151
3130
3160
3136
3138
3149
3124
3162
3138
3155
3158
3127
3155
3135
3155
3153
3130
3167
3125
3146
3150
3137
3169
3120
3159
3159
3139
3163
3128
3150
3148
3141
3158
3128
3154
3145
3132
3164
3112
3160
3145
3147
3166
3115
3148
3145
3140
3155
3129
3158
3149
3148
3160
3114
3166
3140
3148
3149
3117
3161
3138
3153
3164
3114
3155
3137
3151
3162
3122
3157
3139
3149
3151
3133
3166
3125
3154
3152
3143
3168
3129
3147
3161
3131
3157
3126
3148
3152
3132
3172
3123
3147
3154
3140
3160
3127
3156
3140
3136
3167
3113
3158
3156
3137
3160
3115
3156
3143
3153
3157
3110
3173
3141
3153
3163
3121
3153
3140
3145
3152
3126
3161
3136
3155
3158
3125
3168
3143
3156
3153
3141
3163
3140
3152
3167
3132
3178
3130
3157
3155
3149
3172
3138
3152
3160
3136
3163
3133
3164
3161
3152
3167
3129
3170
3155
3156
3165
3139
3168
3163
3151
3173
3138
3171
3153
3160
3172
3137
3174
3165
3167
3174
3145
3177
3175
3167
3178
3142
3181
3167
3174
3175
3150
3188
3157
3174
3179
3157
3191
3154
3186
3179
3160
3205
3157
3188
3186
3160
3198
3154
3174
3193
3163
3188
3163
3186
3183
3169
3192
3156
3186
3170
3176
3182
3146
3188
3173
3159
3187
3146
3174
3172
3168
3181
3125
3177
3161
3158
3172
3138
3171
3158
3165
3168
3136
3173
3153
3155
3169
3123
3175
3147
3155
3175
3128
3160
3144
3158
3167
3135
3163
3140
3152
3165
3135
3173
3130
3154
3157
3131
3180
3123
3161
3152
3129
3164
3123
3153
3159
3139
3161
3126
3159
3146
3150
3164
3112
3157
3153
3142
3165
3115
3170
3137
3148
3153
3116
3167
3145
3143
3167
3111
3155
3150
3147
3174
3120
3158
3143
3148
3162
3118
3170
3131
3152
3152
3118
3173
3137
3157
3157
3122
3170
3130
3147
3152
3135
3162
3130
3150
3160
3134
3170
3132
3147
3151
3140
3159
3116
3160
3158
3132
3157
3125
3160
3143
3143
3156
3122
3156
3152
3144
3171
3123
3155
3152
3140
3168
3111
3169
3141
3156
3155
3111
3175
3137
3141
3148
3123
3162
3138
3146
3166
3117
3156
3133
3150
3161
3128
3169
3125
3163
3153
3132
3161
3142
3147
3152
3128
3173
3118
3149
3151
3138
3156
3124
3151
3151
3142
3168
3117
3154
3146
3143
3169
3117
3164
3139
3144
3162
