2399,5000
3059
3119
2997
3132
3020
3072
3103
3008
3128
3029
3063
3097
3011
3136
3021
3080
3086
3012
3135
3006
3096
3084
3026
3127
3002
3085
3085
3037
3134
2988
3101
3064
3052
3130
2985
3113
3064
3032
3134
2992
3120
3063
3046
3120
2989
3120
3064
3052
3122
2979
3123
3030
3065
3113
3006
3125
3038
3060
3112
3003
3129
3035
3060
3115
3011
3134
3017
3079
3092
3029
3127
3022
3079
3084
3017
3139
3007
3094
3079
3033
3128
3007
3092
3066
3033
3136
2984
3111
3074
3038
3117
2980
3114
3062
3061
3121
2978
3120
3054
3045
3124
2989
3110
3052
3053
3119
2990
3131
3034
3063
3105
3002
3125
3039
3062
3119
3006
3127
3034
3064
3110
3015
3122
3015
3067
3099
3017
3140
3010
3091
3079
3023
3129
3008
3096
3080
3036
3125
3013
3105
3074
3052
3125
3001
3097
3084
3037
3120
3008
3113
3077
3030
3117
2997
3113
3050
3055
3119
2979
3124
3048
3067
3108
2988
3129
3032
3066
3128
3008
3129
3018
3057
3110
3000
3138
3021
3076
3105
3010
3133
3023
3081
3094
3027
3130
3013
3081
3084
3043
3122
3001
3089
3087
3027
3134
2985
3112
3068
3036
3125
2994
3105
3072
3036
3129
2980
3106
3074
3044
3120
2988
3107
3071
3054
3130
2994
3125
3047
3046
3122
2994
3131
3031
3065
3103
3007
3129
3035
3062
3108
2998
3138
3014
3075
3098
3015
3136
3020
3073
3103
3018
3138
3002
3077
3091
3016
3135
3005
3111
3081
3014
3120
3010
3095
3087
3038
3131
2979
3116
3061
3050
3124
2977
3122
3059
3040
3129
2988
3124
3046
3044
3117
2988
3132
3040
3065
3112
3004
3121
3049
3058
3119
2996
3140
3032
3068
3108
3004
3139
3009
3079
3088
3019
3130
3029
3074
3099
3015
3127
3011
3082
3094
3016
3132
2996
3100
3077
3037
3129
2990
3101
3080
3034
3130
2987
3110
3074
3039
3115
2993
3115
3068
3042
3121
2984
3113
3043
3065
3113
2997
3113
3051
3056
3116
3000
3120
3037
3062
3096
3003
3137
3028
3068
3092
3030
3133
3012
3090
3098
3006
3122
3008
3080
3094
3022
3137
3000
3098
3074
3034
3128
3010
3094
3065
3036
3128
2987
3113
3070
3034
3121
2976
3104
3070
3052
3118
3001
3113
3062
3046
3133
2996
3115
3038
3067
3111
3009
3134
3038
3072
3101
3002
3125
3036
3065
3102
3015
3129
3013
3082
3099
3022
3131
3015
3075
3103
3012
3142
3006
3085
3076
3010
3139
3000
3095
3081
3022
3133
2992
3105
3074
3043
3126
2975
3110
3065
3048
3128
2986
3111
3054
3044
3111
2994
3111
3061
3052
3129
2985
3124
3043
3055
3115
3007
3116
3041
3060
3121
3006
3117
3036
3055
3121
3006
3128
3029
3071
3106
3006
3137
3017
3085
3086
3019
3144
3007
3087
3098
3022
3129
3002
3084
3085
3026
3132
2999
3106
3076
3037
3124
2996
3112
3057
3042
3121
3001
3105
3075
3044
3122
2974
3125
3061
3051
3112
2997
3119
3048
3052
3120
2995
3137
3032
3062
3102
3007
3130
3026
3082
3094
3007
3124
3026
3078
3098
3031
3127
3019
3072
3100
3017
3138
2997
3097
3090
3023
3134
2999
3105
3086
3021
3129
2991
3106
3073
3026
3133
2979
3112
3078
3046
3119
3000
3108
3067
3047
3122
2991
3122
3046
3049
3117
2985
3116
3052
3054
3128
2987
3127
3034
3072
3111
3004
3122
3031
3062
3108
3016
3137
3020
3062
3102
3026
3138
3009
3085
3090
3015
3124
3012
3079
3094
3018
3119
3004
3096
3079
3040
3125
2995
3096
3074
3030
3137
2987
3111
3066
3033
3125
2982
3120
3058
3051
3111
2997
3112
3056
3058
3124
2989
3118
3044
3054
3127
3000
3119
3040
3062
3098
3004
3142
3028
3071
3095
3003
3135
3020
3067
3115
3005
3134
2996
3083
3094
3019
3137
3004
3092
3079
3020
3134
3002
3098
3072
3030
3134
2987
3110
3070
3043
3117
2986
3106
3077
3040
3115
2991
3111
3060
3040
3131
2983
3119
3044
3062
3110
2999
3123
3050
3052
3112
2991
3127
3025
3080
3107
3025
3125
3028
3062
3107
3016
3126
3019
3068
3102
3018
3139
3014
3081
3079
3007
3126
3010
3090
3087
3030
3123
3000
3090
3087
3029
3130
2982
3112
3065
3041
3124
2978
3119
3052
3047
3124
2983
3119
3075
3050
3119
2991
3116
3058
3048
3115
2979
3127
3033
3062
3106
3020
3125
3033
3054
3109
3010
3138
3019
3075
3107
3007
3137
3017
3087
3085
3012
3134
3008
3089
3088
3033
3121
3003
3080
3074
3022
3134
2996
3091
3091
3023
3131
2990
3097
3063
3040
3121
2988
3099
3075
3042
3122
2976
3121
3047
3057
3114
2998
3116
3039
3059
3111
2992
3130
3027
3072
3104
3016
3121
3037
3063
3109
3001
3130
3017
3086
3108
3010
3125
3033
3064
3101
3013
3144
3002
3079
3091
3013
3128
3010
3091
3067
3038
3118
3007
3090
3079
3032
3134
3002
3096
3076
3042
3126
2998
3113
3060
3049
3115
2981
3126
3048
3061
3109
2992
3122
3039
3063
3119
2985
3134
3029
3079
3113
2998
3116
3034
3060
3112
3007
3144
3014
3059
3102
3017
3131
3007
3079
3101
3023
3125
3018
3093
3084
3022
3124
3007
3088
3082
3038
3125
2996
3088
3086
3030
3129
2986
3118
3062
3045
3120
2990
3104
3072
3039
3119
2983
3120
3049
3060
3116
2977
3118
3043
3061
3113
3002
3124
3042
3061
3114
3001
3124
3048
3054
3108
3004
3137
3016
3089
3108
3003
3137
3019
3071
3106
3019
3136
3007
3074
3094
3021
3135
3008
3086
3083
3027
3121
2987
3107
3077
3034
3119
3000
3096
3079
3039
3128
2981
3117
3054
3052
3118
2996
3109
3059
3048
3128
2989
3126
3047
3059
3105
2980
3134
3035
3080
3119
2998
3140
3024
3060
3112
3015
3121
3010
3084
3093
3018
3137
3016
3075
3088
3019
3135
3009
3091
3085
3032
3128
3005
3094
3088
3027
3118
3004
3096
3063
3045
3129
2999
3094
3081
3036
3130
2981
3112
3061
3061
3112
2991
3114
3060
3044
3117
2990
3111
3050
3054
3119
3002
3118
3035
3053
3112
3016
3127
3031
3070
3108
3012
3130
3016
3079
3093
3013
3132
3013
3082
3096
3025
3125
3020
3077
3078
3029
3129
3006
3095
3071
3031
3131
2995
3106
3065
3021
3127
2993
3097
3066
3047
3122
2978
3111
3055
3054
3116
2993
3115
3046
3065
3111
3000
3115
3058
3044
3120
2991
3123
3042
3066
3099
3004
3119
3034
3063
3118
3004
3137
3017
3075
3107
3014
3140
3004
3089
3092
3012
3130
3022
3086
3075
3013
3127
2992
3103
3086
3021
3135
2991
3098
3085
3031
3132
2984
3097
3074
3046
3122
2992
3107
3066
3034
3121
2989
3110
3063
3051
3121
2981
3113
3054
3065
3116
2998
3117
3042
3055
3116
3003
3125
3027
3051
3105
3005
3137
3019
3076
3098
3027
3123
3031
3074
3110
3008
3135
3003
3074
3096
3018
3138
2996
3101
3076
3027
3132
3000
3102
3082
3033
3128
2993
3109
3089
3029
3122
2984
3102
3064
3052
3124
2987
3101
3065
3050
3122
2989
3130
3050
3062
3116
2995
3138
3032
3066
3104
2995
3134
3023
3078
3111
3004
3121
3021
3065
3116
3012
3139
3010
3079
3099
3015
3139
3006
3086
3083
3029
3127
3010
3092
3090
3014
3136
2986
3105
3079
3034
3129
2994
3098
3086
3046
3124
3008
3111
3054
3049
3123
2989
3112
3054
3055
3108
2989
3125
3047
3066
3117
3002
3120
3041
3061
3116
3011
3124
3031
3063
3100
3011
3129
3033
3062
3104
3007
3137
3013
3084
3092
3024
3129
3021
3076
3104
3019
3133
2999
3086
3099
3022
3145
3006
3092
3077
3033
3126
2980
3114
3068
3045
3124
2975
3126
3075
3046
3125
2979
3123
3051
3048
3125
2991
3130
3034
3068
3109
3004
3120
3045
3062
3115
2999
3126
3039
3066
3109
3003
3137
3018
3077
3101
3034
3133
3014
3076
3093
3021
3144
3006
3082
3094
3020
3135
2996
3102
3087
3019
3141
2995
3111
3074
3051
3128
2984
3111
3071
3046
3116
2992
3105
3070
3043
3125
2987
3121
3053
3060
3112
2981
3126
3060
3069
3114
2981
3133
3044
3063
3114
2993
3141
3020
3072
3102
3029
3129
3022
3061
3111
3026
3129
3024
3078
3097
3011
3133
3007
3092
3087
3041
3132
3007
3094
3080
3035
3130
2996
3101
3074
3040
3122
2999
3103
3080
3025
3111
2979
3110
3070
3038
3118
3006
3107
3066
3050
3132
2989
3121
3046
3073
3108
3008
3124
3026
3061
3106
3008
3126
3038
3064
3115
3003
3138
3026
3072
3114
3013
3121
3020
3076
3102
3023
3138
3004
3071
3090
3024
3137
3004
3105
3078
3022
3134
2995
3109
3074
3031
3126
2995
3102
3082
3048
3125
2989
3104
3064
3037
3125
2994
3115
3064
3052
3119
3000
3121
3055
3053
3106
2999
3123
3042
3068
3108
3005
3121
3027
3068
3099
3006
3144
3017
3076
3094
3011
3138
3019
3085
3086
3029
3129
3013
3084
3104
3015
3120
3006
3087
3084
3034
3128
2987
3108
3073
3040
3122
2984
3108
3069
3038
3136
2990
3111
3074
3042
3120
2980
3118
3055
3048
3112
2999
3117
3047
3062
3121
2997
3114
3048
3057
3109
3009
3129
3041
3057
3106
3007
3124
3031
3068
3107
3013
3137
3007
3075
3104
3018
3124
3008
3091
3086
3027
3132
3011
3084
3078
3028
3127
3000
3092
3086
3030
3133
2979
3111
3069
3050
3118
2988
3107
3083
3038
3128
2984
3115
3058
3042
3115
2998
3119
3053
3057
3118
2994
3137
3058
3059
3114
2992
3127
3030
3059
3115
3010
3133
3035
3058
3114
3009
3140
3009
3081
3092
3023
3131
3017
3077
3093
3013
3137
2999
3098
3083
3023
3134
2992
3091
3066
3033
3131
2989
3120
3075
3036
3130
2982
3116
3067
3050
3117
2991
3107
3062
3048
3120
2982
3120
3046
3075
3109
3010
3131
3039
3065
3111
2996
3134
3024
3054
3112
3006
3143
3023
3077
3097
3011
3130
3007
3086
3087
3025
3144
3001
3085
3086
3031
3130
3017
3079
3084
3021
3134
2995
3096
3077
3028
3117
3006
3117
3066
3057
3117
2992
3106
3070
3062
3118
2990
3106
3062
3043
3122
2994
3115
3048
3048
3111
2999
3130
3035
3076
3110
3015
3118
3043
3061
3103
3009
3127
3024
3071
3103
3016
3131
3006
3077
3086
3025
3130
3018
3079
3096
3018
3138
3011
3098
3081
3026
3129
2995
3102
3072
3050
3123
2991
3098
3083
3040
3123
2995
3106
3059
3061
3118
2981
3129
3058
3054
3119
2988
3124
3039
3064
3110
2995
3115
3038
3058
3115
3002
3134
3034
3066
3115
3001
3136
3024
3068
3098
3022
3133
3030
3068
3100
3021
3123
3019
3080
3094
3036
3128
3013
3094
3071
3033
3131
3007
3092
3063
3027
3132
2985
3118
3066
3040
3112
2981
3108
3058
3061
3115
2994
3106
3063
3048
3124
2985
3126
3049
3063
3111
2984
3136
3041
3065
3102
2986
3139
3024
3058
3123
3020
3127
3023
3068
3108
3017
3136
3010
3078
3095
3008
3146
3016
3089
3081
3024
3126
3013
3102
3088
3034
3124
2987
3099
3082
3026
3136
2987
3102
3075
3032
3131
3000
3104
3067
3033
3124
2986
3116
3055
3055
3121
2987
3112
3058
3053
3123
3004
3119
3031
3059
3117
3007
3122
3018
3065
3101
3013
3125
3032
3073
3095
3025
3125
3012
3089
3091
3017
3129
3015
3078
3084
3026
3130
2998
3088
3078
3042
3127
3006
3088
3089
3028
3122
3001
3099
3058
3050
3115
2989
3105
3072
3046
3120
2984
3111
3057
3042
3122
2990
3127
3049
3044
3119
2990
3129
3039
3058
3114
3000
3124
3026
3073
3099
2998
3128
3019
3085
3106
3010
3131
3027
3075
3101
3015
3137
3005
3092
3104
3012
3132
3013
3087
3071
3025
3123
3004
3093
3082
3029
3130
2988
3103
3068
3045
3123
2983
3106
3055
3049
3116
3006
3112
3060
3041
3117
2985
3122
3050
3061
3112
2994
3124
3037
3078
3107
2999
3117
3036
3062
3108
3005
3124
3025
3055
3114
3000
3136
3013
3078
3094
3019
3124
3027
3076
3099
3013
3130
3012
3079
3088
3043
3131
2984
3104
3064
3034
3126
2993
3106
3070
3051
3116
2995
3104
3075
3034
3131
3001
3102
3074
3044
3125
2974
3115
3049
3062
3115
2998
3124
3046
3064
3114
2998
3126
3039
3060
3108
3015
3125
3031
3068
3099
3010
3130
3015
3068
3107
3015
3142
3015
3073
3088
3009
3138
3005
3085
3074
3029
3134
3000
3100
3078
3038
3117
2993
3104
3068
3046
3126
2979
3103
3080
3037
3127
2979
3112
3058
3053
3114
2994
3118
3052
3051
3114
2987
3119
3053
3057
3121
2992
3133
3027
3069
3109
3004
3139
3027
3071
3103
3014
3144
3016
3073
3087
3023
3126
3008
3091
3093
3024
3126
3014
3081
3095
3027
3120
3002
3081
3082
3031
3133
2997
3108
3076
3026
3136
2985
3114
3065
3034
3131
2984
3113
3067
3047
3120
2981
3121
3051
3056
3120
3006
3111
3052
3061
3115
2996
3120
3042
3067
3114
3006
3123
3048
3064
3117
3003
3125
3026
3075
3101
3022
3126
3016
3064
3103
3014
3135
3013
3073
3103
3017
3137
3001
3104
3071
3028
3126
2997
3096
3082
3042
3119
2991
3094
3075
3037
3135
2978
3114
3068
3047
3119
2994
3116
3060
3044
3119
2979
3127
3049
3065
3106
2990
3109
3044
3057
3118
2996
3130
3044
3057
3114
3008
3128
3028
3060
3112
3014
3131
3018
3081
3091
3001
3132
3005
3093
3088
3026
3125
3019
3079
3089
3044
3132
2988
3098
3077
3036
3123
2999
3102
3074
3030
3123
2979
3106
3073
3050
3119
2978
3121
3057
3066
3115
2991
3113
3042
3067
3112
2997
3121
3042
3045
3114
2992
3132
3031
3074
3103
3009
3130
3027
3079
3103
3021
3126
3034
3070
3107
3020
3136
3011
3064
3094
3016
3144
3015
3083
3093
3023
3133
3003
3098
3087
3030
3128
2982
3116
3064
3032
3139
2982
3108
3057
3036
3136
2980
3115
3062
3066
3117
2983
3124
3051
3068
3118
2986
3113
3052
3064
3121
2990
3126
3026
3078
3105
3012
3122
3034
3076
3100
3028
3132
3042
3061
3096
3021
3129
3021
3076
3104
3012
3131
3005
3090
3086
3031
3130
3014
3086
3085
3033
3132
3003
3095
3086
3030
3136
2980
3119
3065
3046
3110
2988
3110
3071
3047
3124
2985
3119
3048
3061
3114
2992
3119
3039
3064
3113
3000
3129
3033
3064
3108
3003
3125
3035
3067
3114
3009
3135
3014
3077
3104
3022
3131
3017
3080
3097
3014
3141
3006
3086
3101
3020
3137
3001
3099
3085
3023
3142
2989
3114
3074
3052
3126
2979
3110
3067
3058
3121
2993
3099
3063
3041
3126
2986
3125
3055
3060
3116
2999
3120
3060
3061
3114
3000
3120
3036
3069
3115
2995
3118
3029
3053
3114
3008
3137
3023
3064
3108
3010
3140
3037
3073
3103
3011
3129
3029
3078
3099
3029
3136
2997
3101
3084
3034
3133
3008
3103
3084
3032
3134
2997
3121
3065
3051
3125
2995
3109
3078
3046
3129
2987
3109
3054
3060
3119
2992
3124
3050
3068
3115
3005
3125
3035
3063
3119
3003
3122
3055
3067
3113
3000
3136
3024
3089
3123
3021
3137
3035
3081
3105
3029
3135
3020
3078
3101
3016
3128
3021
3089
3094
3022
3139
3000
3105
3083
3043
3135
3007
3102
3072
3041
3127
3008
3109
3083
3049
3122
3003
3121
3059
3057
3118
3001
3132
3059
3071
3122
3008
3125
3050
3074
3129
3009
3132
3043
3070
3122
3015
3140
3034
3080
3108
3019
3144
3029
3090
3118
3023
3144
3034
3086
3117
3031
3145
3025
3105
3102
3052
3143
3037
3103
3104
3043
3155
3033
3116
3102
3063
3144
3028
3122
3101
3068
3138
3021
3127
3099
3072
3145
3015
3124
3089
3075
3141
3022
3147
3073
3089
3128
3029
3141
3075
3080
3132
3023
3146
3055
3095
3126
3030
3143
3034
3090
3124
3048
3144
3030
3094
3109
3025
3146
3028
3105
3092
3043
3136
3023
3105
3101
3040
3132
3011
3102
3090
3050
3133
3012
3109
3073
3051
3130
3006
3109
3065
3056
3124
3001
3113
3084
3047
3129
2991
3124
3057
3069
3119
3005
3124
3049
3073
3117
3020
3121
3042
3065
3117
3009
3135
3039
3069
3095
2999
3130
3033
3070
3111
3015
3146
3022
3078
3093
3042
3131
3024
3087
3104
3024
3139
3013
3083
3083
3025
3126
3006
3101
3068
3043
3127
2993
3108
3081
3045
3128
2978
3126
3064
3058
3121
2999
3108
3057
3049
3125
2989
3113
3055
3068
3116
2997
3125
3049
3068
3118
3002
3119
3045
3061
3118
3018
3124
3027
3066
3095
3020
3135
3019
3084
3092
3025
3127
3007
3097
3086
3025
3127
3023
3083
3082
3034
3131
2989
3096
3078
3040
3126
3011
3099
3076
3033
3130
2984
3115
3058
3038
3114
3000
3110
3071
3051
3107
2989
3110
3056
3055
3128
2985
3127
3042
3065
3111
3018
3124
3039
3056
3117
2995
3133
3030
3075
3099
3008
3127
3021
3075
3099
3021
3130
3020
3070
3111
3023
3127
3011
3080
3090
3015
3140
2998
3108
3072
3029
3119
3011
3094
3084
3036
3129
2988
3109
3067
3058
3119
2989
3101
3067
