2069,5000
3112
2998
3137
3022
3072
3100
3002
3142
3022
3061
3111
3010
3125
3025
3076
3105
3012
3135
3008
3076
3097
3028
3132
3008
3086
3084
3029
3135
3001
3102
3081
3040
3124
3007
3104
3082
3036
3126
2985
3117
3062
3067
3127
2991
3107
3058
3050
3124
2984
3133
3056
3051
3108
3004
3131
3041
3068
3111
3009
3125
3036
3069
3114
3009
3123
3024
3063
3111
3018
3133
3022
3073
3101
3023
3139
3013
3091
3082
3016
3137
3001
3098
3088
3027
3118
2999
3096
3072
3040
3128
2997
3096
3078
3037
3131
2994
3105
3071
3044
3124
2996
3110
3078
3041
3121
2982
3116
3057
3047
3125
2989
3129
3034
3075
3111
3012
3122
3031
3067
3108
3014
3130
3036
3056
3105
3002
3136
3013
3068
3107
3015
3125
3013
3083
3094
3027
3132
3005
3084
3088
3023
3126
3007
3084
3079
3024
3129
2993
3099
3078
3040
3136
2982
3102
3078
3037
3125
2978
3106
3077
3039
3128
2989
3119
3041
3064
3110
3002
3120
3060
3057
3118
2993
3136
3032
3057
3110
2991
3132
3024
3080
3103
3013
3123
3018
3063
3107
3010
3129
3021
3077
3100
3012
3143
3006
3102
3075
3036
3125
3001
3083
3088
3031
3118
3003
3094
3078
3026
3128
2991
3112
3065
3043
3129
2995
3110
3063
3032
3132
2983
3119
3055
3060
3111
2991
3115
3038
3061
3119
3001
3119
3043
3057
3115
3004
3135
3018
3065
3104
3020
3130
3038
3065
3106
3001
3131
3013
3065
3105
3011
3145
3013
3077
3096
3023
3126
3006
3082
3096
3020
3131
2998
3095
3080
3023
3115
2993
3104
3074
3046
3119
2976
3112
3066
3062
3118
2998
3108
3060
3046
3120
3005
3121
3052
3045
3118
2988
3123
3045
3057
3118
2997
3132
3027
3072
3113
2992
3125
3026
3066
3109
3015
3137
3029
3058
3095
3023
3134
3013
3082
3093
3026
3128
3008
3095
3083
3029
3125
3001
3088
3094
3031
3129
2987
3100
3068
3042
3120
2996
3119
3075
3048
3116
2999
3110
3069
3044
3107
2992
3116
3060
3056
3113
2998
3107
3036
3057
3115
2994
3127
3035
3062
3108
3013
3126
3036
3049
3114
3003
3131
3019
3071
3113
3004
3118
3021
3067
3097
3026
3123
3022
3092
3095
3022
3125
3016
3080
3089
3024
3132
2991
3101
3081
3022
3114
2990
3107
3073
3037
3116
2992
3112
3066
3047
3126
2999
3117
3061
3047
3124
2997
3124
3051
3042
3119
3000
3126
3039
3051
3108
3012
3125
3022
3071
3110
3009
3119
3028
3064
3110
3020
3131
3030
3064
3101
3007
3142
3014
3088
3098
3029
3141
2998
3095
3103
3026
3131
2990
3090
3088
3028
3140
2996
3104
3070
3046
3117
3009
3103
3073
3048
3122
2990
3118
3061
3071
3117
2996
3116
3042
3060
3118
2998
3131
3052
3044
3122
3004
3128
3055
3057
3126
3009
3134
3029
3059
3108
3007
3139
3015
3080
3108
3011
3128
3010
3079
3097
3014
3134
3010
3081
3096
3024
3134
3000
3101
3077
3031
3124
3002
3098
3087
3037
3124
2991
3094
3083
3034
3132
2990
3105
3068
3049
3134
2998
3122
3046
3052
3120
3004
3123
3055
3054
3115
3002
3129
3046
3058
3114
3009
3129
3029
3067
3113
3010
3137
3015
3065
3100
3016
3126
3027
3089
3090
3015
3139
2999
3099
3081
3039
3135
2994
3093
3084
3035
3135
2983
3108
3068
3032
3130
2988
3108
3071
3041
3131
2981
3123
3057
3063
3117
2999
3112
3058
3060
3124
2993
3127
3038
3069
3119
2995
3136
3023
3053
3111
3003
3144
3021
3073
3109
3013
3124
3029
3081
3105
3017
3130
3018
3081
3107
3020
3140
2997
3092
3091
3027
3138
3003
3092
3084
3029
3131
2993
3112
3072
3051
3121
2992
3107
3059
3065
3127
2985
3105
3045
3060
3123
2982
3125
3049
3064
3112
2995
3128
3044
3070
3126
2994
3132
3029
3076
3108
3008
3126
3039
3074
3103
3019
3129
3021
3078
3093
3022
3133
3021
3077
3081
3035
3126
3011
3091
3090
3013
3129
2990
3088
3090
3033
3127
2996
3095
3076
3034
3120
2992
3102
3067
3033
3125
2991
3112
3082
3036
3117
2978
3121
3051
3058
3107
3001
3116
3048
3056
3109
3006
3121
3037
3060
3115
3002
3125
3045
3054
3095
2998
3135
3017
3078
3104
3016
3139
3016
3089
3095
3020
3133
3000
3081
3075
3029
3127
3009
3091
3076
3028
3131
3013
3096
3073
3028
3130
2979
3104
3079
3039
3112
2988
3107
3067
3042
3118
2996
3113
3040
3041
3120
2989
3118
3054
3051
3119
2991
3128
3046
3064
3098
3004
3125
3032
3071
3107
3015
3135
3010
3057
3104
3033
3136
3014
3081
3085
3020
3131
3017
3081
3090
3017
3123
3019
3089
3089
3040
3126
2978
3083
3082
3031
3132
2987
3108
3068
3028
3130
2982
3123
3055
3042
3120
2978
3107
3064
3048
3128
2975
3117
3045
3061
3110
3009
3118
3049
3056
3103
3007
3128
3029
3056
3111
3000
3135
3022
3075
3096
2996
3139
3012
3065
3103
3013
3134
2997
3084
3091
3028
3126
2993
3078
3085
3027
3133
2994
3105
3066
3033
3112
2990
3102
3078
3034
3133
2978
3114
3066
3065
3114
3000
3112
3057
3040
3120
2985
3114
3040
3057
3103
3001
3124
3041
3058
3115
2998
3116
3034
3069
3113
3000
3129
3017
3072
3096
3018
3127
3025
3061
3095
3027
3130
3003
3086
3086
3024
3125
3010
3090
3073
3037
3120
2984
3107
3067
3047
3123
2975
3093
3067
3040
3126
2994
3103
3077
3041
3119
2992
3110
3067
3041
3126
2988
3118
3045
3061
3114
2992
3107
3035
3057
3103
3007
3122
3040
3067
3104
2996
3129
3027
3059
3102
3006
3133
3024
3067
3092
3028
3122
3011
3078
3095
3018
3124
3010
3085
3074
3030
3129
3006
3091
3076
3025
3131
2983
3115
3069
3038
3117
2966
3109
3063
3035
3124
2981
3120
3053
3061
3119
2993
3115
3051
3047
3107
2997
3125
3047
3051
3109
2995
3135
3024
3069
3107
3011
3124
3030
3061
3109
3008
3138
3008
3062
3111
3016
3124
3022
3077
3092
3017
3133
3009
3087
3091
3022
3133
2990
3087
3095
3029
3127
2982
3114
3073
3038
3138
2988
3114
3056
3053
3133
2989
3112
3052
3054
3112
2991
3115
3059
3051
3120
2990
3119
3033
3054
3106
3010
3117
3026
3062
3108
3013
3127
3028
3066
3108
3001
3127
3028
3068
3088
3026
3122
3026
3081
3092
3035
3126
2989
3095
3075
3040
3130
3004
3096
3075
3029
3127
2985
3109
3062
3024
3119
2988
3103
3076
3039
3122
2978
3114
3052
3052
3121
2991
3116
3056
3048
3117
2990
3127
3032
3060
3108
3003
3122
3038
3056
3109
2995
3116
3016
3060
3109
3016
3135
3012
3085
3093
3022
3131
3013
3069
3093
3020
3132
3011
3078
3085
3017
3133
3000
3088
3092
3029
3139
2982
3103
3067
3055
3130
2972
3105
3056
3033
3125
2984
3119
3056
3032
3118
2985
3111
3045
3064
3111
3004
3118
3035
3069
3119
2990
3115
3033
3055
3114
3000
3135
3017
3075
3094
3026
3126
3022
3073
3103
3013
3123
3004
3088
3087
3021
3122
3009
3084
3089
3024
3139
2988
3090
3076
3024
3131
2986
3098
3079
3030
3128
2981
3114
3065
3043
3113
2976
3115
3059
3043
3124
2985
3116
3039
3064
3117
2995
3121
3033
3063
3111
3005
3123
3047
3051
3117
2994
3135
3015
3076
3099
3009
3127
3004
3086
3101
3013
3125
3014
3074
3077
3030
3127
3011
3080
3081
3023
3129
3012
3090
3081
3023
3126
2976
3098
3072
3039
3114
2991
3103
3064
3046
3119
2994
3103
3070
3051
3122
2980
3122
3047
3061
3110
2989
3120
3042
3066
3103
2997
3131
3024
3079
3106
2999
3129
3023
3068
3096
3013
3136
3014
3063
3107
3018
3125
3003
3085
3088
3014
3140
2994
3096
3084
3020
3129
2986
3110
3079
3042
3131
3003
3097
3066
3031
3126
2978
3123
3068
3036
3129
2980
3108
3065
3049
3119
2979
3128
3046
3064
3110
3003
3113
3033
3054
3114
3001
3125
3046
3061
3113
2999
3138
3022
3061
3089
3013
3127
3007
3079
3098
3026
3124
3015
3073
3092
3020
3123
3008
3089
3087
3017
3131
3003
3104
3070
3031
3125
2981
3117
3076
3043
3121
2976
3116
3059
3049
3113
2982
3118
3068
3044
3120
2994
3121
3051
3060
3105
2998
3113
3044
3070
3101
3001
3127
3023
3081
3098
3015
3129
3035
3064
3103
3015
3124
3016
3068
3097
3007
3135
3022
3089
3081
3020
3115
3012
3098
3076
3041
3125
3007
3088
3082
3036
3130
2977
3094
3075
3033
3126
2983
3103
3065
3037
3120
2976
3121
3049
3055
3118
2993
3121
3042
3065
3117
3003
3126
3032
3068
3108
3008
3124
3026
3053
3113
3000
3139
3013
3077
3097
3012
3122
3020
3079
3096
3020
3122
3022
3093
3079
3033
3127
3005
3104
3075
3034
3124
3000
3100
3077
3036
3117
3001
3102
3075
3044
3119
2991
3107
3076
3043
3124
2980
3106
3048
3057
3113
3001
3114
3050
3052
3119
2990
3136
3031
3061
3107
3004
3133
3021
3065
3102
3011
3125
3003
3073
3103
3016
3125
3004
3094
3085
3026
3132
3017
3076
3088
3030
3127
3005
3090
3070
3018
3136
2979
3099
3065
3053
3137
2995
3101
3071
3048
3121
2982
3114
3047
3055
3112
2986
3122
3057
3056
3107
2992
3125
3041
3077
3113
2990
3130
3027
3071
3105
3019
3121
3025
3065
3110
3008
3139
3018
3075
3087
3016
3127
3018
3081
3097
3021
3133
3008
3087
3077
3036
3123
3010
3087
3079
3033
3123
2988
3114
3069
3023
3132
2986
3115
3061
3052
3114
2990
3113
3070
3049
3117
2993
3123
3044
3063
3115
3013
3113
3049
3056
3115
3000
3121
3039
3062
3119
2996
3136
3026
3077
3093
3016
3126
3034
3066
3103
3021
3131
3010
3072
3092
3021
3133
2994
3098
3077
3023
3134
2995
3091
3079
3023
3133
2979
3109
3066
3038
3124
2980
3110
3064
3059
3119
2992
3117
3051
3053
3122
2991
3114
3034
3069
3111
2996
3125
3043
3056
3111
2991
3123
3031
3058
3112
3017
3131
3038
3064
3094
3032
3134
3017
3074
3095
3020
3130
3013
3089
3075
3023
3122
3007
3096
3075
3021
3131
3000
3094
3065
3043
3123
3001
3100
3070
3046
3119
2991
3113
3065
3046
3119
2977
3127
3056
3065
3111
2997
3116
3049
3063
3118
2992
3113
3037
3053
3105
3000
3136
3020
3069
3105
3025
3135
3012
3078
3097
3020
3127
3030
3079
3088
3022
3123
3023
3084
3076
3033
3128
2989
3096
3076
3031
3120
3008
3102
3079
3030
3127
2983
3116
3070
3032
3123
2983
3116
3058
3059
3118
2988
3103
3049
3055
3107
2999
3117
3036
3065
3116
2995
3121
3042
3059
3109
3001
3134
3022
3075
3105
3012
3126
3020
3066
3102
3028
3131
3020
3076
3106
3014
3137
3006
3084
3084
3016
3133
2996
3102
3077
3032
3126
2983
3106
3069
3050
3123
2988
3100
3068
3040
3115
3006
3102
3046
3055
3115
2979
3132
3050
3057
3103
2976
3125
3038
3066
3111
3005
3124
3025
3074
3106
2999
3129
3028
3061
3114
3005
3138
3014
3067
3093
3003
3140
3014
3071
3098
3017
3136
3000
3087
3076
3026
3130
2993
3103
3068
3036
3127
2984
3103
3064
3038
3121
2994
3116
3067
3056
3111
2990
3113
3065
3061
3108
3003
3114
3040
3060
3124
3002
3116
3029
3062
3104
3005
3127
3026
3074
3100
2998
3136
3021
3064
3103
3003
3135
3015
3065
3103
3014
3133
2999
3067
3093
3025
3135
3003
3084
3093
3025
3122
3007
3098
3072
3022
3130
2982
3113
3086
3033
3123
2975
3112
3067
3053
3117
2992
3113
3061
3045
3123
2989
3128
3037
3066
3108
3011
3122
3030
3073
3108
3001
3121
3045
3076
3100
3015
3130
3011
3068
3103
3017
3126
3015
3068
3098
3016
3126
3024
3078
3086
3013
3131
2995
3088
3076
3037
3123
2992
3101
3070
3035
3132
2979
3114
3068
3031
3126
2980
3117
3060
3043
3124
2984
3120
3048
3047
3120
2988
3110
3049
3060
3118
2995
3126
3029
3056
3118
3001
3125
3033
3066
3097
3024
3127
3035
3064
3111
3012
3121
3015
3070
3100
3009
3131
2995
3089
3080
3034
3126
3000
3084
3064
3035
3125
3001
3096
3085
3031
3114
2990
3115
3065
3032
3123
2981
3122
3060
3054
3116
3000
3115
3044
3058
3112
2999
3115
3046
3057
3109
2991
3130
3032
3063
3100
3008
3125
3025
3060
3109
3006
3122
3017
3069
3090
3023
3126
3007
3083
3084
3038
3132
3016
3080
3079
3019
3135
2989
3110
3074
3043
3114
2989
3099
3086
3031
3137
2988
3098
3055
3061
3114
2980
3114
3055
3055
3111
2984
3121
3048
3056
3108
2978
3135
3032
3069
3111
3018
3119
3031
3067
3114
3000
3131
3015
3076
3095
3027
3133
3010
3075
3086
3008
3134
3009
3088
3086
3030
3125
3006
3092
3075
3044
3127
2994
3103
3070
3024
3132
2988
3105
3068
3040
3120
2990
3108
3054
3045
3125
2976
3119
3056
3062
3115
2976
3131
3052
3057
3119
3005
3114
3037
3052
3104
3006
3127
3022
3062
3110
3001
3135
3020
3081
3101
3009
3125
3025
3069
3097
3025
3129
2995
3082
3085
3017
3135
3002
3097
3087
3025
3135
2991
3105
3064
3027
3129
2984
3115
3063
3057
3113
2987
3102
3070
3047
3126
2984
3120
3048
3054
3112
3005
3123
3045
3055
3104
3013
3124
3030
3081
3106
3000
3114
3031
3068
3098
3016
3131
3026
3065
3109
3015
3136
3014
3078
3095
3010
3137
3002
3080
3099
3018
3130
2995
3108
3076
3039
3132
2997
3102
3065
3044
3124
2973
3107
3065
3029
3126
2984
3116
3058
3058
3113
2979
3119
3059
3049
3120
2990
3125
3037
3054
3118
2992
3127
3034
3068
3106
3025
3135
3022
3066
3105
3002
3137
3014
3085
3095
3022
3123
3013
3085
3093
3021
3125
2999
3093
3081
3021
3135
2999
3093
3075
3036
3128
3004
3098
3071
3028
3115
2991
3102
3078
3035
3129
2975
3116
3055
3059
3114
2991
3106
3053
3052
3122
2988
3134
3043
3064
3105
2996
3121
3029
3070
3109
3004
3129
3027
3063
3111
3005
3123
3023
3077
3090
3025
3128
3004
3087
3082
3029
3136
3013
3086
3072
3033
3124
2992
3113
3076
3034
3115
2980
3109
3068
3057
3125
2992
3122
3061
3053
3120
2996
3109
3068
3045
3108
2996
3116
3055
3052
3110
2990
3116
3044
3055
3119
3000
3120
3034
3065
3115
3008
3134
3015
3076
3111
3012
3133
3037
3070
3096
3011
3136
3010
3089
3087
3018
3135
2995
3100
3081
3047
3119
3000
3095
3080
3031
3123
2998
3103
3069
3035
3126
2983
3104
3071
3049
3123
2981
3121
3054
3063
3120
2988
3112
3053
3055
3122
2999
3115
3036
3072
3104
3010
3129
3034
3063
3119
3001
3137
3030
3077
3096
3015
3132
3022
3075
3101
3020
3139
3002
3096
3080
3032
3129
3011
3091
3075
3036
3125
2992
3098
3089
3048
3120
3008
3102
3082
3047
3123
2985
3113
3066
3061
3118
3001
3121
3065
3053
3125
2995
3131
3041
3069
3114
3000
3131
3044
3077
3110
3020
3123
3036
3065
3104
3028
3134
3045
3068
3116
3025
3141
3016
3087
3097
3034
3133
3026
3096
3106
3027
3140
3009
3113
3092
3053
3141
3019
3108
3084
3074
3146
3002
3130
3094
3065
3142
3014
3127
3092
3070
3140
3015
3141
3077
3091
3135
3030
3144
3079
3105
3140
3023
3150
3065
3087
3132
3028
3151
3045
3094
3112
3039
3147
3041
3100
3112
3049
3139
3046
3095
3114
3032
3143
3021
3106
3094
3053
3137
3014
3098
3093
3046
3137
2993
3117
3081
3051
3128
3001
3124
3069
3063
3116
3000
3117
3061
3076
3122
2994
3120
3048
3065
3111
3004
3133
3049
3055
3103
3012
3129
3042
3056
3115
3005
3138
3028
3071
3102
3014
3127
3005
3079
3098
3024
3129
3019
3081
3089
3039
3133
3005
3104
3092
3025
3126
3012
3098
3086
3028
3129
2980
3100
3079
3040
3118
2991
3108
3055
3045
3126
2988
3105
3061
3049
3111
3006
3118
3060
3051
3121
2981
3126
3042
3077
3108
3007
3127
3019
3075
3108
3003
3134
3012
3083
3097
3029
3135
3022
3076
3092
3016
3131
3015
3080
3092
3022
3131
3002
3096
3081
3034
3121
3008
3103
3068
3038
3137
2985
3094
3068
3030
3125
2986
3114
3064
3058
3113
2991
3109
3077
3045
3121
2982
3129
3042
3058
3116
3008
3118
3026
3072
3114
3023
3135
3030
3074
3108
3011
3132
3028
3069
3106
3005
3143
3011
3081
3097
3039
3125
3000
3086
3087
3013
3133
2997
3104
3081
