2647,10000
727,1466,17135,13710
725,1471,17115,13673
732,1456,17328,13858
732,1453,17270,13881
742,1459,17580,13951
727,1456,17134,13713
736,1463,17406,13784
738,1460,17460,13877
728,1455,17215,13763
737,1446,17447,13896
735,1464,17359,13776
726,1452,17103,13719
742,1467,17520,13891
739,1464,17426,13749
738,1453,17461,13862
741,1441,17558,13964
742,1479,17472,13834
740,1468,17463,13854
746,1496,17536,13847
739,1463,17449,13837
739,1474,17467,13834
739,1461,17496,13844
741,1478,17476,13859
734,1478,17282,13700
726,1457,17110,13722
726,1463,17137,13727
729,1461,17202,13741
730,1451,17223,13828
737,1478,17359,13732
736,1470,17351,13748
728,1454,17156,13785
734,1464,17379,13796
739,1422,17519,13978
726,1467,17127,13701
737,1458,17407,13802
734,1457,17367,13815
736,1463,17430,13849
737,1449,17438,13875
736,1464,17399,13829
727,1465,17144,13736
727,1451,17144,13737
726,1459,17138,13722
727,1452,17143,13752
726,1470,17084,13706
727,1460,17139,13758
725,1456,17102,13710
741,1450,17486,14047
731,1469,17208,13762
723,1475,17032,13638
731,1448,17249,13859
737,1479,17317,13893
725,1458,17059,13682
730,1456,17210,13810
723,1463,17025,13631
731,1449,17254,13855
735,1467,17255,13808
727,1458,17146,13755
727,1452,17123,13757
725,1469,17071,13662
730,1452,17223,13817
728,1470,17156,13755
726,1447,17224,13792
726,1461,17119,13742
724,1476,17032,13653
729,1451,17180,13809
727,1456,17175,13748
730,1458,17242,13831
727,1454,17145,13757
726,1466,17089,13698
729,1452,17194,13822
726,1450,17094,13710
726,1467,17111,13739
727,1457,17140,13741
726,1471,17091,13689
742,1443,17508,14072
723,1470,17021,13634
727,1466,17139,13750
731,1453,17244,13844
732,1468,17183,13752
732,1445,17267,13852
727,1470,17139,13721
730,1461,17256,13826
729,1463,17229,13776
727,1449,17131,13749
729,1442,17201,13824
727,1458,17122,13722
732,1457,17271,13827
740,1434,17464,14034
725,1471,17076,13685
729,1440,17211,13821
724,1456,17070,13674
725,1475,17072,13703
726,1449,17095,13729
727,1445,17134,13726
732,1440,17265,13871
724,1477,17058,13684
727,1468,17131,13742
727,1455,17123,13771
725,1468,17091,13688
728,1452,17214,13818
727,1472,17145,13726
734,1451,17334,13903
738,1437,17425,14008
725,1448,17065,13679
728,1463,17173,13789
725,1469,17078,13671
730,1453,17236,13850
727,1455,17126,13757
726,1470,17113,13723
728,1461,17152,13771
725,1458,17065,13683
727,1444,17151,13770
727,1459,17147,13773
727,1462,17169,13761
727,1466,17137,13745
724,1470,17051,13670
727,1455,17136,13758
727,1465,17128,13760
727,1448,17148,13749
727,1470,17150,13750
724,1470,17038,13617
727,1454,17179,13778
730,1439,17227,13841
732,1478,17184,13774
727,1461,17132,13752
724,1463,17044,13654
728,1446,17192,13795
727,1464,17159,13772
729,1468,17208,13813
727,1466,17143,13757
724,1455,17054,13659
729,1451,17200,13824
725,1458,17042,13636
728,1457,17187,13787
727,1466,17136,13743
725,1467,17079,13691
728,1462,17155,13765
728,1475,17093,13674
728,1452,17153,13767
735,1459,17281,13841
725,1455,17077,13664
731,1451,17268,13845
726,1468,17109,13706
734,1460,17297,13890
732,1439,17247,13868
735,1475,17267,13822
729,1448,17213,13809
727,1473,17117,13722
726,1461,17116,13728
726,1453,17119,13746
724,1475,17019,13653
732,1446,17276,13884
723,1473,17037,13666
728,1465,17178,13778
727,1461,17124,13726
730,1451,17208,13816
744,1441,17535,14095
738,1455,17385,13989
728,1459,17163,13771
727,1453,17144,13745
726,1459,17123,13720
727,1455,17161,13745
726,1466,17085,13689
726,1463,17113,13735
729,1464,17181,13774
726,1466,17113,13692
727,1456,17182,13772
727,1463,17108,13718
729,1458,17192,13778
726,1452,17124,13739
727,1468,17128,13737
725,1454,17104,13736
726,1457,17081,13702
729,1448,17219,13817
727,1451,17134,13750
725,1471,17072,13704
726,1462,17102,13716
723,1468,16983,13603
729,1448,17223,13835
727,1459,17144,13750
726,1472,17124,13699
728,1459,17195,13781
723,1464,17006,13624
730,1450,17209,13838
726,1455,17114,13715
729,1462,17199,13782
727,1458,17160,13736
726,1459,17082,13694
730,1434,17235,13846
729,1464,17203,13765
728,1457,17166,13800
729,1469,17136,13728
725,1459,17066,13687
729,1459,17199,13768
727,1462,17114,13729
727,1467,17138,13749
728,1443,17177,13783
725,1453,17071,13692
736,1442,17375,13946
732,1471,17247,13818
739,1471,17425,13962
735,1459,17348,13918
730,1455,17195,13808
735,1466,17252,13780
725,1456,17082,13697
727,1458,17172,13776
727,1460,17184,13777
725,1458,17094,13699
729,1458,17207,13802
726,1464,17089,13704
725,1468,17066,13681
724,1454,17099,13703
730,1469,17177,13782
738,1450,17348,13900
724,1472,17050,13667
727,1453,17138,13736
730,1457,17161,13745
726,1458,17098,13733
727,1450,17200,13809
724,1459,17057,13673
729,1458,17193,13800
722,1465,17088,13690
725,1463,17092,13708
727,1448,17153,13785
724,1474,17034,13636
729,1451,17195,13801
726,1458,17148,13733
727,1463,17114,13730
727,1458,17141,13755
725,1466,17084,13690
728,1451,17155,13784
726,1452,17113,13722
727,1462,17149,13752
726,1464,17134,13723
726,1454,17105,13717
727,1461,17160,13752
726,1445,17129,13735
726,1465,17111,13701
728,1462,17160,13772
724,1468,17026,13622
743,1446,17552,14110
739,1458,17408,13952
738,1478,17341,13901
737,1493,17312,13895
732,1475,17169,13721
728,1449,17205,13810
728,1447,17224,13824
727,1471,17129,13754
727,1452,17161,13755
724,1469,17029,13648
728,1447,17179,13804
725,1469,17072,13684
730,1458,17210,13836
737,1471,17340,13886
725,1464,17074,13672
728,1443,17173,13790
726,1466,17095,13721
726,1453,17092,13730
735,1484,17297,13835
726,1458,17100,13679
724,1449,17224,13803
725,1475,17090,13656
728,1456,17161,13771
728,1444,17182,13794
724,1458,17079,13684
730,1445,17247,13851
725,1464,17086,13678
726,1461,17124,13737
727,1459,17143,13748
725,1462,17074,13689
728,1449,17183,13813
725,1460,17052,13688
726,1459,17087,13697
728,1461,17187,13774
720,1457,17005,13650
731,1432,17255,13871
723,1460,17026,13650
727,1467,17103,13732
726,1444,17132,13703
728,1468,17159,13763
732,1461,17258,13822
726,1462,17094,13694
732,1454,17261,13845
736,1483,17272,13840
727,1513,17101,13706
728,1465,17193,13795
725,1455,17095,13688
729,1458,17186,13788
727,1454,17140,13739
726,1450,17105,13711
725,1448,17098,13733
725,1464,17063,13688
728,1454,17188,13794
728,1465,17186,13783
727,1454,17116,13724
727,1450,17154,13788
725,1463,17060,13671
728,1447,17158,13774
729,1464,17229,13827
724,1473,17069,13691
729,1450,17189,13782
725,1472,17074,13658
727,1457,17162,13782
725,1452,17110,13725
726,1460,17127,13744
727,1450,17155,13757
724,1458,17058,13637
726,1460,17154,13745
728,1471,17160,13775
728,1458,17147,13756
727,1443,17110,13737
725,1474,17073,13686
731,1449,17267,13872
731,1470,17194,13749
726,1464,17116,13743
728,1430,17191,13813
724,1470,17054,13658
731,1493,17224,13856
727,1468,17139,13755
727,1454,17161,13758
727,1461,17146,13735
726,1465,17123,13711
730,1453,17238,13836
724,1459,17026,13649
732,1447,17250,13847
732,1462,17228,13786
726,1458,17109,13683
730,1442,17252,13869
728,1465,17112,13668
740,1465,17409,13971
731,1461,17240,13829
732,1478,17177,13750
729,1451,17225,13856
725,1458,17090,13670
725,1455,17086,13705
727,1471,17145,13763
725,1473,17084,13719
728,1448,17181,13816
726,1452,17100,13706
726,1462,17115,13725
726,1471,17146,13740
727,1471,17149,13748
729,1447,17187,13807
725,1458,17069,13686
727,1458,17125,13737
726,1454,17133,13736
727,1471,17161,13760
728,1451,17164,13791
725,1456,17059,13673
729,1454,17218,13833
726,1469,17115,13716
741,1456,17461,14024
727,1451,17146,13766
725,1465,17106,13700
727,1460,17162,13759
727,1462,17135,13744
725,1461,17068,13666
729,1445,17171,13810
727,1459,17117,13725
731,1456,17243,13839
727,1452,17146,13723
727,1466,17163,13740
728,1459,17183,13783
724,1476,17037,13650
728,1449,17188,13823
729,1471,17192,13796
727,1449,17168,13752
727,1459,17151,13773
724,1474,17041,13632
729,1452,17204,13812
729,1467,17159,13735
727,1455,17118,13752
726,1455,17116,13714
726,1468,17122,13713
728,1461,17176,13783
728,1459,17112,13695
727,1456,17151,13781
726,1455,17117,13737
726,1465,17126,13725
729,1445,17218,13829
727,1460,17127,13725
728,1456,17175,13758
726,1464,17111,13722
727,1459,17132,13745
730,1459,17213,13828
725,1466,17103,13689
726,1462,17140,13720
728,1454,17165,13771
727,1470,17141,13743
729,1442,17223,13846
725,1459,17048,13653
726,1468,17121,13731
727,1454,17134,13767
728,1465,17195,13771
729,1451,17203,13805
725,1466,17081,13674
727,1457,17118,13733
727,1496,17112,13747
725,1464,17096,13706
729,1444,17237,13844
725,1468,17094,13682
729,1466,17215,13791
727,1472,17112,13707
728,1457,17136,13745
728,1436,17158,13777
728,1453,17169,13772
727,1467,17147,13721
726,1472,17117,13732
727,1468,17138,13759
727,1446,17163,13770
724,1463,17028,13631
727,1461,17174,13792
725,1456,17089,13716
731,1451,17243,13813
735,1473,17277,13830
724,1454,17054,13662
728,1456,17177,13791
728,1452,17147,13792
725,1465,17078,13686
729,1455,17183,13777
724,1458,17045,13642
733,1445,17325,13902
733,1467,17239,13820
725,1462,17077,13692
729,1439,17178,13792
726,1464,17101,13693
727,1459,17181,13787
729,1458,17200,13828
727,1448,17142,13741
725,1465,17114,13734
725,1473,17052,13657
727,1453,17149,13768
727,1455,17134,13758
729,1458,17211,13787
728,1460,17139,13728
724,1471,17063,13683
729,1446,17216,13835
726,1454,17084,13692
728,1467,17157,13752
728,1463,17183,13779
727,1469,17093,13668
732,1468,17283,13889
725,1455,17044,13641
726,1470,17121,13725
726,1464,17137,13748
728,1466,17179,13700
729,1448,17224,13836
724,1451,17048,13658
731,1462,17241,13837
740,1462,17426,13994
738,1467,17365,13937
730,1448,17189,13797
726,1459,17089,13710
725,1464,17106,13693
740,1474,17403,13952
739,1474,17366,13945
743,1433,17507,14059
727,1465,17150,13753
734,1481,17242,13787
726,1462,17100,13707
728,1463,17171,13768
731,1442,17275,13872
727,1459,17121,13728
725,1471,17093,13704
727,1463,17114,13753
728,1455,17166,13768
728,1447,17188,13772
725,1465,17066,13681
727,1461,17152,13752
726,1463,17121,13741
728,1462,17146,13770
727,1453,17137,13760
724,1472,17044,13649
728,1460,17188,13788
727,1456,17145,13754
725,1458,17085,13694
728,1465,17149,13777
724,1462,17043,13662
727,1463,17164,13772
732,1451,17270,13869
742,1433,17490,14050
736,1464,17329,13858
724,1472,17041,13635
726,1458,17143,13757
727,1451,17147,13767
726,1455,17126,13743
728,1453,17168,13764
723,1480,17000,13621
728,1456,17181,13795
731,1460,17244,13839
727,1466,17111,13696
726,1452,17131,13748
723,1476,17009,13635
730,1441,17269,13847
726,1453,17116,13725
730,1454,17238,13831
740,1460,17451,14016
727,1475,17128,13751
735,1468,17294,13854
725,1470,17085,13673
729,1457,17190,13767
730,1455,17253,13852
732,1472,17184,13739
729,1455,17189,13798
723,1455,17029,13646
727,1459,17131,13738
729,1455,17201,13793
725,1469,17075,13700
729,1448,17203,13817
725,1448,17090,13700
727,1471,17123,13740
727,1464,17125,13749
726,1466,17088,13717
731,1441,17295,13896
725,1448,17094,13682
727,1466,17125,13745
723,1452,17052,13735
739,1459,17392,13994
729,1466,17213,13800
726,1452,17113,13717
726,1466,17125,13704
727,1439,17163,13734
724,1455,17048,13667
730,1436,17268,13882
726,1464,17070,13649
727,1467,17165,13774
726,1464,17102,13689
728,1455,17165,13764
729,1449,17205,13787
725,1458,17087,13703
730,1465,17178,13765
727,1453,17153,13780
726,1461,17093,13713
728,1458,17185,13778
725,1455,17069,13654
728,1444,17186,13801
727,1462,17128,13736
726,1462,17102,13721
727,1463,17143,13762
725,1455,17066,13679
727,1459,17159,13761
728,1468,17189,13773
729,1465,17157,13722
728,1459,17172,13780
721,1473,16963,13596
728,1462,17191,13782
727,1462,17171,13760
727,1453,17139,13739
726,1460,17135,13744
725,1457,17065,13679
727,1456,17147,13768
727,1455,17144,13765
727,1449,17128,13752
729,1461,17205,13814
724,1470,17043,13661
733,1446,17294,13872
725,1462,17098,13707
730,1463,17220,13835
731,1455,17197,13766
727,1463,17132,13724
731,1460,17209,13764
728,1465,17175,13750
726,1463,17108,13727
725,1468,17097,13739
728,1447,17163,13787
729,1444,17215,13818
726,1478,17107,13659
727,1454,17116,13740
728,1462,17171,13765
729,1458,17177,13781
728,1454,17159,13794
725,1458,17070,13688
726,1466,17099,13718
730,1464,17235,13825
726,1463,17085,13715
729,1453,17214,13819
724,1467,17060,13655
727,1458,17150,13766
723,1455,17054,13670
729,1456,17182,13775
729,1448,17219,13806
725,1472,17099,13681
726,1466,17120,13748
726,1467,17112,13731
726,1450,17103,13719
729,1454,17234,13831
725,1459,17066,13665
727,1452,17160,13788
728,1453,17155,13775
726,1459,17098,13702
727,1440,17162,13794
725,1475,17073,13698
726,1464,17110,13738
727,1464,17136,13733
726,1454,17111,13718
727,1458,17141,13764
724,1454,17050,13661
727,1453,17157,13800
729,1462,17197,13803
726,1454,17118,13725
727,1452,17175,13787
724,1469,17053,13643
727,1448,17147,13756
726,1463,17110,13730
727,1470,17124,13740
728,1451,17161,13761
724,1462,17038,13652
728,1461,17156,13770
726,1455,17138,13729
727,1447,17154,13755
731,1469,17178,13747
722,1468,17002,13629
733,1443,17288,13895
737,1436,17444,14015
727,1457,17139,13739
727,1446,17161,13795
725,1471,17066,13681
729,1447,17200,13823
726,1464,17113,13717
730,1460,17223,13825
732,1466,17237,13788
726,1471,17122,13717
727,1452,17156,13777
724,1469,17053,13660
729,1451,17209,13834
733,1461,17232,13785
727,1452,17142,13778
728,1447,17182,13797
725,1481,17078,13681
726,1457,17131,13739
728,1439,17198,13829
726,1463,17090,13685
728,1460,17202,13807
726,1466,17105,13703
727,1455,17164,13776
726,1449,17090,13717
725,1463,17081,13695
728,1465,17191,13806
727,1469,17153,13749
725,1459,17096,13697
727,1461,17153,13755
725,1472,17108,13692
730,1445,17225,13828
724,1470,17052,13663
722,1471,16995,13701
727,1459,17149,13748
725,1464,17107,13691
728,1450,17197,13805
725,1471,17098,13695
723,1450,17102,13739
728,1456,17162,13777
726,1462,17074,13669
728,1449,17184,13806
726,1453,17081,13649
730,1451,17234,13836
726,1456,17121,13744
725,1459,17099,13696
727,1457,17128,13740
725,1466,17066,13673
727,1460,17161,13764
729,1457,17197,13789
728,1464,17171,13764
727,1461,17159,13779
729,1460,17155,13755
741,1454,17421,13990
735,1476,17292,13835
728,1464,17168,13768
729,1458,17178,13792
724,1458,17038,13630
729,1457,17195,13818
726,1468,17113,13719
727,1458,17146,13765
726,1451,17135,13758
724,1458,17051,13644
727,1461,17163,13759
727,1469,17150,13757
726,1455,17134,13743
726,1475,17105,13729
725,1452,17057,13657
729,1452,17221,13820
726,1465,17120,13707
730,1463,17218,13809
729,1461,17149,13743
726,1474,17074,13703
728,1459,17168,13779
726,1464,17128,13732
730,1454,17225,13817
726,1451,17095,13712
735,1442,17356,13960
731,1446,17255,13865
723,1468,17027,13648
727,1467,17133,13761
727,1435,17159,13783
726,1457,17148,13733
729,1460,17201,13793
724,1470,17042,13650
726,1460,17113,13737
728,1463,17149,13782
726,1465,17113,13687
729,1466,17221,13827
725,1472,17095,13697
727,1464,17160,13742
727,1447,17137,13763
725,1460,17083,13706
730,1461,17238,13868
723,1459,17050,13646
730,1469,17182,13774
728,1459,17157,13779
725,1471,17092,13688
727,1447,17164,13790
725,1468,17045,13659
729,1499,17185,13814
725,1468,17097,13705
736,1475,17298,13840
731,1462,17187,13765
722,1450,17002,13620
729,1448,17200,13810
726,1456,17123,13732
730,1460,17215,13800
734,1470,17256,13821
724,1472,17048,13646
730,1447,17226,13825
725,1456,17081,13694
727,1461,17134,13733
726,1440,17155,13778
724,1464,17024,13628
730,1446,17241,13825
725,1472,17113,13716
727,1463,17122,13748
728,1456,17169,13774
722,1464,17002,13610
728,1446,17173,13789
726,1468,17117,13735
728,1472,17178,13778
731,1459,17187,13770
725,1471,17055,13649
728,1452,17176,13790
726,1464,17118,13752
728,1463,17175,13779
728,1440,17178,13795
725,1466,17082,13662
730,1454,17263,13843
724,1461,17070,13686
727,1449,17124,13749
726,1456,17115,13741
723,1453,17073,13687
735,1448,17371,13937
738,1468,17349,13937
733,1454,17290,13879
735,1446,17350,13928
726,1470,17055,13661
728,1446,17167,13809
726,1457,17086,13708
727,1459,17153,13764
732,1459,17220,13824
728,1473,17124,13685
729,1451,17222,13834
726,1472,17060,13648
726,1457,17121,13715
726,1453,17123,13717
727,1471,17175,13771
729,1466,17242,13831
725,1472,17065,13675
726,1452,17111,13738
726,1450,17122,13744
728,1460,17167,13767
732,1440,17303,13900
724,1458,17045,13677
727,1431,17168,13759
733,1470,17221,13791
724,1458,17067,13684
727,1457,17164,13772
724,1458,17030,13645
729,1449,17214,13799
725,1468,17092,13698
727,1465,17108,13730
726,1452,17130,13762
725,1468,17049,13695
729,1455,17211,13804
727,1451,17136,13735
729,1463,17203,13804
730,1456,17192,13746
725,1464,17065,13676
727,1462,17138,13765
727,1464,17132,13755
728,1455,17160,13749
728,1457,17180,13753
723,1460,17040,13636
727,1456,17163,13764
727,1452,17148,13778
726,1458,17092,13734
730,1441,17202,13843
724,1468,17045,13655
727,1456,17198,13795
728,1447,17166,13793
727,1457,17149,13776
727,1452,17137,13743
723,1473,17023,13643
730,1460,17240,13842
726,1454,17121,13739
729,1455,17202,13806
735,1473,17312,13839
724,1470,17028,13628
727,1449,17163,13793
725,1468,17068,13689
726,1450,17137,13720
728,1466,17182,13775
723,1435,17059,13667
727,1453,17156,13770
727,1453,17104,13726
727,1456,17146,13776
725,1450,17080,13681
726,1463,17109,13717
729,1454,17202,13805
727,1467,17141,13734
725,1457,17099,13699
727,1466,17140,13749
726,1470,17118,13753
729,1449,17231,13846
724,1458,17049,13652
727,1443,17175,13781
737,1443,17435,13995
724,1477,17065,13667
731,1449,17232,13857
724,1470,17043,13655
727,1466,17132,13722
728,1455,17177,13772
726,1472,17079,13701
729,1434,17225,13815
725,1457,17061,13685
727,1466,17125,13734
726,1462,17100,13729
726,1469,17107,13720
729,1447,17208,13815
726,1457,17115,13713
728,1457,17189,13808
726,1452,17119,13745
727,1471,17108,13744
726,1457,17139,13738
728,1465,17206,13769
739,1467,17414,13956
727,1453,17133,13718
726,1473,17095,13715
728,1443,17153,13794
724,1459,17012,13626
731,1450,17277,13865
741,1467,17486,14032
726,1446,17126,13731
727,1456,17161,13754
724,1458,17059,13667
727,1455,17140,13778
730,1450,17208,13835
737,1476,17313,13899
735,1472,17308,13859
723,1464,17030,13634
729,1457,17197,13812
728,1462,17150,13769
727,1467,17129,13763
726,1454,17151,13746
725,1469,17070,13668
729,1460,17213,13801
726,1457,17153,13745
727,1456,17146,13758
727,1463,17132,13752
726,1494,17093,13718
729,1447,17215,13812
724,1461,17075,13667
728,1457,17173,13780
730,1468,17192,13775
726,1456,17091,13715
730,1459,17212,13836
739,1466,17369,13946
728,1458,17157,13772
726,1455,17110,13714
729,1451,17176,13778
738,1459,17357,13933
726,1468,17099,13704
726,1455,17104,13729
726,1462,17125,13736
725,1471,17090,13694
730,1442,17267,13860
727,1463,17134,13726
726,1463,17108,13710
727,1456,17118,13732
724,1466,17060,13683
730,1444,17260,13851
725,1469,17086,13679
723,1453,17058,13662
727,1457,17151,13744
726,1462,17083,13709
730,1438,17220,13850
723,1467,17007,13603
727,1462,17127,13747
727,1471,17119,13705
734,1458,17295,13861
735,1453,17337,13918
728,1448,17188,13808
733,1466,17231,13814
726,1463,17105,13715
725,1466,17083,13692
729,1455,17206,13815
724,1474,17062,13643
729,1449,17195,13820
725,1449,17083,13724
728,1464,17144,13760
729,1464,17187,13758
725,1465,17066,13663
727,1452,17143,13758
726,1472,17103,13716
727,1449,17128,13748
725,1455,17116,13741
723,1464,17022,13615
728,1462,17161,13781
728,1462,17178,13772
729,1451,17186,13793
726,1451,17115,13724
726,1467,17091,13686
731,1466,17197,13780
727,1444,17172,13763
732,1453,17254,13843
736,1481,17338,13875
724,1465,17058,13639
729,1449,17195,13805
724,1462,17075,13713
727,1464,17138,13749
727,1460,17150,13742
724,1466,17060,13642
728,1456,17155,13765
725,1454,17065,13661
727,1454,17169,13775
724,1435,17075,13682
727,1468,17126,13744
731,1461,17246,13859
727,1472,17111,13673
726,1457,17122,13721
731,1465,17189,13806
725,1460,17061,13674
730,1442,17204,13832
725,1471,17048,13647
726,1459,17135,13747
726,1464,17138,13734
727,1468,17165,13742
729,1453,17194,13841
726,1463,17092,13708
726,1461,17120,13738
728,1466,17179,13781
725,1472,17092,13675
729,1442,17225,13830
724,1471,17062,13660
724,1468,17064,13689
725,1456,17092,13711
725,1452,17066,13685
734,1443,17315,13930
738,1462,17424,13977
730,1450,17224,13832
726,1471,17100,13700
739,1444,17426,14003
739,1461,17366,13933
737,1476,17351,13907
727,1463,17158,13756
727,1456,17152,13744
725,1446,17101,13681
727,1471,17134,13736
723,1465,17015,13654
728,1458,17167,13793
726,1460,17143,13720
727,1446,17127,13730
726,1452,17117,13739
737,1471,17364,13931
727,1446,17147,13759
726,1451,17109,13740
726,1471,17090,13721
727,1454,17136,13721
726,1474,17095,13677
727,1455,17152,13757
728,1451,17165,13769
725,1466,17113,13720
729,1454,17175,13800
723,1463,17035,13637
729,1455,17202,13811
729,1460,17237,13830
729,1448,17184,13713
728,1457,17160,13782
726,1462,17082,13704
728,1446,17158,13789
726,1455,17129,13726
731,1455,17256,13857
740,1466,17429,14008
733,1452,17249,13816
737,1448,17388,13972
725,1454,17089,13695
726,1470,17103,13716
727,1452,17164,13781
726,1462,17098,13691
729,1467,17212,13833
723,1468,17037,13652
728,1463,17154,13771
727,1465,17121,13756
725,1459,17067,13692
731,1447,17275,13876
724,1459,17055,13645
729,1464,17223,13801
730,1453,17234,13842
726,1462,17060,13673
728,1443,17196,13821
725,1458,17078,13680
726,1487,17097,13697
725,1450,17086,13715
728,1460,17156,13747
729,1450,17212,13827
724,1471,17033,13636
726,1466,17093,13701
726,1460,17087,13711
727,1465,17168,13742
728,1455,17164,13788
728,1455,17160,13773
726,1468,17112,13718
726,1453,17088,13729
726,1452,17114,13726
727,1461,17166,13778
725,1473,17103,13689
729,1447,17223,13826
726,1460,17125,13746
726,1466,17101,13714
730,1457,17175,13751
726,1464,17093,13701
731,1446,17266,13855
728,1463,17147,13712
727,1461,17131,13731
726,1462,17127,13739
723,1464,17000,13647
728,1459,17177,13799
725,1453,17098,13719
731,1457,17235,13820
738,1472,17344,13907
723,1480,17025,13636
729,1448,17207,13820
727,1457,17117,13724
725,1465,17093,13707
727,1468,17145,13737
724,1467,17032,13618
729,1446,17215,13800
726,1456,17105,13720
727,1458,17141,13759
727,1455,17149,13767
726,1471,17119,13707
728,1455,17197,13794
728,1464,17164,13762
726,1465,17116,13707
728,1460,17147,13774
724,1451,17039,13643
730,1444,17220,13820
724,1454,17024,13642
729,1459,17186,13783
728,1455,17173,13759
727,1461,17137,13760
728,1451,17172,13769
724,1465,17037,13645
728,1461,17166,13768
734,1465,17251,13802
726,1461,17131,13717
730,1454,17251,13842
725,1456,17081,13700
727,1460,17178,13741
726,1453,17115,13748
730,1464,17214,13804
736,1457,17342,13882
725,1472,17058,13657
726,1464,17117,13725
725,1458,17090,13718
726,1460,17098,13720
727,1437,17178,13805
724,1471,17054,13659
728,1462,17176,13749
726,1449,17119,13732
726,1455,17109,13715
727,1453,17157,13776
727,1472,17091,13719
729,1462,17160,13747
727,1456,17149,13741
727,1447,17158,13757
736,1484,17385,13956
732,1464,17220,13799
734,1445,17305,13912
735,1451,17319,13910
728,1460,17183,13777
732,1468,17251,13807
723,1471,17024,13630
730,1454,17213,13819
727,1463,17141,13745
724,1465,17048,13667
729,1459,17211,13825
730,1471,17119,13698
727,1453,17166,13773
726,1451,17142,13739
727,1463,17169,13776
727,1460,17105,13724
723,1463,16998,13599
729,1449,17218,13831
727,1455,17140,13740
733,1453,17285,13855
739,1479,17406,13952
726,1472,17071,13643
729,1442,17222,13835
732,1472,17201,13779
726,1462,17125,13731
727,1462,17153,13742
726,1461,17116,13718
727,1452,17175,13763
723,1454,17052,13666
726,1465,17121,13746
727,1460,17087,13715
727,1457,17144,13750
728,1439,17205,13805
725,1467,17069,13671
727,1450,17108,13715
726,1470,17119,13738
725,1464,17066,13684
729,1455,17237,13830
725,1473,17075,13659
727,1443,17172,13796
728,1463,17176,13753
727,1461,17138,13759
729,1449,17219,13838
725,1456,17062,13672
725,1465,17109,13710
727,1453,17141,13728
726,1466,17110,13717
727,1454,17170,13770
725,1460,17100,13707
723,1467,17037,13667
727,1460,17150,13759
728,1460,17139,13764
731,1439,17274,13889
724,1466,17025,13600
727,1460,17129,13738
726,1463,17136,13729
725,1458,17076,13688
729,1452,17211,13842
724,1463,17043,13667
728,1454,17196,13779
726,1459,17140,13720
726,1454,17105,13730
726,1468,17094,13724
726,1466,17104,13719
732,1459,17244,13798
729,1459,17213,13790
726,1474,17099,13681
727,1452,17145,13759
725,1467,17059,13652
729,1455,17196,13809
726,1460,17082,13701
727,1454,17116,13735
726,1452,17146,13747
724,1466,17053,13660
729,1452,17206,13823
728,1460,17155,13783
727,1466,17126,13770
728,1457,17154,13758
725,1463,17079,13660
728,1459,17191,13781
728,1449,17186,13775
725,1470,17099,13707
729,1457,17196,13809
725,1464,17043,13640
730,1455,17245,13842
728,1467,17148,13729
726,1456,17098,13726
726,1465,17124,13718
726,1469,17103,13710
730,1451,17214,13840
727,1461,17088,13677
726,1461,17109,13748
727,1460,17132,13732
729,1455,17189,13779
732,1458,17249,13808
724,1460,17050,13671
728,1447,17157,13764
726,1458,17128,13735
724,1462,17086,13692
728,1460,17201,13779
726,1474,17129,13718
726,1460,17093,13706
726,1463,17103,13718
726,1466,17129,13724
728,1453,17207,13809
739,1450,17432,13986
737,1473,17300,13873
737,1467,17310,13874
726,1464,17085,13690
728,1446,17173,13800
722,1457,17056,13704
727,1457,17075,13679
727,1457,17154,13756
726,1467,17124,13742
734,1444,17318,13925
731,1444,17176,13749
726,1455,17112,13750
726,1463,17124,13731
726,1460,17127,13736
728,1435,17228,13838
725,1473,17075,13667
730,1451,17220,13828
727,1468,17148,13752
724,1470,17038,13672
727,1453,17150,13753
724,1472,17074,13664
729,1452,17204,13820
727,1461,17153,13742
726,1461,17119,13734
730,1452,17205,13837
731,1479,17145,13707
728,1452,17174,13791
727,1468,17144,13718
726,1462,17105,13710
729,1450,17159,13789
724,1459,17039,13665
728,1458,17170,13784
727,1457,17169,13782
726,1465,17132,13745
728,1452,17203,13794
723,1476,17055,13625
730,1451,17244,13851
726,1455,17114,13741
727,1450,17152,13726
728,1457,17183,13768
725,1471,17076,13676
742,1450,17506,14089
725,1451,17092,13704
727,1457,17131,13763
729,1445,17147,13740
724,1464,17059,13689
727,1461,17141,13743
726,1456,17109,13716
726,1461,17131,13727
729,1451,17176,13802
727,1476,17106,13691
728,1445,17203,13837
725,1466,17069,13664
728,1466,17157,13750
727,1462,17181,13767
728,1466,17193,13754
728,1467,17186,13800
724,1458,17031,13646
725,1466,17084,13696
728,1457,17190,13772
726,1469,17105,13680
730,1438,17250,13867
725,1464,17060,13652
728,1462,17158,13775
727,1473,17108,13687
725,1465,17065,13701
730,1440,17229,13861
722,1460,17023,13615
726,1472,17102,13705
725,1466,17081,13698
725,1471,17079,13693
729,1437,17199,13825
725,1464,17085,13676
727,1469,17160,13753
725,1457,17106,13696
739,1457,17437,13999
724,1437,17095,13751
724,1465,17050,13653
727,1461,17160,13773
725,1465,17087,13681
731,1467,17241,13804
737,1460,17301,13879
722,1473,17021,13614
728,1455,17197,13808
728,1478,17122,13702
727,1464,17112,13720
726,1461,17115,13719
725,1470,17079,13668
727,1458,17143,13753
728,1457,17153,13784
727,1468,17102,13720
730,1443,17194,13812
725,1483,17041,13618
727,1459,17148,13757
728,1464,17203,13787
726,1463,17144,13739
726,1462,17106,13725
723,1467,16994,13602
727,1457,17154,13765
727,1458,17141,13735
728,1457,17193,13764
725,1467,17099,13719
733,1470,17260,13834
740,1444,17488,14088
725,1457,17088,13722
726,1463,17100,13723
730,1451,17208,13829
735,1476,17267,13809
729,1458,17172,13752
725,1458,17078,13686
726,1459,17106,13717
726,1467,17096,13721
727,1464,17123,13724
729,1448,17205,13812
723,1468,17050,13640
731,1459,17225,13772
727,1460,17149,13768
726,1468,17092,13706
729,1443,17228,13837
724,1464,17076,13655
732,1465,17261,13822
740,1440,17440,14017
723,1463,17034,13651
730,1449,17247,13852
723,1476,17033,13641
724,1453,17059,13680
727,1466,17123,13755
725,1461,17088,13689
728,1449,17187,13787
729,1474,17150,13745
726,1465,17093,13719
727,1459,17089,13702
725,1455,17095,13685
727,1457,17173,13771
724,1466,17067,13638
728,1461,17178,13778
726,1465,17122,13723
728,1456,17154,13765
725,1469,17087,13700
724,1469,17039,13640
730,1459,17261,13842
725,1466,17092,13690
738,1474,17329,13878
729,1457,17194,13802
733,1480,17194,13761
726,1463,17119,13737
727,1468,17133,13739
722,1470,17062,13723
727,1463,17148,13767
724,1466,17024,13642
727,1462,17135,13738
726,1461,17113,13737
726,1467,17131,13717
726,1455,17118,13736
724,1465,17059,13648
728,1457,17177,13758
733,1445,17268,13879
740,1466,17413,13978
740,1438,17448,14051
723,1467,17027,13621
737,1471,17368,13907
726,1469,17105,13704
728,1458,17168,13771
726,1467,17120,13730
726,1466,17108,13730
729,1460,17161,13748
723,1456,17058,13688
726,1466,17136,13716
728,1454,17168,13784
724,1465,17042,13666
730,1448,17250,13868
724,1473,17035,13630
727,1467,17166,13773
726,1463,17128,13749
728,1454,17148,13745
729,1446,17231,13825
726,1460,17101,13723
726,1464,17088,13701
728,1450,17166,13784
726,1454,17117,13718
731,1458,17256,13854
722,1462,17049,13627
726,1463,17126,13726
727,1458,17106,13727
727,1468,17115,13743
728,1443,17187,13809
725,1461,17081,13700
725,1454,17104,13696
726,1461,17120,13728
725,1455,17079,13686
727,1453,17181,13802
723,1467,17012,13633
733,1460,17256,13865
734,1438,17349,13948
726,1470,17133,13713
729,1464,17223,13807
725,1458,17048,13654
727,1455,17145,13768
727,1468,17128,13754
726,1452,17127,13722
728,1463,17192,13798
723,1464,17035,13641
729,1446,17203,13822
726,1457,17098,13703
728,1471,17158,13755
725,1467,17105,13722
724,1474,17034,13641
728,1458,17176,13761
728,1458,17163,13777
725,1460,17079,13657
738,1442,17429,14043
721,1460,16970,13613
736,1450,17374,13949
727,1469,17155,13743
728,1463,17158,13764
726,1461,17138,13726
725,1470,17080,13683
727,1447,17163,13799
726,1464,17139,13762
726,1466,17137,13734
730,1441,17248,13838
728,1466,17090,13670
730,1451,17254,13857
727,1463,17168,13776
730,1454,17208,13815
726,1454,17102,13718
725,1464,17052,13670
728,1463,17183,13779
724,1467,17065,13653
726,1460,17121,13730
726,1453,17116,13716
725,1465,17063,13693
730,1459,17229,13838
729,1475,17123,13679
723,1448,17124,13767
728,1451,17191,13775
727,1464,17116,13717
728,1453,17193,13812
724,1470,17064,13688
728,1456,17157,13771
727,1465,17163,13759
726,1452,17103,13711
729,1443,17220,13828
726,1471,17078,13680
730,1457,17194,13812
731,1455,17184,13768
724,1466,17067,13676
731,1444,17263,13861
723,1461,17042,13668
728,1454,17144,13772
733,1454,17214,13789
725,1474,17065,13694
732,1457,17317,13851
725,1456,17088,13700
727,1456,17146,13739
728,1454,17187,13783
725,1456,17081,13692
728,1448,17211,13828
726,1475,17084,13698
728,1443,17184,13792
727,1455,17165,13758
726,1474,17110,13737
728,1454,17179,13782
725,1464,17078,13697
730,1448,17226,13841
727,1455,17145,13766
725,1469,17066,13675
727,1454,17165,13760
724,1465,17045,13659
731,1459,17191,13780
728,1451,17153,13756
724,1464,17040,13672
730,1456,17216,13827
733,1482,17210,13770
735,1464,17297,13846
727,1450,17158,13760
727,1465,17161,13778
727,1456,17143,13774
722,1460,16992,13607
731,1454,17264,13850
726,1472,17143,13732
729,1451,17194,13799
727,1452,17138,13753
725,1465,17058,13674
728,1451,17191,13807
725,1465,17092,13700
726,1465,17120,13760
728,1435,17185,13790
727,1461,17110,13703
729,1458,17207,13826
726,1466,17098,13716
727,1457,17117,13735
728,1443,17157,13771
725,1457,17076,13687
729,1446,17215,13810
724,1472,17073,13671
725,1459,17083,13693
728,1474,17155,13765
726,1471,17090,13701
731,1460,17274,13862
726,1468,17111,13688
726,1455,17096,13700
730,1443,17222,13810
727,1479,17157,13746
729,1449,17188,13819
730,1479,17191,13739
727,1459,17096,13690
727,1460,17154,13762
727,1454,17121,13739
731,1455,17257,13866
734,1484,17217,13771
725,1458,17072,13707
728,1460,17179,13771
725,1472,17083,13674
729,1443,17270,13858
723,1455,17045,13642
729,1462,17177,13800
728,1460,17193,13794
727,1467,17139,13749
727,1465,17142,13730
724,1471,17076,13669
728,1445,17174,13803
726,1468,17127,13732
725,1456,17101,13726
726,1448,17125,13756
725,1457,17062,13668
728,1443,17167,13789
726,1473,17135,13720
730,1471,17117,13736
727,1458,17130,13747
724,1464,17030,13649
727,1456,17147,13762
729,1466,17188,13787
726,1468,17113,13714
728,1456,17148,13732
725,1464,17092,13679
730,1447,17222,13831
738,1481,17343,13912
725,1462,17099,13716
727,1451,17130,13725
724,1472,17043,13634
729,1450,17206,13815
727,1459,17159,13762
727,1456,17112,13724
726,1454,17122,13749
727,1462,17123,13737
726,1465,17127,13721
726,1471,17108,13712
727,1462,17112,13729
728,1442,17152,13755
726,1466,17117,13726
729,1459,17208,13833
726,1465,17133,13727
727,1467,17120,13726
737,1457,17375,13945
728,1457,17181,13763
731,1474,17219,13791
725,1457,17070,13692
725,1463,17078,13694
730,1455,17230,13820
726,1473,17116,13715
728,1450,17177,13795
725,1449,17091,13685
726,1456,17121,13748
727,1442,17115,13748
723,1469,17060,13674
732,1448,17280,13903
727,1456,17120,13711
727,1449,17151,13766
726,1469,17116,13744
726,1459,17092,13696
730,1443,17216,13846
724,1468,17062,13655
728,1451,17155,13755
729,1469,17224,13813
725,1452,17106,13709
732,1445,17301,13852
728,1467,17131,13748
727,1463,17122,13723
726,1459,17127,13734
728,1467,17167,13758
727,1464,17138,13741
726,1460,17107,13700
728,1457,17194,13808
727,1455,17144,13755
727,1459,17111,13742
726,1455,17121,13742
725,1460,17107,13695
727,1448,17182,13793
728,1465,17156,13766
727,1464,17129,13751
728,1456,17147,13769
724,1453,17064,13659
728,1455,17171,13764
726,1456,17149,13790
727,1460,17162,13738
728,1464,17184,13788
723,1468,17007,13621
731,1448,17249,13854
731,1463,17200,13767
728,1454,17173,13780
726,1456,17122,13727
726,1464,17085,13680
729,1451,17219,13839
732,1458,17265,13863
739,1463,17375,13952
732,1457,17285,13870
737,1485,17310,13837
729,1464,17181,13779
725,1462,17093,13719
728,1463,17152,13762
727,1447,17146,13766
726,1462,17122,13718
731,1457,17266,13868
728,1463,17164,13770
731,1462,17202,13748
727,1457,17163,13774
724,1460,17047,13659
729,1459,17191,13823
734,1443,17301,13885
734,1454,17300,13880
737,1455,17391,13953
728,1458,17154,13753
730,1447,17225,13823
738,1461,17385,13977
736,1479,17297,13848
727,1470,17101,13696
727,1454,17146,13746
728,1458,17195,13827
725,1457,17084,13696
725,1453,17106,13721
727,1464,17135,13749
727,1473,17127,13735
728,1444,17256,13856
725,1462,17093,13674
732,1460,17264,13847
732,1473,17204,13778
724,1476,17060,13674
731,1449,17239,13868
728,1466,17120,13676
728,1459,17192,13776
728,1454,17165,13789
726,1460,17106,13716
728,1456,17150,13766
723,1458,17031,13653
728,1459,17196,13813
731,1464,17176,13759
729,1467,17197,13752
727,1464,17137,13722
724,1479,17041,13635
727,1455,17164,13773
726,1461,17093,13726
726,1462,17110,13719
729,1454,17194,13797
725,1468,17068,13657
729,1457,17224,13798
727,1474,17133,13720
729,1450,17196,13808
727,1459,17118,13728
725,1469,17072,13669
728,1479,17187,13789
728,1448,17169,13796
727,1455,17141,13744
728,1449,17178,13783
727,1462,17119,13721
728,1450,17161,13777
725,1462,17089,13703
729,1455,17231,13811
729,1454,17217,13831
725,1467,17084,13694
729,1451,17203,13824
725,1469,17071,13704
729,1446,17206,13813
727,1462,17133,13714
728,1456,17182,13776
729,1453,17221,13824
727,1457,17125,13731
726,1452,17120,13734
728,1445,17173,13788
726,1462,17109,13700
732,1442,17293,13878
724,1472,17041,13651
727,1463,17136,13736
729,1463,17200,13833
726,1471,17087,13700
728,1447,17188,13808
721,1453,17011,13673
727,1455,17149,13747
726,1469,17117,13707
726,1451,17107,13718
735,1434,17363,13958
735,1484,17242,13799
726,1460,17122,13720
726,1456,17137,13749
728,1452,17164,13768
727,1458,17154,13752
726,1456,17113,13718
730,1456,17208,13817
726,1452,17106,13727
728,1459,17170,13766
729,1462,17214,13803
724,1472,17054,13657
730,1445,17241,13846
727,1465,17151,13776
723,1439,17028,13696
729,1451,17204,13832
725,1466,17045,13638
728,1451,17208,13808
727,1458,17153,13773
726,1472,17086,13701
727,1454,17138,13755
724,1474,17029,13643
727,1457,17162,13765
728,1456,17187,13792
731,1455,17260,13838
739,1472,17413,13941
737,1483,17337,13899
741,1444,17491,14075
732,1463,17260,13854
731,1456,17177,13738
728,1451,17198,13793
723,1465,17018,13621
730,1454,17229,13849
726,1445,17118,13742
726,1469,17127,13746
729,1454,17160,13750
724,1455,17062,13681
729,1447,17221,13814
729,1456,17176,13791
734,1466,17247,13796
727,1461,17154,13769
726,1462,17073,13699
730,1444,17227,13838
725,1458,17063,13655
729,1453,17191,13794
729,1460,17216,13789
728,1457,17147,13764
729,1440,17186,13789
725,1458,17052,13666
726,1464,17129,13714
733,1454,17306,13903
736,1489,17282,13836
731,1459,17231,13797
728,1469,17135,13747
725,1467,17075,13680
727,1451,17145,13785
727,1456,17122,13746
730,1448,17218,13832
732,1473,17251,13828
733,1461,17274,13861
737,1459,17372,13952
725,1464,17069,13691
728,1449,17217,13823
728,1456,17182,13785
727,1463,17136,13716
727,1467,17153,13746
726,1458,17120,13731
729,1441,17207,13823
724,1460,17035,13639
728,1462,17173,13767
727,1452,17157,13776
726,1455,17084,13697
728,1445,17181,13801
724,1470,17063,13656
729,1449,17186,13821
726,1462,17114,13722
726,1464,17101,13724
728,1449,17138,13749
737,1459,17384,13953
739,1470,17394,13953
727,1446,17135,13735
726,1459,17116,13736
727,1460,17150,13752
726,1467,17080,13696
728,1454,17169,13746
727,1404,17197,13783
725,1444,17102,13707
729,1460,17197,13812
723,1462,17021,13622
728,1440,17245,13842
727,1453,17157,13762
727,1465,17139,13765
729,1461,17220,13813
725,1467,17053,13648
729,1447,17198,13823
727,1450,17123,13738
729,1439,17185,13806
727,1463,17159,13757
726,1470,17097,13705
727,1446,17174,13808
725,1459,17088,13696
725,1467,17078,13696
735,1448,17354,13923
736,1473,17328,13903
729,1447,17208,13811
724,1470,17079,13647
729,1461,17182,13797
737,1481,17327,13891
725,1461,17082,13684
732,1444,17315,13898
728,1461,17119,13686
727,1466,17141,13760
726,1459,17130,13754
725,1460,17093,13711
731,1449,17255,13871
725,1467,17060,13673
728,1463,17165,13786
728,1461,17150,13732
726,1454,17134,13742
730,1432,17253,13871
726,1464,17093,13710
734,1484,17240,13816
726,1458,17105,13716
728,1446,17153,13755
729,1473,17213,13810
726,1464,17115,13696
726,1461,17114,13724
729,1453,17179,13796
724,1464,17044,13665
729,1451,17216,13819
724,1468,17066,13650
727,1456,17140,13770
727,1450,17147,13752
725,1426,17100,13702
726,1454,17119,13731
724,1453,17046,13670
726,1462,17123,13749
730,1433,17245,13845
726,1453,17095,13693
726,1471,17127,13749
724,1480,17046,13658
727,1450,17151,13797
726,1452,17118,13720
726,1464,17104,13709
729,1446,17204,13805
726,1467,17072,13617
727,1458,17137,13763
729,1456,17176,13803
726,1456,17127,13738
726,1453,17144,13719
728,1476,17151,13749
736,1474,17292,13850
726,1458,17131,13727
731,1439,17238,13838
731,1477,17187,13762
725,1464,17066,13688
727,1448,17157,13786
727,1452,17159,13755
725,1473,17107,13719
728,1462,17147,13765
730,1462,17201,13800
737,1464,17328,13906
726,1465,17092,13684
726,1455,17134,13730
729,1458,17204,13788
730,1472,17168,13728
729,1445,17204,13828
725,1456,17073,13692
728,1463,17165,13783
727,1454,17164,13771
727,1458,17138,13732
729,1447,17223,13839
726,1467,17090,13683
726,1464,17107,13739
728,1452,17169,13802
726,1457,17122,13729
728,1444,17177,13787
727,1466,17136,13734
727,1465,17129,13732
726,1460,17109,13735
729,1453,17180,13786
728,1457,17181,13795
725,1456,17104,13707
726,1464,17118,13723
727,1449,17160,13778
727,1461,17133,13705
728,1453,17195,13811
738,1459,17387,13987
729,1457,17187,13813
736,1460,17284,13829
725,1457,17098,13683
731,1453,17239,13835
727,1471,17114,13712
731,1445,17258,13883
730,1469,17152,13730
725,1469,17094,13714
729,1453,17182,13805
727,1464,17130,13721
727,1456,17143,13744
724,1449,17057,13733
728,1461,17150,13756
726,1461,17120,13736
723,1465,17030,13626
731,1457,17253,13850
724,1454,17137,13704
728,1456,17193,13763
725,1481,17122,13720
724,1476,17030,13635
729,1452,17204,13817
729,1453,17170,13747
729,1456,17191,13765
727,1459,17129,13763
725,1459,17044,13653
732,1456,17256,13845
728,1457,17147,13766
727,1460,17121,13767
729,1457,17192,13814
725,1477,17074,13670
731,1449,17259,13862
730,1468,17145,13709
728,1456,17169,13782
726,1466,17091,13732
727,1462,17123,13728
735,1468,17301,13865
726,1461,17115,13707
725,1458,17112,13698
727,1473,17152,13748
725,1465,17076,13702
729,1447,17200,13814
725,1456,17086,13671
730,1465,17223,13811
733,1458,17215,13785
726,1463,17115,13722
732,1439,17310,13910
728,1466,17099,13681
726,1465,17109,13750
726,1465,17078,13698
728,1464,17169,13765
730,1447,17227,13847
726,1463,17096,13710
725,1464,17090,13707
726,1459,17129,13745
727,1448,17140,13738
723,1454,17129,13757
726,1469,17105,13700
727,1467,17149,13731
726,1461,17087,13703
735,1469,17288,13867
729,1456,17200,13831
726,1463,17131,13717
728,1456,17176,13775
726,1469,17125,13736
726,1462,17104,13720
728,1442,17171,13789
723,1469,17016,13637
731,1449,17261,13881
734,1462,17242,13810
726,1463,17136,13739
728,1454,17169,13793
726,1459,17097,13712
730,1446,17225,13838
724,1452,17128,13789
727,1468,17165,13751
730,1443,17232,13852
728,1473,17109,13678
728,1457,17206,13783
728,1461,17147,13752
728,1456,17164,13775
728,1453,17163,13783
724,1473,17053,13660
730,1442,17239,13863
728,1456,17184,13803
727,1465,17113,13733
726,1464,17139,13747
725,1459,17066,13684
729,1456,17162,13778
730,1452,17220,13828
729,1473,17174,13729
727,1466,17153,13762
724,1460,17057,13661
729,1443,17231,13849
727,1460,17117,13738
727,1468,17126,13724
726,1457,17134,13748
727,1456,17130,13716
729,1472,17212,13788
724,1476,17055,13671
727,1455,17104,13719
727,1460,17111,13729
728,1458,17175,13765
731,1463,17239,13799
724,1461,17053,13661
725,1464,17102,13707
725,1450,17091,13705
725,1465,17091,13675
728,1455,17176,13812
726,1471,17095,13721
728,1455,17173,13768
729,1455,17215,13815
732,1474,17211,13757
728,1458,17174,13774
724,1458,17036,13672
727,1456,17118,13718
727,1463,17133,13720
727,1456,17136,13747
728,1463,17206,13806
726,1472,17102,13717
727,1455,17115,13713
725,1458,17092,13711
723,1453,17139,13718
729,1459,17191,13756
724,1464,17032,13645
730,1434,17237,13844
726,1468,17105,13708
726,1460,17111,13735
726,1468,17108,13741
723,1458,16999,13630
729,1449,17234,13827
726,1453,17118,13737
727,1463,17132,13733
727,1451,17136,13751
724,1471,17043,13658
727,1457,17158,13757
730,1465,17210,13795
726,1460,17107,13702
729,1455,17192,13802
724,1468,17016,13608
730,1455,17219,13829
728,1477,17131,13723
727,1477,17122,13728
728,1460,17176,13782
726,1452,17048,13625
730,1456,17225,13826
727,1461,17138,13729
727,1470,17128,13741
732,1469,17215,13797
723,1462,17032,13657
731,1454,17255,13845
727,1468,17118,13699
728,1461,17151,13774
725,1465,17096,13702
727,1471,17121,13732
728,1457,17174,13756
724,1473,17061,13666
728,1465,17168,13778
728,1459,17205,13771
724,1473,17076,13680
730,1451,17248,13861
725,1465,17050,13646
728,1460,17165,13769
727,1461,17154,13749
725,1464,17103,13698
731,1450,17264,13867
727,1462,17087,13674
725,1459,17066,13686
727,1447,17143,13773
725,1463,17075,13696
731,1448,17280,13877
724,1470,17051,13647
728,1463,17156,13780
737,1457,17299,13862
725,1468,17059,13675
734,1445,17321,13936
724,1475,17045,13636
727,1467,17146,13745
730,1454,17235,13811
724,1462,17068,13671
728,1453,17187,13819
726,1461,17078,13708
735,1469,17276,13824
727,1463,17166,13742
726,1465,17102,13712
727,1448,17154,13758
726,1468,17110,13725
733,1467,17219,13801
726,1458,17117,13726
724,1458,17075,13676
729,1445,17217,13819
728,1469,17087,13652
728,1454,17187,13791
726,1463,17107,13718
726,1458,17098,13736
725,1462,17108,13735
724,1460,17049,13658
729,1458,17215,13823
729,1456,17199,13788
726,1459,17117,13745
727,1453,17152,13767
725,1464,17033,13658
729,1448,17196,13792
729,1461,17222,13817
726,1467,17115,13721
728,1452,17171,13784
728,1466,17097,13674
725,1450,17135,13761
726,1459,17097,13716
727,1461,17138,13754
727,1443,17146,13746
728,1463,17154,13701
727,1460,17163,13779
724,1474,17052,13655
728,1454,17158,13781
728,1447,17146,13724
726,1460,17111,13719
729,1469,17236,13822
726,1467,17118,13709
726,1460,17114,13732
726,1464,17090,13711
729,1470,17170,13788
730,1452,17216,13783
725,1464,17087,13683
726,1460,17101,13712
727,1437,17148,13757
726,1464,17132,13744
728,1454,17166,13777
725,1459,17075,13704
732,1467,17179,13760
736,1453,17356,13911
730,1456,17199,13787
741,1464,17464,14021
730,1458,17200,13783
740,1448,17433,14027
729,1472,17192,13784
726,1463,17101,13695
730,1446,17263,13857
725,1469,17076,13633
729,1462,17197,13809
725,1454,17064,13665
732,1448,17252,13860
735,1472,17296,13842
727,1464,17131,13712
728,1448,17168,13783
725,1465,17112,13719
725,1469,17084,13700
728,1451,17167,13784
725,1458,17052,13669
729,1455,17182,13804
727,1459,17153,13724
725,1461,17079,13700
727,1451,17124,13755
722,1454,17004,13619
728,1456,17183,13793
727,1468,17152,13712
726,1471,17117,13723
727,1453,17174,13767
725,1463,17084,13660
736,1484,17354,13949
740,1463,17432,14004
733,1458,17286,13867
742,1442,17509,14062
731,1482,17161,13711
727,1463,17137,13736
727,1471,17156,13754
727,1450,17131,13749
726,1457,17079,13703
724,1468,17039,13643
729,1463,17197,13806
727,1456,17149,13756
730,1469,17165,13747
726,1462,17136,13739
725,1452,17061,13676
729,1453,17170,13782
727,1463,17127,13733
727,1457,17131,13723
727,1458,17153,13754
726,1456,17128,13722
730,1462,17232,13835
724,1464,17052,13655
727,1456,17127,13751
728,1451,17189,13771
725,1457,17101,13702
730,1455,17230,13843
725,1471,17067,13655
728,1454,17148,13777
727,1442,17146,13755
724,1457,17061,13678
732,1438,17279,13901
733,1481,17224,13772
728,1451,17162,13770
725,1470,17089,13693
726,1473,17120,13729
729,1437,17222,13849
729,1480,17110,13682
727,1462,17145,13734
726,1464,17145,13718
729,1453,17221,13812
728,1459,17145,13771
725,1454,17081,13695
728,1457,17167,13779
727,1471,17133,13734
725,1471,17083,13668
729,1451,17192,13819
724,1473,17052,13642
728,1451,17177,13792
726,1471,17114,13732
726,1452,17093,13722
727,1451,17120,13741
724,1465,17060,13641
729,1455,17194,13794
725,1453,17146,13749
725,1464,17080,13711
726,1458,17117,13745
724,1460,17039,13624
730,1460,17223,13829
727,1457,17140,13723
728,1450,17173,13749
728,1456,17167,13788
724,1490,17031,13643
728,1459,17182,13796
726,1474,17137,13732
728,1457,17152,13741
728,1447,17172,13781
724,1463,17035,13639
731,1460,17221,13840
726,1469,17106,13731
729,1455,17142,13780
726,1460,17115,13731
725,1480,17070,13674
727,1456,17160,13781
725,1470,17079,13695
727,1457,17138,13743
726,1446,17098,13722
723,1458,17062,13665
729,1454,17204,13827
726,1458,17111,13710
727,1456,17154,13733
727,1465,17150,13775
727,1452,17119,13736
727,1458,17168,13792
726,1460,17113,13710
726,1451,17122,13711
729,1453,17185,13802
726,1470,17094,13709
732,1451,17276,13892
726,1461,17110,13733
730,1448,17217,13829
735,1473,17254,13829
726,1472,17104,13674
731,1443,17251,13858
724,1468,17053,13648
727,1458,17138,13757
725,1467,17089,13704
726,1458,17085,13683
729,1433,17226,13844
726,1464,17125,13726
729,1467,17170,13720
727,1457,17156,13784
725,1464,17069,13696
727,1454,17149,13771
726,1457,17108,13707
728,1458,17198,13792
727,1465,17116,13718
727,1464,17140,13744
727,1455,17143,13757
724,1458,17042,13642
727,1457,17142,13766
728,1457,17128,13738
724,1461,17070,13657
727,1459,17137,13768
723,1473,17018,13630
728,1460,17183,13796
726,1467,17080,13702
724,1465,17067,13689
729,1455,17208,13788
725,1477,17063,13636
730,1452,17243,13829
727,1457,17119,13721
726,1450,17113,13736
727,1463,17140,13752
724,1466,17052,13636
730,1465,17208,13795
730,1454,17223,13827
728,1459,17128,13697
730,1453,17228,13841
731,1489,17136,13722
728,1463,17178,13801
725,1460,17093,13711
728,1466,17183,13784
726,1451,17144,13741
728,1478,17122,13685
729,1440,17196,13819
725,1455,17066,13693
727,1464,17127,13705
730,1461,17244,13839
725,1471,17090,13683
731,1448,17277,13873
726,1460,17091,13711
730,1454,17206,13806
734,1474,17263,13820
727,1466,17113,13709
729,1448,17216,13808
725,1455,17063,13675
726,1464,17128,13738
727,1462,17149,13749
725,1469,17083,13705
729,1443,17206,13832
727,1452,17136,13748
725,1460,17115,13695
727,1471,17141,13753
724,1457,17052,13673
729,1446,17213,13844
724,1456,17037,13654
726,1465,17115,13717
734,1469,17249,13799
726,1461,17082,13687
728,1456,17215,13788
724,1460,17043,13643
727,1460,17135,13765
726,1460,17111,13722
726,1482,17099,13689
728,1450,17176,13769
725,1477,17060,13669
729,1448,17221,13821
727,1461,17143,13756
727,1462,17076,13698
728,1452,17157,13781
724,1464,17030,13665
731,1449,17259,13846
731,1468,17183,13745
727,1459,17128,13740
727,1461,17122,13726
726,1466,17087,13694
728,1459,17179,13781
725,1464,17111,13728
726,1467,17117,13707
727,1455,17168,13774
723,1463,17018,13617
727,1456,17143,13758
727,1453,17156,13784
726,1454,17137,13723
727,1457,17177,13768
724,1472,17040,13650
728,1459,17163,13769
729,1464,17191,13814
726,1459,17079,13694
727,1447,17164,13792
725,1477,17062,13675
730,1439,17249,13841
725,1456,17087,13694
727,1461,17122,13738
727,1449,17146,13756
726,1463,17088,13731
729,1448,17198,13818
727,1467,17164,13752
727,1468,17133,13701
729,1456,17191,13795
726,1451,17096,13723
728,1449,17161,13785
725,1470,17050,13664
729,1463,17211,13805
732,1471,17239,13791
726,1458,17099,13712
729,1464,17214,13797
724,1465,17049,13658
725,1463,17094,13710
728,1448,17143,13769
727,1461,17109,13743
729,1453,17241,13820
725,1459,17095,13706
726,1463,17125,13737
728,1461,17138,13765
725,1453,17070,13692
728,1448,17200,13816
726,1460,17112,13704
725,1467,17090,13679
727,1456,17168,13756
728,1456,17151,13761
727,1454,17149,13759
725,1455,17083,13680
727,1462,17137,13736
727,1445,17160,13747
725,1453,17075,13694
728,1458,17167,13781
725,1477,17057,13653
728,1457,17173,13795
738,1447,17415,14008
726,1469,17108,13720
726,1462,17154,13739
724,1464,17060,13682
727,1455,17165,13790
726,1458,17097,13707
728,1470,17141,13756
726,1467,17148,13743
723,1463,17028,13634
731,1434,17290,13894
727,1460,17148,13729
726,1472,17134,13749
726,1458,17115,13750
724,1469,17040,13655
731,1444,17252,13868
728,1456,17173,13753
725,1467,17107,13694
726,1454,17120,13742
725,1469,17034,13654
729,1449,17201,13813
726,1454,17127,13745
729,1453,17170,13792
729,1462,17224,13804
734,1485,17173,13753
728,1453,17167,13785
725,1455,17087,13703
726,1473,17084,13714
728,1441,17201,13815
725,1468,17062,13683
730,1436,17245,13852
725,1473,17095,13664
726,1464,17116,13726
723,1462,17023,13717
726,1455,17088,13689
728,1460,17206,13795
726,1457,17103,13709
728,1468,17158,13764
729,1464,17176,13743
726,1457,17072,13697
730,1439,17227,13842
726,1468,17098,13719
726,1459,17093,13720
728,1460,17151,13760
726,1461,17082,13696
730,1447,17246,13868
724,1475,17057,13655
723,1464,17043,13684
726,1461,17099,13711
727,1458,17154,13741
730,1445,17254,13838
724,1476,17051,13642
726,1466,17105,13722
726,1453,17112,13724
724,1464,17048,13664
728,1450,17186,13792
724,1474,17055,13649
728,1450,17176,13800
726,1469,17101,13682
724,1459,17062,13676
728,1468,17165,13792
724,1475,17041,13658
731,1442,17242,13860
729,1464,17157,13711
726,1457,17111,13722
728,1460,17182,13791
723,1469,17023,13646
728,1447,17171,13799
727,1460,17161,13751
726,1474,17108,13688
729,1460,17225,13825
723,1475,17050,13635
726,1453,17126,13746
727,1468,17149,13755
727,1471,17129,13754
728,1475,17150,13720
725,1470,17078,13670
729,1450,17227,13825
729,1460,17154,13745
726,1464,17146,13747
728,1462,17167,13790
725,1471,17031,13641
728,1449,17175,13800
728,1454,17174,13774
727,1450,17124,13744
727,1463,17126,13761
726,1457,17120,13735
729,1446,17206,13829
726,1468,17105,13709
724,1466,17086,13696
735,1459,17343,13907
736,1459,17355,13919
728,1458,17179,13785
723,1477,17045,13655
725,1467,17088,13706
727,1445,17151,13823
726,1465,17137,13717
729,1453,17190,13810
725,1471,17077,13688
729,1456,17185,13792
734,1469,17242,13798
726,1455,17107,13737
730,1459,17198,13790
725,1474,17107,13712
726,1465,17089,13682
727,1447,17134,13751
726,1456,17109,13721
728,1457,17180,13801
726,1481,17109,13715
726,1465,17091,13700
729,1456,17195,13786
726,1459,17118,13695
727,1449,17187,13808
724,1466,17032,13637
728,1464,17152,13759
728,1457,17188,13788
726,1463,17122,13714
727,1449,17147,13766
726,1473,17091,13695
728,1455,17152,13758
729,1483,17175,13796
725,1468,17095,13696
728,1467,17150,13761
724,1462,17055,13640
730,1454,17231,13830
736,1468,17304,13859
733,1461,17224,13792
728,1456,17125,13726
723,1461,17043,13644
725,1453,17179,13775
728,1452,17173,13764
729,1459,17184,13786
728,1471,17170,13783
723,1467,17023,13640
726,1450,17138,13765
727,1460,17147,13752
727,1474,17169,13767
728,1444,17196,13821
723,1449,17039,13645
728,1448,17200,13817
726,1461,17108,13729
730,1457,17207,13803
732,1474,17191,13764
726,1472,17093,13666
730,1490,17224,13850
727,1463,17147,13769
729,1465,17144,13730
727,1450,17152,13779
725,1461,17078,13678
729,1436,17237,13826
726,1469,17142,13730
726,1451,17137,13730
725,1415,17116,13716
727,1461,17127,13740
729,1454,17211,13825
724,1474,17075,13667
727,1464,17151,13751
727,1454,17144,13763
727,1474,17137,13742
728,1450,17194,13796
726,1460,17118,13735
730,1464,17145,13725
727,1456,17151,13768
726,1473,17109,13701
729,1458,17222,13840
724,1463,17033,13650
725,1463,17099,13708
726,1450,17108,13737
726,1459,17112,13713
730,1441,17261,13877
725,1455,17080,13686
726,1462,17147,13729
727,1460,17153,13779
725,1465,17066,13684
727,1440,17141,13779
725,1475,17079,13679
732,1456,17272,13851
726,1447,17102,13714
728,1472,17132,13747
729,1443,17212,13821
724,1464,17054,13661
727,1457,17154,13791
726,1468,17101,13724
725,1451,17113,13702
728,1451,17164,13789
726,1468,17091,13693
726,1471,17119,13722
726,1461,17091,13710
726,1465,17121,13725
725,1457,17109,13704
724,1468,17069,13660
731,1441,17298,13898
727,1457,17128,13755
726,1457,17119,13745
726,1455,17104,13745
725,1463,17084,13674
729,1465,17196,13783
728,1458,17181,13797
727,1459,17127,13712
726,1459,17123,13741
723,1446,17042,13639
727,1452,17168,13790
727,1459,17132,13753
738,1445,17391,13936
729,1455,17215,13825
733,1482,17200,13785
727,1460,17146,13758
725,1459,17092,13717
728,1460,17175,13784
728,1459,17183,13777
727,1471,17118,13698
729,1447,17214,13815
725,1473,17072,13686
727,1454,17144,13762
726,1474,17118,13707
725,1468,17115,13727
729,1442,17213,13801
726,1450,17084,13702
728,1457,17183,13785
727,1457,17145,13765
726,1465,17101,13725
730,1445,17235,13861
727,1463,17117,13737
728,1462,17170,13747
726,1467,17127,13724
725,1456,17097,13713
730,1434,17232,13855
732,1467,17238,13832
729,1463,17209,13794
733,1475,17233,13780
727,1465,17152,13731
731,1453,17229,13804
725,1454,17057,13669
726,1467,17106,13714
726,1465,17119,13746
728,1470,17176,13778
728,1437,17172,13751
727,1459,17145,13743
732,1466,17233,13798
728,1451,17153,13768
726,1466,17097,13723
727,1447,17123,13740
724,1462,17052,13675
727,1460,17179,13769
728,1459,17162,13776
725,1454,17094,13697
727,1463,17150,13749
723,1467,17020,13650
727,1446,17241,13838
735,1474,17296,13841
727,1463,17116,13711
727,1461,17171,13757
725,1464,17057,13666
727,1458,17141,13768
727,1459,17143,13770
726,1456,17127,13735
729,1452,17202,13796
724,1469,17026,13639
728,1459,17175,13780
730,1434,17211,13829
725,1444,17099,13701
727,1464,17144,13756
724,1473,17053,13677
728,1442,17271,13859
726,1456,17108,13727
726,1457,17095,13715
728,1463,17202,13808
725,1473,17052,13683
729,1459,17183,13774
724,1450,17078,13686
727,1464,17153,13753
725,1426,17158,13753
725,1476,17074,13691
727,1451,17152,13761
725,1452,17053,13659
727,1456,17161,13757
728,1466,17200,13785
728,1462,17129,13706
730,1436,17245,13850
728,1472,17153,13768
728,1463,17149,13748
728,1446,17179,13803
726,1458,17112,13733
730,1439,17235,13849
725,1456,17088,13698
730,1450,17212,13796
736,1467,17273,13857
724,1473,17040,13683
732,1443,17309,13906
734,1482,17269,13799
726,1472,17114,13695
726,1471,17135,13719
726,1450,17099,13704
728,1437,17175,13808
728,1463,17119,13735
726,1468,17134,13722
730,1450,17224,13809
725,1465,17070,13685
730,1452,17239,13844
726,1464,17102,13709
728,1460,17158,13783
726,1449,17104,13735
727,1468,17094,13677
727,1450,17170,13777
727,1475,17133,13735
729,1460,17211,13768
727,1457,17142,13765
726,1456,17089,13718
727,1466,17151,13737
724,1479,17076,13669
727,1419,17191,13773
727,1454,17158,13737
726,1461,17099,13719
727,1462,17113,13727
725,1463,17070,13671
728,1456,17169,13776
728,1437,17182,13788
726,1455,17122,13730
730,1454,17234,13828
723,1460,17013,13636
731,1446,17241,13863
726,1446,17112,13739
730,1451,17196,13814
730,1471,17198,13747
723,1433,17062,13654
729,1451,17211,13826
726,1452,17124,13753
725,1458,17088,13697
727,1469,17133,13723
726,1456,17082,13700
728,1450,17184,13798
740,1458,17449,13997
726,1461,17114,13705
728,1469,17113,13723
727,1453,17134,13754
729,1444,17231,13846
726,1458,17099,13693
729,1453,17207,13818
731,1471,17217,13785
725,1468,17068,13691
730,1447,17237,13861
725,1460,17086,13706
724,1473,17053,13673
729,1456,17208,13801
729,1442,17169,13774
731,1429,17270,13882
724,1463,17054,13665
726,1463,17123,13740
726,1465,17115,13730
726,1454,17132,13734
729,1449,17235,13825
725,1472,17102,13704
727,1455,17134,13736
727,1462,17110,13729
726,1457,17091,13713
728,1443,17184,13780
727,1466,17152,13740
727,1456,17131,13755
727,1465,17151,13741
727,1456,17128,13741
727,1461,17146,13752
723,1477,17035,13632
727,1455,17157,13783
729,1457,17195,13795
727,1449,17145,13749
729,1469,17193,13813
723,1477,17043,13641
730,1411,17227,13832
728,1455,17150,13738
726,1466,17113,13730
729,1468,17225,13816
725,1461,17094,13687
729,1449,17204,13821
727,1452,17127,13743
726,1461,17137,13758
727,1455,17138,13737
730,1475,17118,13707
731,1446,17241,13869
727,1447,17157,13758
728,1459,17185,13779
728,1455,17144,13741
724,1474,17035,13657
729,1444,17196,13825
728,1443,17208,13809
728,1454,17163,13767
727,1470,17148,13764
725,1457,17099,13723
727,1455,17151,13775
727,1451,17145,13749
725,1471,17102,13713
731,1446,17265,13847
736,1483,17291,13824
729,1452,17215,13827
724,1469,17033,13654
728,1443,17186,13789
734,1471,17269,13816
726,1458,17116,13711
739,1464,17475,13865
735,1478,17316,13702
727,1466,17145,13775
728,1460,17153,13745
725,1464,17066,13693
731,1453,17265,13875
737,1472,17367,13716
740,1471,17487,13842
730,1457,17210,13841
737,1476,17300,13860
729,1434,17215,13837
728,1464,17172,13774
739,1460,17460,13836
738,1476,17429,13814
732,1459,17297,13825
735,1460,17279,13865
724,1460,17055,13673
735,1453,17292,13882
730,1453,17224,13815
730,1453,17183,13744
740,1442,17493,14078
726,1471,17084,13656
729,1450,17193,13808
727,1450,17136,13759
726,1458,17115,13743
730,1452,17214,13843
726,1460,17107,13716
728,1447,17201,13824
728,1451,17151,13781
726,1448,17142,13748
728,1449,17162,13792
726,1465,17082,13695
732,1446,17213,13839
728,1452,17172,13769
728,1457,17180,13770
726,1453,17123,13723
724,1466,17032,13637
729,1452,17173,13805
726,1467,17128,13730
732,1457,17294,13867
729,1464,17158,13754
726,1466,17109,13692
729,1453,17192,13811
727,1450,17166,13779
727,1462,17156,13761
729,1453,17161,13748
731,1464,17141,13737
730,1447,17237,13852
727,1464,17145,13744
727,1461,17143,13770
728,1461,17156,13777
730,1458,17225,13811
731,1456,17261,13810
737,1457,17476,13864
728,1466,17185,13772
730,1433,17218,13867
731,1451,17265,13798
742,1445,17594,13987
736,1469,17360,13743
737,1470,17391,13749
730,1461,17230,13833
738,1463,17449,13851
730,1462,17232,13825
728,1456,17122,13703
731,1459,17233,13837
739,1469,17408,13836
727,1460,17164,13748
730,1443,17240,13868
728,1469,17167,13797
732,1514,17220,13796
729,1465,17177,13804
764,1466,18141,13965
729,1457,17235,13826
726,1470,17150,13720
728,1460,17179,13771
730,1462,17206,13803
725,1463,17086,13699
731,1448,17269,13878
738,1460,17446,13813
743,1469,17565,13921
729,1459,17185,13786
728,1466,17167,13764
728,1458,17211,13803
725,1477,17073,13690
732,1451,17310,13854
737,1450,17437,13864
728,1463,17185,13762
739,1471,17483,13853
734,1459,17358,13798
732,1452,17310,13843
727,1462,17135,13759
739,1445,17497,13920
728,1457,17176,13806
727,1447,17137,13731
731,1455,17258,13838
729,1459,17202,13817
729,1462,17195,13788
728,1450,17161,13799
722,1469,17044,13658
730,1441,17247,13847
729,1462,17202,13808
728,1462,17180,13768
728,1465,17173,13782
725,1445,17081,13710
742,1457,17474,14034
740,1462,17405,13973
732,1471,17203,13784
730,1442,17213,13835
729,1460,17158,13765
730,1458,17218,13798
728,1455,17179,13793
727,1462,17157,13743
732,1441,17261,13873
729,1465,17200,13792
730,1452,17265,13855
727,1461,17152,13775
727,1457,17133,13752
731,1451,17225,13847
730,1459,17224,13829
729,1457,17240,13825
727,1462,17114,13720
729,1460,17196,13817
742,1441,17559,13983
743,1454,17614,14009
736,1464,17308,13880
724,1455,17060,13687
739,1454,17511,13880
731,1463,17246,13844
731,1454,17250,13850
732,1442,17315,13928
726,1457,17102,13739
727,1453,17138,13745
729,1453,17203,13802
729,1463,17224,13808
745,1446,17731,14060
732,1462,17252,13862
731,1452,17236,13860
730,1443,17217,13827
728,1464,17192,13794
730,1448,17247,13844
730,1460,17215,13803
733,1446,17290,13891
732,1457,17256,13872
731,1467,17260,13860
729,1437,17224,13857
726,1464,17115,13731
734,1445,17353,13942
745,1452,17599,14157
738,1439,17421,14000
745,1448,17581,14139
743,1448,17513,14094
737,1458,17375,13930
743,1445,17638,14000
744,1450,17680,14039
740,1437,17498,14068
745,1460,17533,14089
733,1438,17342,13940
735,1451,17375,13994
750,1441,17742,14211
752,1453,17805,14099
731,1457,17233,13840
746,1460,17656,14014
735,1460,17325,13901
739,1436,17501,13960
740,1438,17552,14033
742,1473,17536,13932
738,1442,17464,14034
744,1442,17656,14028
744,1469,17599,13971
736,1436,17361,13927
733,1462,17294,13896
735,1441,17368,13943
735,1441,17383,13981
746,1428,17701,14090
749,1467,17717,14000
740,1447,17546,13999
744,1443,17686,14109
735,1453,17340,13943
736,1440,17377,13950
748,1433,17791,14113
735,1448,17388,13975
747,1453,17726,14079
734,1444,17336,13941
736,1440,17413,14039
741,1451,17458,14028
744,1436,17695,14110
749,1436,17802,14149
745,1467,17636,14001
745,1430,17678,14086
747,1437,17740,14118
739,1441,17467,14073
748,1470,17771,14124
749,1439,17761,14125
748,1446,17756,14093
741,1434,17594,14081
737,1444,17409,14001
741,1454,17545,14151
747,1436,17738,14139
752,1441,17802,14117
743,1439,17623,14102
739,1446,17465,14064
743,1462,17594,14175
742,1449,17556,14135
740,1455,17517,14098
740,1448,17480,14077
738,1431,17434,14033
752,1442,17870,14199
743,1463,17577,14150
744,1478,17624,14201
742,1456,17556,14131
739,1442,17453,14069
743,1459,17592,14178
741,1432,17507,14074
745,1481,17691,14248
744,1475,17663,14210
741,1446,17533,14128
741,1464,17537,14138
742,1442,17460,14055
745,1481,17672,14235
744,1462,17644,14194
745,1453,17607,14192
742,1447,17590,14165
740,1449,17509,14093
742,1463,17573,14156
742,1450,17557,14152
742,1459,17545,14148
744,1472,17644,14207
746,1446,17673,14164
743,1478,17617,14211
741,1461,17561,14151
751,1461,17840,14242
748,1466,17794,14236
741,1448,17531,14094
744,1469,17656,14205
743,1436,17566,14112
743,1451,17588,14173
741,1456,17541,14138
748,1442,17711,14136
743,1459,17615,14172
750,1447,17805,14149
756,1451,17883,14216
762,1465,18084,14390
741,1438,17490,14063
751,1468,17891,14272
748,1439,17754,14136
749,1450,17808,14200
749,1456,17790,14120
754,1447,17904,14232
753,1471,17756,14291
740,1438,17558,14042
748,1453,17767,14195
744,1447,17652,14134
749,1439,17808,14182
752,1440,17854,14170
744,1467,17664,13976
746,1442,17707,14134
747,1451,17674,14058
747,1473,17649,14038
745,1452,17700,14184
746,1453,17658,13976
746,1463,17659,14019
738,1442,17486,14016
749,1434,17765,14143
749,1440,17765,14134
743,1437,17592,14053
739,1439,17484,14021
739,1442,17498,14044
744,1433,17653,14094
741,1439,17580,14077
735,1445,17356,13930
738,1445,17446,14064
737,1440,17416,14005
733,1444,17333,13925
742,1440,17591,14048
738,1456,17467,13925
738,1439,17464,14027
738,1456,17377,13957
736,1445,17374,13983
732,1442,17309,13906
732,1467,17274,13859
735,1443,17359,13949
734,1455,17349,13943
737,1438,17387,13999
746,1477,17566,13901
737,1464,17411,13846
733,1450,17303,13920
743,1475,17574,13910
743,1458,17570,13944
739,1453,17491,13945
737,1464,17429,13858
738,1438,17472,13979
742,1454,17568,13947
743,1466,17558,13915
732,1465,17323,13897
738,1477,17413,13749
732,1447,17298,13908
729,1458,17173,13774
746,1469,17611,13970
736,1454,17346,13885
740,1465,17519,13882
739,1478,17452,13827
736,1469,17367,13740
732,1457,17284,13828
738,1476,17445,13841
732,1451,17286,13856
740,1461,17440,13810
738,1459,17433,13795
740,1466,17443,13800
739,1459,17442,13814
739,1462,17479,13882
736,1440,17428,13902
730,1468,17188,13682
737,1453,17448,13858
732,1460,17301,13851
730,1444,17248,13814
740,1464,17501,13894
736,1465,17363,13776
738,1457,17470,13892
727,1461,17165,13760
728,1474,17162,13759
737,1443,17441,13900
737,1448,17444,13866
729,1466,17166,13742
739,1447,17469,13889
736,1458,17364,13790
737,1441,17445,13905
734,1456,17341,13791
735,1455,17361,13831
739,1450,17489,13963
747,1449,17689,14106
737,1442,17461,13938
728,1466,17117,13686
737,1447,17457,13894
735,1469,17362,13799
738,1468,17436,13859
738,1476,17349,13913
725,1472,17055,13645
734,1450,17377,13856
739,1472,17459,13844
740,1475,17437,13775
744,1473,17544,13988
730,1468,17114,13661
728,1447,17170,13797
734,1459,17358,13814
729,1457,17183,13790
730,1423,17150,13709
732,1465,17277,13752
734,1458,17355,13843
733,1438,17340,13845
729,1456,17195,13759
729,1458,17208,13758
723,1478,17035,13627
728,1444,17174,13780
728,1456,17184,13768
735,1461,17416,13916
736,1478,17356,13751
735,1469,17301,13694
733,1453,17343,13832
738,1463,17439,13814
729,1496,17216,13810
738,1464,17417,13813
725,1464,17078,13694
732,1436,17271,13885
725,1464,17063,13670
736,1453,17422,13858
738,1458,17425,13917
749,1490,17625,13936
750,1454,17738,14092
736,1465,17403,13828
738,1479,17372,13745
737,1454,17418,13844
736,1470,17323,13694
740,1473,17490,13874
736,1476,17339,13687
726,1461,17140,13720
737,1477,17378,13768
733,1460,17297,13763
738,1469,17426,13810
737,1467,17382,13750
744,1482,17487,13807
726,1461,17099,13704
730,1454,17213,13814
734,1462,17270,13836
734,1476,17301,13699
736,1473,17323,13716
737,1457,17451,13876
730,1450,17216,13799
748,1447,17688,14095
735,1473,17292,13870
737,1447,17447,13870
734,1458,17361,13842
733,1455,17276,13775
737,1447,17455,13873
735,1476,17358,13772
737,1450,17459,13909
732,1461,17280,13759
730,1459,17242,13762
734,1454,17374,13876
731,1463,17250,13723
735,1448,17392,13865
733,1444,17338,13858
731,1452,17262,13765
730,1456,17252,13784
732,1467,17253,13769
743,1470,17508,13977
731,1446,17239,13745
734,1454,17328,13813
731,1461,17251,13745
729,1477,17159,13677
731,1446,17299,13846
730,1444,17260,13787
731,1460,17260,13786
743,1458,17575,14021
726,1464,17086,13667
730,1455,17234,13825
727,1459,17138,13740
727,1465,17172,13754
727,1460,17127,13746
726,1469,17105,13684
732,1446,17292,13857
726,1464,17104,13689
729,1458,17183,13767
729,1448,17212,13821
727,1466,17143,13733
729,1448,17200,13812
726,1466,17116,13722
738,1470,17394,13941
729,1446,17200,13794
727,1455,17135,13742
737,1456,17349,13903
733,1463,17289,13754
739,1470,17449,13801
750,1457,17760,14136
738,1454,17450,13819
739,1467,17502,13865
735,1479,17307,13688
726,1463,17111,13731
739,1462,17468,13869
726,1454,17096,13699
732,1454,17309,13892
744,1489,17472,13812
727,1464,17108,13685
728,1455,17184,13776
742,1483,17412,13752
739,1431,17559,13973
734,1470,17284,13679
738,1474,17422,13772
737,1463,17420,13843
736,1465,17359,13722
728,1455,17174,13790
724,1458,17033,13652
736,1472,17373,13751
738,1455,17414,13791
741,1463,17422,13766
738,1450,17508,13906
735,1460,17333,13752
737,1450,17455,13894
738,1446,17444,13867
736,1472,17431,13833
736,1461,17446,13855
734,1456,17300,13742
738,1446,17467,13881
736,1442,17413,13837
737,1450,17425,13848
735,1458,17390,13834
732,1458,17254,13704
741,1439,17555,13967
748,1456,17668,14062
748,1444,17703,14120
730,1449,17346,13838
733,1469,17278,13724
735,1449,17408,13849
735,1448,17404,13846
736,1463,17434,13871
735,1460,17386,13815
733,1456,17291,13747
736,1445,17417,13890
732,1447,17334,13815
735,1457,17395,13831
735,1457,17399,13865
732,1465,17268,13735
737,1447,17454,13914
733,1471,17306,13770
734,1457,17361,13852
737,1437,17472,13922
734,1452,17368,13829
737,1441,17476,13890
728,1454,17204,13748
733,1465,17331,13824
733,1455,17311,13807
733,1461,17316,13775
736,1449,17432,13894
733,1454,17321,13753
737,1455,17422,13868
735,1460,17379,13827
734,1459,17336,13802
737,1474,17426,13906
733,1457,17332,13810
732,1454,17286,13755
734,1440,17362,13853
731,1463,17263,13765
734,1435,17409,13898
732,1463,17288,13788
732,1461,17265,13763
733,1439,17333,13849
730,1452,17245,13763
733,1449,17350,13890
727,1465,17130,13661
733,1446,17341,13855
734,1450,17321,13774
733,1447,17305,13788
733,1464,17332,13833
729,1468,17191,13707
734,1451,17356,13853
735,1454,17411,13864
733,1476,17288,13768
734,1473,17363,13852
733,1471,17249,13735
734,1447,17366,13870
736,1453,17378,13826
732,1465,17306,13795
736,1457,17419,13900
731,1470,17219,13696
733,1441,17345,13848
733,1455,17323,13830
731,1456,17254,13770
