531
674,507
675,519
673,510
673,514
676,526
675,508
672,530
673,512
672,512
676,522
671,507
675,521
674,507
674,513
675,528
674,508
674,510
675,515
674,512
672,520
672,502
673,520
673,513
672,511
675,533
675,507
671,515
674,518
675,516
675,523
675,506
674,520
673,523
673,508
676,519
673,510
672,517
672,526
674,507
674,519
674,507
674,512
673,531
674,505
673,518
676,511
674,517
673,523
675,506
675,529
674,515
674,512
673,521
675,517
675,519
674,505
673,515
673,520
673,510
675,513
674,517
672,513
673,520
674,504
675,520
673,513
672,512
675,532
674,508
676,523
674,521
672,515
675,510
674,508
674,521
673,521
672,508
674,521
671,514
674,513
675,524
675,506
673,524
673,511
675,512
671,531
674,505
675,518
673,510
674,514
672,522
673,507
674,526
673,510
674,511
672,517
673,508
674,518
672,506
675,511
673,521
673,503
673,511
674,517
677,511
670,520
672,505
675,521
674,515
674,510
675,534
672,506
672,514
675,517
674,509
673,526
673,506
672,519
673,519
673,505
673,517
673,509
672,516
669,518
673,503
671,516
671,506
673,511
672,524
671,503
671,514
671,508
674,515
672,517
672,505
672,524
670,499
672,505
671,514
672,509
672,516
672,508
673,512
670,517
671,499
671,509
671,514
673,513
671,521
672,504
672,512
668,514
669,510
670,532
671,505
671,508
672,503
671,509
671,522
673,507
673,517
669,513
672,501
672,516
671,508
671,513
668,513
672,502
672,517
671,506
673,506
670,527
670,510
670,513
671,506
669,503
669,517
672,503
669,523
669,505
672,504
669,516
670,500
670,513
673,505
669,507
669,516
670,500
670,509
671,518
670,512
670,523
670,504
669,511
670,512
671,509
670,524
669,507
671,510
671,515
670,505
669,517
671,515
671,513
670,516
671,502
670,512
671,511
671,510
670,517
669,500
669,516
670,505
671,503
667,522
671,499
669,514
668,503
669,511
668,513
671,499
668,521
669,504
671,506
670,520
670,501
666,513
670,505
670,507
670,518
670,500
671,509
669,517
670,508
670,517
669,506
666,512
669,514
668,505
671,523
669,504
668,509
671,509
669,505
669,513
670,505
668,511
668,516
671,502
671,511
671,513
669,507
669,513
670,499
669,515
669,501
670,509
671,521
670,501
672,501
668,504
672,507
670,515
669,501
670,520
669,504
667,509
668,514
672,508
670,513
670,509
670,505
669,513
671,500
672,506
668,520
668,507
669,518
669,505
670,514
670,514
669,501
668,526
672,507
670,510
670,510
669,502
668,515
668,506
669,516
669,516
668,499
669,510
667,512
671,512
669,512
667,502
671,506
669,501
670,508
669,523
668,499
669,513
670,505
670,507
670,507
669,497
667,520
669,505
668,504
668,512
669,502
671,511
669,507
669,507
670,517
668,504
670,509
668,517
670,506
672,517
667,505
670,512
669,511
671,514
669,524
667,504
669,506
669,508
671,503
668,516
667,507
670,512
669,513
671,499
667,512
667,510
672,508
670,512
672,499
668,515
668,501
670,511
668,527
668,498
668,509
668,502
668,507
666,513
669,500
667,517
668,504
668,505
667,513
670,502
670,509
668,511
669,505
669,514
670,502
669,504
669,521
671,506
671,513
668,506
669,511
667,515
668,503
668,518
671,503
669,510
668,511
670,506
669,519
670,504
667,515
669,511
668,500
667,508
668,504
668,507
668,502
669,500
668,510
668,500
670,506
668,520
669,497
670,509
668,502
670,502
670,511
669,498
670,516
670,506
669,504
668,511
669,502
668,511
668,511
669,508
669,514
668,500
667,504
669,521
670,510
668,515
669,503
669,511
670,511
668,502
666,522
667,508
667,504
668,512
669,499
666,510
667,503
670,510
669,511
668,498
670,508
668,508
669,507
669,512
671,500
667,513
668,509
669,509
671,520
667,499
667,510
669,504
666,503
669,514
670,497
668,515
670,508
667,502
673,509
668,506
669,511
669,513
669,504
670,517
668,504
669,505
669,519
667,500
669,513
669,503
668,509
666,514
670,503
671,524
667,504
668,515
670,513
668,501
670,510
668,503
668,512
669,510
669,500
668,507
669,507
668,506
667,522
666,499
669,511
666,501
670,505
670,522
667,496
669,507
668,506
668,505
669,515
669,505
668,515
668,510
668,504
668,513
666,509
670,518
668,513
668,504
668,514
668,501
668,510
668,516
669,500
667,513
668,504
669,509
667,511
669,503
667,521
668,501
669,507
667,510
669,498
669,508
668,512
670,507
669,509
669,498
668,506
668,505
669,505
670,511
666,499
670,508
668,500
669,506
668,521
668,507
668,510
668,505
671,505
668,517
667,504
670,531
667,510
670,502
668,511
666,505
669,507
667,512
668,502
667,515
666,503
669,508
668,519
668,498
668,510
668,504
667,509
667,508
670,502
669,520
669,502
670,505
669,506
669,499
668,511
669,499
668,508
666,514
671,503
667,507
667,504
669,506
667,514
669,499
669,511
668,501
666,506
668,521
668,500
669,509
668,505
667,505
668,514
669,505
669,513
668,508
666,501
669,512
667,506
670,508
667,513
669,500
668,512
670,502
667,505
665,520
667,501
670,513
670,505
672,508
667,511
669,502
666,520
668,500
666,505
668,506
666,504
668,510
669,500
670,506
667,512
668,497
667,506
670,507
668,505
668,512
667,501
667,509
669,504
668,499
669,527
668,496
669,512
669,508
668,508
667,505
669,504
667,515
667,512
668,500
667,518
669,505
665,508
668,501
667,502
668,507
667,501
670,506
667,519
669,500
669,510
668,506
669,506
669,510
668,507
667,522
668,508
667,506
669,505
669,497
667,508
671,500
667,508
670,508
669,497
668,504
665,512
668,504
670,514
666,501
667,510
667,510
666,503
668,516
668,502
666,506
665,511
667,503
669,509
668,503
665,513
667,506
671,501
669,509
668,508
665,507
671,512
669,501
670,513
665,504
670,506
668,515
670,498
667,512
667,498
666,516
669,506
667,500
668,518
669,499
667,503
667,503
668,496
670,511
669,507
669,506
667,516
668,498
667,506
668,512
670,505
667,515
667,501
666,509
669,507
666,510
669,524
669,499
671,507
669,506
668,502
670,513
670,503
671,512
667,512
670,501
670,507
667,508
669,508
667,514
667,502
668,510
666,504
670,508
668,517
668,498
669,510
668,499
670,503
668,506
666,496
667,516
669,497
669,505
670,509
667,505
668,508
670,505
669,505
668,514
667,499
670,503
668,514
668,504
667,517
669,502
670,508
668,511
669,503
669,522
669,500
670,508
668,508
670,504
668,509
669,509
669,513
669,508
668,498
669,506
670,508
670,507
668,511
669,501
669,510
670,501
668,506
670,519
668,509
669,510
667,501
670,508
669,510
668,498
666,515
667,502
669,504
669,510
669,499
671,507
668,507
668,506
667,511
670,500
668,507
669,514
670,505
671,515
668,505
670,509
668,511
671,506
669,521
672,502
668,507
668,511
668,504
669,512
669,504
670,509
671,511
669,500
669,509
670,508
670,508
668,512
668,501
669,509
671,500
670,505
667,520
669,495
669,510
671,497
668,505
670,511
670,500
667,517
670,496
668,507
671,511
670,502
669,513
669,511
666,506
669,514
669,503
669,507
668,518
668,509
669,518
668,513
668,511
669,515
670,506
669,522
669,504
668,507
671,513
670,500
668,517
670,505
669,512
671,509
670,501
668,509
672,510
668,509
669,510
669,500
669,504
669,500
668,503
669,519
667,498
669,509
668,504
669,509
668,515
669,497
665,519
668,506
668,508
671,507
668,504
667,513
666,513
668,507
669,505
668,507
668,507
669,516
669,505
669,524
667,505
669,507
669,510
672,512
670,524
669,505
670,508
668,510
667,504
668,513
669,514
671,509
669,509
669,501
669,508
668,504
668,508
672,508
668,499
672,510
668,499
669,511
668,512
668,497
668,509
669,502
670,504
667,509
669,501
667,515
671,507
669,503
669,512
669,503
672,510
668,510
669,503
669,516
670,503
668,508
670,519
669,502
668,513
667,502
670,506
669,511
670,502
669,522
667,504
669,503
670,508
670,500
669,511
668,505
671,508
669,507
669,497
670,506
670,505
670,506
668,507
671,501
668,511
669,500
667,507
669,523
670,495
669,507
669,504
669,504
669,511
668,501
668,515
667,509
667,506
667,510
666,505
669,507
669,512
669,509
668,514
666,502
669,505
669,520
669,501
667,513
667,507
669,507
667,509
669,494
670,519
666,504
669,507
670,505
669,507
668,511
668,503
668,512
668,508
667,496
668,509
667,503
669,504
668,511
670,499
667,508
667,500
669,509
668,520
668,498
668,508
668,505
668,508
666,514
669,501
669,516
667,505
671,502
668,508
669,503
668,507
668,512
669,501
670,512
670,502
669,509
671,521
670,504
669,512
668,505
668,505
667,511
667,494
668,520
671,499
667,506
668,506
668,499
668,507
670,499
666,507
668,508
668,496
669,508
669,511
669,505
670,511
667,498
667,508
669,509
667,507
669,521
667,501
669,508
669,513
670,505
668,508
669,504
666,508
670,502
665,497
663,499
665,497
667,497
663,502
663,496
662,500
661,490
663,492
663,504
662,491
661,504
662,490
663,494
662,496
664,491
664,501
662,490
660,494
663,491
664,489
664,498
660,498
662,496
661,495
663,483
664,493
661,493
661,496
663,498
663,489
661,496
662,498
662,493
663,508
663,489
664,496
662,496
660,500
662,499
663,490
661,502
662,501
661,493
662,491
662,496
662,495
662,499
660,493
664,505
662,489
663,490
665,505
660,491
662,501
662,491
662,492
662,496
659,490
662,504
659,499
661,493
660,491
660,488
661,494
663,490
659,496
660,490
662,485
661,494
659,504
660,493
663,493
661,487
660,495
661,497
659,496
660,507
660,491
662,496
661,499
659,494
661,494
662,487
663,502
661,502
662,488
662,486
660,498
661,493
660,497
664,489
661,495
661,488
663,489
659,505
662,487
660,495
662,489
659,492
660,490
660,490
660,503
661,490
661,494
659,494
662,493
663,496
662,486
663,497
661,493
660,491
661,491
660,505
664,490
660,498
661,489
660,492
662,500
664,490
660,503
661,488
663,493
664,495
661,488
661,491
662,491
662,502
661,501
660,489
663,490
659,495
661,491
661,496
660,490
662,494
663,493
662,489
663,504
663,487
663,494
664,488
662,493
661,492
662,490
660,506
660,492
661,493
661,487
661,484
662,492
662,488
662,493
660,492
662,485
661,490
661,499
660,493
662,497
662,486
661,495
660,499
661,491
662,514
661,490
659,495
660,493
660,495
663,491
661,490
661,498
663,492
661,485
660,485
662,500
661,487
659,504
662,489
661,488
662,489
660,490
661,501
660,479
661,494
662,493
662,490
660,491
661,486
659,504
661,491
662,492
659,487
663,485
659,497
662,496
660,496
661,493
661,485
661,492
662,506
658,493
659,499
661,486
660,492
659,498
662,491
661,506
661,489
660,493
662,490
661,488
662,491
661,490
661,498
658,500
661,490
661,494
662,502
659,490
663,495
661,490
663,494
660,490
660,492
660,501
662,486
660,497
660,490
660,489
662,492
659,487
662,503
662,495
660,491
661,485
662,489
659,494
660,501
659,495
662,495
660,487
661,490
661,509
659,493
662,496
659,487
659,494
660,492
656,502
660,500
660,488
661,492
661,492
661,490
660,493
661,495
661,493
662,502
661,488
661,495
660,499
661,489
660,496
663,485
660,495
662,491
660,506
661,500
660,484
662,497
660,495
659,492
661,494
661,485
660,498
660,496
659,491
662,489
662,489
661,493
662,493
661,496
660,493
661,487
662,491
663,508
660,491
661,499
660,489
662,490
661,499
660,489
661,503
662,488
661,491
662,493
661,488
660,496
662,493
663,497
660,492
662,487
662,490
661,504
660,490
661,500
661,488
661,497
661,493
662,492
662,503
662,492
662,497
661,492
661,493
663,493
664,490
664,501
661,499
662,496
661,490
660,492
664,493
661,498
665,498
662,495
661,488
663,493
660,506
663,489
662,498
661,496
663,495
662,495
664,492
662,505
662,491
664,495
662,495
664,491
665,497
661,493
663,499
660,499
664,491
663,496
663,498
662,499
663,496
663,491
664,497
666,493
666,497
662,507
663,490
665,500
663,493
663,498
664,501
665,493
662,508
662,498
665,499
665,498
665,498
665,498
664,505
664,498
666,501
666,501
664,503
662,513
666,493
667,508
665,499
666,503
664,502
666,504
666,515
665,497
664,501
664,499
665,496
667,505
668,499
666,503
667,497
666,494
666,496
664,500
664,503
664,503
665,495
667,503
665,495
668,501
666,510
665,494
664,503
667,494
667,499
664,508
666,494
665,507
666,499
666,498
664,502
665,500
665,503
667,508
666,499
665,498
666,494
666,500
666,503
666,495
663,507
662,498
665,502
664,503
665,495
666,513
664,500
662,499
664,496
665,494
664,500
664,494
663,501
663,500
663,492
665,501
665,499
666,499
664,499
665,496
662,511
665,496
664,495
668,510
666,493
662,503
662,500
663,501
662,498
665,500
664,506
665,508
665,496
666,497
664,499
664,500
664,505
664,494
663,503
666,496
666,500
663,511
664,501
664,500
663,497
663,499
663,498
665,495
664,514
666,493
664,500
664,493
665,493
667,505
665,491
664,502
664,499
665,491
664,499
663,502
665,499
667,504
665,496
664,500
665,502
664,495
663,512
663,493
665,501
663,495
666,496
665,502
664,497
665,505
665,502
664,493
667,500
664,497
667,502
664,505
663,497
664,504
662,494
665,488
663,512
667,493
664,505
666,495
665,499
665,498
664,496
665,512
665,489
667,498
665,495
664,494
663,504
663,489
665,498
664,501
663,492
663,499
663,511
665,497
664,505
662,492
663,502
665,497
664,498
665,516
661,492
665,500
666,496
666,498
663,503
665,496
664,503
665,496
664,495
664,498
662,497
664,496
664,505
663,495
665,503
664,494
664,496
664,509
664,497
664,502
665,494
663,497
664,495
663,492
664,508
663,493
666,497
664,496
664,493
664,502
665,497
663,500
663,503
666,490
666,498
662,506
663,496
664,504
664,