2250,10000
870,697
878,696
873,693
871,702
868,711
872,709
873,712
870,705
869,719
872,727
872,712
876,728
871,709
872,711
873,722
878,711
877,720
872,713
875,689
874,695
878,697
873,696
865,710
874,685
873,695
871,700
874,706
872,711
873,708
873,721
877,715
876,722
877,727
874,712
872,733
878,729
873,716
871,718
870,707
873,742
871,715
879,701
877,697
876,707
877,694
874,723
876,697
871,699
871,689
872,715
876,711
869,698
871,704
879,711
871,719
873,726
881,708
872,732
873,725
872,707
874,715
875,708
872,712
870,704
874,683
873,706
874,698
873,695
872,696
877,695
872,694
876,698
872,715
875,713
877,704
869,718
877,713
866,719
871,709
873,712
879,731
869,722
876,710
870,713
876,718
877,716
875,700
875,687
878,685
869,693
874,692
875,705
876,704
869,695
870,698
870,715
869,710
870,701
872,724
870,719
875,723
873,700
874,710
870,742
877,707
876,705
871,711
875,712
873,713
872,696
870,684
868,699
872,696
882,698
876,701
873,689
871,699
871,702
881,706
880,711
873,704
884,724
873,717
871,716
872,714
871,711
874,736
872,725
875,703
876,719
877,713
879,714
868,699
873,685
870,694
881,698
875,698
883,693
875,710
878,703
881,719
877,712
882,721
876,709
874,724
868,715
874,723
875,717
878,716
876,737
876,720
876,702
878,714
871,717
877,702
866,702
876,697
878,708
875,695
876,697
880,700
873,700
868,702
873,702
876,716
871,702
869,722
867,732
872,725
874,712
874,706
871,718
871,734
870,716
877,698
882,713
872,706
877,701
870,694
874,696
870,695
876,694
871,694
873,706
883,696
875,705
868,702
874,723
869,709
873,718
874,739
873,715
877,715
879,714
880,723
876,733
870,707
872,702
874,712
871,707
879,698
872,693
873,694
874,695
876,700
873,692
873,682
871,699
875,709
872,704
878,703
871,703
872,714
873,741
878,718
880,714
874,720
870,721
873,737
876,706
874,700
873,709
868,705
869,702
874,692
872,692
871,692
870,691
872,699
873,691
869,699
873,708
875,696
870,702
868,705
873,702
873,730
866,714
868,707
876,721
875,714
874,733
869,710
873,700
869,709
876,699
874,696
869,691
868,683
870,706
863,688
872,698
869,691
867,702
872,710
872,704
872,710
874,706
869,719
872,734
872,712
873,705
869,704
873,726
871,728
872,713
883,698
872,709
877,707
874,692
879,697
879,678
875,699
876,694
872,698
866,706
878,704
876,717
872,710
867,712
873,711
877,711
867,735
868,712
871,720
869,721
875,715
872,726
864,704
874,696
869,710
870,701
869,694
873,695
876,693
880,699
872,689
874,694
867,690
871,703
871,721
874,716
882,702
872,714
877,717
868,738
874,709
874,709
876,719
871,712
871,725
874,705
876,699
874,704
874,698
882,700
875,694
881,695
878,694
875,694
888,693
867,698
876,707
874,715
869,706
870,708
870,711
877,721
871,727
869,712
869,692
872,724
879,697
880,724
878,706
870,694
868,695
875,696
872,720
870,698
869,717
870,705
868,687
871,690
867,698
871,704
866,716
867,700
868,704
869,718
872,712
870,731
873,706
866,705
874,705
875,716
872,718
868,706
874,691
867,707
867,694
877,695
879,691
872,686
872,692
870,690
871,696
866,705
866,704
881,720
871,699
870,707
870,713
865,713
872,736
875,710
874,710
864,719
866,711
872,718
869,702
871,693
870,702
871,695
874,692
861,691
870,688
871,694
867,690
871,693
867,696
871,706
869,716
869,708
870,703
869,713
874,713
871,730
867,709
873,711
878,718
867,708
871,717
876,713
874,692
881,706
867,696
869,701
871,691
867,690
873,689
873,689
874,697
870,699
868,704
870,707
873,698
873,710
868,719
868,716
873,718
871,711
874,711
867,721
868,706
879,716
866,707
870,714
869,704
869,704
875,691
874,718
869,696
865,702
869,685
866,693
870,700
869,708
877,714
870,696
869,712
870,726
870,719
876,728
874,714
872,707
870,698
867,709
866,715
865,709
871,691
874,697
864,693
865,697
873,694
867,681
873,696
869,690
872,697
877,711
879,707
871,715
873,701
867,715
874,716
867,710
873,725
867,710
867,714
878,719
865,705
870,716
867,699
870,693
868,696
867,690
875,691
863,689
874,696
870,694
875,692
872,691
871,702
873,707
871,711
875,708
865,707
879,722
878,710
868,726
866,712
878,705
866,723
874,701
867,717
870,704
866,691
871,692
870,696
874,696
870,690
873,690
870,692
866,689
881,701
869,703
876,704
866,699
871,705
864,713
872,720
868,708
870,723
866,711
872,706
871,713
871,705
868,716
868,703
866,690
865,679
869,693
868,693
868,689
869,692
861,700
869,700
868,703
868,702
868,707
871,708
871,705
870,698
865,725
873,709
872,729
874,692
870,704
865,704
867,709
866,719
878,711
877,687
872,696
869,697
865,692
873,692
868,690
862,691
870,687
866,710
868,705
871,703
869,711
869,705
868,717
868,715
867,706
869,730
868,717
873,706
871,715
875,704
867,712
870,695
873,687
868,693
869,699
871,690
870,688
875,692
870,693
870,704
871,698
868,704
869,701
869,710
872,714
872,713
869,722
872,704
872,725
875,721
872,709
871,713
867,705
869,709
870,700
871,685
866,693
870,693
873,697
870,687
868,693
867,699
875,691
872,708
868,704
871,701
864,715
865,706
871,713
870,718
863,704
862,728
868,715
866,703
874,711
867,706
867,714
869,700
871,680
869,692
874,688
866,694
868,687
867,691
867,696
860,688
866,710
868,707
865,699
872,713
875,696
866,717
869,715
870,711
876,732
867,718
875,708
871,706
869,716
877,708
864,698
867,682
869,690
861,698
880,691
872,680
867,688
865,690
869,695
863,705
867,710
867,697
872,720
869,713
868,715
875,717
873,706
866,731
864,699
869,700
871,706
870,706
870,708
865,694
869,686
862,693
865,695
869,696
869,688
872,691
862,694
869,701
873,708
872,706
869,697
868,720
871,715
876,719
875,715
874,706
867,730
872,715
867,698
879,708
870,711
872,708
863,695
868,681
867,697
870,696
867,700
873,693
869,701
868,694
870,693
875,707
869,711
870,703
868,717
871,718
865,715
870,711
867,706
870,729
876,719
877,696
869,715
869,709
872,709
868,690
869,692
866,688
879,696
870,693
872,690
867,693
868,700
869,695
872,711
870,704
863,702
865,725
878,713
874,722
870,712
869,716
870,732
867,686
869,692
864,703
863,707
872,702
871,695
874,684
869,694
869,693
875,690
873,690
871,693
872,703
864,696
875,717
868,709
864,698
863,725
871,714
861,713
862,710
866,710
877,728
858,715
880,701
867,711
869,701
878,703
865,694
864,685
867,691
872,695
867,696
868,690
866,692
867,700
868,703
868,711
871,703
861,704
868,727
874,704
873,702
860,711
868,712
872,737
873,712
866,693
870,709
869,695
869,704
872,688
872,677
864,691
868,687
869,692
871,691
873,695
862,700
864,697
871,711
868,700
870,714
869,730
872,714
869,706
873,713
872,714
869,732
868,712
872,693
867,706
875,705
866,698
868,692
875,678
867,694
869,689
871,690
868,691
869,693
870,707
873,699
869,708
871,705
872,709
871,733
868,714
867,719
873,715
867,713
872,732
869,710
868,690
869,704
873,710
870,698
871,707
874,688
878,696
871,690
870,696
866,684
865,698
872,708
868,686
866,710
868,707
870,710
871,730
872,713
871,704
866,714
869,709
868,717
866,705
874,695
866,713
872,698
866,690
874,694
866,693
868,691
866,690
869,690
868,687
873,696
862,715
862,711
871,708
869,702
872,710
866,732
868,711
869,704
869,715
874,713
870,726
871,708
870,694
867,711
865,701
866,692
870,690
868,693
867,694
879,691
869,693
868,688
866,702
876,710
879,702
874,705
869,709
865,716
865,733
872,713
874,702
867,717
868,715
869,723
864,709
869,692
875,704
869,699
871,694
871,694
870,686
874,694
870,687
880,693
871,691
866,703
868,714
875,703
871,705
874,710
863,713
879,737
874,709
871,705
873,723
872,710
874,724
875,709
874,697
869,707
877,701
872,697
865,696
871,694
871,692
871,694
867,678
873,704
872,705
872,705
877,699
867,693
864,708
871,710
874,730
873,705
870,705
869,717
876,717
875,707
867,708
872,692
866,703
868,697
873,690
870,694
874,692
870,689
869,693
870,693
873,694
867,703
864,710
872,701
869,706
872,718
872,713
870,727
875,710
874,710
872,722
867,710
871,718
866,708
872,688
867,702
868,688
876,693
870,691
872,696
875,696
868,696
871,692
868,694
871,711
871,718
869,698
871,709
869,721
877,715
872,725
869,707
868,707
865,722
869,709
869,716
867,706
872,689
888,704
881,695
879,695
870,706
874,677
870,692
861,689
868,696
867,698
871,705
873,713
870,692
866,713
868,720
873,718
874,727
879,720
875,707
880,723
872,707
868,717
876,706
874,689
867,703
868,699
873,693
865,692
869,689
868,689
870,692
864,689
875,705
868,706
867,719
871,703
872,716
876,706
876,719
876,733
866,712
869,680
860,719
875,707
871,708
869,713
874,690
871,712
872,696
867,690
872,697
869,691
872,688
871,696
878,700
874,707
868,706
871,715
881,705
873,714
868,721
871,713
878,737
873,708
873,712
873,719
872,712
875,722
869,709
870,695
879,700
862,694
875,694
869,689
869,690
874,693
877,699
873,705
868,704
873,706
867,710
862,700
874,717
865,709
871,717
868,727
869,712
876,708
870,718
888,716
883,716
874,707
872,687
873,694
873,696
868,694
869,686
871,693
882,692
870,690
870,704
871,704
868,712
872,705
871,703
870,719
867,718
873,705
872,723
870,724
880,712
881,717
876,710
862,714
869,704
868,686
878,703
874,696
870,692
868,691
872,690
870,694
871,691
867,703
869,702
868,706
874,712
872,705
869,714
867,705
869,704
870,727
869,716
869,707
878,706
880,715
872,711
866,695
873,702
872,691
871,711
872,693
872,703
867,689
872,689
871,695
864,708
867,706
870,716
870,705
869,709
868,715
873,718
864,708
870,730
870,703
867,713
872,715
866,704
869,714
875,702
863,686
870,693
872,693
877,693
873,688
874,689
867,690
870,701
866,701
870,711
873,707
876,715
870,716
871,720
868,714
871,702
876,729
872,716
868,704
871,710
871,711
874,715
870,701
870,684
871,692
862,694
868,694
872,692
878,685
868,691
869,690
868,709
871,709
868,702
869,710
873,710
870,717
875,714
865,709
872,733
870,721
873,707
868,708
869,708
869,707
872,696
868,681
866,703
874,695
866,690
866,688
869,693
870,689
872,685
874,716
866,712
871,702
870,719
877,716
874,716
878,708
872,706
870,730
865,717
872,703
877,712
871,702
873,706
869,695
869,682
868,707
871,693
870,695
870,697
867,693
872,694
869,695
875,716
866,706
866,704
867,722
870,716
869,724
869,712
863,707
876,734
874,706
873,709
873,711
861,714
870,712
873,698
876,675
877,693
867,697
867,695
876,690
874,690
870,692
869,700
868,704
870,707
863,695
874,722
867,716
861,723
876,710
872,714
864,737
870,709
873,695
882,711
871,707
863,714
868,692
865,681
869,692
874,693
871,692
870,689
873,690
869,695
868,697
868,712
875,699
870,700
865,717
870,711
873,717
871,710
871,708
869,731
874,711
875,702
867,708
868,702
868,701
873,692
874,688
868,701
868,696
871,690
869,696
875,693
875,700
875,706
866,711
866,708
871,700
870,726
871,712
869,716
879,706
872,712
866,733
869,712
868,694
869,709
865,703
867,702
860,692
875,684
867,693
870,695
876,693
879,705
875,694
873,697
870,695
867,701
871,700
871,716
869,730
866,700
872,706
866,690
871,713
865,702
870,706
871,692
869,708
873,704
870,701
870,697
866,682
867,701
872,692
882,690
873,692
874,701
875,707
871,702
871,708
869,698
871,707
870,730
876,712
869,701
875,711
868,710
872,733
869,710
866,700
872,709
867,705
872,707
871,688
874,687
872,692
872,696
869,693
868,689
872,689
865,703
872,702
870,711
867,700
871,705
872,722
872,717
871,702
871,714
870,710
866,732
872,709
868,689
871,709
870,704
868,699
864,692
869,688
870,704
866,688
865,694
872,689
864,696
881,700
874,701
875,714
874,701
869,711
880,734
873,714
871,704
867,702
867,715
869,728
869,712
868,694
872,721
863,698
875,692
872,691
868,686
872,694
871,690
866,690
874,706
870,700
880,711
867,700
879,708
878,719
872,712
871,737
869,714
869,683
871,714
870,709
869,728
867,707
872,699
867,706
877,702
871,698
872,693
866,697
870,692
873,689
873,693
869,688
874,702
865,707
871,703
872,696
870,702
872,714
879,735
875,715
879,712
873,721
873,716
874,732
869,705
875,694
870,707
866,702
864,695
863,690
872,691
871,692
871,690
867,684
859,689
870,700
867,707
870,704
883,707
866,711
869,713
869,723
871,714
875,702
865,715
863,713
867,707
867,709
870,691
868,706
874,697
867,690
876,692
874,690
873,708
873,688
864,692
873,688
869,698
867,703
868,704
869,706
867,708
868,711
871,732
866,708
869,712
870,698
871,717
869,729
873,710
872,701
873,705
873,696
871,692
870,696
875,691
871,695
874,689
869,694
872,711
871,700
867,712
867,701
869,702
870,720
871,713
871,734
871,706
873,705
867,720
874,714
871,721
869,702
864,695
869,703
869,697
872,697
870,716
873,678
871,718
874,691
873,712
870,692
872,699
871,713
864,694
868,696
872,711
870,715
866,731
866,714
868,703
867,719
868,711
870,717
867,712
869,692
872,702
870,694
869,697
870,699
873,689
867,692
869,703
868,691
863,695
871,706
868,715
870,700
871,706
869,712
868,713
871,727
874,715
874,706
871,716
864,714
870,721
867,709
869,692
861,698
869,700
870,697
870,691
880,694
856,703
873,692
867,694
867,695
869,705
875,709
867,702
873,712
871,714
869,716
871,727
869,709
867,705
869,701
872,713
875,724
875,710
870,690
870,692
872,696
870,689
870,695
870,692
867,693
873,686
868,693
868,704
878,704
872,717
876,695
870,708
869,716
861,718
873,730
870,710
866,708
871,717
871,706
864,718
865,701
867,694
870,699
858,691
874,695
880,695
875,706
874,694
878,710
875,690
865,705
867,708
868,699
864,707
869,702
884,717
871,715
869,728
871,700
873,715
869,718
867,711
871,713
872,707
871,690
868,695
870,696
870,701
864,694
875,688
873,691
873,689
877,699
870,708
874,704
869,715
872,699
874,717
871,721
874,713
868,720
867,711
871,707
868,721
870,711
868,716
864,702
866,687
875,697
870,693
868,694
862,691
870,690
874,710
871,686
871,702
870,701
874,705
870,713
871,700
872,721
867,717
873,712
870,725
872,712
869,708
872,706
863,716
877,714
869,707
876,704
870,692
868,688
867,692
867,695
873,692
859,692
872,689
872,697
862,709
869,714
871,715
883,703
875,725
877,723
872,710
874,724
872,713
871,708
867,718
864,706
866,716
869,699
873,693
870,698
866,693
868,694
871,690
873,684
872,696
861,692
873,705
884,702
878,707
873,711
868,698
879,715
877,722
878,709
874,728
873,714
874,709
873,711
870,704
869,719
868,702
868,686
871,697
864,695
869,701
880,691
878,698
871,698
876,695
876,704
875,704
869,718
874,715
870,712
875,715
871,718
867,705
864,723
874,724
876,710
870,713
873,700
874,712
866,707
870,687
875,696
876,697
868,692
876,691
871,692
868,704
863,686
868,708
868,704
874,706
880,719
864,713
864,721
871,718
877,706
877,737
862,721
872,711
877,704
861,706
878,711
871,706
869,683
862,698
870,702
879,693
861,692
874,702
873,699
873,699
872,713
871,709
871,703
869,714
879,711
872,724
871,718
871,707
874,729
871,723
872,709
876,716
872,707
880,715
881,703
874,690
876,696
869,696
866,692
869,687
869,693
872,695
871,690
873,707
866,707
869,700
869,718
868,708
869,711
871,711
870,698
872,724
868,685
876,711
879,712
868,708
869,702
872,698
872,697
873,692
869,716
872,695
875,688
871,694
871,706
868,696
869,707
876,708
871,700
871,719
869,716
876,716
877,712
866,704
877,729
861,719
866,700
870,713
871,701
873,707
860,694
874,686
874,693
876,693
872,689
871,692
875,693
872,699
870,693
866,707
870,708
862,697
865,724
871,714
864,716
879,716
872,708
869,735
876,713
866,697
874,704
870,711
876,706
866,695
870,690
873,693
874,694
870,694
870,693
877,693
869,700
876,698
865,711
867,710
869,698
872,730
866,713
876,729
873,712
870,706
874,731
870,716
874,695
869,707
873,706
873,703
868,696
879,689
868,690
873,699
872,685
870,691
873,689
868,702
870,696
869,711
870,701
865,701
875,728
870,708
871,706
867,711
863,712
874,702
868,723
870,692
865,711
874,712
870,703
871,696
871,684
873,713
869,696
869,700
877,697
874,695
874,708
874,706
866,717
871,704
872,701
870,725
867,713
868,709
866,713
866,711
869,729
875,711
872,694
874,716
867,705
872,703
871,691
876,687
872,695
870,691
868,690
865,692
872,694
864,703
872,702
868,711
872,702
874,705
862,731
869,715
876,706
866,715
873,712
869,735
883,710
878,692
880,708
872,704
873,702
865,702
869,681
872,696
873,698
872,691
877,689
874,691
870,707
867,700
869,710
863,707
868,705
867,731
873,724
866,711
865,714
872,711
870,731
870,708
873,696
874,707
867,700
882,701
876,699
879,702
875,689
869,692
870,692
868,691
871,697
870,708
866,696
867,705
870,700
870,712
867,731
870,706
870,700
870,719
878,715
876,722
869,709
869,697
865,712
874,703
876,694
871,693
874,687
871,689
865,699
869,698
870,701
865,702
867,721
866,702
876,704
868,703
866,685
869,731
865,711
863,703
870,717
873,711
869,723
876,708
869,693
873,700
869,695
869,692
866,692
872,690
872,696
871,690
871,693
870,688
870,698
869,710
869,699
867,708
872,692
864,712
867,735
872,707
870,702
875,720
869,717
872,729
874,708
874,695
870,708
870,706
871,694
867,691
870,682
875,696
875,696
868,688
875,695
873,700
867,714
866,703
868,702
871,709
871,711
863,739
872,716
871,702
870,719
883,713
866,727
873,707
871,694
875,708
884,702
876,694
877,696
873,691
880,695
877,691
878,695
877,693
874,700
875,711
876,702
875,709
876,712
875,716
870,738
876,712
861,707
869,716
865,721
868,716
871,707
871,698
868,704
869,699
866,690
872,690
875,690
868,691
873,691
865,693
867,689
875,715
868,712
871,700
870,703
866,704
872,714
863,722
872,708
867,708
873,716
873,709
866,715
874,712
869,694
868,705
869,698
866,689
870,694
870,690
867,694
871,686
869,689
869,694
867,704
878,719
874,699
879,712
872,710
873,721
871,737
874,712
870,704
874,721
868,711
871,722
883,705
868,689
873,705
877,696
869,691
868,682
868,690
869,690
865,690
872,695
871,692
868,702
865,714
869,699
868,707
865,705
863,711
868,731
867,704
881,714
868,716
867,712
866,717
870,707
869,695
873,706
873,698
867,693
870,698
877,695
875,695
870,694
872,692
873,695
870,711
871,720
867,704
868,712
875,716
878,717
875,734
872,712
872,713
872,720
874,710
875,721
873,707
867,690
872,700
870,692
869,696
878,696
878,693
870,695
878,691
872,693
874,699
868,706
871,721
867,695
869,709
866,716
867,713
866,729
870,692
869,708
871,702
878,709
872,723
870,711
870,695
867,697
871,686
874,694
869,692
867,694
870,692
870,687
871,695
873,697
872,705
870,708
866,696
877,714
864,716
870,716
871,726
870,711
866,704
877,719
862,709
868,716
870,709
867,692
867,704
880,695
874,692
870,691
873,681
873,692
869,694
871,696
868,699
864,704
864,717
866,695
867,714
868,705
872,712
867,725
869,707
870,709
871,718
869,710
876,717
867,707
867,688
869,694
874,697
876,690
856,695
863,690
868,690
874,683
868,701
869,707
864,709
869,715
880,701
870,714
871,719
871,713
871,724
872,702
866,708
868,723
877,704
874,719
872,705
875,689
871,694
872,693
868,694
870,689
875,692
868,691
866,693
867,699
869,702
867,702
865,709
871,702
867,711
867,717
870,713
871,727
867,715
871,712
881,718
871,706
870,716
867,705
864,702
871,704
873,692
865,688
870,690
868,693
875,697
868,715
867,701
865,707
872,711
883,705
872,697
871,714
867,719
872,714
871,724
870,717
880,709
870,715
872,707
872,713
870,708
881,695
875,710
873,698
870,693
870,691
867,692
868,692
868,687
872,701
871,702
869,711
866,710
869,700
874,713
869,704
875,708
870,720
870,719
870,713
867,715
868,703
871,712
871,705
865,687
872,693
866,696
871,692
874,696
865,691
869,693
870,689
867,704
870,701
870,706
873,712
879,708
875,720
880,719
880,708
879,734
870,707
870,714
872,720
865,705
868,714
866,699
868,684
871,690
870,693
868,695
871,690
874,700
866,692
870,695
869,700
867,718
873,705
866,711
869,705
865,713
870,717
867,713
869,728
871,719
873,705
866,709
877,707
866,713
870,706
870,685
866,690
869,690
870,690
868,724
868,691
869,720
871,696
872,713
876,708
874,710
869,707
872,708
868,710
872,716
868,705
873,729
870,716
880,708
871,710
874,709
872,717
871,704
877,689
872,707
869,695
870,692
875,691
874,692
874,693
877,692
867,706
869,707
870,703
871,714
870,708
868,718
872,705
875,708
875,730
866,715
867,704
864,712
872,708
870,709
872,697
870,683
867,691
874,696
872,691
866,698
870,691
869,681
871,697
878,711
874,712
877,706
870,722
876,716
878,721
871,718
868,705
868,736
873,704
870,707
866,700
871,711
865,709
869,699
871,682
868,697
868,693
863,692
870,685
868,692
871,694
866,700
870,703
875,712
866,700
875,720
869,711
875,719
879,712
876,705
865,729
866,718
877,705
873,710
874,712
870,710
871,697
867,684
868,692
868,694
871,689
872,689
871,697
876,694
867,696
867,707
866,707
875,702
867,709
872,720
869,692
872,710
871,688
875,731
869,712
881,702
875,712
874,713
868,707
867,696
865,711
871,708
876,712
868,685
877,689
866,694
878,695
866,701
871,710
870,702
879,703
864,723
873,715
871,711
866,703
873,716
874,731
868,712
873,699
868,709
870,710
866,704
868,693
869,680
863,691
874,702
875,695
869,702
865,691
869,698
871,702
869,711
873,704
879,699
872,726
870,714
869,712
867,713
871,708
868,729
871,704
864,697
873,708
877,700
871,700
875,694
873,684
874,696
869,692
872,689
875,691
874,692
869,702
872,701
870,703
873,703
874,703
875,732
868,714
870,705
871,713
869,709
871,734
869,712
867,690
868,709
868,706
874,708
873,680
867,678
873,696
870,694
866,692
872,688
872,698
874,707
876,705
874,717
874,703
876,706
869,723
867,698
868,707
875,713
870,710
871,706
864,714
867,687
872,707
872,699
868,703
880,692
870,692
883,704
867,696
871,692
865,688
874,695
871,703
875,701
874,714
884,702
871,715
865,731
867,714
860,707
867,703
869,725
867,734
865,710
871,694
874,713
880,707
877,698
874,694
878,689
878,693
866,694
869,691
872,709
871,692
873,702
870,713
868,710
871,700
874,716
880,734
869,719
870,708
877,720
873,716
872,726
877,709
871,710
874,704
874,707
872,697
878,698
879,690
871,695
875,690
861,688
874,693
865,696
873,707
874,700
872,705
865,707
869,717
870,733
870,713
879,705
872,722
876,715
869,726
870,708
868,696
875,708
870,701
869,699
868,691
875,688
871,694
870,690
867,694
873,692
870,699
865,712
872,700
867,704
871,712
868,713
873,734
873,714
862,717
869,719
869,713
871,724
869,710
867,692
879,714
874,704
875,704
870,691
872,688
877,707
875,690
869,693
871,689
868,699
874,712
869,703
867,706
871,702
868,712
871,736
875,708
871,705
872,701
880,717
870,726
865,700
868,689
868,706
875,700
870,688
874,690
866,688
869,693
872,691
870,697
880,704
868,705
873,710
872,700
871,705
866,710
865,716
868,734
875,706
873,705
872,719
870,716
875,723
862,704
871,696
870,704
868,690
870,692
870,695
876,693
871,691
869,691
866,689
871,696
876,706
865,712
875,708
870,703
871,714
866,710
879,732
879,712
882,712
881,723
874,710
874,720
870,708
876,692
869,706
879,699
871,701
873,689
868,682
874,694
868,691
871,695
873,695
868,702
868,716
870,698
863,709
865,715
877,715
872,708
867,710
873,710
867,722
867,712
875,716
870,706
867,694
867,699
870,701
869,697
878,694
880,695
873,719
867,690
868,717
874,697
876,701
870,719
871,709
873,711
868,715
865,717
867,727
875,708
872,708
867,705
871,720
870,717
867,707
869,691
869,697
871,698
868,694
868,692
870,689
875,690
872,695
869,696
873,709
867,696
868,714
872,705
869,712
872,717
875,714
870,725
874,713
868,706
870,723
871,707
876,718
869,704
866,696
872,703
869,694
868,694
876,691
868,691
869,696
874,692
869,695
863,698
867,702
880,716
876,710
866,704
865,716
867,713
866,724
874,714
872,706
868,726
872,702
879,720
876,714
874,698
873,699
874,695
869,699
867,689
868,691
867,692
870,691
870,694
871,705
870,705
857,713
874,702
864,717
874,719
868,711
868,700
868,717
869,711
880,719
865,705
880,717
871,703
867,688
873,694
870,691
864,691
869,688
867,690
873,709
878,688
868,704
864,701
872,709
871,711
868,699
877,708
870,721
877,685
878,725
868,684
865,709
873,711
870,707
870,716
869,701
867,692
868,691
869,690
871,697
874,693
877,694
870,690
868,688
877,699
866,710
868,707
869,709
867,701
871,714
878,724
869,716
873,728
871,715
875,707
879,712
869,706
870,716
868,713
867,677
870,692
873,698
874,690
870,691
869,690
864,692
866,688
873,703
875,703
879,703
873,711
874,724
869,708
864,723
870,711
868,724
868,716
874,708
873,715
868,705
868,714
865,709
873,685
869,694
874,695
868,691
870,691
873,692
872,694
871,687
869,700
867,704
873,704
869,713
873,708
864,712
868,717
870,706
869,722
866,718
866,706
868,712
870,706
865,718
870,701
867,680
871,691
870,693
873,696
878,693
876,697
873,701
875,696
871,709
875,706
874,709
869,709
869,709
864,712
868,718
872,708
868,725
869,715
871,700
871,704
875,710
866,715
861,700
865,681
869,714
867,697
870,711
872,688
887,694
869,691
868,694
877,706
876,700
866,706
874,714
865,711
866,715
873,714
872,707
871,726
872,719
862,701
871,707
868,707
867,709
869,693
867,689
877,694
874,697
868,695
876,696
879,694
870,694
869,690
871,708
875,708
867,705
869,719
877,717
867,720
879,716
874,704
862,732
878,722
875,708
877,712
875,712
875,718
870,705
870,685
867,690
878,696
879,703
869,691
868,701
870,693
875,695
873,710
872,712
872,706
875,718
872,716
874,722
868,718
873,714
872,723
867,712
870,697
871,706
868,709
861,711
873,704
872,683
867,689
869,702
858,692
865,690
867,705
865,695
878,696
866,708
865,710
873,698
873,718
872,714
872,713
869,714
875,706
878,735
878,716
863,700
864,696
867,700
862,710
870,694
873,684
872,691
871,705
866,691
867,688
872,700
868,695
870,696
865,707
869,707
871,699
866,721
873,713
870,710
870,711
872,710
866,731
874,724
869,697
878,710
877,706
870,707
871,700
863,676
870,692
873,695
873,695
877,694
873,693
871,699
869,700
870,709
874,702
869,700
870,725
881,713
875,712
880,711
874,708
870,739
866,714
863,698
868,708
872,705
879,708
877,694
870,689
875,692
876,688
871,699
873,693
874,694
870,702
873,702
867,714
869,709
876,701
873,727
864,712
867,712
872,710
866,712
873,729
871,714
873,700
870,710
867,707
868,701
866,695
873,688
863,691
874,700
868,689
872,688
868,689
871,702
869,706
869,712
873,700
870,706
870,726
872,717
865,707
865,711
870,710
868,731
872,717
874,693
867,706
867,706
871,700
873,691
867,686
871,695
869,690
871,692
867,691
869,693
862,702
869,678
872,717
878,709
868,716
882,732
873,719
871,714
870,715
872,710
874,731
869,715
878,701
869,711
873,708
874,701
871,696
875,690
874,691
866,696
871,691
870,689
869,698
873,706
869,704
869,707
870,702
875,705
871,728
872,710
871,713
877,714
865,711
869,733
873,708
873,693
877,709
870,702
867,702
874,690
869,686
869,690
871,691
868,697
875,693
873,699
878,706
874,698
872,706
871,698
866,709
864,731
864,715
869,707
876,717
877,716
868,725
875,714
868,696
872,707
869,700
874,692
870,690
871,689
869,696
867,689
873,691
875,695
871,695
867,714
872,698
868,709
869,701
868,722
868,730
868,713
866,701
878,715
883,720
867,728
879,713
872,702
870,705
866,696
866,695
870,688
871,687
862,698
873,697
872,691
866,689
870,695
873,710
868,706
873,687
875,708
874,712
872,734
874,692
873,704
868,707
871,712
867,698
867,707
866,699
868,707
871,701
866,694
870,702
871,685
877,697
860,688
872,695
876,693
872,707
876,714
876,700
867,706
868,707
875,719
873,733
874,715
869,706
869,725
873,719
873,725
876,707
869,700
879,710
875,703
872,696
879,691
861,690
870,693
868,681
868,697
866,687
870,700
872,714
877,703
868,704
874,707
865,713
874,731
874,708
873,704
866,724
868,711
865,723
878,709
877,696
866,701
869,696
870,693
869,693
877,691
875,695
876,691
871,689
873,702
864,699
869,713
877,709
876,705
870,716
872,716
870,735
877,712
872,705
871,721
868,707
867,719
873,709
865,696
870,705
876,697
871,690
871,696
871,691
876,697
876,693
872,693
872,693
864,703
870,713
874,705
871,700
871,708
876,718
872,738
865,710
870,710
865,720
872,716
865,722
870,713
875,697
862,720
867,701
872,693
866,694
868,694
862,691
864,693
873,690
871,691
875,708
871,716
864,702
872,710
866,712
868,714
871,724
875,715
873,709
869,723
872,710
868,719
867,708
878,689
875,706
881,701
868,699
875,695
872,693
870,684
874,691
870,702
871,699
869,705
867,712
868,701
874,718
869,722
874,720
877,728
879,707
871,707
865,719
869,707
867,719
873,709
877,693
879,703
874,703
874,692
870,698
875,693
871,693
868,689
872,692
874,705
865,705
865,711
874,698
872,711
869,727
874,714
872,731
871,709
866,705
869,721
870,710
867,724
877,715
871,686
869,703
872,698
868,698
871,691
879,699
872,692
869,691
867,695
867,699
866,707
866,714
869,699
871,709
871,715
870,724
875,728
882,709
870,705
869,718
875,716
873,712
864,707
864,687
866,694
868,710
871,701
871,698
871,692
873,691
866,686
873,712
874,701
868,690
865,714
867,681
862,708
872,720
867,718
871,726
873,704
866,708
877,716
877,711
871,721
872,709
870,691
870,693
871,692
867,693
865,691
870,697
871,683
869,696
871,695
867,701
873,710
869,713
866,698
864,712
869,715
864,712
870,732
874,722
877,712
873,709
869,707
867,715
870,707
869,686
868,698
872,691
871,691
878,694
878,694
876,697
875,689
872,703
876,701
872,713
869,707
874,695
873,714
874,719
869,708
864,728
870,713
871,715
877,723
869,705
867,718
872,703
869,685
875,703
866,692
875,694
870,691
876,687
871,691
879,694
878,704
872,705
871,707
871,711
869,696
869,723
870,705
873,707
870,728
865,715
868,708
868,714
870,701
868,715
870,703
869,685
868,691
866,691
875,695
870,696
871,690
869,696
871,690
872,707
874,689
872,710
870,720
879,700
868,719
864,718
876,719
870,724
876,699
871,709
874,712
866,706
869,716
883,705
877,688
871,693
868,695
877,690
866,689
872,692
870,690
865,699
867,702
875,705
869,708
879,719
866,707
869,722
868,716
871,707
868,728
873,715
870,721
873,710
872,701
869,714
862,703
870,684
867,693
872,694
868,690
870,692
870,690
875,692
872,693
870,708
868,706
861,705
873,702
879,707
872,713
862,720
873,707
877,731
873,716
875,710
873,717
874,708
868,712
877,701
868,681
867,707
867,691
868,691
876,691
871,695
873,698
869,691
879,707
866,711
879,702
867,719
871,711
865,714
870,705
871,705
868,731
871,713
871,704
878,713
875,710
871,718
868,700
875,683
870,693
866,686
877,695
866,697
869,694
871,692
869,690
870,708
866,706
867,703
872,716
865,712
877,716
874,696
881,714
880,731
872,704
868,704
874,710
870,709
870,713
865,698
869,682
871,691
869,694
869,692
866,693
867,683
870,697
869,702
885,705
871,711
868,706
870,725
882,714
873,718
872,717
869,712
869,736
870,713
874,706
867,710
872,707
870,714
881,699
871,682
870,694
867,692
868,690
873,689
878,693
862,698
867,692
868,711
874,709
870,703
869,713
872,711
866,716
874,715
875,705
864,732
869,716
866,697
870,712
867,707
867,703
869,698
866,684
867,708
874,691
864,694
872,689
881,695
877,699
871,697
869,707
876,708
875,702
867,716
870,722
869,724
869,704
868,712
869,733
872,716
870,690
867,707
872,711
877,712
869,691
868,684
875,707
874,683
862,693
869,701
866,695
877,699
860,697
874,711
871,702
867,700
867,726
862,713
868,714
869,713
877,707
870,734
868,699
865,699
876,718
866,705
875,711
875,697
872,687
874,691
863,709
868,693
871,691
872,687
866,697
869,701
870,710
874,707
875,706
869,728
865,715
867,717
867,716
874,712
870,737
872,715
876,712
870,712
870,706
869,709
866,694
870,685
868,696
870,691
877,692
871,689
873,693
871,705
875,700
876,711
874,703
871,703
868,725
871,712
876,709
866,714
868,710
862,733
872,712
875,692
868,712
873,712
872,698
870,695
876,677
871,709
870,696
871,695
874,691
873,694
878,710
874,702
874,713
868,705
872,707
875,719
876,716
871,708
876,705
866,716
871,740
866,716
871,692
879,711
876,708
872,703
877,689
870,686
870,702
873,691
874,692
867,700
870,695
871,706
871,699
864,707
866,699
868,715
871,734
871,717
875,707
876,720
877,712
867,732
864,702
864,695
874,712
868,702
872,702
868,691
872,688
873,695
865,689
870,707
873,689
872,700
870,707
867,704
868,705
873,700
876,715
870,741
874,719
876,703
867,715
868,711
872,732
875,726
872,685
875,709
867,702
861,703
869,696
872,692
875,701
875,694
872,694
877,692
875,698
874,713
874,714
873,718
869,703
871,717
867,733
872,713
875,704
873,718
874,713
871,732
867,706
868,697
872,709
867,703
868,697
869,693
868,687
872,705
872,688
868,697
873,695
873,699
870,709
867,703
868,708
870,708
871,709
876,727
872,712
872,705
875,705
879,715
874,726
868,708
868,695
868,707
860,700
870,697
886,698
876,690
868,688
875,688
870,692
872,706
864,697
870,711
864,703
871,711
872,716
870,710
874,739
875,711
868,704
874,710
872,715
869,723
871,701
872,699
878,708
870,700
871,691
864,690
869,689
867,697
874,689
871,692
869,674
871,701
870,716
870,702
873,685
873,708
869,700
872,737
878,689
868,705
867,719
871,712
868,724
868,715
872,686
876,714
869,706
872,704
871,693
880,690
878,697
874,686
863,692
873,689
865,708
869,714
872,714
874,709
870,710
864,716
869,730
870,706
874,703
870,720
862,716
863,726
863,706
866,693
872,706
869,696
873,690
871,695
872,694
872,713
871,689
871,690
874,691
863,701
871,715
871,700
867,702
873,714
875,727
866,730
869,706
871,707
870,704
872,715
867,720
869,708
865,691
874,706
878,698
870,691
876,699
868,702
869,694
872,692
872,694
863,713
870,702
867,711
873,707
868,705
868,719
876,711
871,729
873,709
873,705
867,724
870,713
868,717
871,705
868,694
870,703
865,692
865,693
876,692
870,689
868,691
876,690
869,693
876,687
871,705
871,719
869,707
867,702
871,714
867,714
876,730
869,711
864,691
873,718
871,715
874,717
873,711
864,693
868,718
866,694
874,698
870,693
869,693
865,689
868,694
875,692
872,697
867,707
869,716
871,701
871,722
875,719
870,724
869,728
873,715
875,712
874,723
866,714
874,722
873,713
867,687
878,697
869,686
874,691
868,699
872,692
870,705
870,691
875,699
868,699
872,710
876,719
875,700
867,709
870,716
874,721
867,730
873,707
873,712
875,703
873,708
867,718
869,706
870,690
881,701
867,694
865,694
873,692
873,684
870,689
876,689
873,697
872,705
866,710
872,714
868,697
868,711
867,716
868,716
868,723
863,712
869,715
869,718
872,704
876,717
865,703
869,691
866,693
868,696
873,693
870,695
864,688
873,693
865,690
870,698
870,703
870,704
869,714
870,709
873,705
867,722
866,712
870,725
869,711
871,706
870,718
876,702
879,719
866,702
867,685
869,693
867,704
863,701
867,692
876,695
876,692
866,685
877,696
873,702
872,709
869,710
872,708
878,717
871,720
878,713
872,722
871,714
870,705
859,716
872,705
874,719
877,709
873,694
877,697
869,682
868,696
878,694
874,690
868,706
873,690
875,701
871,702
871,707
870,713
870,703
863,713
874,719
867,707
867,726
873,714
867,707
874,704
871,706
862,718
867,704
873,688
874,690
870,693
876,694
868,690
868,690
869,694
872,687
875,703
872,707
867,709
867,711
870,702
873,715
874,722
877,717
874,726
877,720
876,718
877,717
877,709