2500,10000
867,683
867,695
868,702
864,704
860,688
866,695
866,697
863,699
857,709
861,709
866,703
872,714
862,718
869,715
865,716
869,711
866,731
864,720
866,699
866,710
867,710
858,711
866,706
863,700
866,690
862,690
867,694
866,719
864,694
868,703
867,699
865,711
869,709
860,699
865,724
869,715
863,719
875,710
863,710
867,731
863,719
865,700
862,705
867,711
865,709
866,696
869,693
864,694
859,696
863,691
868,697
868,697
861,696
862,698
861,713
860,712
863,701
872,723
868,715
868,717
874,716
863,714
867,735
872,721
867,700
869,717
865,709
866,706
859,697
872,692
868,696
859,692
868,695
870,693
865,695
873,705
860,701
863,715
866,704
868,704
866,730
873,706
871,711
862,709
865,714
863,737
867,716
862,699
867,714
865,720
863,705
865,693
864,687
869,696
861,693
870,704
857,692
865,694
865,706
864,700
868,717
864,707
865,715
865,734
861,716
865,709
873,716
866,714
863,736
873,711
870,696
861,714
871,706
858,699
870,693
864,690
867,686
866,691
859,693
870,699
858,689
865,707
867,702
862,711
863,704
865,713
872,732
864,721
867,706
861,709
863,706
867,737
871,709
861,696
877,706
858,706
869,696
863,692
876,688
863,691
859,693
865,700
861,687
863,693
874,711
873,705
865,706
866,711
860,713
863,732
866,709
863,705
858,722
861,713
867,726
868,715
869,698
870,712
864,707
870,695
863,700
860,691
868,694
860,692
870,690
856,690
862,703
864,710
864,694
859,710
864,707
862,716
871,735
857,706
868,702
861,722
873,716
863,727
870,707
868,699
862,706
871,696
864,691
870,692
873,694
866,697
867,696
860,694
862,688
866,706
862,717
867,704
870,708
866,708
856,722
862,732
867,710
860,717
873,721
864,716
867,721
861,708
862,696
867,702
866,700
869,698
860,691
868,681
861,695
868,697
870,695
861,689
862,704
869,718
855,701
859,706
860,712
866,695
868,734
861,700
861,714
864,714
862,711
863,725
862,703
863,700
857,707
867,697
868,698
865,695
869,690
865,695
864,690
865,693
857,694
865,704
869,718
863,696
865,711
860,710
872,717
876,735
870,707
869,706
867,720
864,712
870,723
867,705
872,690
864,703
865,685
859,693
862,695
862,689
863,693
865,690
861,695
869,697
867,704
866,720
866,699
865,708
868,718
862,715
866,729
863,705
855,708
865,721
865,708
861,720
869,708
867,690
864,701
864,687
866,695
856,689
861,681
863,695
868,693
867,697
867,699
863,705
866,716
855,706
863,715
862,715
864,716
863,729
860,718
866,709
865,718
860,705
866,720
861,706
864,687
866,698
867,695
868,689
865,692
866,681
865,698
862,690
865,704
860,705
870,710
868,708
862,704
867,715
865,719
862,714
868,729
866,713
865,706
860,723
865,723
868,718
865,716
862,688
858,715
866,701
873,697
876,693
868,692
878,698
866,690
865,713
860,703
864,711
870,715
864,705
858,720
864,707
865,709
869,736
872,716
866,714
863,716
868,707
863,719
860,708
863,693
863,693
867,694
867,697
862,702
862,701
872,696
879,688
868,709
864,704
866,709
866,704
862,706
863,730
867,719
866,705
867,731
862,705
865,713
861,712
865,706
866,719
862,703
862,687
863,706
864,685
866,703
867,696
869,697
870,694
872,703
873,712
864,709
862,710
863,719
863,710
865,721
863,725
865,707
868,731
865,714
870,707
867,711
866,708
870,725
868,707
863,694
869,695
865,698
875,699
869,694
869,694
865,695
860,695
863,712
871,708
866,701
869,714
862,714
867,721
865,715
864,705
867,735
857,718
859,719
870,711
870,705
879,716
868,700
860,682
868,715
868,714
866,697
865,713
866,695
863,701
864,699
863,719
867,707
864,700
860,727
857,683
866,722
870,707
869,711
861,734
863,719
872,703
870,718
863,709
864,698
873,700
873,678
865,705
863,694
863,692
866,701
864,693
866,700
865,695
862,718
875,706
869,702
866,714
861,714
865,712
869,712
862,711
865,738
862,705
859,696
869,713
860,708
865,711
865,693
868,685
865,700
869,695
865,699
869,688
875,701
872,705
874,708
868,713
866,704
861,705
871,734
866,714
863,722
872,721
869,713
858,739
866,714
866,696
871,712
868,708
867,712
871,691
866,690
863,701
869,701
866,691
867,692
867,683
867,714
868,702
866,714
873,703
863,712
856,724
863,714
866,714
866,717
862,713
860,732
867,724
857,688
861,711
856,704
861,699
865,702
874,688
864,702
864,692
862,696
862,693
860,692
870,700
865,713
866,718
871,719
860,704
861,704
865,719
862,684
870,700
868,716
867,733
865,710
859,691
862,707
864,713
867,695
858,691
866,687
864,698
872,697
875,693
869,705
879,700
873,711
871,706
872,714
866,709
864,714
867,727
862,713
870,702
861,716
864,718
867,729
860,706
867,697
867,707
860,704
867,692
863,690
870,689
871,683
863,692
871,696
858,693
866,699
869,708
854,705
871,701
869,704
855,713
877,737
865,716
860,705
861,709
863,715
867,733
867,709
860,694
866,705
863,700
865,702
860,691
865,691
864,697
863,689
863,697
864,685
865,703
863,713
866,698
866,703
871,717
858,714
855,732
867,710
861,705
874,722
867,714
855,720
861,704
866,692
862,703
873,700
862,692
864,693
863,686
861,704
862,692
859,691
867,689
865,702
860,710
866,709
858,704
866,712
866,714
863,733
863,709
861,704
868,703
863,722
868,728
862,715
866,693
862,701
867,725
863,687
861,709
864,693
870,695
872,691
868,694
867,706
861,706
865,714
863,700
861,705
862,713
862,718
865,732
858,706
866,705
866,723
865,711
866,718
860,703
868,700
865,702
865,693
861,693
859,694
865,698
861,687
864,694
865,692
868,695
866,708
868,713
866,707
873,707
873,719
869,718
868,733
863,707
865,718
863,714
867,707
868,716
867,705
860,691
860,698
861,693
866,704
861,693
863,693
873,691
865,690
855,698
860,691
867,705
861,717
863,695
866,715
855,715
861,715
868,723
869,713
870,712
862,722
859,706
869,723
878,705
862,689
863,698
862,690
866,691
862,696
859,690
861,700
869,690
857,697
862,707
863,705
864,712
868,708
863,719
874,723
863,721
864,731
860,716
870,708
870,705
875,715
870,721
861,709
865,695
867,704
872,691
869,692
874,697
870,712
870,692
865,707
870,701
861,704
855,708
869,709
860,702
863,718
861,718
862,716
867,725
861,710
861,717
861,718
859,708
868,714
865,699
871,697
872,696
867,698
867,695
861,691
864,684
867,693
858,684
866,704
872,705
860,707
863,711
866,709
865,714
862,717
862,706
865,727
856,716
874,717
856,710
862,700
867,717
860,701
865,687
862,690
859,691
865,701
858,689
852,691
867,697
866,690
867,711
862,703
863,706
866,715
857,708
868,719
866,715
858,705
862,731
858,718
866,705
875,710
860,705
865,721
869,700
861,676
868,694
860,696
864,697
855,688
858,693
859,702
861,687
863,709
861,706
867,702
858,721
859,711
863,717
866,717
861,707
869,736
869,715
857,701
869,707
863,709
867,708
860,702
860,690
868,700
869,685
858,692
860,692
867,692
857,709
866,690
864,694
864,710
867,704
863,721
867,710
868,715
862,719
868,705
859,727
866,722
860,703
867,715
863,709
858,708
864,700
864,688
861,692
870,695
864,693
862,691
874,687
864,693
860,705
864,713
863,712
876,707
863,720
866,708
859,711
862,712
861,711
865,734
868,715
870,720
862,710
866,712
870,709
858,694
866,684
862,692
862,692
863,701
864,689
863,699
862,698
870,702
867,702
860,700
863,705
864,727
864,716
867,720
862,710
865,709
869,734
864,715
866,694
859,714
864,708
872,688
878,695
863,690
867,696
864,697
869,695
878,696
872,700
865,712
860,693
863,710
868,709
860,702
857,725
860,718
857,716
862,714
864,708
866,731
864,716
860,695
860,701
865,706
859,702
867,697
866,685
860,695
856,696
861,689
867,690
866,693
859,704
869,708
867,713
867,711
869,710
864,720
864,714
867,685
860,714
858,689
867,729
864,683
864,697
862,716
864,706
863,702
863,697
870,691
861,691
864,693
866,695
860,702
864,690
867,705
865,705
870,712
869,704
873,714
862,740
870,703
861,704
872,717
862,711
865,729
866,718
861,706
863,712
863,700
865,695
865,696
867,688
866,693
864,692
864,695
864,693
864,694
873,702
860,705
869,710
859,701
861,712
861,735
862,715
865,700
861,715
867,717
865,730
861,709
863,694
867,707
863,709
865,697
863,690
865,697
864,697
871,690
865,694
868,692
867,700
865,708
869,702
860,708
857,708
859,713
864,729
863,719
864,705
867,719
870,711
867,727
859,708
866,694
866,709
866,703
865,700
868,697
869,695
865,685
868,690
862,697
869,694
856,702
865,716
863,706
861,706
863,707
860,711
860,735
866,707
861,704
874,714
868,719
866,715
858,708
867,703
866,710
867,720
867,694
872,713
867,698
873,694
868,690
859,694
867,698
866,700
865,713
864,705
862,707
867,713
865,714
863,733
863,711
867,710
862,721
871,719
870,725
860,718
861,690
865,703
862,700
868,692
863,692
859,691
853,691
860,700
860,694
874,698
871,712
866,717
860,701
865,711
865,718
862,716
871,732
862,716
862,711
864,722
864,708
865,719
864,715
866,693
867,707
855,701
860,692
868,695
862,689
871,697
864,688
865,695
860,701
862,705
868,710
874,703
873,715
865,722
871,729
865,728
865,715
861,706
866,722
865,708
866,716
863,710
864,689
864,705
870,698
860,693
868,692
877,695
857,693
867,692
862,698
866,703
866,710
857,712
863,697
861,718
872,714
865,716
868,729
859,714
865,707
864,707
852,703
861,714
865,705
868,688
866,697
863,693
872,701
867,699
862,693
861,694
868,689
862,704
872,702
867,706
861,709
865,712
859,714
864,720
868,698
862,728
859,708
863,708
860,713
868,710
874,719
866,699
866,681
864,693
863,697
864,699
869,694
865,699
865,692
861,700
860,709
860,706
869,708
867,716
868,710
870,718
868,716
865,709
867,736
863,715
863,703
866,717
867,706
866,714
861,705
856,682
863,692
870,690
857,692
865,692
867,693
864,695
868,696
872,710
868,706
864,703
869,708
865,711
862,719
863,714
862,711
862,732
871,722
864,705
863,709
870,708
855,711
863,700
871,687
875,704
874,696
858,696
871,689
867,684
863,697
870,703
856,712
862,704
860,706
862,732
865,715
860,713
865,709
870,707
866,731
861,716
865,702
872,709
872,707
867,706
857,699
871,687
861,691
867,700
860,692
865,701
869,695
868,698
865,699
866,718
862,704
867,711
864,726
855,684
863,716
856,718
864,714
871,716
869,709
863,705
865,711
864,707
871,711
868,696
866,683
869,697
864,694
864,694
863,690
858,694
865,707
862,698
866,704
866,704
865,703
863,737
864,719
869,718
861,720
870,714
869,730
863,717
867,695
866,709
866,706
870,707
861,697
863,684
862,698
865,697
863,694
865,696
876,694
865,708
869,711
867,712
869,702
863,709
861,731
861,718
864,704
861,714
870,722
862,736
870,705
868,695
862,710
861,708
864,696
864,690
867,696
869,706
872,690
863,694
862,690
866,701
867,708
855,705
866,709
867,701
863,711
862,736
862,712
859,701
866,701
864,717
865,730
860,706
860,699
863,709
864,693
861,690
857,696
875,691
857,694
854,689
863,693
868,707
856,700
867,709
863,702
865,693
863,714
859,711
863,731
863,711
866,704
869,717
864,700
865,725
862,712
866,696
863,706
869,698
872,702
863,700
872,685
870,694
865,690
865,697
859,699
860,701
865,713
870,707
861,697
866,715
860,712
860,720
866,716
854,706
864,719
856,712
862,720
871,716
863,690
866,699
863,695
863,696
857,695
864,696
866,691
873,685
867,695
865,699
861,702
864,712
866,704
869,710
867,722
860,712
864,718
859,712
864,706
865,737
859,705
863,715
863,716
864,693
862,704
863,691
871,691
864,694
857,690
870,707
863,687
866,692
868,705
862,700
868,721
866,701
869,711
862,720
872,714
866,730
874,709
868,706
863,704
862,717
864,724
868,709
866,703
865,704
866,696
864,692
860,693
863,692
865,693
866,686
870,694
869,707
868,712
866,723
867,699
860,714
867,727
866,722
864,726
872,713
857,707
861,724
864,706
863,715
867,701
861,693
864,699
859,731
866,688
875,707
860,692
863,698
862,686
864,720
870,702
867,715
860,720
866,685
861,709
863,722
864,710
862,704
863,723
863,717
865,716
865,705
861,719
869,706
862,690
877,699
858,696
864,704
865,693
872,692
861,679
862,690
861,706
865,704
864,708
864,713
861,704
862,716
876,722
873,707
874,730
869,718
861,707
865,715
861,705
870,720
864,708
868,682
864,695
863,697
869,699
870,690
864,692
868,703
865,687
859,704
868,714
862,705
867,716
865,707
858,714
863,719
858,705
861,731
863,716
861,703
871,710
866,709
860,711
867,702
865,669
865,695
857,695
865,690
872,694
868,695
868,695
859,694
861,707
866,710
860,701
863,716
866,719
861,712
869,718
866,709
865,731
863,715
861,699
875,717
863,715
872,712
875,698
868,685
868,704
863,707
861,692
867,692
877,694
868,699
864,702
861,710
862,708
866,706
873,725
864,707
864,711
865,712
863,714
862,739
858,719
863,696
866,717
871,707
864,707
869,696
862,689
866,699
870,695
861,697
866,689
867,689
867,694
864,704
861,713
857,702
858,701
864,732
859,714
863,719
869,710
873,713
870,735
877,717
866,691
866,705
863,708
864,709
862,690
866,682
865,699
865,693
862,692
860,688
864,691
867,710
864,698
862,711
870,697
867,711
867,734
866,716
866,708
863,714
872,712
867,739
866,711
868,694
866,704
866,707
866,701
862,680
861,690
863,694
865,696
867,697
862,688
866,693
868,707
867,700
869,715
864,709
864,707
862,736
867,710
864,715
868,715
868,712
863,730
863,709
865,699
858,706
860,699
865,696
863,703
873,692
861,691
868,692
865,693
865,689
862,703
857,708
865,699
862,703
863,706
861,714
863,736
862,710
872,708
866,706
862,717
862,696
863,708
868,707
864,706
858,695
871,697
873,704
865,692
860,693
864,691
876,698
864,687
861,704
863,708
865,704
862,703
856,708
864,720
860,735
871,715
864,704
862,719
860,715
861,719
860,710
860,703
861,701
866,689
873,694
868,697
877,691
861,692
864,693
859,692
864,698
862,703
862,708
866,699
860,712
876,718
867,716
870,732
863,708
861,708
870,724
864,711
866,720
863,706
868,692
870,707
866,700
874,693
870,689
866,682
864,694
862,692
864,695
869,695
861,703
866,717
861,698
860,711
862,705
866,714
867,728
864,709
862,711
869,719
864,711
862,714
866,707
862,696
872,698
866,693
871,690
865,695
867,697
864,690
859,697
873,693
867,702
881,710
876,712
856,698
860,714
854,715
869,711
861,732
862,708
860,708
866,722
869,704
857,715
872,705
862,692
861,717
864,693
868,715
864,689
863,689
859,694
860,702
858,697
864,699
871,706
861,716
861,702
865,723
871,716
865,713
865,726
862,719
859,706
866,719
868,702
868,715
861,702
862,678
859,692
868,692
858,692
868,690
864,689
862,694
862,685
863,700
865,701
859,705
863,704
863,698
864,718
865,716
865,710
862,726
859,713
864,701
863,715
862,704
860,716
861,698
865,683
865,707
863,693
865,697
862,686
863,689
865,693
858,688
861,705
861,700
864,703
861,712
859,706
867,715
858,708
863,706
864,728
873,720
858,713
857,709
863,702
862,713
865,701
862,692
863,690
865,689
864,689
862,702
864,695
859,701
858,685
863,707
861,706
862,702
855,713
867,709
862,716
865,715
862,706
867,728
863,699
860,705
866,716
870,704
866,713
864,695
868,687
857,691
869,697
862,689
860,686
863,694
862,687
863,701
862,698
864,704
863,703
866,722
863,710
859,712
870,711
866,709
866,736
862,716
862,699
866,708
864,713
859,710
865,701
868,696
872,693
864,691
860,688
859,687
859,692
866,691
861,696
864,705
858,704
863,698
865,711
860,714
865,722
860,710
862,709
865,729
862,717
858,693
865,705
864,713
860,707
862,695
864,681
860,703
864,700
863,686
865,687
868,692
858,695
863,699
862,707
860,701
857,703
860,722
864,711
864,713
860,704
860,712
864,699
863,716
865,697
864,707
857,706
865,706
861,692
862,687
856,691
864,692
868,689
863,701
863,693
859,697
858,700
862,712
864,702
868,702
862,724
861,712
859,712
856,715
870,712
872,733
870,707
861,698
858,712
871,702
864,706
860,692
857,683
859,695
862,693
865,693
864,688
873,692
870,705
862,698
864,702
863,703
859,696
861,729
865,714
863,686
861,712
866,707
862,729
866,714
861,691
862,705
866,706
859,707
867,705
860,676
862,691
870,699
862,690
863,696
866,692
859,703
864,703
861,713
858,699
861,705
861,725
857,729
859,710
863,711
866,713
867,727
862,709
863,690
864,707
862,706
852,694
858,689
862,691
863,704
856,690
865,694
861,687
862,697
863,704
861,700
865,710
866,701
859,710
865,729
861,712
866,703
858,703
864,710
862,727
863,703
867,696
862,705
862,700
862,693
861,690
866,694
860,689
860,686
866,694
864,701
859,696
865,702
864,701
872,708
859,700
859,711
856,732
867,708
867,705
867,713
862,711
862,731
870,701
866,695
863,699
866,695
864,693
865,694
870,689
869,700
860,692
868,696
867,688
869,700
865,712
863,701
862,692
867,697
855,711
863,735
861,706
870,705
866,722
864,716
866,728
868,710
869,686
864,707
858,705
867,697
872,694
857,682
865,699
860,688
861,690
863,697
868,699
861,712
862,703
859,701
861,710
860,710
861,725
860,715
861,702
867,717
863,714
859,721
863,706
863,693
861,701
866,703
864,691
857,692
866,694
861,705
861,691
861,690
856,691
861,711
865,713
860,703
865,703
853,713
865,716
864,726
863,704
866,704
864,700
864,721
862,709
862,706
866,693
862,698
866,698
861,696
862,691
866,695
863,688
861,688
868,695
861,705
861,714
863,716
863,700
863,707
857,712
865,712
858,730
864,705
861,704
867,723
863,710
864,719
864,704
867,697
866,704
862,696
867,689
868,691
862,688
860,690
862,689
864,690
867,698
854,704
864,716
866,709
867,709
861,719
864,719
861,724
870,710
862,705
860,718
862,704
863,712
861,714
873,688
857,696
857,689
865,696
861,682
864,701
854,688
867,711
864,695
863,693
866,704
864,700
865,702
863,705
858,714
868,706
856,720
861,708
858,718
869,722
873,712
864,716
866,702
866,691
865,700
871,696
862,689
858,690
866,691
865,705
862,686
860,696
862,700
865,709
863,711
865,697
858,711
862,720
858,712
865,724
858,710
865,709
862,702
869,702
860,713
862,696
863,686
863,694
857,694
862,688
858,688
861,693
859,691
855,686
860,700
864,705
859,717
877,711
866,702
874,720
863,718
852,711
866,732
857,715
857,708
856,713
861,705
862,716
861,697
863,685
864,692
856,685
863,690
860,687
864,694
863,691
860,688
867,703
870,704
865,707
861,710
853,707
865,719
857,718
865,709
858,724
867,713
861,705
861,715
860,704
867,715
863,703
869,687
870,690
872,691
868,699
859,687
862,683
860,690
865,693
863,709
857,703
861,683
857,715
865,682
858,715
860,708
857,702
861,730
863,712
861,701
867,709
865,705
867,714
863,697
861,679
862,691
866,699
861,698
860,691
866,696
867,697
859,703
861,712
863,705
865,698
860,724
865,712
869,720
865,714
871,708
866,732
858,714
858,696
866,705
859,703
871,716
860,699
860,679
861,694
860,692
866,694
861,690
866,691
870,695
865,693
861,713
862,716
861,702
863,726
863,714
866,713
859,715
857,704
868,729
865,717
857,697
863,709
864,706
864,706
865,706
869,697
877,697
866,694
861,693
866,695
871,697
868,697
868,701
868,710
867,705
866,698
865,724
860,709
870,708
864,712
871,712
858,731
863,723
866,693
864,709
871,711
858,705
863,704
867,685
861,690
865,694
866,686
861,693
866,693
859,696
864,701
864,713
861,704
862,702
863,727
871,714
861,707
867,714
863,692
863,723
871,692
868,695
870,710
855,704
860,699
871,695
865,700
854,692
859,712
863,691
875,694
870,699
866,702
862,707
865,708
860,698
864,709
862,730
866,723
862,704
864,710
859,714
862,736
865,711
864,692
865,705
866,702
860,698
864,689
868,686
868,691
857,696
859,690
862,695
868,699
871,709
870,706
858,712
868,726
861,705
864,730
864,712
862,701
869,717
862,710
860,723
863,711
868,694
861,708
865,701
853,692
864,700
863,683
864,692
866,688
866,697
866,697
864,694
860,706
862,704
865,703
872,707
857,709
861,729
867,707
865,704
865,719
859,710
862,724
864,708
864,694
859,704
862,699
868,690
862,696
862,688
859,693
862,689
863,691
859,692
864,698
859,712
870,705
858,701
870,709
865,713
852,731
863,707
869,701
861,722
857,717
865,719
864,712
870,694
857,701
863,727
857,693
860,687
864,691
866,720
857,695
862,721
858,690
862,709
861,701
863,701
860,702
868,710
867,720
863,728
861,706
860,705
861,720
858,710
867,713
857,706
860,695
866,681
857,694
867,694
862,691
860,694
858,689
864,691
860,699
869,697
860,704
869,718
857,696
860,709
862,711
859,714
860,732
869,705
865,701
857,720
865,706
864,713
861,711
875,688
862,701
861,691
862,687
859,703
865,696
869,697
871,688
855,693
869,699
853,705
862,713
866,694
866,710
867,720
874,713
860,727
863,701
856,706
864,722
871,708
862,717
864,711
865,692
862,703
862,693
859,690
874,692
860,694
865,691
866,704
864,687
864,705
863,706
861,715
867,695
858,709
857,715
858,709
860,725
867,709
869,707
866,725
857,717
874,717
855,702
861,686
871,696
859,691
860,693
858,695
868,696
866,702
855,687
868,697
862,694
867,710
867,708
865,702
865,714
871,723
875,710
853,729
869,713
870,704
859,717
859,704
862,714
864,702
862,684
868,704
857,688
859,691
861,690
872,693
864,702
866,690
862,706
860,700
869,711
859,714
866,704
865,720
864,707
856,705
860,732
857,715
863,703
860,715
862,705
859,719
864,702
863,684
862,693
867,693
868,696
865,696
861,687
857,693
875,689
866,708
860,702
858,703
870,714
864,709
865,717
865,717
862,704
861,736
857,693
867,709
862,712
870,710
865,715
867,707
865,683
863,695
867,697
861,696
865,689
866,691
862,696
868,699
859,709
869,704
863,703
865,721
865,713
865,718
867,721
866,708
864,736
864,719
859,705
868,713
871,716
870,719
863,705
865,685
869,695
867,698
870,700
870,693
864,701
862,694
869,699
872,716
863,718
869,711
871,714
872,721
874,726
867,710
862,711
869,731
866,722
869,713
864,713
864,714
873,716
869,706
871,685
871,709
868,698
873,701
868,695
861,700
871,702
869,704
880,720
867,711
870,709
873,736
868,722
872,734
869,712
869,720
874,745
875,718
872,703
878,717
881,715
875,717
871,712
876,699
874,704
876,706
873,707
879,710
876,707
869,707
870,707
877,726
876,716
876,719
878,740
883,728
880,725
873,726
872,728
872,740
872,706
875,712
879,721
877,711
872,717
879,704
882,700
877,704
875,702
883,702
877,702
876,709
875,710
878,720
882,723
880,716
880,727
884,745
882,730
884,733
881,732
886,731
885,749
889,729
894,715
896,730
891,724
889,730
888,718
888,706
889,721
887,721
881,714
873,710
877,712
876,723
872,716
881,736
879,725
882,745
887,753
868,739
875,737
878,737
875,730
883,754
876,722
878,708
878,723
877,719
876,719
876,704
878,685
878,718
877,700
871,706
873,702
881,708
872,723
874,719
873,724
880,716
879,726
872,755
879,726
869,728
875,718
875,727
879,741
878,720
873,706
883,731
874,718
877,712
878,704
880,703
883,708
871,702
875,712
879,723
874,714
874,732
877,719
868,730
876,729
874,734
873,749
863,729
869,719
870,736
863,719
868,731
871,721
874,710
871,721
870,714
870,695
867,706
879,694
862,701
869,693
869,702
877,701
866,706
862,717
871,714
866,711
864,717
863,719
861,739
868,720
867,709
869,729
863,719
862,727
867,711
867,697
862,723
866,700
866,702
862,694
871,693
867,694
861,688
858,692
861,696
861,702
860,713
864,702
868,704
862,714
860,718
867,738
866,711
867,704
864,719
866,711
861,726
864,706
863,692
866,706
865,697
861,697
863,690
864,684
867,705
862,686
860,710
860,693
858,695
865,709
864,706
865,708
862,714
859,710
864,702
859,709
859,699
863,698
858,709
864,716
862,704
859,691
859,698
862,688
864,693
857,687
862,688
861,687
861,684
856,692
857,701
858,698
861,708
852,700
863,708
858,715
859,714
860,730
859,703
857,703
861,716
862,709
859,703
861,698
857,682
862,694
855,692
861,688
856,685
859,684
862,691
859,684
861,692
853,689
858,697
862,702
856,702
856,697
855,708
858,706
860,728
860,705
870,704
859,714
857,703
859,711
854,702
862,687
860,701
856,683
864,691
864,689
853,688
856,690
861,686
862,691
863,696
858,703
866,709
857,694
859,705
858,712
859,710
860,713
860,706
855,700
859,714
868,707
861,714
859,703
871,684
856,693
862,693
859,687
856,689
855,669
856,699
858,689
856,691
856,696
855,699
857,707
860,696
866,708
858,714
857,695
859,720
858,728
857,695
856,699
858,708
861,711
862,706
861,684
858,692
857,690
856,688
865,690
856,682
854,692
859,695
859,696
861,705
870,701
861,708
865,703
864,710
857,713
861,704
856,716
852,712
853,699
856,713
861,699
860,709
857,698
856,685
857,686
859,696
857,688
857,690
857,683
852,690
855,683
857,696
850,701
864,699
858,702
859,710
862,702
854,713
854,702
853,718
859,713
857,700
854,706
860,699
860,709
858,702
857,688
860,687
861,689
859,693
859,688
856,685
861,686
860,686
856,700
862,697
861,705
868,710
868,704
860,710
859,706
868,710
865,724
864,711
867,703
862,708
860,704
864,706
862,696
862,683
858,688
863,688
864,683
856,673
863,692
862,693
854,683
865,701
861,699
863,704
858,707
855,704
861,713
859,714
853,704
860,716
866,719
862,701
865,701
863,702
859,706
853,697
860,681
856,686
861,691
859,687
858,683
856,691
861,692
861,694
854,705
863,702
860,693
868,712
859,704
862,713
857,713
859,702
857,723
859,717
860,698
857,705
860,700
863,701
858,694
860,678
853,685
861,696
864,689
864,687
865,691
859,693
868,695
865,703
857,701
861,706
857,709
858,704
859,706
859,706
858,704
854,728
858,712
862,700
865,706
865,706
857,704
860,696
860,697
868,690
865,685
856,693
861,685
861,694
857,692
863,694
864,706
858,701
863,696
859,721
859,713
856,713
866,707
865,703
862,726
862,713
857,699
856,702
856,702
861,700
857,692
862,679
862,686
865,688
860,691
864,678
860,684
864,698
855,700
867,718
869,700
862,696
864,726
861,709
860,707
858,707
865,705
856,730
858,706
862,689
861,703
871,705
857,721
857,686
864,701
870,695
857,700
860,682
865,688
863,688
864,695
863,700
862,696
861,709
860,700
857,720
857,717
859,704
861,708
856,703
858,724
857,716
869,689
859,706
856,696
857,699
860,697
861,682
856,686
863,686
853,683
861,689
864,688
859,698
863,696
854,706
856,697
863,704
863,723
862,705
857,718
859,710
867,708
856,725
865,715
858,688
858,705
861,702
867,700
860,688
864,673
863,687
862,691
856,688
867,690
867,694
858,703
859,698
857,705
864,693
864,704
858,728
858,712
861,710
856,707
864,714
860,726
858,704
862,687
858,703
859,702
855,693
855,687
859,683
869,689
860,686
863,686
859,682
865,692
858,704
862,699
861,702
861,695
862,708
859,729
862,717
861,697
860,712
860,712
862,726
855,701
864,692
860,698
858,710
863,695
862,689
866,684
856,689
861,694
860,687
857,682
864,692
859,709
863,709
861,702
859,701
861,707
860,732
859,711
855,697
844,718
863,715
856,721
858,706
871,689
856,703
857,692
857,689
863,695
868,686
858,687
858,690
859,690
860,686
856,693
860,704
863,701
857,700
862,703
857,702
864,729
858,701
863,699
863,718
858,714
854,720
855,698
858,692
864,703
852,694
859,686
851,687
859,677
864,689
860,686
859,692
862,685
853,697
855,703
859,697
862,703
868,706
859,708
857,728
856,704
861,708
858,716
860,711
854,715
866,706
866,699
871,702
853,692
860,689
859,689
860,687
858,687
849,682
860,680
864,690
861,701
852,706
865,691
858,699
860,709
859,710
858,734
859,702
851,697
858,708
860,714
856,709
856,705
858,687
864,700
860,695
862,686
862,686
859,688
858,686
869,691
857,685
859,693
861,701
860,707
855,699
858,710
861,701
861,694
857,724
857,711
851,706
860,689
863,713
860,718
858,704
860,686
858,695
861,688
862,689
861,695
855,687
853,682
857,689
866,693
864,695
860,701
863,709
857,693
863,706
864,725
861,716
867,719
858,704
859,702
854,716
863,706
856,713
861,708
859,684
868,696
860,690
859,691
865,704
859,682
859,688
859,687
861,689
864,702
856,707
860,717
863,690
859,707
857,722
858,708
860,728
862,711
867,710
861,725
859,698
861,713
861,701
861,684
856,693
862,695
858,693
859,692
865,687
853,690
861,684
862,688
855,696
861,702
857,702
863,697
851,713
858,709
853,705
859,721
861,708
859,710
865,716
858,708
865,712
867,704
866,688
865,701
858,691
861,695
867,691
862,689
861,691
865,686
862,700
849,696
857,703
858,712
860,699
855,714
856,702
863,704
863,723
858,711
862,700
855,710
856,698
859,710
858,701
856,687
861,674
860,681
860,706
857,695
857,689
861,689
857,685
860,701
858,700
860,703
862,706
855,695
858,712
867,703
863,703
868,721
861,699
860,705
859,711
858,702
857,711
862,698
860,685
853,686
853,688
863,687
860,695
861,683
859,688
861,693
864,697
857,699
860,703
866,707
859,700
858,714
858,714
863,707
861,726
854,715
870,703
862,713
859,708
859,710
860,697
861,681
861,687
863,691
857,685
859,684
861,691
862,691
860,687
859,700
858,706
863,705
862,705
862,704
858,714
860,715
866,702
853,723
858,711
864,704
855,705
859,718
858,701
854,700
858,686
857,702
851,688
864,690
860,685
857,691
859,687
856,690
860,699
857,703
866,702
865,709
859,710
864,713
855,701
860,705
865,723
853,712
860,701
861,705
858,705
856,703
856,692
857,680
858,691
860,710
867,690
861,697
866,690
858,689
856,691
862,706
862,702
862,699
875,721
864,705
855,708
859,708
858,705
867,728
857,704
862,699
870,706
864,706
860,704
861,691
858,687
857,690
859,690
856,686
858,686
864,694
859,689
859,695
866,703
869,701
864,699
860,719
855,709
858,714
870,706
860,704
859,726
858,700
860,700
859,711
858,707
864,709
862,693
863,683
864,689
857,693
860,687
859,686
863,691
861,694
855,677
863,707
861,702
860,704
861,715
855,710
857,704
858,705
864,706
855,730
860,714
857,687
855,704
863,705
859,698
856,691
860,680
859,698
861,686
859,685
863,697
856,687
864,694
862,698
857,706
862,699
862,712
856,723
861,711
861,701
860,702
856,707
864,735
855,710
861,688
857,703
859,699
869,703
861,689
857,678
863,689
857,685
863,696
860,702
862,696
866,698
859,695
863,711
860,698
857,702
864,697
860,710
868,691
860,706
861,686
864,725
857,697
864,702
860,708
862,704
859,697
865,688
867,688
859,690
866,690
865,687
862,683
861,688
863,700
860,711
861,698
860,694
861,706
861,727
859,710
856,699
855,709
861,708
854,726
860,704
857,690
863,701
863,698
860,700
854,690
858,683
859,685
857,686
857,688
855,690
864,689
862,700
858,704
858,705
860,702
861,713
858,721
852,708
860,700
864,713
863,711
858,725
863,701
860,686
864,703
855,696
861,693
860,687
861,686
864,700
858,688
862,691
855,685
855,693
863,705
856,697
865,707
861,704
862,722
863,731
861,708
860,708
861,699
857,712
857,715
862,702
861,699
860,700
859,701
858,689
860,692
867,678
863,691
862,687
860,690
861,699
857,698
854,705
860,701
865,697
854,703
862,712
868,734
861,697
857,709
861,688
856,709
864,715
866,706
867,693
856,702
861,692
857,688
857,694
868,693
869,690
858,682
853,692
862,685
855,700
857,709
857,700
863,692
877,709
863,709
860,729
860,704
864,703
857,716
853,706
857,710
858,700
857,690
864,697
857,689
859,692
857,687
865,692
870,690
863,684
860,686
854,690
857,701
868,710
862,701
864,706
863,712
865,715
863,718
860,706
858,699
861,723
863,711
857,715
853,705
865,694
861,709
855,690
856,688
859,691
854,685
860,697
854,688
859,690
858,698
867,701
864,710
862,692
855,702
859,719
859,720
859,722
863,709
865,706
864,702
857,708
865,716
859,706
861,693
859,698
868,695
853,687
864,692
866,682
855,686
864,692
860,692
860,708
861,705
858,715
864,693
860,710
862,718
853,710
859,726
866,708
858,712
859,719
859,703
856,710
864,719
868,689
864,692
862,691
867,688
866,686
856,706
863,687
855,687
859,684
865,717
859,704
863,716
857,703
860,708
858,709
860,707
861,722
859,706
860,705
864,712
861,701
865,714
855,702
858,692
860,691
862,688
863,693
857,691
867,694
854,687
869,688
867,692
859,698
861,703
856,697
861,701
861,714
861,713
862,705
857,714
855,713
860,702
855,713
861,701
858,711
865,706
864,685
867,689
861,689
863,691
862,696
863,693
864,698
856,682
852,696
855,701
862,709
859,705
858,700
862,711
857,722
860,705
856,721
860,710
854,703
857,702
859,700
852,710
858,701
851,684
859,690
859,684
858,682
858,690
860,687
863,690
862,681
853,698
860,708
859,699
862,707
853,698
853,716
866,717
863,701
861,723
860,722
857,704
860,707
854,701
863,718
859,697
859,683
861,693
859,699
856,695
859,714
862,685
857,711
861,695
861,702
862,699
861,684
859,709
855,690
857,706
853,709
856,701
861,726
859,712
857,699
857,704
861,703
858,703
858,695
858,678
859,693
855,690
859,697
861,683
863,696
866,693
857,686
859,704
863,701
860,698
864,707
856,706
860,715
855,709
861,701
858,725
855,715
855,693
855,706
857,702
860,715
864,698
869,679
861,686
861,686
864,690
862,683
859,689
857,696
862,684
854,703
858,701
860,692
859,715
869,710
868,714
865,712
866,700
858,729
867,712
864,697
856,695
860,701
858,709
858,694
857,679
858,685
861,687
860,690
860,676
860,685
858,689
855,692
866,709
867,703
864,694
862,715
858,708
862,712
854,706
862,704
861,726
856,701
862,694
855,704
857,703
852,703
858,693
867,685
857,685
859,689