2500,10000
871,693
863,691
864,687
866,711
862,701
870,690
867,698
866,682
866,714
857,702
865,681
864,690
875,691
869,689
869,684
866,677
867,676
866,692
871,676
872,675
866,680
866,689
866,685
873,691
866,682
863,687
865,711
868,690
866,686
869,695
862,713
863,714
867,691
867,680
867,692
870,691
867,683
860,681
873,677
874,676
865,678
863,677
865,673
866,677
868,688
867,683
863,692
856,683
865,688
865,716
865,701
867,688
861,698
863,699
864,712
870,696
877,680
869,692
861,683
865,682
863,674
867,675
868,678
867,679
864,675
865,672
864,676
860,687
862,683
866,692
862,677
871,686
871,712
864,697
868,690
865,697
865,697
866,712
867,693
865,681
869,687
864,687
866,680
871,674
871,673
870,682
870,682
868,680
869,677
875,679
870,687
858,671
856,691
862,688
864,689
871,718
872,669
870,686
865,699
865,699
863,704
855,693
871,664
870,690
868,692
863,684
867,687
867,674
865,679
866,677
867,676
867,671
860,677
872,686
867,684
863,687
863,681
870,692
868,715
872,692
871,691
864,701
868,708
870,718
866,695
870,681
868,689
863,685
866,679
868,674
869,675
867,679
864,671
866,674
863,671
869,675
860,688
864,688
865,692
867,686
866,698
858,710
861,692
867,686
866,699
860,698
869,706
857,691
862,681
865,690
862,688
859,676
867,677
867,678
876,680
873,678
868,679
869,671
873,680
864,692
866,686
864,689
865,686
871,699
863,714
865,697
859,683
865,696
864,701
866,710
861,692
863,678
863,687
866,693
864,679
863,674
867,672
866,675
870,678
875,676
871,670
861,673
862,689
864,686
871,686
864,689
868,690
860,711
862,699
866,695
865,697
867,701
870,710
872,703
870,681
865,674
864,684
868,683
868,689
871,679
870,675
864,670
863,674
872,672
872,679
863,689
862,685
871,692
861,692
861,694
861,713
863,696
870,687
865,705
867,706
871,716
867,691
867,681
867,696
871,692
866,681
868,677
871,676
874,679
862,673
867,680
871,669
867,676
861,692
860,689
865,686
862,686
862,692
861,715
864,695
871,689
871,699
864,700
865,708
862,690
870,689
866,689
867,678
867,678
868,675
865,675
868,682
862,677
870,680
867,674
866,678
868,694
864,687
863,688
864,687
865,695
872,716
871,696
866,703
867,707
869,705
869,712
866,691
869,682
867,689
866,684
860,680
863,679
863,667
860,675
863,681
869,677
873,675
865,676
864,689
858,686
864,688
867,690
867,693
868,702
865,697
866,684
873,703
866,698
862,704
863,695
865,677
864,690
865,686
866,677
868,688
863,676
868,699
865,673
866,676
868,671
864,686
867,691
863,686
863,687
863,676
865,693
862,693
866,693
866,685
862,706
863,706
872,712
871,689
873,681
868,692
868,686
872,676
867,676
868,676
863,675
869,677
874,681
866,671
865,674
866,691
862,689
864,688
868,689
869,695
862,717
867,691
875,690
871,707
866,703
863,707
867,690
862,685
861,692
864,684
865,677
870,677
867,678
866,677
866,673
866,677
866,674
866,684
867,692
865,685
877,679
868,691
864,699
860,714
864,692
870,685
871,705
874,700
864,707
865,698
868,682
862,685
866,689
869,676
870,681
876,678
872,677
864,677
869,676
866,672
874,683
868,693
867,688
867,688
865,689
860,693
871,704
866,694
864,693
867,700
866,699
862,708
862,692
867,679
860,688
866,685
866,676
867,679
867,674
862,672
859,675
867,676
868,675
863,683
858,693
875,687
863,683
863,692
873,691
871,716
862,679
866,689
870,711
872,703
864,704
868,691
869,681
864,688
868,684
873,674
865,675
866,679
862,675
865,675
860,677
863,675
873,680
864,697
857,685
862,688
862,695
864,696
867,712
864,690
868,690
866,701
869,697
861,704
865,701
868,677
861,689
867,683
859,677
861,680
865,676
871,683
872,672
858,672
865,674
863,680
865,693
863,695
861,687
864,693
872,695
863,713
865,694
873,686
862,700
867,700
863,704
864,690
869,680
864,689
862,685
864,667
866,676
866,683
865,673
865,674
867,676
861,672
865,681
865,694
873,686
868,687
866,694
868,700
866,718
867,692
867,685
864,703
861,695
865,708
863,690
866,681
864,689
861,678
868,674
864,684
865,676
862,673
868,674
868,674
868,674
866,678
869,692
863,689
872,689
865,696
863,694
864,693
866,691
869,688
863,704
862,697
862,699
861,697
867,679
862,687
862,682
862,695
873,676
866,679
865,675
862,674
865,674
865,669
862,679
864,692
869,687
870,692
866,700
869,694
868,710
864,689
870,691
860,701
854,697
863,701
867,682
868,677
862,685
863,679
865,675
864,675
866,675
862,679
867,678
865,673
864,679
866,684
861,694
868,690
860,692
862,695
864,693
865,710
868,693
869,691
865,702
874,696
861,700
869,691
861,678
862,685
866,683
873,683
871,680
868,680
869,679
870,679
867,678
864,682
864,684
860,696
863,680
863,691
865,692
866,700
863,705
865,697
865,692
868,705
871,702
869,700
862,689
868,680
863,685
864,679
861,678
867,681
867,695
866,668
864,674
863,676
868,677
866,685
865,693
861,685
870,690
860,695
866,695
865,710
864,689
860,694
864,699
865,698
864,695
863,690
859,663
854,690
867,677
863,674
873,691
861,676
862,695
862,677
870,678
873,681
869,688
871,698
867,680
862,688
863,699
869,695
854,706
864,695
868,693
877,704
871,698
866,698
858,689
875,681
867,684
863,681
866,673
863,677
866,679
862,674
863,673
864,676
870,682
860,682
871,698
870,683
862,692
870,696
866,695
862,708
862,690
865,692
872,701
874,697
869,705
863,689
864,679
865,686
863,672
857,682
859,678
858,670
864,676
865,674
862,676
864,679
869,683
863,694
864,680
866,690
863,687
862,698
863,711
870,692
869,690
861,701
869,696
867,703
867,696
870,677
871,689
869,681
874,680
869,682
864,667
863,679
861,673
870,682
866,679
867,684
865,697
859,679
868,694
867,703
864,695
866,708
868,690
862,697
866,705
868,694
861,695
862,694
865,676
862,680
867,682
867,679
862,677
867,688
868,674
866,697
865,679
868,680
869,686
865,695
858,685
871,688
865,702
869,697
871,707
857,695
872,692
864,703
860,695
862,699
868,688
858,680
859,682
866,678
869,677
873,678
864,674
862,674
869,675
862,679
865,682
863,686
869,693
865,678
861,701
862,703
869,694
865,704
869,700
868,689
870,705
866,695
864,698
873,695
869,681
865,688
863,677
874,677
865,676
862,677
870,674
867,675
860,682
864,682
864,686
869,694
868,682
865,699
866,689
874,699
870,712
873,701
871,695
870,705
865,697
869,703
863,695
864,679
870,682
866,678
868,677
866,685
863,677
863,680
870,672
871,678
871,693
865,694
865,697
871,685
874,700
868,703
867,693
873,709
876,696
866,692
867,701
868,686
864,697
868,694
868,674
857,678
861,682
862,677
865,676
868,675
858,681
864,680
866,664
867,684
866,677
866,691
863,683
870,703
866,692
870,694
873,704
870,700
872,670
873,702
875,686
867,698
871,700
868,675
882,679
871,678
872,681
871,677
865,672
866,677
870,673
855,681
862,681
854,686
869,690
867,688
871,698
878,702
869,689
865,710
864,697
868,690
864,700
871,691
859,699
867,695
872,674
863,688
865,673
866,675
866,676
866,674
864,678
873,678
872,685
871,688
870,689
870,696
867,687
864,696
868,702
865,693
872,705
868,702
861,691
861,698
866,688
868,694
863,691
866,675
867,677
865,683
867,676
869,698
865,682
866,678
868,677
867,684
865,687
862,689
869,697
872,693
869,699
868,702
871,693
869,714
854,690
860,692
858,695
862,693
872,699
864,689
867,672
864,678
861,681
869,679
864,673
869,675
868,677
877,687
865,677
872,685
878,690
869,695
868,692
865,699
863,701
870,691
866,709
870,699
867,690
862,679
866,692
866,696
864,688
864,671
863,677
862,683
867,678
858,683
867,671
861,677
865,675
870,687
865,683
870,682
866,677
867,693
862,698
859,700
867,690
871,711
878,701
866,690
863,695
880,695
877,699
865,689
865,669
866,677
874,685
875,680
859,676
866,677
864,678
873,678
872,688
867,685
866,685
860,692
865,690
865,701
859,689
865,690
858,709
865,702
869,691
863,695
863,690
866,695
862,687
864,675
868,678
865,676
869,680
862,691
864,674
873,678
875,683
874,692
872,689
867,688
874,698
867,693
863,702
869,704
866,689
867,716
865,693
874,692
872,695
878,689
864,704
874,691
864,668
868,675
866,682
861,680
865,676
863,675
867,680
873,700
864,684
873,694
872,688
871,700
856,699
864,699
866,698
866,688
863,713
872,702
869,692
862,692
874,710
870,704
871,691
865,671
865,679
864,682
867,683
872,676
866,696
871,676
867,675
865,686
866,693
869,687
871,695
863,699
864,704
866,700
866,686
867,717
863,701
867,687
865,695
861,690
860,692
868,694
870,671
867,687
868,674
861,675
864,676
865,679
869,677
866,679
867,688
861,692
865,678
863,695
870,700
859,697
861,680
870,689
870,717
866,703
868,682
869,693
870,694
865,693
873,686
868,674
869,680
873,688
870,680
868,679
872,674
870,676
861,680
869,687
862,691
863,682
868,696
864,696
867,697
872,694
863,691
865,712
865,683
868,687
868,694
867,690
870,693
871,683
861,675
870,685
866,682
871,683
869,675
873,676
871,677
869,685
867,688
870,687
869,681
863,701
866,696
862,696
867,696
868,694
869,719
867,702
859,686
870,694
867,691
864,695
863,686
872,667
863,676
866,681
863,677
867,688
869,675
867,674
869,682
860,689
861,686
866,696
867,695
865,697
867,698
861,696
870,695
876,718
872,706
864,684
865,692
862,692
862,692
865,685
869,664
864,685
860,678
871,675
873,674
866,675
866,681
866,687
861,697
869,686
868,679
868,704
864,696
867,706
863,684
865,690
869,717
868,699
865,683
870,695
864,688
861,689
865,683
859,669
863,679
864,677
862,676
862,686
861,671
866,680
868,682
861,691
863,688
861,677
868,701
872,703
861,698
865,692
865,689
867,714
870,693
868,688
870,692
857,688
867,696
868,684
871,673
861,678
862,680
865,674
863,677
863,676
863,675
865,686
869,687
864,687
864,680
862,702
869,695
870,699
865,692
869,692
871,715
868,701
863,686
863,698
866,685
867,694
865,681
867,662
866,677
864,682
864,678
863,675
866,675
865,676
866,682
864,690
867,682
865,689
869,696
865,695
866,699
868,691
865,688
869,713
865,701
867,682
863,691
864,687
865,692
863,680
864,671
867,686
865,674
871,679
863,673
870,675
868,674
866,682
859,700
873,694
869,687
863,705
867,698
857,705
863,685
864,693
866,718
861,699
857,679
865,692
866,689
885,689
859,680
867,669
865,681
863,678
867,680
865,686
864,670
862,684
865,679
860,689
859,687
868,679
865,708
866,700
865,694
858,690
865,693
862,708
874,690
867,682
867,690
867,691
869,689
871,684
871,671
864,678
875,679
861,671
872,674
865,675
865,684
869,686
866,695
862,693
867,684
868,702
867,696
862,694
864,690
864,691
868,715
863,700
862,681
865,701
871,695
867,700
868,682
871,670
864,679
866,677
867,676
867,672
871,679
865,680
864,682
858,689
866,684
864,681
868,704
869,695
868,696
865,690
868,693
864,712
865,701
867,661
868,693
866,682
865,689
868,672
868,669
865,687
864,678
863,678
873,677
865,672
872,680
868,690
868,690
864,681
862,682
871,707
861,702
869,694
865,685
879,694
872,719
859,701
861,678
871,693
871,698
866,687
867,676
870,668
870,678
873,684
871,676
871,687
865,673
867,681
868,684
863,693
862,680
870,688
866,711
864,699
865,691
861,690
865,695
868,703
868,689
859,680
862,690
863,692
862,691
865,678
864,668
863,676
863,680
866,675
864,677
865,671
867,672
861,686
865,687
871,681
861,683
861,710
863,699
871,692
864,693
865,692
875,721
870,711
872,682
869,702
870,691
865,690
864,678
864,670
873,681
868,680
873,680
870,684
867,674
867,685
868,680
860,694
869,684
872,689
867,704
867,698
863,689
872,694
868,693
861,713
872,697
866,677
867,706
865,692
865,680
869,687
867,659
863,688
873,678
868,672
870,675
861,680
867,681
862,683
866,689
865,687
865,687
862,710
865,713
862,687
867,687
865,695
862,713
864,700
868,679
867,692
867,686
862,686
868,679
867,676
872,675
867,681
863,671
867,687
863,678
871,688
868,686
869,690
863,683
866,685
869,710
864,701
864,687
865,693
867,702
859,712
864,690
863,677
865,690
865,691
874,685
866,676
871,670
857,675
863,681
867,672
857,673
866,671
861,686
867,698
867,689
872,682
863,684
862,713
871,702
865,687
859,694
871,701
867,714
862,696
867,680
867,692
864,692
867,687
867,674
864,675
870,678
861,678
862,673
864,673
864,676
868,689
874,687
864,697
868,677
861,691
869,707
861,700
865,690
861,693
864,698
865,714
863,698
868,678
869,690
867,694
865,683
866,659
869,674
863,688
872,680
866,676
862,675
864,697
865,685
863,677
871,694
876,690
870,692
867,710
866,715
864,701
871,688
874,702
870,720
863,705
871,682
867,694
870,695
864,686
862,681
868,671
861,677
864,679
868,676
868,688
869,675
867,687
868,689
858,697
864,684
864,696
874,721
865,702
858,689
867,700
867,700
872,711
866,689
879,686
862,691
864,692
860,684
864,679
876,676
878,682
872,686
869,680
864,673
865,693
867,686
868,689
871,689
860,682
870,693
865,715
865,701
870,688
867,695
873,701
870,723
870,701
864,685
862,691
869,688
869,687
858,680
864,673
867,675
869,681
865,677
858,677
866,675
865,687
868,690
870,693
865,684
869,690
869,710
866,703
868,685
869,699
877,702
870,717
868,702
868,680
875,701
865,692
879,685
868,679
868,666
871,690
875,674
868,676
867,673
866,678
866,684
868,686
857,678
872,683
865,693
873,719
865,675
867,686
874,690
873,705
868,713
866,696
868,684
882,697
869,689
877,678
866,679
866,678
867,682
868,674
868,680
878,692
871,689
868,699
871,697
873,692
873,694
874,695
868,718
867,701
866,688
865,699
869,703
867,716
865,693
863,684
863,704
875,698
869,684
868,680
867,678
870,685
877,684
862,680
864,680
876,683
871,695
870,694
870,687
868,688
869,698
868,721
869,696
867,688
873,708
875,708
870,713
874,695
869,685
870,690
870,695
863,683
862,678
869,682
867,680
865,680
873,680
867,675
861,688
864,696
867,690
868,692
862,697
871,705
864,712
866,693
868,695
869,704
866,700
868,711
866,695
867,690
874,690
872,688
866,682
868,681
881,682
872,696
870,676
867,679
875,678
869,696
870,697
870,694
875,692
874,705
872,697
876,692
867,701
883,694
870,695
872,701
870,707
862,697
865,681
867,689
872,694
873,678
877,681
871,683
875,684
871,681
871,678
872,688
868,687
870,698
864,688
865,689
865,700
873,704
876,712
871,690
865,689
870,704
868,707
869,701
877,688
878,689
869,689
872,686
869,677
869,679
874,681
876,684
866,681
871,677
862,677
869,686
867,704
869,698
872,688
866,699
866,700
867,714
865,697
868,702
866,708
862,695
866,703
861,692
867,684
881,687
872,675
867,687
872,683
865,678
874,680
871,677
870,678
863,680
866,687
869,701
865,680
876,686
870,700
872,701
872,709
871,700
876,692
873,710
871,700
867,704
870,691
870,674
871,691
872,685
870,685
862,677
862,670
867,692
864,671
868,680
860,683
875,686
868,693
867,685
867,700
869,707
877,700
874,702
871,707
881,695
873,687
865,694
872,720
875,693
863,698
878,686
869,682
864,676
864,675
869,679
869,677
871,672
863,680
864,689
856,685
877,701
867,686
861,699
866,703
864,694
876,711
866,702
862,695
867,701
865,691
864,700
863,690
868,681
864,677
866,681
869,682
864,677
870,676
872,677
862,676
866,690
878,702
873,693
866,697
864,699
866,700
868,707
872,692
870,710
869,700
864,694
870,702
871,691
871,698
870,700
863,672
869,678
870,684
872,684
871,674
873,677
865,682
867,676
867,684
864,688
869,692
864,692
863,688
868,698
872,704
866,694
871,708
864,701
874,695
865,700
879,690
867,701
860,689
871,675
865,680
867,685
857,671
872,674
871,678
858,693
884,677
876,692
868,691
878,689
865,699
865,697
864,704
876,702
864,688
876,706
867,704
878,692
873,689
870,691
869,701
875,693
865,674
863,680
866,685
862,681
869,679
869,683
864,673
860,704
868,685
870,688
865,685
871,700
873,693
862,701
862,697
866,688
871,709
867,702
859,690
863,685
868,688
868,699
864,679
862,671
865,680
868,679
859,674
864,674
866,679
862,680
864,675
867,689
863,696
869,684
870,702
867,700
868,701
865,701
860,692
863,717
874,709
872,687
866,692
865,692
864,696
865,691
862,660
872,679
861,685
870,681
855,672
860,678
858,677
870,679
860,687
872,693
872,684
870,697
860,700
859,701
865,697
869,686
868,716
867,700
866,691
868,694
865,689
867,695
863,685
869,668
869,680
864,692
867,675
867,673
864,675
868,691
868,679
863,695
861,691
875,687
866,704
869,702
867,702
869,699
873,701
860,689
873,705
869,684
872,690
864,698
865,700
862,682
867,675
865,677
864,681
872,676
864,675
868,686
873,674
868,682
868,699
876,693
859,686
866,707
862,683
865,698
871,689
865,698
867,698
871,701
871,681
869,696
863,685
875,690
866,688
874,677
875,686
868,683
867,677
870,678
868,676
868,680
865,689
862,691
860,688
869,689
871,717
873,696
877,693
870,693
869,696
865,716
870,700
867,682
868,697
870,693
864,690
862,684
872,682
871,685
869,685
872,686
873,678
869,682
873,684
864,687
878,697
869,690
864,692
879,714
869,695
874,703
868,701
866,693
864,713
865,701
862,680
869,694
866,691
868,688
871,681
866,679
869,677
868,672
866,683
868,673
872,675
867,698
868,687
867,691
871,689
869,698
869,716
867,699
867,689
873,694
865,701
866,716
868,696
870,679
871,688
869,690
871,688
869,675
867,673
867,681
865,676
867,676
867,678
871,680
867,693
867,692
869,691
871,693
866,691
868,715
865,702
867,682
866,697
864,688
865,713
872,690
876,683
865,691
866,685
865,687
868,681
871,682
865,679
862,682
862,675
867,675
866,680
869,687
870,687
874,698
872,687
855,693
857,717
868,692
868,692
873,702
870,702
867,716
866,693
867,678
869,692
867,686
865,682
868,676
870,666
867,680
859,674
874,687
871,675
867,679
865,690
868,690
866,688
864,690
866,695
865,715
870,702
875,685
861,703
867,703
867,708
867,693
867,678
864,691
863,691
870,677
862,698
861,680
869,679
866,673
869,681
863,673
859,679
867,699
871,692
867,689
869,691
866,695
868,717
867,691
866,689
877,709
866,703
874,709
868,692
869,683
869,692
858,685
867,681
877,686
867,681
872,682
867,681
865,677
866,676
866,678
872,702
863,692
870,691
864,693
879,695
865,714
875,695
870,687
869,703
873,703
860,703
865,696
868,677
864,691
863,697
868,676
869,689
871,682
866,676
872,674
866,678
862,678
861,688
867,695
863,684
866,695
867,694
864,702
869,713
867,692
872,696
869,703
867,697
870,704
868,693
869,686
872,690
865,687
871,689
870,678
868,677
859,678
868,680
868,680
867,676
872,689
870,699
868,682
867,690
864,697
868,698
870,702
860,692
865,705
876,706
876,699
872,706
868,699
874,681
870,689
869,680
869,686
870,683
868,681
870,698
867,671
869,675
866,680
857,686
869,697
872,681
866,697
871,701
864,698
868,709
873,697
870,690
863,716
855,696
872,699
862,692
866,677
870,689
870,684
867,675
872,680
870,686
870,684
875,674
868,678
867,686
864,687
868,695
865,680
861,699
861,690
868,697
866,706
869,697
865,696
869,701
867,691
866,698
867,693
865,685
874,682
868,675
873,680
869,682
863,674
869,680
865,687
865,681
869,688
870,688
864,690
863,680
864,672
865,704
864,685
866,707
870,680
870,698
870,712
872,696
868,704
872,692
878,680
873,687
866,682
868,671
865,676
867,672
866,681
868,690
868,684
870,689
870,691
868,699
870,685
868,698
870,703
866,691
866,697
860,701
864,692
861,704
868,690
867,697
868,696
870,680
865,678
869,679
865,675
869,680
862,676
867,677
866,671
863,684
868,686
866,686
863,684
872,684
868,697
864,703
866,689
865,707
870,701
870,692
866,709
867,687
865,700
868,693
859,673
866,689
874,679
867,680
864,678
867,674
865,677
864,676
866,687
863,685
863,685
864,689
864,689
867,698
865,691
863,688
866,708
865,703
866,692
868,705
864,692
870,705
865,698
861,674
864,676
860,680
871,679
865,684
866,681
870,679
868,680
872,690
869,684
869,686
868,695
865,701
868,706
866,672
868,692
865,715
864,692
869,698
864,699
874,699
870,698
862,687
865,681
863,677
869,683
867,677
870,675
866,676
861,677
873,682
863,685
868,684
868,696
873,691
860,689
865,700
869,701
871,692
875,703
865,696
867,692
867,701
867,691
861,699
867,689
872,676
871,680
865,685
876,679
865,680
872,682
862,671
872,674
861,685
855,687
863,689
861,683
860,689
864,702
866,703
867,687
864,708
871,703
872,696
869,693
875,688
875,697
873,693
868,676
872,693
868,678
868,681
866,677
861,683
863,680
865,676
866,690
859,680
865,684
871,693
862,692
870,702
868,688
864,686
867,713
861,701
874,695
865,701
872,690
871,700
877,686
866,673
864,681
871,680
868,677
866,682
870,679
859,677
857,674
868,691
863,688
868,687
871,699
866,699
874,705
868,704
869,695
866,720
863,686
864,693
864,703
865,695
869,684
863,684
866,694
873,678
869,703
864,673
872,675
865,677
864,675
866,692
872,685
869,688
868,685
863,697
868,694
866,699
866,696
866,693
864,713
861,705
867,689
867,696
867,695
863,698
865,685
871,673
866,676
864,678
864,677
866,676
867,692
857,673
864,680
862,693
868,687
866,684
870,695
863,695
868,702
864,697
870,687
866,716
859,702
865,699
863,690
863,690
870,698
870,691
862,672
863,687
872,678
864,680
865,675
867,677
869,675
866,679
862,698
863,683
865,684
870,703
867,694
870,702
868,686
864,687
865,717
864,703
862,690
872,700
873,696
872,700
867,680
869,669
867,678
868,682
859,681
862,685
868,679
859,682
864,679
860,692
867,690
864,685
858,706
865,701
864,711
877,704
872,700
877,719
873,692
862,693
868,699
860,695
870,697
868,722
871,673
870,693
867,679
865,694
864,684
873,707
864,679
876,699
883,697
874,701
872,691
873,706
878,712
868,708
873,703
875,700
870,720
867,709
872,700
882,698
871,708
874,709
876,697
880,677
877,687
876,695
872,686
873,683
887,682
877,690
876,692
870,701
871,699
870,696
877,707
872,708
873,716
877,707
872,705
871,727
876,713
869,707
874,705
874,696
880,708
873,695
877,684
874,707
883,693
875,696
880,688
876,693
876,695
882,698
878,714
884,705
878,707
880,731
882,713
874,718
879,707
881,712
872,743
880,719
883,701
875,715
879,711
877,707
886,698
887,684
888,702
880,698
878,699
883,707
880,700
877,701
873,698
883,714
875,717
877,702
882,722
877,720
881,720
886,720
877,718
876,737
882,710
879,703
874,713
887,716
881,713
881,701
877,688
882,699
884,693
880,696
882,698
881,705
887,716
884,714
891,710
885,714
890,712
889,730
881,720
884,719
880,717
879,719
880,736
883,721
890,703
878,715
883,715
881,716
875,701
884,692
882,699
892,698
884,699
879,696
883,690
880,703
884,713
884,721
882,708
889,703
881,728
877,717
883,716
885,716
884,712
885,740
878,716
880,717
884,714
883,712
883,709
875,694
879,686
879,710
873,694
877,694
880,692
881,697
880,705
877,695
872,702
879,710
874,706
878,728
883,713
874,712
863,709
878,707
879,730
878,718
877,693
874,710
877,705
875,693
875,694
873,685
876,691
874,694
871,686
872,695
875,690
872,696
870,695
869,704
874,696
876,704
876,723
872,710
876,712
877,706
871,706
873,726
872,698
876,703
874,704
875,705
880,699
877,689
878,687
881,687
874,686
872,690
879,688
876,686
874,702
877,699
873,715
877,698
873,700
882,720
877,712
875,692
877,711
878,709
872,733
876,712
875,690
873,692
880,700
877,703
873,686
873,678
875,691
868,685
870,685
870,698
870,679
872,694
868,690
869,701
872,692
877,700
879,719
873,704
869,696
870,701
865,699
868,716
866,703
862,691
864,696
865,683
867,686
868,680
863,678
870,695
867,682
868,675
873,678
864,671
860,684
863,689
866,691
864,680
868,682
860,710
869,707
864,688
864,685
867,699
868,715
863,696
864,677
864,690
870,696
864,688
870,676
865,669
862,674
867,684
862,674
861,684
867,670
864,682
863,686
857,688
861,679
868,687
863,711
862,698
860,689
866,694
865,696
865,710
870,684
865,684
863,690
861,688
865,680
864,673
863,677
867,665
871,674
873,680
867,673
862,672
864,683
857,683
865,686
862,677
861,694
870,712
863,694
860,684
875,680
870,695
868,698
867,696
869,663
868,692
862,682
868,685
857,672
860,670
862,677
868,676
864,677
862,682
867,668
866,684
863,684
864,686
863,678
860,688
864,707
870,698
868,684
864,691
858,694
866,715
865,697
867,673
865,691
866,684
863,682
861,673
866,671
864,686
859,677
857,676
862,674
867,677
873,687
868,694
866,694
865,680
863,687
868,712
868,694
866,685
863,682
866,698
868,714
864,700
867,682
865,688
869,702
862,676
865,671
861,668
853,676
867,674
862,675
866,683
859,674
864,688
866,682
867,685
864,683
864,699
864,716
865,692
865,683
868,697
868,695
858,712
862,687
853,678
869,692
867,688
865,677
867,673
862,675
868,683
858,670
861,679
869,674
871,680
869,691
879,687
868,677
865,689
860,689
862,711
867,693
864,684
863,700
863,693
863,707
869,701
863,687
865,694
862,692
866,725
871,684
865,672
867,674
863,689
866,676
866,675
869,674
859,689
860,690
866,678
866,685
869,679
861,708
859,696
870,682
865,697
869,702
864,709
863,686
866,681
862,687
862,685
864,678
860,674
865,679
866,686
872,673
868,676
866,671
858,681
862,688
864,675
869,686
867,684
871,693
861,713
868,691
858,692
867,685
862,699
865,705
863,692
861,676
862,688
869,683
871,680
864,673
862,671
866,674
861,673
867,679
855,682
864,677
862,689
863,685
858,694
868,690
872,700
869,715
863,692
861,686
871,699
869,702
864,713
865,689
864,678
871,691
870,686
864,677
863,673
866,662
865,681
860,679
866,680
871,675
866,681
879,690
865,687
857,680
860,689
864,694
867,716
873,697
871,698
875,703
864,696
863,706
863,695
866,676
864,689
869,687
878,687
873,677
870,675
872,675
863,677
864,689
863,675
868,691
862,690
863,705
874,687
868,678
861,696
865,706
867,687
858,689
866,702
862,698
866,705
869,691
868,683
864,686
868,681
864,674
865,673
863,676
862,688
865,672
868,671
868,670
860,683
864,693
861,689
870,689
863,692
866,702
864,711
868,689
864,683
861,684
864,702
869,702
857,691
854,677
859,683
870,674
873,676
859,687
861,673
858,677
863,674
864,673
866,688
868,684
860,692
865,681
864,685
862,695
864,700
869,714
860,687
865,695
865,701
864,695
863,704
857,692
866,680
869,691
863,683
865,675
864,674
870,669
868,682
865,678
858,683
868,678
859,683
869,693
866,691
861,685
862,693
877,695
868,711
862,689
875,704
863,709
859,693
863,701
873,688
863,674
860,685
872,681
860,679
865,675
870,673
863,673
869,677
868,678
864,680
868,685
876,696
875,681
864,680
866,699
864,679
868,701
862,689
870,687
877,707
870,697
860,704
866,687
865,671
867,684
866,676
868,676
865,674
863,678
864,685
866,671
867,675
872,683
868,689
872,689
862,681
864,686
863,695
864,698
868,705
864,690
867,685
867,685
864,700
863,699
868,691
862,676
862,695
861,681
864,673
868,675
864,675
860,673
863,683
865,679
871,692
865,683
863,695
865,682
865,685
863,704
864,702
863,706
875,696
858,691
860,708
865,695
865,700
865,683
861,675
871,687
860,677
866,677
869,674
861,668
864,675
867,675
872,681
864,678
864,682
869,691
867,691
864,694
873,702
871,696
864,705
861,692
869,693
857,703
871,695
864,698
864,690
860,673
857,681
878,675
867,679
863,677
864,678
871,675
863,670
871,662
863,679
861,684
864,695
865,677
865,688
865,696
863,693
875,708
864,694
869,685
864,700
864,669
865,695
858,681
858,681
863,687
860,676
867,684
875,673
865,673
858,682
857,671
861,674
874,682
868,690
871,685
866,684
870,699
867,698
865,696
866,705
864,702
871,693
874,685
865,694
865,698
867,693
867,674
868,680
868,681
866,676
868,682
865,676
857,674
863,672
864,678
870,691
865,681
867,691
861,679
858,694
875,708
867,695
865,704
867,697
856,692
863,703
863,690
860,697
870,687
855,677
864,679
865,678
865,674
858,678
856,673
868,679
860,673
859,678
871,685
869,684
859,691
863,691
859,691
867,701
861,691
867,707
865,707
869,699
868,702
858,690
861,695
877,692
869,675
858,683
872,677
865,682
873,674
858,674
878,680
869,682
867,684
858,681
866,686
874,693
860,687
868,698
876,701
863,687
869,711
865,699
869,690
871,701
866,691
867,699
870,690
868,685
868,673
868,683
867,685
868,693
864,675
866,686
870,674
868,694
870,688
867,684
866,690
871,691
867,701
866,695
868,693
865,710
866,701
872,693
867,685
864,692
862,694
868,686
869,676
877,678
870,682
868,682
867,677
863,678
867,675
864,678
878,687
862,689
871,683
868,697
865,698
867,696
869,698
871,696
868,716
864,703
870,694
865,697
864,693
859,693
871,679
869,671
865,677
866,681
868,676
865,662
872,669
865,676
867,681
860,689
861,685
868,681
869,702
865,694
867,694
859,693
864,692
868,713
874,695
855,685
870,694
870,688
867,694
868,689
865,669
870,682
869,682
874,683
870,678
866,680
878,681
864,694
863,694
869,683
860,678
858,708
871,697
855,695
868,689
865,693
862,714
873,701
869,682
868,693
867,692
864,689
866,678
864,675
877,680
863,677
869,675
867,671
864,681
861,682
871,679
866,690
860,695
866,694
876,708
865,701
862,681
873,699
866,687
868,712
869,697
872,679
868,685
859,692
868,684
875,675
866,686
863,672
864,676
866,670
865,670
865,672
863,681
868,682
870,687
863,687
861,682
867,708
863,699
857,690
868,690
865,695
874,712
866,696
868,671
869,690
867,689
860,682
868,680
864,671
859,675
868,679
866,670
862,672
867,670
875,690
879,693
865,697
874,679
864,686
862,712
866,693
865,686
867,693
865,700
866,714
866,694
869,680
870,686
862,687
865,690
862,673
863,672
874,677
864,681
865,674
866,671
867,671
863,685
860,686
865,688
864,683
867,689
862,710
866,698
864,685
867,699
867,702
869,715
862,699
871,675
865,689
864,685
865,676
871,674
862,664
864,677
865,677
863,672
859,668
864,674
864,690
866,686
873,694
866,691
869,689
869,711
860,691
865,683
862,688
866,695
866,691
864,693
871,691
866,687
869,685
868,673
865,676
866,664
862,681
867,675
866,682
870,674
865,682
863,689
872,687
867,688
862,687
862,689
866,714
868,693
864,697
864,696
868,697
871,713
870,690
867,680
865,686
866,684
869,673
867,681
865,678
865,675
864,672
863,672
862,667
861,679
869,690
863,695
869,690
864,691
869,696
862,720
862,689
864,682
858,696
865,699
857,705
865,688
863,675
866,692
873,691
861,674
867,674
865,671
867,674
864,675
862,677
861,669
862,679
871,693
875,688
865,692
863,687
863,692
865,711
862,693
870,684
862,697
865,694
859,702
864,694
865,675
861,686
865,682
863,674
856,678
865,671
860,672
865,677
860,673
865,672
864,677
873,692
867,686
867,687
862,690
866,696
862,710
863,695
865,684
860,703
861,682
859,702
861,687
859,675
862,686
862,683
867,678
875,672
873,674
864,676
864,674
862,674
867,668
859,675
868,689
863,685
864,685
856,687
859,692
864,712
863,689
867,687
862,698
864,696
861,701
865,688
870,679
865,686
862,682
861,672
860,677
863,674
857,673
865,675
864,655
863,666
864,676
864,688
860,687
869,689
871,691
870,695
862,716
870,691
865,683
865,697
863,702
863,701
870,692
870,680
871,690
862,682
872,677
870,678
866,670
866,672
866,675
864,673
859,671
862,673
866,689
869,682
867,685
863,688
864,693
856,712
865,689
864,682
856,699
867,695
860,699
859,691
870,683
854,685
859,675
861,671
856,672
869,674
863,673
866,677
862,671
865,677
864,684
867,692
867,685
859,687
863,698
861,692
861,710
865,690
862,684
867,698
861,698
861,702
868,689
863,700
868,686
862,690
866,674
862,686
856,674
862,678
869,676
871,684
862,673
862,680
865,688
866,691
872,686
868,687
867,694
869,715
868,693
866,694
868,704
871,700
872,700