3869,5000
2922
2902
3008
2846
3015
2900
2917
3000
2866
3014
2895
2911
2991
2867
3020
2886
2943
2988
2857
3027
2870
2949
2980
2869
3020
2853
2958
2980
2862
3023
2850
2972
2970
2881
3023
2836
2971
2974
2896
3019
2849
2983
2959
2882
3022
2833
2995
2942
2909
3016
2837
2991
2940
2914
3008
2848
3002
2911
2902
3011
2853
3007
2911
2900
3007
2852
3017
2890
2923
3007
2852
3027
2881
2929
2997
2854
3020
2878
2931
2987
2858
3025
2855
2961
2970
2863
3013
2859
2961
2975
2869
3009
2848
2965
2972
2872
3014
2830
2974
2955
2891
3009
2842
2982
2939
2896
3008
2855
2990
2943
2892
3012
2842
2998
2927
2893
3010
2838
3015
2902
2905
3018
2843
3018
2890
2926
2997
2864
3016
2882
2925
2998
2863
3021
2879
2923
2989
2859
3013
2870
2941
2986
2857
3021
2851
2951
2979
2863
3028
2845
2972
2967
2871
3018
2835
2973
2962
2883
3007
2848
2980
2959
2884
3002
2838
2985
2937
2900
3005
2835
3000
2922
2910
3005
2853
3000
2912
2918
3003
2842
3017
2898
2920
2996
2854
3015
2893
2920
2995
2849
3016
2871
2933
2987
2865
3017
2869
2932
2975
2872
3017
2867
2946
2977
2871
3022
2847
2965
2965
2870
3018
2835
2975
2959
2891
3011
2822
2980
2956
2887
3011
2831
2988
2936
2896
3003
2845
2991
2921
2902
3007
2845
3001
2919
2906
3000
2852
3011
2908
2903
3007
2851
3009
2891
2900
3001
2856
3021
2888
2919
2996
2857
3015
2873
2944
2979
2865
3019
2868
2949
2974
2879
3014
2843
2962
2977
2872
3012
2849
2974
2969
2889
3012
2857
2979
2955
2886
3012
2842
2991
2958
2894
3006
2841
2993
2941
2891
3009
2850
3000
2928
2901
3013
2854
3014
2912
2899
3012
2852
3022
2897
2912
2996
2847
3021
2886
2927
2993
2868
3018
2875
2939
2984
2862
3019
2873
2948
2987
2864
3016
2860
2962
2976
2866
3019
2846
2973
2976
2883
3015
2833
2971
2969
2883
3020
2835
2976
2953
2894
3012
2850
2991
2946
2896
3021
2844
3010
2928
2905
3014
2837
3010
2912
2903
3021
2847
3016
2902
2918
3002
2858
3011
2903
2917
2995
2859
3014
2895
2928
2984
2853
3024
2867
2955
2980
2852
3023
2858
2961
2977
2861
3022
2844
2954
2966
2875
3013
2846
2970
2975
2872
3007
2845
2978
2967
2877
3015
2834
2989
2944
2901
3006
2843
2986
2935
2895
3013
2833
2996
2923
2905
3011
2846
3008
2902
2910
3011
2843
3010
2908
2907
3001
2851
3014
2881
2924
2991
2862
3017
2867
2938
2981
2875
3015
2875
2943
2982
2863
3026
2849
2963
2974
2860
3020
2833
2963
2970
2874
3008
2844
2979
2958
2888
3016
2834
2988
2947
2893
3012
2832
2989
2947
2892
3014
2836
3003
2926
2913
3007
2843
3004
2918
2904
3011
2853
3008
2903
2905
3006
2860
3032
2889
2921
2997
2861
3014
2890
2937
2996
2860
3025
2864
2947
2982
2872
3018
2850
2960
2972
2874
3019
2843
2973
2974
2867
3020
2840
2975
2965
2874
3011
2840
2984
2961
2879
3015
2832
2982
2948
2892
3017
2842
2987
2933
2893
3005
2851
3000
2921
2902
3012
2841
3013
2906
2916
2999
2855
3024
2906
2913
3001
2850
3023
2880
2917
3002
2854
3023
2877
2932
2982
2866
3018
2861
2961
2976
2855
3027
2854
2971
2972
2876
3012
2847
2963
2970
2868
3017
2832
2982
2960
2884
3006
2854
2985
2952
2879
3015
2836
2995
2933
2904
3006
2842
2998
2919
2908
3010
2854
3004
2920
2900
3011
2847
3022
2892
2914
2997
2866
3014
2892
2917
2995
2845
3023
2873
2925
2982
2867
3023
2866
2956
2982
2871
3018
2858
2950
2985
2863
3022
2847
2962
2963
2875
3009
2845
2977
2963
2890
3011
2841
2977
2966
2885
3009
2837
2993
2946
2892
3003
2834
3002
2920
2891
3004
2839
3004
2922
2906
2999
2862
3007
2911
2911
3006
2841
3016
2888
2920
2994
2851
3022
2883
2919
2997
2851
3025
2870
2937
2986
2863
3014
2866
2964
2973
2876
3012
2852
2965
2969
2881
3016
2849
2966
2968
2875
3017
2846
2976
2970
2888
3006
2843
2981
2949
2893
3010
2853
2987
2925
2911
3009
2845
3005
2911
2906
3013
2845
3006
2914
2904
3008
2849
3020
2893
2915
2994
2852
3019
2883
2916
2999
2854
3010
2883
2931
2991
2859
3014
2867
2950
2971
2871
3022
2858
2961
2967
2860
3020
2841
2970
2972
2872
3007
2841
2972
2970
2881
3016
2829
2986
2950
2896
3010
2837
2993
2932
2902
3007
2847
3000
2928
2890
3004
2855
3000
2921
2901
3008
2850
3018
2898
2916
3000
2848
3019
2885
2924
2993
2869
3018
2882
2922
2982
2864
3024
2865
2937
2988
2859
3018
2860
2954
2980
2867
3020
2838
2960
2974
2873
3025
2837
2968
2968
2872
3019
2838
2975
2963
2885
3005
2843
2987
2939
2908
3012
2832
3001
2938
2896
3016
2849
3003
2904
2899
3008
2854
3005
2914
2908
3005
2846
3021
2890
2930
2993
2846
3013
2886
2923
2995
2859
3023
2879
2927
2993
2856
3024
2859
2950
2982
2867
3016
2858
2962
2963
2865
3025
2835
2967
2970
2879
3005
2831
2971
2972
2890
3023
2832
2997
2941
2895
3010
2849
2994
2922
2900
3007
2849
3001
2926
2906
3002
2835
3005
2902
2922
3003
2856
3012
2899
2910
3001
2850
3024
2887
2913
2986
2866
3017
2883
2934
2994
2853
3015
2866
2952
2974
2872
3017
2860
2956
2978
2869
3022
2837
2969
2966
2880
3013
2847
2976
2963
2884
3007
2844
2985
2955
2889
3008
2832
2994
2935
2904
3008
2842
3000
2916
2900
3013
2852
3008
2901
2913
3001
2858
3015
2914
2912
2995
2862
3016
2880
2927
2994
2859
3014
2883
2930
2991
2860
3030
2863
2953
2972
2876
3019
2864
2954
2980
2869
3019
2853
2965
2974
2869
3007
2845
2972
2967
2880
3017
2831
2990
2949
2891
3011
2846
2987
2956
2904
3008
2849
3002
2934
2896
3012
2843
3010
2908
2899
3004
2853
3007
2901
2914
2996
2857
3018
2897
2914
2988
2861
3021
2881
2938
2986
2874
3014
2869
2937
2988
2856
3020
2854
2956
2975
2880
3022
2849
2968
2965
2876
3015
2837
2967
2968
2874
3017
2834
2991
2956
2878
3004
2838
2991
2949
2893
3010
2848
2992
2933
2892
3024
2850
2995
2910
2900
3010
2840
3022
2899
2918
2996
2851
3016
2886
2920
2996
2866
3016
2897
2928
2994
2853
3027
2867
2941
2983
2869
3033
2859
2944
2971
2865
3016
2857
2955
2985
2871
3022
2836
2980
2967
2890
3011
2847
2972
2964
2875
3017
2836
2979
2940
2894
3007
2847
2991
2942
2897
3020
2834
3007
2917
2906
3009
2858
3004
2915
2904
3019
2857
3019
2908
2915
2999
2859
3021
2880
2927
2991
2870
3018
2870
2947
2983
2850
3025
2862
2950
2980
2881
3012
2863
2951
2970
2869
3023
2848
2972
2967
2877
3013
2857
2983
2960
2886
3016
2842
2984
2960
2889
3019
2829
2992
2935
2892
3017
2843
2996
2917
2893
3013
2840
3018
2905
2906
3008
2841
3011
2909
2908
3010
2842
3016
2894
2915
2991
2862
3016
2892
2922
2986
2858
3023
2871
2938
2976
2867
3018
2866
2958
2986
2862
3019
2851
2969
2967
2886
3020
2839
2965
2969
2879
3015
2849
2978
2949
2890
3013
2833
2993
2942
2880
3013
2837
2999
2928
2904
3008
2857
3003
2917
2910
3005
2850
3007
2897
2915
3006
2854
3026
2888
2915
2990
2848
3028
2879
2931
2995
2863
3017
2879
2938
2980
2873
3022
2861
2946
2970
2874
3014
2865
2964
2965
2874
3014
2851
2967
2970
2872
3016
2836
2973
2966
2879
3019
2829
2983
2952
2892
3015
2841
2989
2924
2895
3015
2840
3003
2918
2904
3010
2839
3020
2907
2909
3001
2865
3010
2901
2919
3006
2845
3019
2877
2921
2995
2858
3015
2869
2936
2977
2856
3015
2874
2943
2970
2866
3021
2862
2957
2971
2869
3012
2854
2961
2975
2870
3020
2834
2972
2967
2880
3007
2834
2983
2946
2892
3007
2834
2997
2936
2896
3004
2840
3000
2921
2908
3005
2850
3004
2912
2910
3005
2846
3007
2913
2904
3005
2852
3010
2881
2909
2996
2857
3013
2873
2935
2989
2864
3017
2883
2942
2979
2859
3024
2849
2964
2970
2870
3015
2855
2964
2959
2881
3011
2844
2972
2969
2877
3016
2833
2982
2952
2890
3007
2842
2982
2952
2889
3006
2836
2998
2920
2897
3015
2838
2997
2923
2910
3005
2841
3011
2913
2906
3006
2844
3022
2890
2917
3000
2862
3027
2890
2916
2995
2859
3013
2889
2931
2989
2861
3014
2864
2952
2972
2869
3015
2857
2958
2970
2878
3010
2855
2971
2964
2890
3008
2844
2977
2954
2894
3009
2847
2986
2950
2890
3014
2842
2996
2940
2895
3013
2830
2992
2927
2898
3014
2849
3018
2903
2918
2999
2856
3015
2901
2903
3004
2853
3009
2892
2923
2989
2845
3018
2880
2937
2984
2854
3021
2871
2943
2985
2863
3023
2853
2959
2972
2874
3022
2843
2963
2960
2881
3008
2842
2973
2967
2879
3007
2839
2981
2958
2886
3015
2828
2982
2953
2889
3013
2839
2991
2936
2888
3010
2842
3010
2908
2900
3011
2846
3014
2900
2916
3004
2842
3008
2884
2919
2998
2861
3016
2885
2919
2990
2857
3024
2869
2945
2981
2873
3014
2875
2951
2982
2857
3019
2865
2957
2974
2871
3017
2842
2973
2959
2891
3017
2829
2984
2957
2889
3009
2852
2987
2954
2883
3013
2838
2997
2930
2905
3009
2842
2999
2919
2908
3011
2864
3011
2911
2911
3007
2849
3021
2895
2903
2999
2845
3028
2881
2916
2996
2856
3011
2876
2930
2980
2864
3018
2868
2939
2980
2869
3012
2870
2952
2976
2862
3013
2850
2965
2975
2867
3016
2830
2971
2968
2879
3016
2840
2978
2955
2886
3016
2839
2999
2941
2892
3003
2846
2998
2929
2892
3019
2847
3007
2915
2910
3005
2857
3011
2892
2919
3000
2849
3018
2888
2919
3007
2860
3031
2875
2939
2981
2862
3018
2863
2944
2994
2866
3025
2855
2960
2977
2876
3017
2854
2965
2973
2868
3021
2845
2972
2965
2879
3010
2838
2984
2970
2892
3010
2844
2986
2943
2906
3006
2841
2988
2937
2891
3006
2861
2995
2906
2908
3005
2858
3009
2913
2910
3012
2848
3026
2889
2922
2995
2847
3023
2880
2927
2991
2867
3016
2866
2939
2983
2867
3016
2858
2953
2977
2867
3015
2860
2954
2976
2865
3011
2841
2972
2966
2882
3009
2848
2969
2968
2878
3019
2837
2988
2948
2885
3016
2840
2994
2939
2900
3011
2845
3009
2928
2905
3002
2845
3006
2902
2910
3000
2855
3007
2903
2915
2996
2858
3012
2891
2915
2996
2861
3012
2885
2928
2988
2844
3019
2867
2946
2979
2872
3016
2851
2964
2970
2866
3011
2851
2958
2973
2869
3019
2838
2972
2966
2871
3006
2843
2979
2969
2884
3006
2853
2988
2949
2887
3009
2847
2988
2925
2903
3016
2842
3016
2908
2896
3008
2852
3015
2905
2919
3007
2867
3015
2900
2911
3007
2850
3011
2876
2929
2992
2877
3025
2866
2940
2984
2858
3018
2873
2946
2993
2867
3021
2859
2964
2975
2861
3019
2844
2970
2973
2884
3016
2844
2971
2958
2880
3027
2842
2986
2958
2891
3023
2841
3003
2937
2901
3008
2836
3009
2927
2910
3009
2847
2997
2918
2907
3002
2855
3014
2906
2906
3008
2851
3021
2888
2926
2992
2861
3021
2875
2944
2995
2849
3011
2871
2939
2988
2856
3025
2860
2955
2976
2865
3016
2859
2971
2971
2885
3017
2846
2972
2971
2883
3008
2846
2976
2957
2892
3017
2831
2991
2951
2888
3020
2839
2985
2938
2898
3017
2845
3017
2924
2912
3005
2850
3021
2917
2907
3012
2846
3021
2891
2924
3007
2858
3020
2888
2916
2999
2864
3026
2878
2938
2987
2852
3025
2873
2944
2981
2873
3019
2862
2957
2981
2878
3029
2848
2967
2975
2876
3022
2858
2976
2956
2895
3012
2848
2982
2953
2897
3012
2846
2992
2940
2910
3009
2838
3001
2929
2907
3012
2855
3005
2915
2907
3010
2857
3017
2908
2916
3008
2845
3031
2897
2927
2993
2870
3015
2899
2931
3007
2871
3020
2863
2952
2987
2873
3021
2858
2957
2988
2864
3027
2855
2959
2976
2873
3022
2844
2975
2973
2879
3026
2830
2981
2966
2881
3023
2848
2984
2958
2890
3028
2849
2993
2942
2891
3018
2842
2995
2941
2901
3020
2843
3009
2915
2907
3017
2848
3016
2902
2918
3001
2857
3028
2881
2930
2992
2864
3014
2887
2935
2992
2848
3013
2875
2948
2988
2869
3024
2864
2957
2982
2875
3021
2838
2967
2978
2874
3019
2834
2971
2968
2880
3018
2836
2977
2965
2886
3012
2850
2985
2940
2910
3010
2835
2998
2932
2905
3016
2851
3003
2917
2896
3014
2864
3008
2903
2918
3011
2850
3022
2892
2924
3001
2863
3014
2901
2926
2997
2868
3022
2886
2931
2991
2870
3020
2868
2945
2992
2863
3020
2863
2961
2972
2885
3015
2844
2976
2968
2881
3021
2850
2972
2971
2877
3021
2846
2980
2951
2886
3018
2844
2987
2940
2903
3009
2847
3002
2923
2912
3008
2852
3001
2925
2917
3010
2847
3021
2899
2921
3003
2864
3017
2909
2923
2995
2867
3019
2875
2935
2992
2863
3023
2863
2940
2990
2872
3023
2856
2955
2973
2867
3027
2853
2975
2969
2883
3016
2850
2972
2976
2878
3019
2830
2992
2968
2892
3020
2837
2993
2949
2889
3028
2845
2989
2943
2898
3014
2849
3003
2919
2911
3004
2849
3013
2906
2923
3005
2849
3013
2905
2922
3010
2862
3014
2882
2919
3004
2861
3028
2884
2941
2988
2853
3021
2874
2943
2980
2874
3020
2874
2966
2979
2882
3024
2844
2974
2971
2891
3018
2852
2974
2976
2879
3030
2849
2983
2963
2895
3009
2846
2989
2954
2902
3007
2846
2996
2937
2906
3011
2858
3004
2920
2905
3015
2854
3024
2905
2926
3001
2855
3020
2895
2925
2995
2861
3015
2875
2930
2992
2857
3023
2864
2927
2996
2860
3025
2863
2963
2984
2859
3025
2854
2968
2970
2873
3024
2842
2973
2971
2884
3017
2835
2978
2969
2886
3017
2846
2985
2952
2889
3019
2838
2999
2939
2909
3019
2849
2994
2934
2903
3014
2839
3011
2906
2907
3009
2857
3010
2903
2914
3003
2862
3015
2891
2915
2998
2847
3018
2873
2920
2988
2847
3007
2866
2941
2974
2866
3019
2862
2943
2978
2870
3013
2859
2969
2968
2876
3014
2849
2972
2959
2882
3008
2841
2980
2963
2888
3013
2841
2985
2955
2897
3013
2848
2993
2949
2905
3031
2852
3017
2925
2909
3024
2857
3012
2925
2921
3019
2854
3028
2906
2939
3018
2867
3033
2902
2950
3007
2894
3036
2907
2953
3013
2889
3050
2891
2975
3001
2896
3035
2894
2976
2994
2892
3027
2870
2974
2984
2896
3032
2858
2986
2979
2898
3032
2853
3010
2975
2910
3027
2877
3019
2962
2906
3031
2860
3015
2944
2925
3024
2863
3012
2923
2931
3028
2867
3030
2918
2933
3034
2880
3041
2930
2946
3030
2886
3050
2914
2959
3012
2886
3030
2894
2950
2988
2870
3022
2882
2953
2993
2875
3027
2867
2980
2989
2888
3050
2865
2995
2992
2891
3034
2851
2986
2969
2899
3033
2844
2996
2948
2894
3016
2848
2986
2944
2900
3019
2843
3011
2935
2915
3013
2860
3013
2927
2917
3027
2860
3014
2917
2917
3015
2863
3024
2899
2927
3004
2858
3032
2889
2944
2995
2885
3036
2878
2959
2990
2873
3032
2867
2966
2983
2884
3020
2859
2973
2977
2895
3035
2849
2985
2972
2899
3027
2851
2992
2969
2902
3020
2855
2992
2965
2900
3017
2839
3003
2942
2914
3015
2850
3010
2919
2920
3010
2862
3010
2919
2924
3009
2853
3029
2904
2929
3002
2875
3020
2885
2933
2996
2880
3022
2881
2939
2991
2872
3021
2882
2946
2984
2865
3031
2862
2969
2975
2868
3026
2846
2974
2970
2892
3014
2857
2977
2971
2886
3023
2839
2990
2960
2885
3025
2841
3000
2944
2902
3013
2853
2998
2930
2922
3018
2844
3005
2913
2909
3017
2862
3013
2913
2923
3008
2868
3028
2897
2913
3008
2869
3020
2906
2932
3000
2863
3032
2874
2947
2991
2865
3039
2873
2957
2981
2887
3024
2866
2959
2984
2878
3036
2850
2982
2972
2894
3016
2857
2984
2976
2894
3026
2840
2986
2972
2895
3026
2842
3001
2952
2921
3019
2863
3006
2948
2904
3020
2861
3007
2930
2914
3028
2862
3025
2909
2921
3020
2867
3033
2911
2945
3029
2882
3056
2911
2949
3006
2895
3040
2908
2958
2998
2889
3032
2872
2961
3002
2881
3025
2876
2975
2990
2904
3039
2869
2992
2986
2899
3046
2864
3004
2980
2910
3034
2871
3002
2957
2901
3024
2848
3001
2954
2911
3033
2853
3016
2933
2934
3025
2878
3015
2930
2916
3019
2860
3028
2901
2922
3000
2865
3016
2906
2939
3002
2866
3019
2888
2936
2991
2884
3024
2885
2947
2985
2874
3020
2876
2956
2982
2866
3026
2845
2972
2975
2883
3017
2844
2974
2967
2888
3024
2842
2992
2967
2890
3027
2850
2995
2944
2904
3016
2849
3007
2932
2903
3014
2843
3007
2920
2916
3014
2863
3012
2919
2917
3008
2869
3016
2913
2917
3006
2860
3026
2892
2921
2997
2860
3031
2874
2937
2996
2869
3030
2866
2950
2993
2876
3023
2858
2958
2983
2869
3024
2846
2976
2965
2872
3009
2825
2970
2967
2876
3010
2840
2980
2951
2895
3016
2838
2995
2940
2902
3015
2840
3000
2920
2905
3010
2860
3006
2905
2903
3015
2851
3006
2908
2907
3004
2856
3030
2890
2913
3005
2858
3015
2883
2925
2996
2854
3032
2872
2944
2981
2870
3018
2868
2951
2972
2870
3023
2857
2964
2972
2885
3013
2851
2967
2981
2884
3012
2846
2977
2958
2891
3015
2835
2993
2945
2890
3019
2840
2997
2931
2909
3009
2846
2999
2926
2899
3010
2855
3009
2914
2905
3012
2854
3019
2894
2916
2999
2862
3016
2905
2926
2988
2859
3013
2892
2928
2999
2856
3024
2865
2950
2982
2862
3026
2851
2951
2977
2873
3019
2840
2978
2970
2875
3011
2831
2969
2968
2881
3008
2828
2980
2959
2886
3007
2836
2984
2945
2891
3014
2831
3006
2923
2892
3018
2846
3003
2912
2915
3003
2853
3008
2905
2913
3012
2843
3019
2902
2909
3003
2854
3029
2870
2921
2992
2857
3022
2875
2949
2986
2863
3020
2854
2962
2978
2851
3017
2841
2965
2968
2866
3021
2829
2972
2955
2877
3016
2832
2980
2957
2875
3013
2832
2987
2952
2879
3013
2835
2985
2937
2897
3006
2843
2993
2920
2899
3004
2854
3004
2901
2902
3009
2849
3022
2899
2916
2997
2848
3023
2880
2937
2997
2849
3010
2877
2933
2983
2863
3022
2871
2944
2985
2865
3025
2855
2959
2972
2875
3021
2841
2967
2972
2866
3016
2829
2979
2961
2896
3010
2837
2986
2950
2883
3027
2846
2985
2953
2888
3014
2836
3002
2921
2902
3003
2850
3001
2916
2905
3001
2845
3015
2894
2924
3015
2857
3015
2890
2920
2997
2861
3016
2872
2931
2984
2865
3021
2861
2935
2987
2863
3030
2851
2956
2977
2884
3018
2842
2968
2972
2877
3018
2838
2973
2963
2868
3018
2836
2984
2958
2899
3009
2843
2984
2956
2890
3014
2833
2998
2932
2905
3013
2861
2996
2918
2898
3013
2840
3015
2902
2908
3008
2856
3014
2896
2911
3003
2851
3018
2888
2926
2997
2853
3022
2866
2938
2987
2866
3024
2865
2943
2979
2871
3020
2861
2962
2984
2869
3021
2845
2971
2970
2885
3012
2825
2978
2960
2896
3010
2835
2978
2948
2896
3014
2834
2995
2941
2897
3015
2845
3000
2940
2900
3013
2851
3000
2918
2905
3012
2851
3020
2890
2918
3002
2854
3023
2882
2925
2998
2854
3023
2879
2930
2983
2851
3027
2862
2953
2991
2862
3025
2856
2968
2980
2877
3017
2845
2968
2973
2867
3021
2843
2980
2962
2892
3009
2852
2981
2963
2889
3009
2846
2985
2951
2897
3016
2830
3001
2927
2907
3012
2856
3006
2920
2903
3011
2846
3011
2920
2909
3012
2854
3021
2894
2916
3006
2857
3013
2881
2937
2998
2870
3026
2868
2948
2984
2882
3021
2873
2955
2988
2872
3028
2872
2965
2983
2875
3024
2846
2979
2970
2894
3015
2852
2981
2969
2887
3020
2834
2987
2957
2893
3019
2840
3008
2939
2905
3018
2840
3000
2921
2916
3011
2857
3009
2901
2919
3015
2853
3018
2890
2929
2998
2860
3021
2892
2923
2993
2854
3014
2879
2940
2991
2851
3021
2857
2952
2974
2872
3015
2846
2953
2976
2866
3012
2848
2961
2976
2872
3016
2839
2980
2957
2886
3008
2841
2988
2954
2906
3013
2842
3002
2941
2903
3029
2853
2998
2915
2913
3017
2849
3017
2919
2901
3003
2856
3017
2911
2916
3009
2852
3030
2882
2937
3003
2862
3029
2869
2939
2988
2876
3019
2879
2942
2984
2877
3021
2851
2962
2979
2876
3030
2838
2969
2971
2885
3011
2830
2984
2969
2880
3018
2838
2975
2945
2877
3015
2837
2989
2937
2898
3008
2832
3000
2927
2907
3007
2848
3002
2918
2902
3013
2851
3004
2895
2911
3000
2861
3012
2896
2912
2993
2859
3021
2883
2921
2998
2859
3012
2875
2938
2990
2859
3011
2859
2947
2970
2860
3026
2842
2966
2968
2870
3018
2833
2966
2964
2865
3008
2828
2982
2962
2879
3012
2822
2988
2940
2885
3015
2836
2996
2929
2887
3005
2837
3005
2908
2897
3010
2842
3012
2902
2904
3006
2845
3009
2896
2911
3010
2856
3019
2889
2934
2990
2870
3015
2874
2927
2981
2852
3023
2856
2946
2986
2854
3017
2850
2952
2975
2866
3018
2836
2972
2963
2869
3009
2838
2972
2964
2878
3016
2831
2989
2939
2889
3014
2828
2996
2939
2889
3016
2837
3002
2914
2916
3008
2849
3010
2911
2906
2999
2858
3016
2884
2901
3008
2850
3019
2882
2927
2993
2862
3015
2880
2934
2990
2848
3021
2869
2942
2985
2868
3022
2848
2957
2972
2877
3011
2835
2977
2966
2886
3011
2842
2987
2961
2887
3006
2838
2982
2952
2894
3013
2822
2983
2928
2898
3011
2842
2999
2915
2905
3003
2848
2999
2916
2898
2997
2852
3007
2902
2907
3006
2845
3007
2887
2912
3003
2850
3015
2869
2940
2980
2864
3018
2861
2942
2970
2865
3012
2860
2951
2977
2857
3015
2834
2963
2977
2864
3015
2839
2981
2959
2877
3013
2841
2981
2941
2887
3004
2838
2990
2943
2879
3002
2826
3003
2923
2898
3000
2846
3006
2904
2898
3011
2841
3011
2891
2910
2994
2856
3016
2885
2920
2985
2853
3014
2881
2923
2982
2861
3019
2873
2934
2978
2865
3012
2866
2947
2981
2857
3015
2852
2951
2968
2859
3017
2832
2974
2959
2867
3013
2831
2972
2959
2874
3010
2827
2978
2947
2884
3013
2835
2985
2929
2887
3011
2835
3005
2917
2903
3003
2846
3013
2899
2913
3000
2850
3013
2892
2910
2999
2851
3017
2871
2915
2990
2859
3016
2869
2937
2976
2871
3023
2870
2946
2978
2857
3018
2845
2961
2966
2883
3016
2851
2975
2969
2868
3023
2837
2974
2962
2873
3011
2842
2984
2955
2887
3009
2827
2993
2928
2888
3002
2841
2990
2923
2895
3001
2846
3000
2906
2906
2998
2855
3012
2895
2904
2992
2857
3018
2881
2924
2999
2847
3014
2889
2934
2987
2853
3024
2859
2946
2982
2864
3021
2857
2960
2970
2877
3027
2850
2970
2971
2869
3013
2829
2980
2965
2883
3014
2831
2985
2950
2895
3008
2840
2999
2945
2894
3012
2835
3003
2916
2902
3002
2838
3002
2925
2911
3009
2848
3017
2894
2926
2999
2856
3017
2885
2922
3003
2857
3024
2877
2934
2983
2868
3016
2876
2956
2979
2874
3014
2864
2955
2970
2857
3015
2852
2967
2964
2889
3015
2845
2980
2964
2894
3013
2860
2985
2957
2896
3016
2837
2989
2946
2898
3009
2849
2994
2935
2912
3009
2859
2998
2907
2922
3010
2852
3026
2914
2919
3015
2865
3031
2897
2930
3002
2875
3021
2897
2939
3001
2872
3018
2880
2943
2990
2861
3018
2868
2955
2973
2867
3027
2855
2968
2970
2886
3017
2843
2989
2969
2893
3015
2847
2987
2959
2896
3025
2846
2986
2958
2903
3013
2850
3004
2933
2920
3020
2860
3009
2936
2916
3016
2861
3017
2909
2912
3020
2878
3019
2905
2918
3013
2864
3020
2905
2938
3005
2875
3031
2882
2950
2998
2871
3025
2869
2965
2986
2891
3025
2867
2966
2988
2889
3018
2842
2987
2975
2882
3034
2843
2988
2966
2883
3026
2850
3006
2957
2911
3019
2845
2998
2950
2909
3025
2845
3008
2930
2908
3023
2855
3015
2910
2919
3014
2869
3023
2911
2929
3011
2865
3030
2899
2938
2994
2871
3023
2891
2937
2987
2877
3021
2858
2953
2987
2876
3025
2877
2961
2983
2871
3031
2862
2974
2977
2875
3024
2846
2984
2971
2888
3021
2839
2989
2959
2891
3019
2846
3003
2938
2915
3011
2860
2999
2942
2903
3010
2862
3009
2914
2925
3006
2864
3015
2914
2921
3005
2868
3029
2896
2944
3001
2883
3024
2890
2958
3001
2886
3043
2885
2967
2993
2892
3029
2882
2978
2992
2906
3033
2880
2987
2986
2921
3039
2884
2996
2986
2917
3044
2872
3024
2978
2924
3044
2881
3025
2973
2932
3039
2888
3022
2960
2938
3049
2881
3044
2948
2950
3044
2892
3054
2936
2960
3030
2907
3044
2932
2960
3031
2908
3044
2915
2979
3018
2910
3040
2909
2970
3008
2909
3064
2888
2990
3000
2895
3055
2877
2990
2991
2906
3031
2864
2986
2990
2900
3034
2862
2990
2980
2907
3024
2865
2996
2963
2919
3029
2854
3013
2945
2909
3023
2865
3012
2923
2926
3011
2874
3012
2918
2920
3009
2877
3013
2900
2930
3005
2874
3019
2896
2932
2998
2870
3018
2877
2948
2989
2867
3015
2869
2965
2978
2876
3015
2856
2963
2986
2871
3023
2848
2986
2971
2878
3015
2860
2983
2962
2880
3018
2850
2991
2953
2885
3009
2845
2994
2936
2897
3021
2842
3006
2924
2900
3010
2859
3003
2909
2917
3006
2848
3020
2902
2906
3010
2855
3022
2883
2921
2999
2862
3025
2886
2935
2988
2861
3025
2855
2954
2978
2862
3030
2851
2960
2983
2873
3015
2850
2967
2980
2876
3013
2842
2983
2963
2893
3016
2827
2981
2957
2891
3010
2849
2989
2941
2894
3016
2838
2997
2930
2904
3017
2842
3013
2923
2914
3002
2845
3019
2900
2927
3002
2856
3017
2888
2921
2992
2859
3025
2894
2931
2993
2863
3026
2879
2948
2993
2869
3015
2853
2963
2990
2875
3019
2837
2969
2968
2885
3015
2847
2972
2959
2889
3012
2849
2986
2962
2884
3008
2836
2996
2941
2905
3010
2846
2993
2921
2913
3010
2856
3007
2917
2901
3012
2859
3014
2904
2909
3010
2858
3025
2889
2930
2996
2864
3015
2873
2929
2996
2868
3027
2877
2943
2988
2872
3021
2859
2967
2974
2881
3027
2849
2965
2979
2869
3016
