2257,5000
3179
3153
3190
3146
3180
3187
3156
3187
3150
3187
3178
3173
3186
3155
3176
3177
3178
3195
3150
3181
3175
3163
3184
3142
3183
3163
3175
3194
3139
3181
3173
3191
3177
3132
3190
3162
3175
3185
3155
3194
3159
3176
3179
3137
3188
3175
3180
3178
3141
3192
3175
3191
3180
3134
3199
3162
3177
3177
3143
3186
3155
3175
3187
3150
3187
3153
3177
3183
3161
3200
3154
3184
3185
3150
3184
3141
3176
3180
3163
3187
3140
3174
3172
3162
3189
3147
3182
3176
3170
3192
3141
3183
3166
3161
3179
3137
3181
3183
3167
3201
3151
3180
3166
3172
3193
3137
3178
3171
3174
3178
3149
3192
3166
3168
3177
3135
3190
3173
3182
3179
3148
3196
3165
3181
3196
3139
3187
3165
3181
3178
3148
3203
3163
3178
3190
3150
3187
3154
3181
3181
3160
3192
3163
3189
3177
3161
3190
3147
3197
3175
3170
3196
3155
3177
3172
3160
3200
3159
3186
3179
3165
3189
3143
3184
3174
3171
3184
3143
3181
3177
3172
3189
3147
3182
3172
3187
3187
3140
3185
3168
3182
3184
3147
3198
3166
3184
3184
3141
3197
3165
3182
3193
3143
3194
3172
3192
3195
3143
3189
3163
3179
3178
3153
3196
3161
3178
3180
3154
3191
3159
3195
3192
3165
3191
3151
3202
3189
3153
3194
3153
3196
3182
3157
3207
3172
3200
3178
3161
3205
3167
3199
3183
3163
3193
3155
3190
3181
3181
3195
3152
3188
3187
3180
3195
3152
3203
3175
3184
3196
3159
3192
3182
3173
3200
3158
3198
3189
3189
3202
3147
3197
3170
3195
3203
3169
3205
3174
3195
3205
3158
3208
3179
3196
3203
3158
3197
3180
3191
3184
3145
3197
3155
3178
3180
3162
3194
3155
3187
3183
3153
3213
3162
3194
3179
3152
3192
3159
3187
3177
3170
3196
3151
3186
3181
3168
3190
3149
3188
3186
3162
3191
3150
3197
3169
3164
3199
3149
3196
3179
3169
3190
3151
3195
3171
3170
3184
3147
3189
3164
3169
3186
3142
3194
3166
3168
3184
3151
3187
3175
3182
3188
3143
3198
3169
3188
3193
3142
3183
3171
3182
3178
3139
3193
3157
3172
3173
3138
3195
3157
3176
3180
3140
3194
3161
3180
3171
3154
3198
3149
3177
3174
3167
3184
3141
3174
3170
3154
3198
3146
3182
3170
3154
3185
3161
3177
3172
3158
3183
3149
3177
3170
3171
3183
3134
3183
3178
3168
3198
3152
3190
3173
3167
3181
3156
3182
3160
3176
3181
3136
3181
3174
3175
3187
3136
3179
3160
3173
3178
3138
3186
3159
3185
3178
3138
3192
3155
3174
3189
3139
3188
3168
3189
3182
3141
3182
3155
3179
3179
3145
3197
3171
3178
3180
3168
3198
3147
3187
3194
3157
3196
3165
3190
3187
3162
3188
3146
3191
3177
3170
3190
3145
3180
3173
3165
3209
3146
3176
3175
3179
3197
3148
3194
3173
3160
3182
3160
3193
3173
3167
3194
3139
3200
3169
3182
3187
3135
3182
3177
3178
3192
3158
3191
3159
3180
3181
3140
3196
3175
3185
3179
3137
3185
3162
3188
3200
3139
3184
3157
3182
3176
3147
3195
3159
3185
3174
3152
3188
3152
3184
3177
3148
3190
3161
3187
3187
3163
3190
3147
3191
3181
3167
3191
3143
3181
3169
3168
3201
3148
3199
3183
3173
3186
3154
3180
3171
3170
3186
3152
3186
3167
3169
3191
3151
3186
3169
3167
3186
3140
3193
3176
3172
3192
3139
3190
3164
3170
3193
3141
3183
3169
3177
3186
3140
3180
3158
3174
3190
3154
3186
3160
3186
3185
3146
3187
3157
3178
3182
3149
3185
3155
3178
3189
3149
3184
3146
3186
3191
3166
3191
3149
3193
3176
3161
3194
3147
3180
3169
3164
3197
3148
3181
3185
3162
3187
3155
3181
3173
3163
3196
3145
3190
3167
3163
3187
3144
3178
3164
3166
3192
3156
3189
3183
3177
3188
3143
3184
3163
3175
3184
3137
3184
3173
3174
3184
3148
3192
3179
3174
3199
3142
3188
3173
3174
3174
3130
3192
3162
3184
3181
3141
3198
3163
3177
3178
3147
3186
3151
3187
3190
3156
3188
3155
3188
3172
3147
3187
3150
3193
3181
3152
3191
3145
3182
3175
3167
3197
3145
3178
3180
3169
3203
3145
3186
3169
3160
3197
3145
3191
3178
3162
3188
3139
3181
3181
3169
3183
3147
3200
3165
3167
3187
3146
3192
3160
3167
3180
3150
3192
3163
3173
3182
3137
3188
3163
3178
3179
3145
3191
3160
3179
3192
3140
3183
3156
3175
3186
3148
3207
3165
3189
3188
3155
3193
3176
3184
3184
3153
3188
3150
3181
3179
3164
3189
3147
3195
3185
3175
3193
3158
3192
3184
3173
3195
3147
3201
3186
3165
3209
3150
3186
3173
3176
3189
3144
3188
3175
3178
3189
3144
3182
3172
3169
3186
3146
3192
3172
3168
3186
3150
3190
3167
3174
3190
3137
3194
3164
3189
3192
3139
3186
3173
3177
3185
3148
3197
3158
3176
3197
3144
3198
3173
3183
3180
3150
3205
3162
3185
3182
3156
3187
3153
3196
3177
3168
3189
3154
3184
3174
3152
3208
3163
3201
3174
3162
3206
3151
3185
3188
3170
3194
3156
3180
3185
3175
3193
3143
3179
3182
3174
3192
3146
3183
3171
3163
3183
3144
3196
3173
3179
3190
3152
3192
3171
3181
3196
3145
3190
3169
3182
3184
3152
3203
3172
3178
3181
3142
3191
3164
3177
3183
3156
3189
3162
3189
3181
3136
3184
3162
3188
3184
3153
3189
3163
3178
3183
3148
3188
3155
3180
3177
3151
3195
3159
3180
3180
3154
3184
3149
3184
3170
3154
3190
3149
3173
3178
3162
3193
3146
3180
3176
3163
3188
3146
3192
3190
3164
3197
3143
3183
3186
3170
3192
3140
3179
3175
3172
3195
3143
3188
3175
3179
3200
3142
3196
3182
3178
3193
3142
3188
3163
3180
3184
3143
3181
3159
3179
3190
3143
3196
3175
3186
3193
3161
3198
3177
3175
3178
3144
3197
3166
3183
3191
3157
3186
3149
3181
3178
3151
3200
3161
3183
3184
3157
3196
3158
3186
3172
3157
3203
3152
3182
3184
3167
3186
3150
3187
3173
3173
3192
3147
3184
3170
3184
3193
3144
3195
3174
3175
3185
3144
3198
3181
3174
3191
3141
3187
3173
3182
3198
3145
3197
3180
3174
3183
3142
3182
3158
3174
3179
3146
3190
3161
3171
3171
3142
3193
3167
3175
3176
3147
3186
3160
3179
3186
3147
3184
3146
3176
3175
3155
3188
3148
3183
3181
3147
3186
3155
3181
3186
3157
3197
3142
3189
3173
3168
3188
3139
3176
3176
3158
3191
3155
3177
3165
3168
3186
3141
3178
3165
3166
3182
3143
3178
3165
3166
3187
3135
3182
3164
3167
3183
3156
3183
3160
3185
3186
3151
3191
3161
3175
3180
3132
3189
3175
3184
3183
3134
3189
3163
3179
3184
3154
3187
3163
3192
3180
3155
3190
3166
3185
3178
3146
3201
3167
3187
3179
3148
3192
3168
3181
3180
3161
3193
3148
3185
3177
3159
3207
3152
3186
3179
3164
3196
3152
3193
3190
3170
3191
3149
3184
3180
3168
3182
3140
3196
3172
3171
3187
3149
3181
3164
3174
3182
3133
3185
3160
3169
3189
3151
3196
3180
3199
3183
3146
3189
3169
3187
3186
3141
3191
3172
3185
3193
3158
3202
3165
3180
3181
3155
3196
3166
3195
3179
3145
3189
3156
3184
3194
3154
3202
3167
3190
3195
3171
3209
3165
3205
3195
3169
3199
3162
3186
3177
3167
3198
3149
3201
3181
3167
3206
3161
3187
3189
3189
3200
3150
3183
3178
3171
3188
3155
3193
3164
3173
3203
3150
3198
3178
3175
3201
3155
3193
3178
3183
3206
3162
3196
3173
3195
3196
3151
3201
3180
3183
3195
3159
3202
3169
3198
3193
3150
3199
3166
3191
3198
3159
3204
3165
3189
3196
3157
3202
3161
3192
3199
3177
3209
3168
3191
3199
3171
3210
3166
3202
3187
3162
3199
3163
3199
3182
3167
3198
3152
3185
3171
3173
3193
3157
3187
3184
3177
3192
3149
3202
3176
3182
3186
3141
3195
3174
3182
3191
3148
3185
3182
3177
3196
3157
3194
3179
3173
3184
3139
3186
3165
3181
3180
3139
3189
3174
3198
3192
3153
3200
3172
3186
3201
3149
3193
3170
3182
3190
3151
3193
3154
3179
3189
3155
3188
3156
3190
3182
3158
3191
3139
3178
3173
3158
3189
3155
3180
3188
3169
3196
3159
3193
3177
3165
3186
3144
3194
3175
3172
3198
3143
3191
3170
3184
3189
3159
3186
3168
3171
3202
3147
3184
3176
3182
3204
3147
3192
3165
3172
3197
3134
3187
3175
3179
3195
3151
3190
3173
3197
3187
3152
3187
3158
3180
3184
3151
3201
3160
3182
3187
3151
3189
3163
3187
3178
3152
3201
3150
3182
3196
3154
3204
3153
3182
3179
3166
3198
3154
3179
3183
3160
3199
3154
3179
3184
3166
3192
3145
3182
3175
3178
3194
3137
3185
3176
3167
3189
3153
3183
3174
3169
3186
3140
3185
3174
3180
3192
3139
3186
3166
3183
3184
3142
3189
3165
3174
3195
3142
3187
3160
3182
3179
3139
3189
3165
3178
3192
3161
3192
3163
3196
3178
3144
3190
3154
3181
3191
3152
3187
3166
3177
3186
3163
3195
3158
3198
3187
3159
3191
3149
3184
3190
3154
3199
3161
3186
3184
3178
3186
3138
3187
3174
3163
3207
3148
3185
3181
3165
3197
3152
3187
3167
3169
3181
3138
3180
3174
3167
3183
3135
3180
3165
3181
3184
3138
3197
3180
3179
3186
3135
3191
3158
3182
3186
3135
3187
3163
3178
3178
3145
3184
3163
3180
3189
3163
3197
3165
3183
3190
3151
3190
3150
3187
3187
3165
3189
3149
3184
3194
3153
3196
3148
3181
3184
3167
3203
3149
3186
3184
3164
3192
3148
3182
3171
3161
3197
3157
3191
3179
3166
3184
3151
3198
3171
3175
3192
3136
3180
3171
3167
3187
3134
3189
3177
3172
3183
3142
3197
3177
3168
3178
3144
3195
3161
3173
3188
3140
3192
3163
3180
3189
3141
3182
3159
3174
3188
3147
3201
3170
3173
3186
3155
3194
3161
3180
3177
3149
3192
3161
3183
3187
3149
3187
3159
3178
3177
3155
3195
3152
3188
3178
3155
3193
3144
3187
3172
3162
3195
3142
3181
3183
3161
3190
3143
3189
3182
3168
3190
3147
3186
3169
3175
3193
3149
3183
3168
3170
3186
3139
3186
3180
3172
3190
3146
3184
3166
3192
3187
3143
3200
3160
3194
3194
3143
3194
3163
3177
3189
3159
3202
3161
3174
3186
3158
3208
3165
3194
3197
3148
3190
3154
3189
3184
3158
3196
3166
3190
3186
3168
3206
3151
3179
3179
3173
3211
3146
3199
3183
3176
3199
3145
3192
3182
3172
3199
3161
3192
3181
3168
3200
3156
3192
3184
3168
3187
3140
3190
3171
3165
3193
3146
3198
3173
3172
3186
3158
3196
3168
3170
3186
3146
3186
3163
3179
3190
3141
3186
3172
3180
3194
3134
3195
3164
3176
3190
3147
3204
3154
3187
3197
3147
3194
3151
3187
3178
3158
3197
3154
3173
3180
3148
3186
3158
3187
3183
3161
3190
3144
3188
3193
3164
3185
3140
3175
3170
3162
3187
3151
3178
3166
3174
3194
3149
3198
3178
3162
3201
3142
3180
3167
3167
3180
3135
3182
3164
3174
3197
3140
3183
3172
3165
3192
3140
3193
3164
3172
3193
3139
3196
3171
3183
3177
3141
3194
3168
3185
3193
3144
3201
3156
3189
3184
3142
3191
3175
3188
3186
3144
3189
3155
3195
3182
3145
3198
3154
3177
3195
3153
3195
3159
3183
3179
3155
3196
3144
3182
3175
3174
3193
3145
3190
3179
3161
3188
3142
3177
3173
3168
3186
3136
3175
3177
3171
3187
3141
3191
3168
3164
3195
3145
3182
3163
3163
3184
3144
3185
3165
3189
3184
3135
3184
3171
3170
3181
3150
3185
3171
3171
3180
3151
3190
3160
3172
3192
3141
3185
3164
3177
3185
3155
3192
3169
3177
3181
3154
3186
3159
3184
3188
3149
3192
3148
3189
3188
3159
3195
3154
3187
3184
3160
3195
3158
3186
3174
3156
3190
3144
3177
3172
3179
3192
3137
3175
3168
3170
3194
3151
3199
3173
3158
3180
3146
3192
3180
3167
3187
3154
3185
3166
3170
3186
3131
3182
3163
3170
3191
3139
3186
3168
3170
3176
3130
3196
3170
3172
3189
3133
3190
3168
3182
3182
3145
3197
3160
3185
3185
3146
3191
3152
3174
3186
3148
3197
3154
3178
3187
3167
3196
3154
3177
3188
3152
3187
3146
3179
3175
3166
3195
3139
3173
3168
3167
3198
3148
3186
3184
3175
3190
3149
3179
3182
3167
3188
3146
3177
3166
3164
3197
3148
3178
3172
3164
3184
3147
3185
3164
3171
3190
3135
3188
3165
3178
3180
3132
3184
3173
3173
3199
3138
3188
3161
3171
3179
3136
3194
3162
3183
3179
3138
3186
3156
3169
3176
3151
3194
3148
3179
3179
3139
3185
3142
3178
3177
3159
3195
3148
3178
3186
3155
3189
3154
3171
3182
3162
3192
3151
3177
3193
3154
3185
3137
3179
3181
3170
3190
3151
3182
3178
3162
3190
3145
3197
3168
3174
3196
3138
3195
3170
3172
3197
3133
3201
3172
3178
3183
3147
3189
3170
3182
3189
3144
3186
3158
3180
3188
3148
3188
3161
3175
3186
3138
3188
3159
3174
3182
3139
3198
3162
3182
3179
3144
3184
3158
3180
3194
3144
3199
3168
3176
3172
3157
3198
3166
3178
3185
3157
3191
3154
3179
3187
3172
3187
3140
3187
3191
3166
3205
3162
3180
3166
3166
3198
3139
3182
3180
3173
3188
3138
3181
3186
3167
3183
3147
3189
3171
3164
3190
3147
3190
3161
3165
3184
3145
3200
3174
3188
3190
3132
3187
3175
3192
3185
3130
3201
3173
3178
3196
3142
3196
3161
3179
3193
3146
3197
3161
3194
3190
3149
3195
3171
3193
3180
3148
3204
3156
3192
3190
3154
3196
3152
3181
3184
3161
3198
3155
3182
3187
3163
3191
3153
3182
3167
3153
3185
3140
3186
3174
3180
3185
3140
3186
3174
3162
3188
3140
3179
3182
3173
3188
3147
3193
3166
3160
3184
3144
3183
3162
3167
3186
3146
3196
3172
3173
3181
3133
3199
3173
3171
3185
3132
3187
3165
3170
3176
3136
3193
3157
3173
3183
3135
3180
3155
3186
3179
3143
3204
3161
3185
3184
3147
3200
3146
3174
3174
3150
3196
3149
3176
3179
3147
3191
3147
3174
3177
3152
3206
3142
3174
3173
3159
3205
3143
3181
3190
3168
3192
3149
3192
3176
3156
3179
3134
3177
3166
3161
3192
3145
3181
3170
3167
3184
3140
3175
3162
3175
3185
3150
3198
3167
3165
3187
3137
3184
3170
3169
3190
3129
3183
3165
3180
3187
3136
3180
3158
3181
3195
3151
3193
3155
3172
3170
3148
3185
3150
3176
3174
3154
3188
3151
3175
3182
3153
3182
3145
3183
3174
3160
3192
3137
3170
3167
3149
3204
3141
3180
3175
3160
3180
3147
3175
3180
3167
3179
3133
3170
3172
3160
3193
3137
3178
3168
3161
3202
3145
3178
3174
3167
3178
3145
3180
3174
3163
3183
3147
3180
3156
3174
3180
3134
3179
3171
3189
3196
3162
3198
3174
3188
3178
3132
3194
3165
3171
3179
3149
3191
3152
3172
3183
3141
3174
3145
3169
3176
3138
3193
3150
3172
3183
3151
3195
3167
3184
3189
3161
3195
3163
3179
3187
3163
3195
3143
3191
3182
3159
3202
3150
3176
3182
3163
3189
3156
3179
3179
3164
3191
3151
3201
3176
3163
3184
3147
3180
3170
3179
3197
3150
3191
3171
3170
3206
3150
3194
3183
3180
3183
3140
3205
3167
3169
3178
3132
3197
3169
3184
3191
3139
3189
3172
3190
3187
3141
3186
3165
3188
3187
3141
3191
3159
3176
3188
3140
3197
3171
3191
3186
3149
3197
3156
3183
3188
3161
3186
3148
3182
3192
3163
3193
3160
3178
3190
3157
3192
3160
3182
3182
3168
3189
3143
3176
3172
3172
3192
3144
3176
3169
3172
3205
3145
3187
3179
3174
3197
3153
3184
3168
3170
3187
3138
3185
3179
3180
3182
3147
3196
3175
3175
3188
3138
3183
3162
3179
3193
3154
3195
3168
3175
3197
3150
3196
3177
3189
3193
3150
3188
3155
3188
3187
3149
3186
3148
3182
3184
3158
3191
3151
3185
3189
3153
3188
3159
3178
3174
3155
3199
3148
3191
3186
3158
3186
3151
3175
3178
3155
3190
3143
3175
3176
3168
3194
3146
3174
3164
3151
3172
3128
3175
3157
3151
3171
3123
3164
3159
3158
3180
3148
3181
3161
3162
3191
3145
3194
3168
3163
3177
3144
3196
3165
3185
3178
3131
3183
3165
3170
3174
3130
3190
3168
3173
3179
3147
3190
3164
3182
3181
3138
3188
3161
3190
3194
3147
3183
3159
3182
3178
3146
3188
3159
3177
3179
3153
3190
3156
3192
3180
3159
3188
3149
3189
3176
3163
3193
3144
3189
3184
3158
3194
3146
3185
3189
3166
3201
3143
3179
3172
3163
3189
3153
3191
3182
3163
3201
3139
3194
3174
3169
3189
3156
3186
3177
3178
3194
3141
3190
3163
3173
3193
3142
3186
3161
3178
3189
3144
3190
3174
3179
3187
3145
3185
3163
3193
