2723,10000
728,1449,17178,13821
728,1460,17135,13696
730,1431,17274,13866
730,1441,17280,13869
729,1449,17208,13789
729,1440,17210,13849
724,1459,17073,13694
729,1430,17257,13879
731,1442,17302,13865
731,1445,17297,13861
731,1434,17264,13856
729,1453,17183,13745
730,1442,17259,13885
729,1448,17211,13807
730,1449,17268,13831
731,1436,17297,13882
727,1455,17181,13763
730,1440,17276,13878
726,1458,17138,13769
729,1440,17238,13822
730,1437,17259,13841
730,1453,17260,13830
732,1426,17340,13939
729,1455,17187,13753
729,1444,17246,13846
730,1431,17242,13844
728,1464,17159,13770
731,1434,17293,13912
727,1451,17168,13778
726,1448,17178,13779
728,1438,17200,13817
727,1463,17182,13782
731,1430,17307,13932
725,1454,17106,13718
729,1437,17230,13856
727,1459,17172,13789
727,1456,17174,13778
732,1433,17346,13939
726,1447,17131,13726
730,1443,17262,13870
728,1439,17205,13846
728,1459,17187,13807
731,1437,17291,13881
734,1444,17273,13817
729,1441,17274,13857
732,1455,17247,13842
726,1448,17139,13776
731,1435,17291,13916
730,1461,17184,13733
730,1445,17293,13885
728,1441,17198,13827
729,1439,17192,13798
728,1442,17223,13838
725,1457,17083,13713
732,1447,17255,13848
729,1441,17222,13853
730,1450,17235,13809
729,1436,17237,13858
730,1460,17154,13725
730,1439,17246,13858
729,1427,17215,13845
729,1440,17231,13830
733,1452,17282,13868
727,1459,17123,13711
731,1427,17302,13901
728,1436,17215,13844
728,1438,17199,13818
728,1445,17210,13849
727,1452,17148,13739
731,1437,17309,13896
732,1442,17248,13806
731,1463,17237,13820
730,1431,17235,13846
728,1454,17147,13760
731,1421,17295,13918
727,1463,17135,13732
729,1448,17260,13860
732,1447,17255,13864
728,1447,17182,13796
730,1427,17281,13893
726,1455,17138,13770
728,1449,17221,13826
730,1449,17261,13847
726,1443,17174,13768
737,1435,17393,13949
725,1455,17109,13723
728,1438,17190,13826
732,1447,17247,13844
727,1458,17169,13751
731,1420,17330,13932
726,1447,17127,13761
729,1445,17208,13825
728,1437,17195,13828
726,1446,17177,13818
736,1450,17348,13939
725,1456,17090,13706
728,1439,17223,13825
730,1445,17286,13836
729,1448,17209,13814
730,1432,17284,13908
726,1447,17106,13754
732,1433,17308,13913
729,1485,17230,13830
728,1458,17204,13815
737,1444,17383,13933
726,1436,17116,13747
729,1433,17243,13866
728,1449,17217,13842
728,1452,17197,13802
730,1441,17272,13855
727,1451,17112,13726
730,1437,17268,13867
730,1445,17220,13809
727,1451,17135,13759
729,1436,17232,13834
734,1458,17244,13809
737,1452,17401,13953
729,1449,17219,13829
728,1448,17204,13831
737,1444,17386,13934
732,1470,17201,13762
731,1436,17298,13882
737,1449,17365,13927
739,1455,17418,13960
736,1450,17358,13911
725,1459,17101,13702
732,1442,17268,13874
729,1447,17192,13803
729,1443,17244,13842
730,1442,17278,13876
726,1473,17121,13728
730,1439,17287,13884
726,1443,17133,13795
728,1437,17181,13814
729,1428,17234,13853
727,1454,17167,13784
730,1426,17280,13891
728,1439,17176,13803
728,1443,17178,13790
730,1437,17258,13881
725,1459,17113,13762
732,1434,17315,13922
727,1439,17161,13763
729,1440,17240,13845
730,1445,17271,13868
728,1448,17171,13787
730,1418,17278,13907
727,1459,17151,13771
729,1449,17224,13829
729,1451,17229,13820
728,1438,17208,13777
734,1423,17374,13979
727,1454,17134,13737
728,1455,17192,13822
728,1459,17185,13805
727,1443,17147,13770
731,1428,17320,13896
726,1454,17140,13762
730,1429,17255,13870
728,1442,17200,13802
728,1439,17172,13821
731,1447,17277,13867
726,1448,17130,13740
730,1442,17259,13862
726,1424,17237,13851
728,1446,17192,13804
730,1450,17239,13877
724,1455,17085,13716
730,1433,17283,13892
729,1435,17253,13847
728,1439,17187,13814
730,1447,17269,13895
733,1471,17230,13788
730,1423,17256,13894
735,1462,17304,13891
727,1467,17149,13773
729,1441,17234,13821
725,1463,17101,13703
737,1444,17374,13934
729,1444,17216,13816
728,1460,17181,13794
730,1433,17265,13854
724,1450,17068,13679
738,1448,17413,13965
730,1442,17274,13848
728,1448,17197,13802
729,1432,17222,13864
727,1448,17144,13772
731,1439,17282,13859
724,1453,17165,13787
728,1454,17178,13792
728,1438,17227,13840
727,1452,17152,13771
730,1423,17265,13895
726,1473,17113,13733
728,1449,17192,13821
730,1438,17265,13855
728,1439,17192,13799
729,1414,17234,13834
726,1462,17133,13748
728,1443,17193,13813
728,1443,17248,13847
727,1444,17173,13765
733,1425,17375,13975
727,1453,17163,13742
729,1441,17215,13835
728,1438,17184,13806
727,1449,17135,13759
732,1437,17321,13937
729,1450,17177,13756
729,1442,17236,13854
734,1471,17282,13865
726,1454,17104,13730
730,1420,17287,13917
726,1458,17133,13747
728,1448,17190,13799
729,1436,17231,13836
727,1458,17164,13779
730,1421,17267,13905
726,1456,17103,13692
729,1441,17232,13854
729,1445,17247,13847
727,1454,17185,13812
730,1433,17280,13882
725,1452,17136,13715
731,1430,17295,13915
728,1452,17166,13784
730,1433,17231,13852
730,1442,17244,13855
726,1457,17137,13699
729,1439,17228,13853
728,1452,17204,13825
727,1454,17165,13786
728,1443,17199,13826
726,1452,17108,13736
730,1446,17226,13847
730,1440,17260,13876
728,1440,17217,13817
738,1457,17378,13948
724,1471,17061,13667
729,1436,17227,13859
737,1452,17352,13911
730,1450,17218,13788
729,1436,17247,13857
725,1464,17128,13711
730,1432,17262,13870
731,1441,17223,13819
728,1450,17178,13800
731,1450,17256,13819
727,1471,17152,13725
729,1434,17240,13861
727,1450,17157,13759
728,1437,17186,13799
729,1439,17207,13818
727,1457,17113,13717
730,1428,17251,13876
727,1450,17171,13771
728,1449,17199,13807
729,1443,17224,13843
727,1449,17161,13762
731,1440,17304,13957
727,1457,17146,13728
728,1445,17183,13792
731,1432,17257,13840
729,1450,17177,13764
731,1439,17280,13884
726,1455,17113,13739
727,1446,17164,13795
728,1437,17216,13831
729,1442,17249,13854
732,1434,17290,13891
726,1453,17135,13752
727,1448,17163,13788
729,1441,17222,13820
722,1452,17119,13740
730,1431,17276,13895
728,1458,17152,13737
729,1456,17203,13800
728,1434,17195,13831
728,1455,17186,13818
736,1459,17327,13909
726,1450,17124,13724
729,1431,17255,13850
728,1444,17209,13813
726,1453,17157,13750
729,1443,17232,13856
724,1449,17068,13705
730,1427,17272,13896
728,1442,17212,13823
727,1456,17164,13762
730,1443,17247,13858
735,1461,17266,13824
730,1449,17254,13867
729,1433,17199,13844
729,1442,17236,13855
729,1421,17216,13853
725,1452,17125,13705
731,1452,17265,13845
729,1444,17234,13853
727,1433,17179,13809
729,1437,17220,13857
726,1460,17112,13709
730,1448,17262,13856
730,1439,17256,13855
729,1453,17243,13837
735,1454,17336,13908
725,1462,17075,13694
732,1431,17311,13937
739,1463,17401,13957
736,1460,17347,13884
728,1449,17205,13822
727,1460,17160,13784
730,1436,17272,13880
732,1460,17223,13798
728,1444,17179,13796
728,1439,17190,13816
728,1451,17173,13781
730,1436,17279,13889
731,1449,17206,13778
729,1440,17223,13835
729,1434,17225,13871
726,1455,17151,13752
732,1425,17340,13950
728,1465,17177,13758
729,1441,17235,13825
728,1436,17211,13837
728,1438,17167,13798
730,1433,17268,13891
726,1460,17134,13748
727,1455,17208,13804
729,1458,17205,13814
729,1454,17173,13755
731,1434,17290,13909
724,1455,17084,13720
728,1456,17156,13767
730,1440,17231,13852
727,1452,17183,13782
731,1429,17288,13897
725,1459,17115,13730
729,1447,17218,13836
726,1437,17126,13819
729,1443,17232,13832
731,1424,17317,13919
733,1466,17258,13793
730,1437,17283,13857
727,1435,17187,13796
728,1450,17197,13826
732,1436,17310,13925
736,1468,17304,13864
741,1455,17430,13979
740,1443,17422,14002
745,1461,17603,13962
732,1451,17270,13864
729,1461,17204,13763
730,1435,17252,13863
729,1445,17217,13824
728,1455,17198,13800
730,1444,17246,13848
741,1468,17400,13757
742,1435,17607,14004
749,1461,17661,14031
742,1471,17528,13908
730,1437,17277,13854
736,1454,17439,13849
742,1421,17650,14011
740,1446,17523,13921
739,1449,17504,13913
739,1442,17498,13908
728,1450,17171,13765
740,1424,17608,14012
736,1450,17448,13886
731,1437,17270,13868
740,1431,17543,13954
729,1445,17184,13782
732,1429,17323,13929
726,1448,17120,13751
729,1455,17223,13826
740,1424,17562,13961
728,1467,17185,13789
729,1426,17307,13897
733,1453,17366,13844
741,1441,17524,13927
738,1448,17499,13919
739,1452,17475,13883
740,1434,17637,14057
736,1459,17424,13868
737,1441,17445,13891
738,1431,17505,13945
739,1440,17536,13929
740,1427,17620,14032
735,1440,17414,13865
737,1431,17478,13906
737,1439,17466,13908
737,1446,17505,13963
741,1428,17555,13984
735,1449,17419,13861
742,1448,17552,13929
736,1440,17481,13931
738,1451,17439,13859
738,1432,17542,13986
734,1455,17371,13824
739,1432,17567,14005
738,1439,17509,13925
737,1439,17482,13897
739,1416,17564,13981
735,1451,17386,13826
738,1430,17568,14023
737,1434,17463,13907
738,1443,17508,13927
744,1439,17618,13977
735,1453,17374,13804
740,1421,17612,14025
737,1442,17490,13950
736,1424,17454,13918
738,1421,17509,13965
734,1449,17363,13802
740,1422,17598,14016
740,1437,17527,13927
738,1444,17476,13904
739,1439,17543,13982
733,1454,17326,13772
740,1428,17556,13981
739,1437,17533,13949
739,1437,17547,13943
740,1437,17605,14012
734,1447,17374,13820
740,1416,17569,14010
736,1435,17452,13899
739,1433,17538,13960
740,1434,17585,14004
733,1457,17340,13832
733,1440,17325,13884
728,1453,17190,13805
736,1445,17415,13885
740,1440,17552,13970
737,1443,17469,13907
730,1447,17281,13848
728,1455,17186,13765
729,1449,17215,13844
730,1439,17240,13860
737,1461,17437,13841
738,1408,17562,13959
736,1450,17423,13891
728,1441,17216,13831
730,1446,17236,13821
733,1447,17300,13774
736,1431,17472,13995
734,1468,17351,13848
731,1450,17314,13840
733,1419,17383,13926
729,1457,17217,13758
735,1439,17422,14019
725,1452,17112,13715
734,1435,17388,13927
738,1450,17434,13937
731,1449,17294,13829
733,1433,17381,13939
730,1455,17239,13797
733,1442,17339,13905
737,1443,17377,13876
729,1454,17226,13828
732,1431,17353,13923
729,1450,17221,13779
732,1442,17348,13901
733,1454,17296,13828
731,1443,17268,13861
731,1441,17263,13877
725,1453,17083,13706
733,1427,17374,13930
739,1445,17420,13963
734,1458,17288,13842
731,1449,17268,13847
725,1459,17125,13703
732,1430,17318,13946
731,1435,17286,13894
732,1461,17237,13801
731,1434,17300,13879
738,1457,17362,13898
744,1450,17556,14116
744,1457,17582,14160
728,1444,17197,13814
730,1434,17252,13856
726,1454,17128,13734
731,1425,17296,13900
730,1438,17257,13843
730,1439,17249,13850
733,1447,17282,13874
725,1466,17104,13736
731,1430,17291,13898
728,1441,17218,13811
728,1444,17198,13807
730,1439,17278,13880
727,1458,17148,13771
729,1431,17231,13870
727,1461,17129,13756
728,1443,17214,13841
731,1432,17286,13890
727,1451,17155,13751
731,1439,17309,13921
728,1446,17177,13788
728,1439,17192,13832
730,1437,17275,13868
728,1454,17190,13805
730,1423,17312,13914
727,1462,17192,13772
728,1445,17191,13809
729,1449,17209,13847
728,1429,17200,13822
734,1428,17394,13996
727,1454,17167,13748
727,1451,17190,13820
729,1449,17211,13825
732,1454,17250,13838
730,1434,17290,13896
728,1465,17188,13804
729,1440,17194,13817
729,1444,17251,13839
728,1451,17183,13798
731,1447,17280,13878
726,1449,17153,13768
729,1437,17225,13861
726,1415,17198,13864
729,1436,17235,13841
730,1450,17287,13893
727,1468,17150,13729
731,1425,17295,13908
730,1447,17228,13820
728,1441,17199,13820
731,1439,17270,13860
726,1466,17132,13716
731,1422,17305,13923
739,1458,17428,13985
732,1457,17223,13799
730,1429,17257,13888
726,1469,17098,13695
730,1435,17260,13853
729,1448,17259,13844
727,1453,17198,13804
731,1430,17247,13870
727,1443,17123,13719
730,1430,17269,13896
730,1456,17259,13851
730,1444,17250,13864
730,1448,17283,13877
727,1457,17172,13757
729,1424,17251,13875
728,1453,17208,13827
729,1446,17199,13817
730,1436,17258,13854
728,1462,17187,13777
733,1450,17311,13895
729,1450,17198,13793
730,1438,17249,13868
730,1437,17253,13845
728,1456,17162,13770
731,1434,17295,13925
727,1454,17154,13759
730,1442,17259,13853
729,1444,17240,13843
729,1443,17217,13842
731,1432,17274,13900
728,1463,17192,13787
729,1441,17223,13807
730,1431,17271,13863
727,1467,17188,13770
733,1437,17343,13965
727,1456,17169,13775
728,1445,17209,13824
730,1453,17248,13846
729,1455,17236,13822
732,1415,17340,13945
727,1444,17187,13796
727,1438,17188,13814
730,1448,17240,13851
728,1438,17166,13773
732,1427,17324,13951
732,1462,17255,13788
730,1450,17248,13849
730,1438,17236,13861
730,1457,17196,13803
732,1437,17293,13912
727,1462,17141,13722
732,1439,17310,13901
732,1442,17270,13853
729,1459,17214,13784
730,1435,17259,13868
727,1453,17172,13778
726,1440,17226,13835
731,1445,17282,13886
731,1438,17253,13849
742,1443,17523,14081
740,1450,17474,14039
730,1443,17244,13860
728,1443,17192,13813
727,1457,17170,13789
730,1431,17232,13853
736,1488,17302,13837
740,1442,17513,14080
729,1440,17223,13850
729,1439,17235,13843
736,1447,17338,13908
726,1454,17109,13718
731,1427,17316,13926
730,1436,17251,13841
730,1448,17251,13840
730,1438,17263,13873
724,1463,17081,13704
730,1438,17268,13882
728,1443,17207,13820
729,1448,17226,13827
729,1431,17258,13870
728,1455,17166,13765
732,1426,17302,13925
727,1456,17143,13767
729,1458,17191,13798
729,1445,17231,13848
728,1445,17189,13763
732,1423,17327,13935
733,1463,17238,13805
730,1452,17232,13812
731,1434,17250,13873
728,1459,17193,13793
731,1439,17318,13908
728,1456,17170,13753
730,1446,17256,13848
729,1441,17216,13849
732,1446,17272,13811
732,1425,17309,13949
729,1469,17189,13773
728,1446,17212,13813
730,1453,17242,13851
727,1445,17180,13748
733,1440,17351,13991
726,1461,17123,13725
728,1444,17196,13812
729,1443,17190,13798
729,1437,17211,13817
731,1436,17285,13920
727,1460,17169,13775
730,1439,17243,13851
733,1449,17266,13834
728,1456,17200,13804
731,1441,17294,13888
727,1455,17171,13750
731,1430,17331,13902
730,1434,17254,13875
728,1452,17178,13800
729,1440,17239,13861
727,1448,17174,13788
731,1439,17282,13864
730,1428,17243,13856
729,1453,17227,13844
733,1445,17283,13880
726,1457,17115,13738
729,1436,17243,13860
730,1439,17250,13883
731,1448,17279,13835
730,1440,17273,13879
726,1465,17104,13729
730,1431,17267,13899
733,1445,17270,13853
728,1442,17203,13807
731,1437,17274,13899
726,1460,17114,13704
733,1441,17326,13900
729,1439,17215,13827
729,1449,17216,13830
730,1434,17248,13869
727,1453,17159,13771
733,1436,17323,13900
727,1453,17158,13760
729,1439,17243,13849
731,1431,17263,13879
727,1450,17168,13798
732,1437,17308,13913
726,1441,17136,13762
729,1452,17239,13843
729,1438,17254,13875
729,1445,17192,13816
731,1429,17292,13911
727,1451,17162,13779
729,1441,17240,13860
730,1429,17246,13865
730,1441,17274,13881
732,1419,17359,13954
728,1470,17175,13778
729,1439,17210,13852
729,1444,17235,13866
734,1475,17281,13847
733,1433,17368,13953
729,1457,17175,13784
728,1439,17208,13811
729,1434,17243,13856
727,1454,17169,13774
731,1431,17317,13933
728,1450,17152,13768
730,1455,17229,13813
730,1433,17240,13859
728,1458,17181,13772
733,1438,17344,13962
728,1451,17142,13758
731,1441,17272,13871
734,1454,17306,13873
729,1440,17228,13825
732,1428,17341,13931
727,1462,17176,13783
732,1429,17296,13912
733,1460,17272,13858
727,1445,17207,13816
731,1431,17301,13914
736,1472,17307,13847
739,1454,17430,13966
729,1452,17212,13821
729,1441,17220,13839
730,1434,17235,13869
727,1465,17114,13691
732,1431,17350,13937
741,1444,17455,14014
738,1455,17366,13930
729,1437,17235,13864
725,1447,17079,13696
732,1426,17321,13920
735,1457,17325,13896
730,1452,17244,13846
731,1432,17311,13888
726,1456,17128,13724
731,1435,17281,13891
729,1444,17220,13838
729,1444,17254,13853
733,1436,17312,13876
727,1466,17144,13752
731,1428,17295,13889
728,1455,17179,13784
731,1433,17266,13881
730,1449,17239,13845
727,1453,17159,13784
732,1433,17344,13930
728,1450,17176,13788
729,1441,17208,13837
730,1434,17255,13868
728,1447,17146,13748
734,1420,17365,13982
735,1474,17310,13851
729,1455,17248,13844
730,1458,17253,13840
728,1455,17193,13784
732,1423,17316,13920
727,1460,17151,13752
730,1447,17253,13846
730,1442,17268,13850
731,1453,17243,13854
732,1419,17329,13934
728,1438,17188,13805
728,1444,17212,13834
731,1437,17275,13881
728,1455,17189,13785
732,1419,17342,13936
727,1450,17148,13762
729,1445,17207,13818
728,1446,17193,13801
730,1433,17234,13853
731,1433,17307,13889
728,1454,17174,13768
732,1439,17324,13911
733,1436,17308,13844
728,1442,17207,13827
731,1436,17291,13907
728,1449,17157,13780
739,1452,17413,13969
739,1450,17439,13977
737,1474,17357,13910
739,1456,17425,13977
739,1468,17370,13931
743,1446,17515,14090
732,1427,17317,13938
734,1445,17292,13855
730,1430,17285,13882
728,1449,17158,13760
732,1434,17310,13915
730,1443,17255,13847
731,1447,17222,13829
731,1438,17266,13857
722,1446,17070,13722
733,1428,17373,13948
731,1434,17282,13877
729,1447,17243,13864
729,1430,17240,13879
726,1448,17108,13733
733,1435,17347,13940
728,1433,17223,13817
729,1443,17231,13853
731,1444,17284,13888
728,1452,17159,13779
730,1434,17279,13900
727,1449,17169,13790
730,1439,17234,13856
730,1434,17300,13872
727,1452,17150,13769
732,1421,17297,13915
727,1448,17141,13757
728,1448,17184,13814
730,1430,17254,13865
728,1448,17215,13822
733,1432,17375,13976
739,1457,17394,13939
730,1460,17216,13802
728,1436,17202,13840
729,1438,17251,13870
733,1430,17368,13969
738,1461,17383,13937
734,1454,17278,13839
729,1445,17262,13860
728,1452,17190,13803
732,1432,17278,13903
728,1445,17175,13781
735,1455,17301,13882
729,1444,17239,13837
729,1452,17226,13857
734,1431,17327,13922
726,1450,17150,13753
730,1446,17252,13878
744,1452,17529,14077
742,1461,17571,14129
733,1421,17371,13976
734,1461,17271,13820
731,1451,17282,13859
739,1456,17391,13956
740,1456,17406,13990
743,1436,17539,14086
740,1470,17445,13978
743,1466,17591,14181
733,1429,17324,13927
737,1459,17360,13926
740,1447,17436,13996
737,1459,17353,13927
743,1468,17589,14171
732,1433,17316,13908
743,1451,17515,14054
736,1438,17406,13984
739,1462,17420,13998
738,1442,17434,14045
731,1440,17297,13896
730,1448,17235,13825
730,1439,17295,13881
726,1465,17142,13732
732,1429,17317,13938
728,1440,17201,13836
729,1444,17238,13867
729,1427,17246,13864
727,1450,17169,13773
732,1416,17328,13951
729,1448,17217,13829
729,1448,17246,13852
732,1433,17251,13864
730,1438,17209,13840
731,1432,17291,13898
727,1455,17199,13773
729,1436,17225,13858
729,1433,17247,13861
729,1434,17199,13808
734,1442,17348,13920
729,1442,17229,13820
731,1450,17244,13826
734,1437,17311,13890
729,1439,17238,13838
732,1429,17317,13928
727,1460,17174,13789
730,1449,17234,13865
736,1464,17349,13911
728,1448,17204,13802
733,1420,17340,13960
728,1456,17182,13778
730,1447,17221,13826
729,1442,17217,13816
728,1444,17203,13819
732,1428,17315,13938
728,1443,17198,13795
731,1449,17239,13829
731,1432,17274,13906
729,1452,17215,13829
730,1420,17270,13901
729,1446,17169,13763
730,1445,17255,13839
730,1450,17257,13851
735,1461,17317,13865
730,1440,17254,13869
728,1439,17190,13817
730,1446,17236,13833
729,1440,17271,13857
728,1459,17202,13801
730,1429,17258,13877
731,1464,17196,13756
730,1431,17292,13915
729,1454,17221,13850
728,1448,17206,13816
731,1425,17276,13907
721,1455,17089,13680
730,1439,17281,13892
730,1436,17258,13879
730,1444,17241,13870
729,1435,17242,13854
727,1440,17154,13729
732,1424,17325,13921
730,1443,17258,13852
733,1436,17335,13939
743,1447,17510,14076
738,1465,17358,13918
738,1445,17410,13995
730,1439,17253,13861
730,1442,17279,13867
732,1434,17295,13898
727,1443,17164,13770
731,1423,17285,13907
728,1434,17198,13833
730,1443,17242,13849
730,1453,17250,13855
729,1455,17205,13815
733,1434,17300,13900
729,1449,17191,13785
730,1444,17241,13854
730,1440,17253,13863
728,1452,17177,13790
732,1423,17330,13936
729,1441,17219,13817
730,1449,17276,13849
730,1442,17250,13886
729,1450,17205,13840
732,1430,17314,13923
729,1466,17219,13783
730,1458,17240,13822
738,1457,17385,13957
728,1445,17187,13802
731,1424,17313,13931
728,1448,17155,13773
728,1442,17223,13853
735,1452,17338,13884
728,1445,17185,13800
733,1440,17383,13985
728,1447,17196,13821
728,1436,17215,13849
728,1446,17184,13810
729,1440,17225,13831
732,1433,17326,13931
727,1453,17185,13789
731,1445,17291,13884
729,1443,17238,13851
728,1450,17189,13804
730,1439,17253,13861
728,1439,17206,13803
730,1436,17271,13871
730,1439,17270,13879
728,1459,17201,13806
730,1441,17259,13874
727,1453,17112,13712
730,1439,17276,13894
731,1442,17278,13880
732,1447,17262,13818
729,1436,17254,13873
730,1447,17192,13797
730,1429,17260,13881
730,1437,17264,13890
729,1444,17219,13847
731,1429,17287,13906
730,1468,17189,13748
730,1442,17281,13858
732,1444,17314,13925
731,1448,17220,13828
731,1420,17294,13929
728,1455,17170,13762
733,1427,17357,13942
730,1444,17240,13848
730,1430,17274,13892
730,1444,17246,13869
728,1448,17195,13800
732,1430,17289,13902
727,1446,17162,13778
730,1436,17270,13859
730,1446,17254,13869
728,1456,17178,13794
732,1443,17320,13929
727,1460,17152,13754
729,1442,17215,13813
731,1436,17286,13906
729,1454,17199,13796
732,1433,17349,13947
729,1442,17216,13840
736,1449,17334,13894
733,1446,17286,13875
727,1445,17192,13796
733,1424,17380,13980
729,1442,17183,13819
730,1449,17254,13849
735,1453,17310,13863
728,1443,17190,13808
732,1427,17333,13952
727,1459,17142,13781
729,1442,17244,13835
731,1420,17280,13889
728,1454,17184,13783
731,1430,17322,13949
727,1453,17146,13768
730,1442,17278,13877
740,1455,17420,13986
732,1466,17253,13816
731,1433,17325,13914
727,1452,17152,13769
733,1442,17304,13926
730,1442,17227,13852
729,1445,17247,13839
733,1443,17335,13907
734,1457,17244,13798
729,1439,17256,13865
731,1434,17241,13864
733,1448,17261,13846
730,1431,17265,13876
727,1453,17155,13792
732,1423,17317,13917
732,1435,17259,13835
728,1449,17174,13790
731,1433,17290,13907
733,1472,17219,13788
730,1419,17272,13875
729,1435,17239,13848
729,1466,17246,13832
734,1431,17308,13896
726,1458,17112,13728
731,1432,17294,13916
730,1450,17245,13845
728,1433,17251,13849
731,1435,17316,13921
727,1450,17129,13743
733,1427,17356,13963
729,1434,17230,13842
730,1433,17243,13868
730,1445,17253,13866
728,1440,17178,13806
736,1432,17378,13935
728,1456,17192,13795
731,1449,17251,13863
730,1424,17267,13888
727,1444,17148,13770
732,1440,17336,13950
729,1459,17209,13798
730,1448,17252,13829
729,1431,17264,13856
729,1438,17219,13838
732,1446,17310,13890
727,1455,17157,13790
730,1438,17240,13848
731,1436,17290,13875
729,1440,17217,13847
732,1432,17321,13927
728,1449,17178,13793
731,1453,17227,13828
729,1414,17236,13838
731,1454,17212,13821
732,1440,17353,13944
728,1444,17170,13782
729,1444,17229,13849
730,1438,17253,13869
727,1450,17160,13778
732,1420,17337,13941
728,1455,17187,13784
736,1446,17348,13859
730,1445,17277,13858
729,1452,17201,13817
732,1425,17291,13899
728,1443,17162,13786
732,1444,17315,13904
739,1458,17440,13979
730,1450,17212,13789
732,1431,17290,13898
727,1443,17148,13772
732,1430,17309,13935
732,1441,17252,13842
728,1444,17172,13810
732,1434,17310,13913
727,1459,17153,13746
729,1432,17265,13885
730,1450,17267,13870
730,1453,17188,13807
731,1433,17296,13903
726,1461,17143,13742
731,1444,17284,13869
730,1439,17297,13892
729,1436,17235,13847
728,1448,17224,13824
728,1452,17205,13835
730,1421,17287,13885
731,1439,17321,13929
730,1420,17238,13863
731,1442,17295,13894
727,1456,17135,13767
730,1423,17273,13893
731,1420,17277,13905
728,1451,17211,13849
730,1448,17279,13857
728,1452,17176,13779
732,1425,17320,13934
730,1450,17197,13800
729,1445,17225,13853
730,1434,17278,13894
728,1447,17204,13810
734,1436,17354,13925
728,1447,17205,13791
729,1448,17227,13820
730,1430,17248,13866
729,1441,17212,13824
736,1441,17400,13959
727,1453,17186,13767
729,1444,17227,13859
730,1428,17264,13878
730,1437,17253,13856
732,1438,17310,13916
727,1456,17163,13781
729,1445,17233,13851
730,1442,17237,13828
728,1436,17213,13821
736,1439,17399,13955
727,1458,17164,13770
728,1450,17199,13824
731,1435,17259,13831
729,1450,17234,13843
736,1446,17399,13950
727,1449,17179,13786
730,1447,17231,13835
731,1423,17298,13931
738,1467,17366,13918
739,1470,17558,14135
729,1448,17209,13797
733,1446,17294,13880
730,1440,17251,13845
728,1458,17196,13823
731,1440,17272,13893
726,1461,17098,13709
730,1438,17262,13870
730,1444,17268,13856
729,1454,17212,13819
730,1442,17252,13868
727,1448,17157,13776
731,1432,17262,13893
729,1453,17250,13844
730,1452,17269,13860
736,1451,17327,13899
728,1446,17160,13739
731,1437,17296,13907
731,1441,17260,13881
728,1441,17206,13831
732,1460,17321,13921
725,1459,17134,13727
731,1424,17321,13942
729,1439,17252,13861
731,1435,17261,13894
731,1439,17262,13892
726,1457,17129,13727
734,1438,17352,13963
738,1464,17392,13956
729,1439,17210,13829
731,1429,17303,13909
728,1448,17175,13776
731,1426,17301,13938
728,1440,17186,13798
731,1441,17299,13908
732,1449,17296,13893
729,1458,17225,13797
733,1443,17319,13899
727,1442,17163,13792
730,1445,17250,13871
731,1441,17322,13908
730,1448,17234,13846
735,1435,17359,13949
729,1453,17194,13796
730,1445,17229,13846
730,1430,17252,13879
727,1437,17176,13801
738,1449,17422,14001
728,1446,17189,13794
729,1444,17235,13848
730,1439,17244,13879
729,1458,17222,13838
740,1438,17446,14020
730,1450,17216,13787
726,1446,17243,13835
729,1452,17265,13850
729,1442,17242,13834
733,1429,17310,13917
728,1461,17160,13776
730,1443,17251,13876
730,1440,17259,13845
731,1445,17273,13879
732,1441,17296,13904
731,1445,17264,13791
731,1435,17269,13882
730,1428,17234,13864
730,1439,17266,13879
731,1439,17289,13891
725,1442,17158,13763
739,1448,17423,13986
730,1424,17253,13862
729,1441,17233,13841
727,1428,17221,13864
730,1471,17179,13756
731,1432,17270,13876
731,1433,17328,13920
729,1456,17225,13821
731,1433,17267,13894
728,1431,17194,13826
732,1424,17301,13913
732,1437,17295,13887
729,1445,17266,13836
730,1426,17280,13902
727,1442,17155,13756
731,1432,17297,13890
731,1455,17261,13855
729,1419,17255,13884
729,1438,17229,13854
727,1453,17170,13757
734,1435,17333,13915
729,1447,17251,13873
729,1446,17219,13854
731,1439,17280,13893
729,1456,17204,13783
731,1424,17315,13921
729,1450,17222,13817
729,1442,17269,13887
731,1439,17284,13911
728,1454,17188,13800
732,1439,17308,13913
729,1460,17206,13815
731,1434,17295,13885
739,1446,17422,13979
730,1441,17231,13830
733,1433,17361,13960
730,1459,17185,13789
729,1440,17198,13823
731,1435,17289,13898
729,1449,17243,13832
737,1434,17400,13963
728,1456,17175,13786
727,1450,17164,13765
729,1444,17231,13855
729,1450,17215,13817
734,1430,17370,13951
727,1459,17176,13761
730,1451,17256,13842
731,1446,17264,13887
728,1438,17199,13813
731,1434,17311,13943
729,1442,17208,13800
730,1440,17289,13863
730,1440,17254,13860
729,1453,17200,13795
731,1416,17277,13900
729,1442,17237,13852
731,1431,17273,13904
729,1436,17242,13878
730,1439,17257,13851
732,1439,17304,13910
727,1450,17134,13751
731,1439,17301,13913
728,1435,17188,13834
730,1442,17254,13870
733,1427,17348,13924
727,1458,17167,13758
731,1433,17325,13900
732,1436,17289,13891
729,1454,17189,13807
731,1442,17255,13877
726,1451,17148,13761
733,1429,17348,13928
730,1441,17258,13866
729,1446,17228,13833
731,1436,17268,13886
727,1449,17141,13757
732,1426,17309,13929
730,1430,17246,13870
730,1442,17281,13853
730,1437,17264,13901
728,1452,17166,13764
732,1419,17319,13935
731,1454,17220,13818
731,1438,17269,13898
730,1450,17267,13856
728,1448,17216,13805
731,1440,17324,13906
728,1452,17210,13826
734,1463,17287,13868
730,1439,17233,13863
729,1443,17212,13826
732,1430,17346,13946
729,1443,17211,13822
731,1442,17269,13879
730,1449,17255,13856
730,1443,17251,13867
732,1422,17319,13937
728,1463,17174,13803
730,1443,17257,13850
738,1448,17393,13947
732,1460,17236,13814
733,1427,17362,13965
727,1456,17156,13778
731,1443,17236,13809
733,1447,17285,13878
729,1465,17239,13811
731,1431,17354,13960
728,1453,17161,13775
731,1439,17238,13845
729,1441,17230,13844
730,1446,17247,13827
732,1429,17322,13915
724,1436,17161,13777
732,1438,17308,13900
732,1439,17274,13852
730,1459,17198,13803
730,1437,17272,13882
726,1448,17115,13741
731,1426,17321,13925
730,1455,17253,13858
728,1439,17206,13815
731,1428,17269,13881
727,1445,17143,13792
732,1433,17331,13944
736,1461,17337,13907
730,1431,17246,13843
732,1440,17308,13891
727,1449,17172,13793
732,1438,17302,13899
730,1445,17254,13868
730,1442,17250,13875
732,1435,17312,13900
728,1459,17173,13774
731,1431,17304,13919
731,1443,17270,13888
729,1456,17230,13826
730,1436,17268,13869
728,1461,17163,13773
732,1435,17341,13924
729,1434,17242,13856
731,1436,17285,13893
733,1452,17300,13877
729,1459,17176,13768
735,1441,17428,14025
741,1448,17466,14014
742,1437,17509,14046
745,1447,17605,14126
737,1451,17407,13980
735,1443,17395,14013
744,1438,17546,14111
731,1439,17283,13892
743,1444,17528,14060
733,1459,17254,13831
733,1421,17350,13952
729,1441,17206,13817
730,1437,17250,13873
731,1437,17272,13890
728,1449,17191,13808
733,1420,17380,13967
728,1440,17187,13798
730,1446,17246,13848
735,1452,17337,13917
729,1445,17206,13830
733,1426,17359,13973
728,1457,17193,13773
730,1482,17256,13842
730,1428,17273,13872
729,1454,17199,13812
732,1425,17326,13949
732,1449,17237,13818
730,1451,17262,13858
731,1445,17277,13873
729,1432,17215,13813
731,1437,17319,13923
727,1455,17146,13760
736,1445,17349,13919
730,1434,17246,13861
728,1440,17190,13820
733,1428,17353,13952
729,1463,17171,13767
732,1423,17304,13933
734,1444,17304,13870
730,1447,17240,13853
731,1444,17263,13847
727,1453,17154,13735
732,1423,17348,13936
731,1432,17308,13894
730,1443,17239,13847
732,1439,17293,13912
726,1451,17115,13739
732,1434,17339,13924
731,1437,17293,13887
728,1448,17173,13849
731,1444,17283,13897
727,1455,17131,13744
733,1425,17333,13944
730,1438,17265,13880
733,1455,17272,13888
733,1432,17324,13912
727,1446,17162,13774
731,1435,17299,13899
730,1435,17271,13895
730,1431,17246,13869
731,1432,17268,13899
728,1452,17200,13804
733,1439,17342,13921
729,1440,17255,13849
729,1448,17213,13830
732,1433,17313,13924
729,1450,17198,13813
733,1431,17365,13958
729,1453,17210,13808
731,1436,17269,13896
742,1458,17479,14022
741,1457,17457,14009
740,1453,17465,14016
727,1455,17170,13794
731,1436,17262,13872
731,1423,17314,13917
729,1444,17226,13848
733,1432,17363,13975
732,1451,17263,13839
729,1445,17218,13836
732,1433,17295,13867
729,1446,17214,13816
734,1434,17400,13997
729,1443,17224,13818
729,1437,17219,13838
732,1450,17260,13865
728,1444,17205,13815
733,1426,17357,13949
731,1485,17229,13826
731,1438,17281,13888
733,1448,17294,13864
729,1442,17233,13840
733,1426,17346,13973
736,1457,17268,13843
732,1437,17285,13908
732,1442,17297,13874
729,1442,17229,13848
734,1450,17326,13897
727,1465,17163,13760
732,1428,17309,13935
732,1446,17293,13870
729,1434,17248,13845
733,1424,17365,13943
727,1457,17174,13784
732,1430,17325,13945
729,1426,17233,13870
730,1434,17233,13859
735,1439,17372,13917
727,1450,17175,13764
732,1433,17321,13933
730,1433,17274,13871
730,1455,17223,13815
730,1445,17274,13892
727,1462,17132,13750
732,1441,17309,13917
733,1437,17346,13942
731,1447,17274,13831
732,1430,17327,13924
727,1453,17161,13778
733,1434,17340,13970
732,1450,17256,13826
730,1440,17266,13870
736,1459,17379,13919
729,1455,17209,13816
732,1424,17343,13960
729,1449,17195,13807
730,1434,17262,13889
732,1442,17321,13920
729,1444,17207,13818
732,1428,17322,13941
728,1446,17224,13825
730,1451,17240,13833
729,1441,17247,13862
731,1436,17243,13863
734,1434,17335,13925
730,1447,17262,13855
733,1458,17269,13867
731,1427,17268,13880
733,1440,17306,13910
741,1441,17470,14049
727,1461,17173,13760
730,1443,17246,13855
733,1439,17302,13877
730,1454,17260,13851
737,1422,17415,13996
729,1448,17209,13838
731,1437,17224,13836
730,1442,17280,13880
731,1459,17269,13836
733,1438,17356,13973
728,1455,17166,13758
731,1439,17269,13894
730,1438,17240,13841
730,1443,17220,13827
732,1439,17302,13919
728,1443,17180,13790
732,1427,17297,13909
731,1432,17274,13884
729,1450,17221,13838
731,1431,17320,13960
728,1451,17196,13794
731,1431,17315,13917
731,1447,17303,13897
731,1446,17309,13911
730,1450,17245,13851
727,1439,17157,13774
731,1431,17287,13905
732,1445,17325,13930
729,1444,17224,13837
732,1425,17285,13927
727,1461,17138,13746
733,1433,17354,13974
730,1432,17251,13872
734,1441,17309,13869
731,1424,17282,13902
728,1452,17165,13763
733,1427,17364,13958
731,1435,17283,13887
729,1435,17216,13848
731,1429,17275,13905
733,1466,17254,13799
731,1431,17322,13921
730,1458,17237,13821
732,1425,17324,13922
732,1442,17286,13865
729,1448,17222,13829
732,1433,17324,13960
730,1448,17256,13862
735,1451,17357,13904
731,1447,17288,13881
729,1450,17201,13787
733,1425,17334,13956
729,1440,17198,13826
729,1436,17247,13851
730,1433,17261,13879
730,1438,17248,13840
733,1426,17364,13956
733,1449,17255,13843
729,1449,17225,13825
731,1435,17255,13868
731,1455,17266,13851
740,1427,17458,14024
729,1451,17227,13808
731,1436,17304,13904
741,1465,17470,14020
740,1444,17407,13969
738,1425,17426,14011
729,1463,17207,13780
732,1448,17312,13869
732,1441,17272,13881
730,1446,17254,13863
732,1424,17327,13929
730,1467,17219,13832
731,1443,17257,13876
730,1445,17230,13867
731,1450,17289,13873
732,1421,17323,13934
729,1458,17200,13813
732,1430,17293,13907
730,1440,17244,13871
731,1442,17281,13883
731,1441,17298,13886
728,1447,17191,13764
735,1426,17399,13980
738,1439,17397,13960
729,1459,17215,13833
730,1431,17292,13903
727,1455,17158,13751
733,1426,17351,13953
731,1441,17274,13879
732,1436,17318,13895
734,1439,17315,13910
728,1460,17154,13784
731,1438,17297,13916
730,1446,17255,13872
732,1435,17319,13912
732,1439,17296,13888
727,1458,17145,13759
731,1428,17305,13907
730,1428,17254,13895
730,1455,17230,13830
734,1429,17370,13974
733,1452,17277,13830
733,1427,17370,13950
728,1410,17236,13855
733,1441,17295,13884
730,1433,17255,13893
731,1445,17263,13842
734,1439,17360,13923
729,1446,17201,13811
737,1442,17359,13935
729,1431,17241,13852
730,1448,17219,13840
737,1438,17383,13971
729,1454,17192,13819
730,1440,17272,13868
731,1437,17294,13901
730,1458,17244,13847
744,1438,17544,14102
742,1441,17490,14073
730,1443,17269,13874
731,1437,17290,13876
729,1445,17239,13824
735,1438,17427,14010
737,1465,17322,13875
729,1450,17228,13839
732,1422,17314,13926
732,1445,17257,13852
734,1436,17420,13999
730,1447,17265,13891
730,1447,17251,13840
730,1449,17243,13849
729,1452,17217,13853
732,1419,17311,13941
728,1455,17166,13768
731,1450,17289,13870
732,1431,17312,13918
730,1438,17220,13842
730,1435,17261,13880
728,1460,17185,13799
733,1433,17363,13957
731,1433,17276,13871
729,1443,17237,13829
730,1426,17304,13925
726,1450,17145,13742
732,1427,17324,13949
731,1437,17250,13864
731,1434,17311,13877
732,1442,17320,13905
727,1451,17158,13784
732,1431,17323,13920
732,1423,17304,13917
730,1426,17247,13871
731,1436,17276,13889
728,1454,17173,13789
735,1439,17368,13928
731,1448,17292,13886
730,1445,17256,13873
732,1443,17299,13870
726,1462,17136,13764
733,1430,17343,13960
728,1420,17271,13881
733,1447,17318,13877
733,1440,17343,13920
729,1453,17186,13783
732,1421,17300,13912
729,1449,17216,13831
731,1434,17285,13885
732,1437,17331,13902
729,1436,17216,13838
735,1431,17357,13939
728,1459,17188,13804
729,1448,17213,13833
732,1422,17315,13943
729,1446,17193,13800
733,1425,17359,13932
728,1459,17204,13803
735,1468,17303,13870
731,1436,17278,13908
729,1440,17213,13826
733,1423,17360,13964
729,1443,17229,13824
732,1446,17306,13903
732,1436,17320,13899
730,1436,17257,13856
740,1443,17461,14031
729,1462,17180,13794
731,1443,17251,13836
730,1429,17285,13872
730,1451,17221,13822
733,1443,17379,13989
728,1451,17166,13769
731,1432,17293,13897
730,1447,17246,13876
729,1445,17213,13835
733,1437,17333,13898
729,1451,17231,13844
732,1433,17314,13925
730,1443,17261,13872
728,1443,17219,13853
733,1416,17317,13924
731,1459,17259,13849
734,1442,17352,13913
731,1441,17314,13917
730,1454,17237,13857
731,1429,17285,13888
726,1450,17107,13755
732,1427,17336,13933
731,1438,17277,13878
730,1431,17246,13857
732,1439,17306,13914
726,1452,17125,13746
731,1433,17301,13915
732,1429,17288,13920
729,1438,17215,13855
731,1422,17292,13864
728,1456,17194,13806
732,1435,17313,13924
730,1438,17224,13849
731,1445,17271,13907
733,1434,17308,13887
728,1462,17188,13795
733,1426,17351,13920
735,1432,17311,13912
731,1437,17271,13861
731,1432,17283,13886
727,1455,17158,13766
728,1425,17292,13910
731,1445,17265,13860
730,1441,17248,13855
730,1445,17278,13873
728,1448,17187,13801
731,1430,17316,13938
740,1454,17387,13957
745,1457,17566,14140
735,1431,17399,13977
741,1457,17433,13996
746,1454,17597,14161
742,1449,17560,14119
734,1440,17330,13937
744,1447,17551,14091
736,1457,17330,13895
735,1426,17383,13948
730,1455,17243,13819
730,1447,17264,13879
730,1432,17263,13866
729,1449,17208,13838
733,1433,17370,13965
729,1451,17230,13824
730,1434,17262,13878
735,1439,17328,13906
729,1437,17200,13826
733,1422,17345,13972
728,1457,17180,13805
730,1443,17239,13876
731,1449,17286,13877
730,1443,17249,13841
732,1435,17293,13930
731,1464,17261,13792
731,1432,17275,13893
730,1448,17263,13871
730,1427,17245,13849
733,1440,17367,13951
728,1455,17220,13823
731,1437,17286,13915
730,1432,17246,13870
730,1447,17249,13864
733,1446,17327,13905
729,1460,17202,13780
731,1429,17285,13912
731,1440,17296,13898
731,1448,17259,13840
730,1429,17259,13884
727,1445,17144,13762
733,1432,17321,13939
731,1433,17300,13886
730,1429,17249,13868
731,1442,17286,13906
729,1454,17192,13793
735,1444,17347,13938
732,1444,17290,13880
730,1456,17243,13852
737,1438,17397,13950
729,1469,17203,13752
734,1439,17383,14009
736,1455,17330,13908
730,1435,17250,13862
730,1431,17279,13911
730,1457,17255,13858
733,1432,17355,13968
729,1456,17213,13810
731,1437,17272,13899
729,1444,17253,13853
729,1446,17208,13824
733,1443,17327,13929
729,1450,17224,13802
732,1439,17294,13918
731,1421,17271,13906
730,1445,17240,13850
732,1424,17323,13950
729,1444,17224,13832
731,1436,17288,13881
731,1448,17298,13900
730,1441,17270,13882
732,1419,17333,13939
728,1446,17173,13800
730,1440,17256,13881
731,1436,17299,13890
730,1460,17242,13830
733,1422,17358,13969
729,1453,17192,13791
731,1439,17262,13862
730,1438,17260,13879
729,1440,17228,13864
731,1424,17299,13932
729,1445,17205,13822
732,1434,17314,13932
730,1438,17254,13863
729,1447,17227,13838
731,1418,17244,13878
727,1458,17171,13772
733,1437,17371,13987
738,1463,17390,13947
730,1462,17213,13801
731,1431,17293,13914
727,1465,17169,13781
731,1441,17293,13905
731,1448,17274,13876
730,1448,17236,13836
739,1439,17430,13996
726,1461,17151,13741
733,1435,17344,13958
731,1423,17274,13887
729,1447,17221,13826
732,1435,17295,13898
727,1467,17172,13749
731,1431,17303,13920
731,1430,17259,13880
736,1454,17339,13905
733,1439,17292,13885
727,1445,17143,13763
731,1435,17300,13901
731,1430,17284,13880
732,1439,17314,13900
730,1435,17279,13887
729,1470,17168,13785
733,1430,17323,13955
729,1440,17252,13853
731,1438,17331,13920
734,1447,17321,13908
728,1460,17189,13787
731,1423,17287,13903
729,1439,17231,13871
729,1436,17237,13856
731,1438,17271,13893
728,1454,17208,13793
733,1432,17355,13958
735,1464,17288,13860
730,1435,17252,13860
732,1439,17262,13870
732,1443,17298,13923
736,1439,17402,13965
728,1439,17235,13835
731,1447,17295,13884
732,1440,17285,13904
729,1429,17223,13846
733,1436,17354,13985
729,1442,17234,13818
729,1444,17249,13833
732,1429,17318,13934
730,1454,17257,13848
733,1433,17352,13967
727,1448,17167,13788
730,1441,17246,13862
731,1433,17258,13867
730,1448,17247,13847
730,1432,17344,13958
728,1443,17179,13794
732,1427,17298,13907
730,1446,17258,13880
730,1455,17250,13823
731,1437,17294,13908
728,1448,17185,13782
734,1429,17366,13949
733,1456,17290,13875
730,1445,17229,13851
731,1422,17289,13924
727,1447,17171,13757
733,1435,17354,13938
732,1447,17274,13867
727,1445,17256,13855
731,1435,17279,13887
728,1465,17167,13793
732,1426,17349,13944
731,1434,17270,13895
732,1433,17330,13917
735,1456,17325,13893
727,1469,17143,13743
732,1429,17344,13944
732,1443,17295,13912
745,1449,17543,14093
741,1445,17513,14094
727,1464,17169,13757
737,1426,17439,13994
730,1436,17264,13885
730,1449,17242,13868
734,1435,17300,13897
729,1451,17217,13819
731,1440,17305,13910
729,1439,17209,13835
730,1435,17267,13860
733,1445,17294,13890
729,1442,17202,13827
731,1428,17289,13906
727,1443,17172,13812
731,1452,17271,13846
730,1434,17274,13873
729,1450,17212,13827
732,1426,17326,13951
731,1463,17205,13791
730,1439,17271,13865
732,1436,17292,13882
729,1442,17220,13807
733,1422,17368,13954
729,1455,17203,13814
732,1442,17297,13922
737,1452,17370,13939
732,1443,17270,13837
733,1435,17373,13974
728,1461,17178,13794
730,1442,17245,13844
733,1422,17325,13940
729,1439,17211,13820
732,1430,17349,13981
728,1450,17169,13791
730,1440,17276,13873
731,1445,17278,13901
728,1453,17221,13817
733,1427,17341,13951
733,1458,17252,13846
733,1424,17319,13916
731,1445,17271,13850
731,1446,17270,13874
732,1442,17344,13932
729,1452,17195,13821
731,1428,17294,13905
731,1438,17279,13895
730,1447,17277,13868
731,1432,17312,13912
728,1446,17183,13799
732,1433,17342,13957
731,1444,17294,13904
729,1441,17223,13852
731,1442,17275,13881
729,1434,17197,13811
732,1430,17352,13950
732,1436,17310,13924
729,1449,17213,13834
732,1427,17331,13944
739,1470,17395,13963
744,1447,17554,14090
737,1445,17361,13939
731,1448,17275,13867
732,1425,17320,13913
728,1459,17154,13742
734,1444,17347,13958
732,1432,17312,13924
738,1432,17389,13936
731,1437,17302,13896
728,1457,17184,13784
737,1432,17421,13983
729,1439,17226,13835
730,1434,17256,13885
732,1438,17299,13904
737,1474,17338,13888
731,1423,17319,13935
729,1452,17199,13814
729,1448,17246,13873
730,1445,17261,13883
729,1451,17215,13846
732,1416,17346,13950
728,1444,17211,13817
732,1437,17326,13919
732,1447,17327,13887
730,1449,17230,13845
732,1429,17327,13953
728,1456,17191,13795
730,1453,17246,13847
731,1435,17306,13894
728,1449,17187,13801
734,1433,17382,13982
728,1444,17184,13799
730,1447,17233,13850
730,1436,17244,13886
729,1442,17219,13848
733,1422,17380,13957
728,1451,17189,13785
731,1454,17251,13853
730,1440,17263,13875
729,1437,17208,13815
734,1437,17388,13987
728,1435,17189,13759
732,1430,17333,13912
731,1432,17289,13874
730,1455,17215,13830
730,1444,17262,13893
728,1453,17192,13804
732,1426,17329,13933
730,1439,17276,13870
731,1444,17246,13818
733,1432,17344,13960
738,1476,17359,13922
735,1436,17346,13943
731,1457,17251,13850
730,1434,17237,13856
730,1455,17286,13867
728,1459,17169,13782
731,1423,17304,13921
731,1427,17316,13938
730,1442,17245,13885
732,1436,17295,13898
727,1450,17152,13762
734,1436,17375,13936
731,1455,17295,13885
730,1448,17262,13859
733,1440,17295,13887
727,1444,17133,13763
734,1425,17386,13968
744,1449,17590,14123
741,1447,17441,14018
743,1436,17526,14091
739,1461,17401,13968
745,1456,17587,14150
740,1438,17460,14056
732,1440,17286,13910
733,1432,17337,13911
729,1453,17200,13788
733,1441,17345,13968
729,1447,17213,13817
731,1446,17246,13860
731,1434,17285,13903
729,1436,17237,13831
733,1434,17395,13974
730,1463,17222,13806
730,1435,17254,13891
730,1429,17280,13885
728,1447,17193,13836
733,1425,17366,13969
730,1441,17266,13871
729,1440,17223,13850
733,1429,17317,13923
729,1451,17236,13835
732,1419,17329,13957
729,1453,17213,13817
729,1446,17204,13813
731,1444,17296,13891
729,1447,17231,13825
732,1431,17308,13927
729,1453,17198,13813
731,1444,17263,13862
731,1450,17280,13881
730,1446,17250,13850
732,1424,17325,13926
730,1453,17245,13829
731,1419,17302,13926
731,1436,17272,13899
730,1464,17205,13816
732,1429,17321,13918
727,1444,17181,13764
733,1436,17324,13928
731,1436,17276,13887
730,1443,17238,13854
730,1424,17293,13917
735,1476,17293,13864
735,1444,17332,13914
730,1426,17295,13875
730,1442,17252,13865
734,1427,17369,13960
728,1455,17146,13739
732,1430,17317,13954
731,1426,17281,13896
730,1433,17261,13867
732,1441,17315,13896
729,1461,17217,13792
736,1448,17369,13946
730,1430,17249,13876
732,1430,17305,13915
742,1445,17520,14053
734,1462,17257,13810
731,1395,17322,13926
729,1442,17246,13862
734,1436,17289,13867
731,1447,17285,13883
728,1451,17159,13780
732,1423,17324,13941
729,1441,17257,13849
730,1443,17252,13871
731,1436,17302,13905
731,1448,17230,13824
733,1439,17316,13924
733,1467,17288,13831
730,1447,17254,13860
730,1436,17276,13883
729,1444,17233,13813
734,1436,17355,13941
729,1460,17197,13805
729,1443,17234,13848
733,1450,17312,13901
729,1435,17254,13817
736,1439,17374,13950
728,1452,17211,13815
730,1434,17232,13841
731,1424,17267,13888
730,1453,17202,13817
734,1437,17363,13994
738,1463,17364,13922
731,1449,17247,13845
732,1428,17262,13866
729,1438,17213,13837
732,1433,17319,13934
728,1457,17179,13784
732,1436,17311,13905
730,1446,17271,13847
732,1470,17299,13890
731,1441,17304,13899
728,1434,17175,13805
731,1421,17280,13909
734,1426,17381,13988
728,1451,17228,13825
732,1439,17305,13927
727,1447,17148,13768
733,1427,17334,13955
730,1445,17238,13842
731,1438,17276,13879
734,1442,17296,13877
728,1456,17175,13758
731,1438,17303,13903
730,1411,17276,13905
731,1442,17252,13864
732,1443,17288,13903
732,1463,17218,13789
732,1425,17333,13944
732,1450,17313,13881
732,1443,17311,13904
731,1434,17279,13894
728,1445,17144,13753
727,1425,17230,13909
731,1441,17308,13901
731,1452,17259,13835
731,1433,17280,13881
731,1466,17224,13789
732,1429,17340,13960
728,1452,17196,13816
730,1433,17244,13851
733,1432,17336,13962
732,1495,17255,13830
732,1431,17332,13951
736,1457,17298,13861
730,1425,17234,13859
731,1423,17283,13909
728,1450,17189,13796
734,1433,17409,14016
729,1448,17211,13802
729,1449,17250,13818
736,1444,17343,13923
729,1450,17204,13810
734,1432,17341,13943
729,1451,17240,13843
731,1448,17291,13854
729,1437,17252,13868
729,1443,17204,13796
732,1421,17342,13966
733,1461,17254,13824
731,1443,17267,13881
730,1445,17252,13852
730,1439,17238,13839
732,1422,17347,13958
729,1451,17180,13770
730,1452,17253,13860
730,1435,17251,13877
731,1444,17263,13870
733,1434,17337,13916
729,1459,17206,13796
732,1443,17350,13929
731,1426,17268,13904
731,1435,17243,13845
731,1430,17294,13907
727,1457,17164,13756
735,1431,17392,13987
730,1431,17252,13847
730,1445,17261,13877
730,1450,17254,13872
727,1440,17168,13812
731,1431,17284,13907
733,1422,17313,13923
729,1452,17254,13827
731,1439,17292,13904
727,1446,17153,13773
734,1429,17370,13991
730,1430,17230,13843
731,1439,17294,13902
732,1435,17320,13909
733,1469,17238,13792
728,1420,17305,13911
734,1448,17326,13911
729,1448,17198,13839
730,1445,17260,13874
727,1453,17183,13776
732,1426,17316,13917
735,1455,17337,13901
730,1453,17264,13864
730,1427,17282,13882
729,1442,17190,13817
733,1438,17332,13919
729,1451,17205,13814
731,1442,17291,13883
732,1421,17294,13914
730,1447,17215,13830
732,1425,17345,13973
728,1454,17180,13801
731,1438,17284,13888
741,1439,17468,14024
737,1459,17352,13889
740,1448,17466,13995
729,1456,17178,13781
729,1444,17227,13824
732,1448,17253,13865
731,1450,17239,13851
734,1442,17384,13938
729,1457,17213,13826
732,1452,17268,13841
731,1434,17280,13882
727,1437,17177,13802
731,1424,17320,13946
730,1457,17195,13794
731,1433,17266,13845
731,1443,17263,13887
729,1455,17203,13821
734,1429,17342,13920
728,1450,17153,13781
730,1444,17279,13878
730,1430,17267,13877
730,1449,17242,13838
733,1419,17352,13945
728,1457,17178,13797
732,1428,17306,13932
729,1447,17249,13863
731,1441,17282,13887
732,1427,17329,13924
727,1439,17156,13767
732,1434,17320,13928
731,1445,17239,13851
728,1447,17180,13803
732,1417,17300,13912
733,1470,17250,13826
731,1435,17311,13915
730,1439,17274,13889
730,1446,17248,13826
732,1442,17297,13906
727,1447,17132,13760
732,1437,17333,13935
731,1441,17265,13861
731,1429,17278,13890
731,1433,17294,13904
727,1466,17153,13755
731,1430,17271,13894
730,1437,17243,13860
730,1439,17254,13838
732,1429,17322,13910
729,1455,17185,13766
732,1425,17333,13955
729,1427,17224,13833
732,1430,17312,13936
734,1445,17300,13883
728,1458,17191,13807
732,1414,17336,13932
729,1445,17190,13776
730,1441,17247,13867
729,1443,17244,13869
728,1441,17171,13858
734,1418,17356,13942
730,1447,17237,13824
734,1451,17311,13862
733,1441,17323,13897
730,1446,17216,13823
732,1418,17324,13944
730,1456,17237,13843
737,1466,17374,13921
731,1442,17287,13887
729,1449,17207,13816
733,1438,17398,14001
729,1450,17186,13778
730,1445,17229,13844
730,1435,17250,13872
729,1448,17214,13824
735,1425,17425,13999
727,1455,17170,13783
731,1434,17271,13892
732,1440,17265,13856
729,1452,17216,13845
732,1430,17332,13931
729,1454,17200,13798
732,1439,17301,13890
731,1434,17303,13881
730,1452,17244,13853
730,1436,17264,13900
728,1442,17171,13819
732,1425,17324,13925
728,1450,17239,13835
729,1443,17218,13836
731,1440,17290,13894
727,1446,17158,13780
732,1439,17283,13873
730,1440,17252,13870
731,1434,17274,13872
730,1432,17284,13895
727,1446,17150,13738
732,1429,17332,13932
736,1450,17337,13909
731,1430,17245,13875
731,1445,17270,13867
726,1441,17140,13741
730,1423,17358,13929
732,1446,17308,13876
728,1450,17209,13823
731,1420,17257,13872
729,1456,17171,13781
739,1443,17444,13984
732,1445,17290,13871
729,1437,17229,13831
733,1429,17327,13933
737,1458,17343,13917
732,1428,17323,13938
728,1441,17188,13797
730,1435,17232,13856
732,1433,17341,13917
737,1468,17345,13867
737,1442,17377,13959
729,1446,17201,13800
730,1454,17229,13840
731,1421,17270,13876
736,1468,17331,13901
733,1435,17360,13952
730,1443,17241,13816
729,1434,17221,13831
730,1450,17257,13893
730,1449,17237,13847
733,1422,17358,13952
729,1458,17204,13784
729,1438,17249,13865
732,1454,17299,13893
729,1447,17212,13839
734,1424,17350,13942
726,1448,17157,13782
730,1440,17241,13846
733,1438,17302,13877
731,1438,17288,13908
735,1415,17347,13938
728,1443,17188,13806
730,1445,17227,13862
730,1449,17265,13860
729,1440,17214,13796
733,1431,17362,13966
727,1465,17206,13782
732,1438,17298,13914
730,1435,17237,13852
731,1444,17249,13874
737,1446,17407,13963
728,1455,17183,13759
732,1428,17333,13942
735,1458,17333,13888
729,1447,17228,13839
730,1445,17264,13883
728,1454,17181,13810
732,1424,17303,13921
731,1436,17285,13860
731,1435,17288,13892
731,1437,17302,13899
726,1447,17135,13749
731,1399,17298,13913
744,1447,17533,14089
743,1442,17556,14114
732,1436,17335,13933
730,1468,17199,13752
731,1425,17305,13907
736,1444,17353,13930
730,1457,17226,13840
732,1432,17296,13874
728,1450,17167,13748
731,1437,17286,13890
732,1454,17268,13850
730,1448,17236,13822
734,1453,17297,13885
728,1462,17158,13765
732,1431,17307,13930
739,1456,17434,13966
737,1459,17345,13909
729,1432,17235,13856
726,1444,17163,13796
732,1435,17324,13941
732,1462,17254,13815
731,1448,17264,13884
736,1439,17357,13914
730,1448,17240,13830
733,1428,17343,13968
727,1446,17169,13787
730,1443,17226,13842
725,1447,17228,13851
730,1446,17261,13850
734,1438,17370,13997
728,1461,17184,13794
730,1420,17245,13879
730,1435,17262,13869
728,1457,17200,13819
732,1428,17313,13940
729,1439,17242,13835
731,1442,17252,13852
730,1427,17251,13875
730,1440,17251,13881
732,1423,17318,13941
727,1437,17188,13810
730,1443,17272,13875
731,1451,17292,13876
730,1448,17262,13833
732,1417,17301,13922
727,1443,17154,13775
731,1423,17295,13915
729,1450,17248,13840
730,1440,17226,13849
731,1435,17277,13881
728,1448,17185,13786
732,1436,17321,13932
726,1424,17214,13878
728,1444,17206,13822
732,1439,17287,13902
728,1458,17172,13758
732,1430,17342,13959
731,1444,17250,13860
733,1433,17313,13919
739,1468,17431,13983
729,1462,17168,13744
731,1428,17315,13916
732,1442,17313,13922
729,1450,17246,13842
738,1454,17384,13952
728,1464,17155,13766
734,1444,17316,13907
730,1427,17287,13889
733,1458,17305,13865
732,1438,17304,13912
730,1455,17216,13808
733,1429,17343,13967
728,1445,17204,13816
729,1432,17251,13874
730,1448,17266,13897
728,1466,17188,13774
733,1430,17342,13958
728,1433,17211,13805
730,1443,17252,13869
730,1443,17212,13822
729,1447,17214,13813
734,1429,17392,13984
729,1446,17224,13818
730,1450,17264,13832
732,1436,17319,13928
736,1464,17322,13890
734,1418,17359,13956
728,1452,17210,13809
731,1436,17326,13921
730,1437,17268,13881
730,1450,17220,13834
733,1424,17372,13976
734,1454,17273,13840
730,1433,17249,13856
730,1428,17247,13876
730,1445,17248,13822
732,1431,17352,13964
729,1445,17205,13828
730,1441,17247,13874
730,1435,17227,13861
729,1446,17236,13824
732,1434,17330,13926
730,1457,17252,13823
732,1426,17318,13906
730,1440,17231,13843
729,1454,17236,13854
733,1449,17299,13893
729,1447,17223,13841
732,1436,17327,13917
729,1446,17250,13863
730,1445,17237,13827
731,1431,17303,13925
727,1447,17144,13777
734,1442,17314,13903
729,1442,17237,13852
730,1440,17254,13854
731,1436,17279,13895
728,1456,17154,13762
734,1444,17310,13894
731,1427,17267,13895
732,1451,17259,13833
732,1432,17282,13875
728,1460,17192,13789
732,1438,17326,13902
731,1439,17266,13866
729,1452,17228,13851
731,1424,17274,13911
737,1449,17421,13946
739,1447,17466,14019
730,1443,17258,13852
731,1428,17276,13876
731,1430,17284,13903
729,1442,17219,13838
732,1433,17314,13930
727,1436,17192,13831
732,1429,17296,13898
731,1439,17293,13884
729,1455,17225,13829
733,1431,17330,13921
728,1448,17164,13800
730,1449,17249,13855
729,1412,17256,13870
730,1447,17259,13864
733,1435,17385,13986
727,1436,17168,13783
730,1440,17264,13876
736,1447,17334,13916
730,1447,17253,13851
733,1418,17385,13973
729,1439,17194,13802
731,1446,17275,13886
730,1441,17253,13871
730,1443,17218,13835
733,1428,17345,13978
731,1447,17206,13808
730,1447,17251,13851
730,1447,17239,13844
729,1435,17211,13810
732,1418,17338,13960
729,1453,17195,13824
732,1443,17324,13922
732,1437,17266,13872
730,1448,17234,13818
734,1427,17392,13977
733,1469,17249,13814
732,1440,17291,13900
730,1428,17259,13884
729,1458,17230,13814
732,1432,17329,13921
727,1448,17176,13792
733,1432,17337,13943
743,1442,17526,14096
744,1447,17567,14131
732,1436,17319,13929
733,1474,17240,13812
732,1439,17331,13920
731,1425,17270,13882
731,1430,17279,13896
739,1451,17399,13968
727,1458,17136,13743
737,1426,17412,13954
731,1437,17281,13894
731,1449,17294,13874
732,1450,17314,13889
726,1456,17128,13741
732,1420,17307,13926
730,1436,17258,13878
732,1433,17324,13913
733,1445,17321,13904
724,1448,17138,13763
732,1427,17334,13928
730,1443,17252,13873
729,1460,17231,13848
731,1434,17278,13876
731,1457,17250,13862
732,1431,17337,13933
730,1453,17254,13841
730,1443,17260,13867
730,1446,17248,13856
728,1442,17176,13791
733,1441,17361,13958
729,1439,17234,13841
730,1445,17271,13852
731,1438,17290,13851
732,1448,17297,13905
737,1431,17385,13973
728,1458,17172,13787
730,1440,17258,13873
733,1435,17315,13897
729,1439,17221,13817
733,1437,17371,13980
729,1456,17205,13819
731,1435,17241,13840
731,1439,17277,13890
732,1461,17248,13837
735,1433,17417,14007
740,1462,17422,13975
740,1445,17424,13977
733,1448,17285,13866
731,1454,17236,13839
732,1430,17308,13925
728,1453,17202,13788
731,1436,17304,13907
732,1437,17300,13874
730,1454,17233,13821
731,1417,17294,13927
729,1460,17187,13807
732,1427,17336,13940
731,1443,17301,13890
729,1453,17193,13794
731,1426,17321,13932
738,1462,17371,13937
740,1446,17447,14025
745,1449,17594,14153
731,1438,17270,13882
738,1435,17413,13978
729,1460,17193,13754
731,1443,17316,13985
733,1444,17280,13881
730,1439,17247,13882
731,1418,17303,13911
727,1451,17158,13770
733,1432,17352,13951
732,1432,17302,13889
731,1442,17234,13851
730,1432,17276,13889
728,1477,17153,13736
731,1426,17335,13939
731,1433,17293,13901
732,1427,17292,13893
731,1444,17293,13892
728,1444,17208,13824
732,1423,17319,13953
730,1444,17217,13850
730,1444,17256,13891
734,1428,17370,13951
728,1457,17190,13781
734,1434,17374,13983
734,1467,17289,13862
730,1451,17241,13848
731,1449,17269,13873
729,1455,17213,13815
734,1423,17365,13955
729,1439,17247,13836
730,1449,17247,13857
730,1444,17258,13876
730,1429,17223,13843
733,1433,17348,13957
730,1448,17258,13823
727,1428,17197,13874
732,1438,17291,13875
730,1436,17257,13873
732,1422,17342,13945
728,1451,17196,13821
731,1442,17271,13895
741,1449,17466,14013
734,1443,17285,13843
732,1423,17325,13931
730,1449,17238,13857
737,1448,17356,13933
729,1429,17256,13854
729,1453,17214,13822
733,1423,17356,13957
728,1454,17211,13813
733,1436,17307,13905
731,1425,17259,13876
731,1450,17266,13888
733,1442,17357,13939
734,1471,17287,13832
732,1434,17303,13913
731,1436,17289,13879
729,1439,17203,13821
731,1443,17267,13891
728,1451,17165,13785
731,1434,17287,13908
733,1447,17325,13886
730,1443,17251,13869
731,1434,17278,13867
727,1448,17148,13770
733,1435,17310,13935
731,1433,17295,13892
729,1443,17236,13830
732,1426,17333,13932
727,1453,17160,13751
733,1434,17339,13946
731,1447,17262,13870
732,1440,17299,13919
745,1460,17630,14189
730,1408,17273,13844
737,1446,17393,13961
729,1450,17234,13839
730,1439,17275,13880
730,1425,17259,13881
728,1435,17152,13765
735,1433,17388,14010
737,1458,17362,13902
731,1441,17269,13866
735,1443,17358,13931
728,1455,17186,13819
739,1439,17412,13992
728,1442,17199,13797
730,1426,17253,13858
735,1444,17318,13900
730,1460,17252,13823
732,1425,17311,13921
729,1445,17200,13821
731,1444,17239,13842
732,1450,17316,13891
731,1452,17272,13879
733,1427,17365,13967
729,1446,17202,13794
731,1446,17301,13846
730,1435,17279,13886
736,1465,17301,13873
734,1435,17370,13981
733,1463,17302,13836
730,1449,17258,13865
730,1430,17250,13886
729,1447,17212,13829
732,1430,17306,13949
729,1455,17196,13786
735,1451,17359,13911
730,1443,17269,13864
730,1454,17260,13853
731,1428,17295,13901
729,1442,17182,13777
732,1429,17334,13945
736,1450,17358,13915
731,1441,17259,13850
732,1445,17299,13912
727,1456,17171,13779
731,1433,17307,13931
730,1425,17251,13883
730,1438,17248,13864
731,1440,17282,13894
728,1462,17201,13789
732,1428,17322,13946
731,1423,17283,13900
732,1441,17289,13909
731,1417,17281,13909
727,1465,17156,13762
730,1424,17298,13907
730,1434,17275,13873
732,1442,17326,13899
732,1444,17308,13918
729,1470,17204,13823
731,1419,17285,13892
732,1431,17338,13930
739,1447,17444,13979
731,1450,17266,13884
731,1446,17215,13805
733,1428,17327,13962
729,1453,17206,13810
732,1439,17288,13916
733,1431,17306,13899
730,1441,17257,13856
731,1433,17318,13904
734,1457,17290,13858
729,1453,17231,13845
732,1436,17299,13922
730,1443,17228,13821
734,1428,17370,13974
729,1439,17232,13833
731,1426,17318,13929
732,1434,17295,13876
729,1446,17215,13836
733,1436,17367,13980
731,1442,17270,13850
732,1427,17318,13906
730,1444,17240,13863
729,1442,17236,13835
732,1429,17340,13937
727,1445,17161,13788
731,1429,17277,13914
731,1447,17273,13899
730,1454,17251,13818
732,1426,17340,13950
730,1444,17183,13783
731,1439,17282,13889
730,1434,17231,13863
730,1444,17241,13850
731,1443,17290,13894
728,1442,17195,13787
733,1431,17359,13939
731,1450,17266,13862
730,1443,17251,13869
731,1434,17303,13919
728,1450,17189,13771
733,1431,17384,13985
731,1433,17263,13849
731,1457,17239,13817
732,1432,17291,13905
726,1457,17129,13742
732,1427,17317,13943
730,1445,17278,13877
730,1447,17258,13871
732,1439,17308,13906
727,1455,17148,13740
732,1432,17342,13964
731,1443,17249,13878
730,1440,17271,13877
731,1426,17301,13877
728,1450,17209,13797
733,1433,17364,13943
730,1432,17251,13871
731,1426,17270,13873
730,1444,17276,13883
729,1451,17213,13809
733,1438,17344,13910
731,1436,17275,13900
731,1436,17275,13881
731,1430,17278,13895
728,1459,17161,13782
738,1431,17392,14001
728,1441,17183,13811
733,1447,17302,13856
732,1435,17343,13968
738,1465,17357,13923
734,1430,17346,13938
729,1449,17203,13804
731,1444,17265,13857
732,1436,17327,13917
732,1445,17266,13847
732,1422,17355,13930
729,1449,17216,13824
728,1451,17217,13833
731,1426,17282,13924
733,1461,17274,13838
734,1422,17392,13953
730,1449,17251,13853
730,1444,17236,13843
731,1442,17294,13922
729,1455,17195,13813
735,1445,17410,14027
730,1457,17229,13818
732,1444,17329,13915
731,1437,17267,13858
730,1449,17266,13879
733,1436,17335,13922
729,1446,17209,13849
733,1438,17315,13904
732,1426,17303,13909
729,1444,17255,13850
735,1435,17428,14005
732,1452,17247,13827
731,1425,17297,13920
730,1432,17230,13875
730,1444,17253,13872
737,1439,17458,13959
730,1451,17243,13860
734,1431,17375,13973
731,1425,17271,13884
728,1455,17203,13809
732,1428,17292,13928
728,1452,17156,13755
735,1446,17454,14044
732,1447,17331,13917
731,1447,17273,13861
740,1422,17571,14001
736,1453,17415,13853
744,1441,17669,14033
735,1448,17348,13904
744,1439,17701,14068
743,1430,17519,14056
734,1468,17226,13794
731,1435,17290,13907
731,1432,17314,13902
738,1440,17495,13955
742,1443,17587,13947
735,1455,17307,13873
743,1429,17651,14026
730,1443,17253,13864
736,1429,17438,13960
731,1451,17241,13853
752,1457,17745,14105
759,1447,18020,14289
744,1430,17670,14053
738,1435,17433,14026
742,1427,17606,14027
732,1447,17257,13886
744,1433,17687,14054
740,1443,17549,13940
741,1430,17613,14014
741,1441,17619,13995
731,1441,17278,13910
736,1437,17378,13957
737,1439,17486,13926
741,1443,17581,13967
742,1428,17641,14018
740,1432,17569,14003
735,1432,17397,13993
729,1442,17195,13807
735,1446,17388,13900
731,1438,17270,13891
731,1445,17273,13899
743,1434,17661,14070
736,1440,17419,13888
742,1434,17614,14027
738,1454,17493,13915
737,1435,17465,13953
743,1424,17596,14029
737,1439,17458,13934
740,1437,17560,13990
738,1435,17515,13961
737,1452,17449,13935
737,1425,17500,13994
735,1447,17390,13866
738,1427,17519,14003
740,1436,17570,14001
739,1428,17508,13966
738,1426,17507,13981
739,1449,17443,13877
738,1429,17517,14001
737,1431,17491,13994
735,1430,17383,13929
737,1426,17498,13963
730,1451,17247,13795
736,1431,17447,13967
742,1432,17577,14028
735,1432,17402,13961
741,1442,17607,14014
728,1460,17172,13768
739,1455,17446,14003
748,1432,17731,14098
732,1444,17303,13913
733,1436,17342,13966
735,1459,17280,13847
733,1429,17351,13940
731,1445,17288,13880
731,1449,17305,13911
731,1435,17308,13912
731,1449,17221,13827
735,1426,17388,13977
732,1448,17272,13858
732,1433,17314,13927
743,1431,17695,14064
728,1445,17209,13816
743,1435,17668,14095
732,1443,17272,13871
740,1431,17557,14000
734,1464,17360,13977
731,1437,17251,13861
743,1422,17688,14064
731,1452,17295,13855
733,1445,17323,13944
733,1424,17322,13936
742,1430,17614,14020
744,1446,17661,14015
731,1442,17271,13854
736,1424,17546,13993
738,1427,17530,14005
733,1451,17320,13921
745,1442,17704,14111
741,1426,17585,14029
743,1434,17598,14008
741,1433,17573,14011
737,1445,17505,13963
744,1425,17692,14097
739,1427,17537,13968
746,1443,17688,14069
749,1445,17729,14098
742,1437,17613,14018
742,1427,17663,14080
732,1442,17328,13908
738,1424,17417,14007
744,1441,17645,14033
742,1430,17638,14068
744,1451,17709,14110
741,1437,17565,13979
744,1447,17693,14107
744,1444,17707,14113
743,1426,17641,14064
736,1439,17417,14024
742,1442,17605,14018
751,1438,17798,14169
745,1431,17694,14077
743,1429,17663,14087
744,1438,17709,14143
741,1430,17558,13994
744,1445,17686,14121
744,1449,17726,14132
745,1445,17715,14135
747,1455,17798,14188
748,1455,17690,14052
746,1456,17741,14167
744,1448,17711,14165
747,1448,17640,14182
752,1485,17804,14325
751,1485,17750,14301
747,1449,17673,14182
746,1459,17760,14185
746,1461,17748,14206
743,1442,17541,14078
746,1450,17747,14141
752,1465,17955,14306
743,1464,17604,14151
746,1474,17763,14243
746,1467,17651,14229
740,1448,17523,14125
753,1476,17950,14320
742,1469,17596,14167
742,1470,17609,14184
744,1470,17683,14236
746,1486,17704,14251
747,1493,17746,14311
746,1486,17669,14252
754,1483,17997,14363
757,1474,18013,14314
751,1485,17868,14329
759,1497,18111,14434
756,1485,18068,14395
758,1498,18096,14447
759,1474,18048,14380
759,1505,18116,14476
760,1490,18135,14495
755,1496,18057,14379
755,1507,17970,14481
754,1506,17962,14443
761,1503,18202,14522
761,1498,18229,14568
765,1491,18247,14499
764,1503,18319,14603
766,1503,18348,14611
767,1520,18346,14592
765,1502,18336,14624
763,1494,18202,14503
766,1512,18342,14654
767,1505,18357,14610
777,1527,18517,14713
777,1524,18543,14794
778,1527,18597,14808
766,1516,18356,14642
764,1499,18287,14569
765,1509,18285,14600
770,1514,18379,14650
766,1515,18319,14577
757,1508,18058,14584
759,1503,18038,14543
765,1511,18341,14622
766,1515,18304,14628
766,1504,18296,14573
769,1516,18429,14685
756,1510,18044,14547
758,1501,18095,14577
767,1516,18355,14647
765,1510,18289,14614
768,1513,18420,14717
767,1521,18420,14671
777,1525,18573,14763
769,1508,18413,14680
768,1518,18377,14648
769,1506,18437,14707
765,1512,18330,14634
767,1515,18376,14672
766,1520,18333,14646
768,1516,18411,14665
771,1503,18456,14708
766,1505,18334,14622
763,1512,18275,14669
765,1519,18299,14678
757,1510,18055,14560
758,1513,18082,14596
767,1509,18317,14573
767,1520,18399,14679
765,1511,18317,14712
758,1508,18041,14574
760,1513,18144,14676
757,1515,18042,14553
766,1513,18365,14633
765,1512,18373,14669
766,1509,18307,14563
769,1511,18468,14780
766,1514,18283,14583
762,1514,18202,14613
760,1511,18184,14591
764,1497,18330,14577
757,1506,18014,14527
758,1518,18179,14518
765,1514,18286,14575
760,1513,17989,14529
751,1499,17873,14412
753,1508,17940,14482
760,1492,18146,14484
757,1498,18001,14485
757,1500,18083,14488
758,1507,18126,14515
758,1504,18001,14480
749,1488,17785,14329
749,1492,17826,14359
759,1478,18114,14425
760,1498,18114,14416
770,1496,18308,14561
762,1510,18139,14594
762,1497,18195,14547
753,1480,17920,14398
756,1493,17909,14403
757,1486,17970,14413
744,1454,17604,14174
747,1493,17755,14333
755,1476,17947,14309
753,1464,17927,14261
751,1475,17909,14313
742,1456,17578,14132
754,1470,17967,14280
743,1481,17636,14219
742,1467,17594,14177
751,1459,17879,14261
741,1454,17572,14116
744,1477,17674,14228
750,1447,17763,14100
740,1455,17559,14129
740,1457,17530,14124
737,1442,17436,14056
742,1463,17593,14171
739,1442,17514,14051
743,1450,17619,14149
744,1431,17589,14111
737,1431,17422,14020
739,1455,17528,14118
744,1447,17670,14094
745,1424,17705,14086
740,1452,17556,14110
739,1433,17475,14016
738,1466,17518,14113
734,1429,17370,13968
742,1439,17481,14048
735,1434,17362,13994
743,1443,17661,14072
749,1457,17877,14232
734,1433,17332,13952
741,1467,17554,13936
733,1436,17362,13971
743,1451,17567,13941
735,1440,17426,14039
731,1435,17293,13924
734,1428,17387,13966
738,1429,17395,13970
740,1437,17554,13997
741,1442,17617,14018
733,1467,17222,13850
744,1451,17593,13936
737,1426,17499,13975
742,1465,17583,13912
748,1500,17711,14046
738,1465,17435,13827
740,1450,17542,13942
745,1465,17560,13906
743,1466,17536,13888
741,1464,17516,13868
738,1468,17416,13802
742,1449,17550,13894
741,1457,17537,13920
739,1466,17497,13909
746,1467,17608,13965
737,1469,17401,13794
733,1444,17367,13942
736,1448,17366,13942
740,1457,17494,13876
734,1415,17368,13938
737,1466,17437,13837
743,1454,17616,13971
733,1441,17319,13905
733,1423,17358,13963
743,1452,17579,13928
739,1465,17463,13848
742,1454,17571,13959
739,1441,17496,13912
742,1450,17584,13951
733,1429,17361,13947
730,1466,17223,13834
733,1431,17346,13940
729,1443,17202,13842
730,1439,17240,13861
730,1435,17279,13911
728,1444,17185,13812
734,1415,17383,13978
732,1445,17264,13859
731,1453,17259,13865
730,1448,17267,13873
729,1444,17208,13831
733,1424,17363,13971
730,1453,17245,13841
745,1458,17675,13975
743,1420,17661,14025
730,1449,17213,13817
741,1445,17617,14079
735,1462,17390,13873
740,1446,17508,13909
742,1445,17609,13975
745,1449,17593,13969
743,1435,17680,14064
743,1469,17552,13913
740,1443,17547,13975
737,1435,17453,13947
733,1439,17311,13846
742,1437,17689,14072
749,1455,17685,14053
755,1442,17883,14222
754,1444,17866,14224
738,1451,17445,14048
732,1434,17310,13895
729,1455,17194,13807
745,1437,17672,14032
732,1429,17316,13894
729,1441,17230,13840
739,1445,17532,13955
729,1448,17159,13764
742,1451,17583,13928
742,1460,17587,13928
740,1465,17529,13941
732,1440,17305,13916
738,1474,17446,13858
741,1427,17601,14035
740,1442,17557,13974
739,1475,17477,13878
744,1427,17628,14005
738,1460,17424,13822
743,1417,17627,14030
735,1432,17447,13942
740,1443,17550,13961
730,1437,17269,13856
729,1441,17196,13785
732,1439,17335,13915
730,1451,17268,13854
731,1434,17257,13877
730,1427,17261,13881
728,1448,17184,13798
732,1437,17329,13930
730,1439,17250,13855
731,1436,17258,13901
731,1434,17290,13896
727,1448,17168,13792
733,1429,17339,13960
728,1443,17171,13807
729,1446,17226,13839
733,1418,17347,13926
730,1449,17262,13876
734,1432,17366,13971
729,1449,17185,13809
728,1440,17198,13815
731,1437,17304,13911
729,1458,17194,13806
734,1438,17414,14011
738,1467,17370,13906
730,1443,17237,13843
733,1454,17299,13882
729,1446,17212,13835
735,1423,17366,13946
732,1438,17310,13851
730,1439,17268,13896
730,1448,17265,13880
729,1462,17209,13826
732,1420,17307,13933
728,1461,17145,13745
731,1439,17283,13894
745,1444,17595,14138
737,1447,17449,14059
731,1411,17280,13906
728,1458,17172,13765
731,1442,17275,13897
731,1435,17268,13872
729,1463,17223,13820
732,1423,17364,13954
740,1477,17435,13972
742,1446,17483,14048
740,1430,17462,14058
731,1439,17255,13874
737,1436,17411,13965
727,1458,17162,13758
732,1436,17294,13907
732,1442,17306,13897
731,1411,17272,13893
730,1431,17266,13889
730,1464,17161,13761
732,1430,17322,13945
732,1432,17332,13908
729,1450,17236,13828
730,1447,17231,13848
736,1458,17413,13850
742,1427,17629,14047
742,1428,17633,14024
742,1449,17592,13964
730,1439,17272,13867
729,1450,17210,13797
742,1433,17634,14021
740,1449,17531,13929
729,1448,17230,13853
741,1451,17590,13952
729,1446,17211,13806
743,1439,17646,14031
739,1482,17473,13857
730,1444,17253,13871
742,1449,17595,14006
728,1440,17176,13815
742,1443,17633,14069
744,1466,17585,13940
741,1453,17553,13959
743,1459,17507,14071
736,1455,17322,13890
733,1423,17319,13933
728,1439,17211,13821
735,1466,17305,13874
732,1435,17314,13886
730,1448,17240,13832
734,1438,17376,13993
728,1459,17186,13816
733,1434,17267,13869
731,1426,17285,13893
732,1452,17291,13854
732,1426,17341,13955
