2703,10000
728,1453,17164,13802
728,1453,17188,13798
729,1447,17209,13803
730,1442,17248,13844
726,1449,17145,13768
729,1443,17234,13852
727,1454,17173,13797
726,1457,17148,13755
729,1427,17241,13870
726,1464,17144,13737
729,1438,17274,13876
728,1449,17166,13801
728,1443,17207,13832
732,1428,17242,13851
727,1458,17173,13769
730,1443,17277,13861
729,1450,17233,13849
728,1445,17184,13790
729,1435,17239,13868
725,1461,17103,13727
730,1440,17258,13889
731,1454,17242,13828
727,1454,17168,13768
730,1445,17273,13874
728,1453,17119,13702
730,1430,17266,13889
731,1437,17224,13836
729,1446,17212,13792
729,1436,17240,13844
725,1453,17108,13727
730,1439,17273,13868
729,1433,17217,13827
728,1456,17186,13806
728,1445,17195,13816
729,1457,17128,13741
734,1441,17346,13910
728,1457,17190,13784
728,1452,17215,13805
728,1444,17206,13830
728,1462,17130,13731
729,1427,17241,13847
725,1465,17087,13703
728,1443,17220,13823
730,1437,17256,13868
727,1443,17154,13786
730,1435,17291,13915
741,1443,17474,14071
728,1442,17230,13838
739,1445,17404,13981
735,1460,17307,13848
730,1430,17316,13901
726,1461,17139,13760
728,1437,17191,13819
728,1451,17183,13806
724,1452,17105,13753
732,1439,17321,13904
726,1450,17136,13758
727,1452,17175,13781
729,1447,17226,13813
726,1456,17128,13746
731,1435,17302,13918
726,1452,17129,13751
729,1451,17195,13780
728,1436,17208,13827
727,1458,17158,13777
729,1431,17243,13880
725,1439,17098,13719
729,1448,17246,13835
729,1448,17240,13846
726,1459,17141,13746
730,1431,17291,13886
725,1450,17094,13729
732,1430,17301,13927
732,1459,17240,13809
729,1455,17240,13837
729,1435,17251,13851
724,1450,17065,13671
732,1429,17351,13963
736,1455,17324,13885
727,1444,17146,13782
729,1444,17218,13859
726,1463,17089,13719
731,1440,17287,13887
728,1453,17209,13827
728,1452,17203,13837
736,1453,17326,13895
724,1464,17057,13679
731,1437,17289,13903
730,1448,17226,13802
727,1448,17198,13782
731,1442,17261,13842
724,1449,17073,13673
729,1443,17237,13862
728,1431,17199,13822
730,1439,17240,13861
733,1439,17314,13869
725,1452,17107,13727
730,1438,17266,13871
726,1454,17128,13760
727,1448,17168,13786
728,1444,17207,13826
726,1445,17128,13754
735,1445,17337,13900
725,1447,17100,13725
729,1438,17225,13853
728,1456,17204,13822
727,1447,17153,13790
731,1440,17284,13869
726,1457,17164,13770
729,1440,17239,13837
729,1435,17256,13841
727,1442,17161,13794
736,1433,17360,13948
727,1460,17127,13723
727,1452,17193,13801
728,1453,17227,13822
728,1439,17161,13781
732,1432,17342,13931
725,1462,17120,13713
728,1453,17201,13816
730,1447,17219,13797
725,1441,17117,13747
731,1418,17317,13924
725,1459,17116,13708
726,1449,17144,13771
728,1437,17199,13836
726,1440,17158,13784
730,1426,17285,13899
726,1452,17137,13752
731,1439,17281,13872
727,1445,17193,13771
726,1450,17129,13757
730,1441,17247,13876
725,1449,17098,13718
730,1432,17269,13868
728,1449,17235,13833
727,1450,17165,13762
729,1427,17250,13881
725,1446,17074,13701
730,1425,17278,13909
728,1442,17179,13808
725,1446,17122,13770
728,1431,17263,13871
725,1444,17096,13703
730,1440,17252,13868
736,1449,17329,13906
727,1449,17151,13783
727,1433,17201,13825
726,1447,17136,13739
736,1444,17357,13919
728,1452,17234,13816
728,1455,17210,13830
728,1439,17204,13835
725,1447,17078,13689
735,1449,17352,13907
729,1443,17219,13806
728,1439,17156,13776
729,1429,17245,13853
731,1460,17174,13733
731,1438,17284,13905
726,1451,17125,13751
727,1438,17169,13796
729,1447,17232,13827
726,1454,17146,13748
731,1446,17288,13892
727,1459,17131,13725
726,1447,17154,13771
729,1437,17269,13871
728,1461,17163,13749
731,1434,17318,13914
729,1451,17179,13761
730,1453,17223,13815
730,1433,17226,13855
725,1466,17092,13706
731,1435,17323,13915
727,1452,17168,13767
732,1455,17228,13843
728,1447,17215,13811
728,1457,17164,13777
729,1434,17250,13889
727,1441,17138,13771
728,1447,17201,13820
727,1458,17206,13794
729,1449,17220,13841
730,1421,17252,13879
726,1456,17152,13755
728,1451,17188,13815
728,1445,17186,13778
729,1441,17239,13854
729,1430,17252,13860
727,1447,17182,13778
729,1432,17254,13881
727,1439,17180,13811
725,1449,17113,13747
731,1440,17302,13900
726,1457,17140,13720
729,1431,17244,13869
728,1453,17201,13811
727,1461,17175,13788
729,1439,17249,13860
724,1467,17073,13685
730,1463,17254,13879
728,1442,17222,13830
729,1428,17222,13829
742,1442,17536,14112
727,1446,17143,13771
728,1445,17189,13809
728,1442,17219,13836
728,1456,17165,13773
729,1432,17263,13872
720,1455,17004,13643
730,1428,17249,13864
729,1439,17210,13829
726,1454,17151,13779
729,1420,17267,13865
729,1465,17226,13772
729,1439,17249,13869
728,1454,17193,13800
727,1441,17183,13816
727,1425,17184,13810
726,1460,17101,13707
730,1443,17247,13864
736,1467,17328,13869
737,1462,17337,13907
728,1437,17197,13805
726,1453,17133,13760
735,1447,17322,13916
726,1449,17139,13745
730,1445,17216,13826
729,1446,17233,13830
728,1452,17171,13751
730,1429,17277,13894
726,1451,17131,13744
725,1448,17150,13763
735,1444,17356,13892
728,1456,17194,13761
734,1442,17324,13915
728,1453,17177,13785
727,1445,17150,13763
735,1455,17307,13892
726,1462,17124,13736
731,1444,17258,13876
726,1449,17142,13756
727,1447,17157,13775
729,1450,17187,13799
728,1447,17196,13820
730,1438,17267,13904
726,1447,17129,13738
729,1448,17217,13814
728,1442,17238,13825
727,1452,17179,13787
729,1424,17241,13872
725,1454,17086,13706
728,1446,17220,13841
728,1448,17191,13806
728,1446,17209,13814
727,1435,17197,13826
726,1446,17142,13740
728,1446,17222,13836
730,1435,17233,13868
726,1446,17131,13757
730,1428,17250,13871
726,1463,17118,13698
728,1443,17199,13821
732,1440,17295,13907
728,1449,17161,13772
729,1429,17198,13831
726,1445,17148,13762
729,1448,17231,13839
728,1431,17223,13807
729,1453,17213,13793
730,1432,17258,13871
726,1456,17107,13703
730,1429,17256,13870
729,1441,17211,13814
729,1449,17193,13767
729,1453,17243,13855
729,1467,17152,13711
729,1438,17243,13868
726,1442,17146,13789
728,1451,17198,13815
739,1439,17442,14032
730,1465,17171,13739
732,1427,17311,13923
737,1467,17361,13928
731,1453,17216,13801
729,1446,17212,13850
733,1460,17256,13812
730,1429,17270,13884
728,1456,17186,13786
728,1446,17214,13810
729,1457,17209,13827
727,1456,17133,13750
732,1435,17282,13873
727,1456,17152,13733
731,1455,17240,13785
728,1441,17224,13849
727,1456,17177,13761
730,1423,17284,13908
725,1457,17114,13746
726,1443,17143,13784
727,1437,17164,13794
726,1446,17173,13753
733,1439,17315,13899
726,1453,17127,13741
731,1445,17204,13792
726,1440,17166,13788
727,1447,17158,13758
731,1444,17276,13873
726,1447,17143,13756
729,1445,17243,13843
739,1469,17388,13962
736,1466,17329,13889
743,1458,17537,14114
729,1446,17209,13828
731,1435,17264,13839
728,1449,17188,13788
728,1454,17184,13795
730,1423,17257,13892
724,1456,17077,13699
728,1442,17216,13836
728,1452,17192,13820
727,1463,17194,13778
728,1437,17230,13843
725,1468,17080,13711
730,1439,17257,13881
731,1460,17229,13819
727,1442,17183,13788
729,1439,17219,13833
728,1451,17151,13723
730,1432,17285,13882
727,1441,17194,13822
726,1455,17140,13772
729,1427,17240,13876
727,1462,17110,13680
730,1440,17269,13852
728,1452,17180,13812
729,1448,17228,13834
733,1460,17252,13833
725,1447,17080,13697
734,1452,17297,13888
727,1450,17163,13801
729,1440,17232,13838
738,1444,17401,13963
732,1454,17224,13823
730,1435,17266,13865
726,1448,17116,13749
728,1445,17222,13851
729,1439,17223,13817
727,1464,17184,13789
743,1445,17532,14068
741,1439,17471,14045
734,1452,17287,13867
727,1460,17181,13796
726,1450,17171,13765
735,1439,17344,13905
725,1451,17117,13746
728,1452,17198,13794
729,1443,17226,13848
727,1445,17139,13761
731,1425,17285,13919
729,1472,17148,13724
728,1448,17205,13802
728,1439,17181,13797
726,1450,17134,13764
730,1424,17269,13884
725,1450,17100,13733
726,1455,17149,13757
729,1452,17228,13829
729,1445,17198,13777
731,1432,17300,13895
725,1452,17127,13736
727,1449,17173,13782
728,1452,17168,13803
728,1459,17187,13800
730,1429,17271,13866
725,1456,17114,13705
729,1446,17245,13857
727,1437,17163,13784
728,1437,17189,13825
729,1439,17230,13832
724,1461,17076,13692
730,1436,17267,13860
729,1446,17199,13809
727,1441,17172,13803
729,1438,17212,13835
726,1455,17118,13745
729,1434,17228,13847
727,1445,17197,13804
729,1453,17244,13836
735,1460,17334,13884
726,1449,17110,13708
729,1437,17219,13838
728,1439,17186,13815
728,1449,17199,13773
730,1440,17250,13841
725,1455,17087,13706
730,1432,17254,13861
728,1441,17213,13816
728,1448,17187,13818
730,1450,17200,13811
726,1454,17099,13731
729,1440,17284,13864
726,1450,17168,13779
728,1453,17193,13816
731,1448,17245,13841
728,1458,17130,13729
729,1442,17253,13860
726,1458,17127,13756
737,1459,17359,13902
728,1438,17241,13817
727,1463,17119,13721
730,1424,17265,13881
725,1450,17098,13708
728,1400,17211,13804
736,1437,17350,13911
726,1465,17135,13742
731,1425,17319,13936
727,1463,17158,13761
727,1454,17155,13779
729,1435,17221,13858
728,1448,17153,13749
729,1439,17285,13880
727,1449,17179,13793
727,1444,17157,13795
728,1447,17190,13787
728,1449,17185,13817
730,1433,17268,13864
726,1440,17123,13736
729,1446,17215,13823
728,1442,17231,13799
726,1461,17158,13771
730,1439,17247,13871
726,1445,17124,13750
728,1447,17213,13813
728,1449,17222,13825
728,1440,17177,13786
733,1441,17294,13873
724,1463,17058,13676
730,1441,17282,13896
728,1445,17193,13806
728,1450,17200,13825
732,1445,17278,13848
725,1466,17107,13720
728,1435,17229,13852
726,1450,17143,13789
727,1439,17164,13789
729,1438,17238,13854
721,1443,17058,13731
729,1438,17275,13857
731,1449,17258,13832
726,1446,17150,13755
730,1446,17268,13880
727,1473,17075,13659
730,1428,17282,13880
731,1462,17255,13816
728,1448,17184,13810
735,1470,17336,13876
724,1463,17048,13651
729,1440,17232,13861
728,1443,17188,13801
728,1439,17201,13841
734,1453,17318,13885
725,1468,17077,13703
731,1428,17259,13886
734,1456,17279,13850
728,1445,17169,13798
731,1445,17267,13846
726,1450,17132,13752
732,1433,17320,13910
727,1442,17171,13760
727,1425,17159,13772
728,1437,17195,13832
725,1452,17087,13728
731,1427,17298,13902
728,1446,17192,13787
729,1451,17182,13789
729,1447,17235,13846
727,1458,17159,13772
731,1428,17291,13921
721,1454,17092,13728
728,1445,17187,13817
729,1450,17228,13831
727,1440,17156,13778
731,1430,17296,13917
726,1465,17101,13690
727,1455,17142,13782
728,1430,17187,13803
727,1461,17151,13738
732,1429,17341,13944
727,1453,17165,13755
728,1440,17191,13818
727,1441,17168,13790
728,1454,17166,13785
730,1439,17286,13862
725,1448,17115,13720
729,1439,17229,13853
728,1440,17201,13802
728,1458,17169,13796
729,1435,17219,13836
727,1472,17117,13738
728,1438,17222,13841
728,1452,17220,13821
727,1448,17167,13789
728,1430,17218,13839
726,1465,17090,13703
730,1434,17243,13862
727,1450,17179,13796
729,1460,17179,13771
728,1447,17218,13825
727,1450,17143,13745
730,1439,17248,13841
729,1450,17191,13794
727,1457,17167,13783
729,1444,17242,13854
725,1458,17099,13685
730,1445,17250,13849
728,1447,17217,13823
728,1438,17171,13801
732,1449,17214,13800
725,1459,17080,13692
729,1436,17240,13872
730,1446,17248,13837
731,1461,17195,13782
728,1451,17200,13802
731,1467,17174,13752
728,1438,17232,13868
727,1439,17174,13790
728,1457,17168,13762
739,1454,17429,13979
739,1469,17412,13948
744,1471,17602,14191
728,1448,17183,13809
730,1457,17195,13780
729,1425,17266,13872
731,1456,17209,13776
731,1432,17264,13855
726,1446,17127,13731
728,1442,17191,13804
729,1443,17223,13837
728,1456,17143,13738
730,1433,17249,13867
725,1461,17123,13704
728,1447,17185,13778
727,1451,17180,13810
726,1443,17150,13767
730,1430,17272,13897
726,1453,17123,13713
727,1457,17183,13767
728,1443,17224,13805
727,1431,17191,13799
729,1433,17254,13866
726,1458,17150,13774
727,1452,17146,13785
729,1439,17223,13831
728,1445,17213,13817
730,1447,17252,13867
726,1452,17142,13737
729,1432,17236,13862
726,1451,17144,13770
729,1451,17190,13827
737,1460,17356,13923
727,1460,17141,13699
732,1428,17327,13938
729,1450,17186,13792
726,1454,17150,13757
728,1442,17213,13845
724,1477,17062,13670
731,1440,17298,13910
735,1453,17316,13880
727,1444,17183,13769
728,1433,17195,13828
724,1461,17068,13692
730,1442,17237,13852
729,1449,17212,13797
729,1443,17225,13833
739,1450,17430,14003
736,1452,17333,13907
729,1440,17220,13847
728,1440,17210,13827
732,1464,17240,13832
732,1437,17262,13859
725,1469,17104,13696
730,1434,17276,13898
727,1445,17194,13806
728,1433,17206,13822
727,1447,17169,13815
736,1467,17330,13885
741,1448,17502,14051
736,1443,17394,13962
728,1458,17198,13806
732,1434,17262,13850
726,1455,17111,13739
730,1434,17267,13898
726,1438,17163,13773
728,1442,17191,13777
729,1438,17215,13853
728,1462,17167,13736
731,1433,17294,13933
723,1463,17024,13657
728,1440,17191,13826
727,1441,17178,13793
728,1452,17230,13814
735,1443,17355,13940
729,1457,17123,13769
728,1445,17181,13796
727,1445,17172,13795
728,1451,17201,13810
730,1432,17255,13871
726,1448,17156,13766
728,1445,17225,13830
728,1443,17185,13805
727,1454,17160,13796
729,1429,17251,13880
727,1460,17158,13755
731,1449,17242,13800
727,1443,17189,13793
728,1454,17189,13805
729,1441,17239,13854
724,1451,17072,13688
729,1446,17210,13829
727,1452,17181,13801
729,1445,17226,13796
730,1437,17271,13879
726,1446,17131,13727
730,1442,17237,13850
727,1448,17165,13788
728,1454,17175,13790
729,1433,17249,13861
727,1461,17136,13714
729,1439,17275,13857
728,1442,17192,13819
728,1450,17172,13805
727,1445,17209,13816
725,1462,17101,13700
730,1440,17267,13863
735,1457,17311,13892
728,1439,17197,13784
732,1421,17253,13820
724,1447,17055,13659
729,1443,17231,13852
736,1469,17325,13899
735,1460,17310,13860
727,1454,17171,13784
726,1459,17127,13744
731,1444,17244,13860
727,1431,17163,13804
728,1449,17203,13812
729,1438,17217,13799
727,1449,17180,13769
740,1444,17445,13985
740,1458,17426,13990
734,1459,17284,13854
726,1430,17160,13805
726,1459,17140,13766
729,1427,17261,13872
726,1457,17137,13749
727,1438,17180,13802
729,1446,17214,13817
725,1463,17112,13734
730,1434,17272,13911
722,1446,17117,13758
728,1450,17208,13797
728,1446,17197,13807
727,1452,17174,13798
731,1433,17292,13907
726,1442,17110,13736
728,1440,17203,13831
728,1458,17201,13820
727,1447,17165,13767
733,1422,17370,13954
727,1448,17154,13773
726,1455,17134,13758
727,1445,17170,13773
727,1454,17172,13787
730,1438,17296,13892
725,1457,17105,13701
729,1452,17210,13815
728,1442,17186,13818
726,1459,17128,13735
730,1440,17253,13887
724,1471,17074,13688
729,1438,17270,13856
730,1456,17219,13799
727,1450,17166,13782
734,1457,17314,13893
724,1461,17052,13681
729,1438,17246,13851
728,1449,17188,13792
729,1453,17248,13832
737,1460,17391,13939
724,1464,17062,13680
730,1424,17267,13884
729,1433,17194,13803
735,1455,17300,13852
729,1449,17278,13844
727,1462,17102,13689
729,1439,17235,13818
730,1446,17210,13802
728,1449,17169,13804
727,1445,17159,13774
724,1456,17087,13696
735,1453,17335,13895
728,1446,17216,13840
728,1449,17213,13847
729,1430,17228,13842
728,1463,17116,13714
729,1433,17259,13870
727,1462,17173,13771
729,1456,17241,13859
730,1438,17238,13823
725,1458,17111,13723
729,1440,17240,13864
728,1451,17163,13793
729,1430,17231,13832
730,1451,17250,13813
725,1457,17133,13758
731,1426,17298,13924
724,1453,17108,13749
728,1448,17174,13822
727,1437,17182,13808
727,1466,17145,13756
730,1422,17287,13887
726,1456,17129,13742
727,1445,17186,13801
728,1452,17201,13834
728,1460,17137,13771
732,1429,17359,13973
727,1451,17183,13790
729,1452,17207,13791
729,1445,17252,13830
726,1455,17138,13754
732,1428,17314,13940
726,1447,17114,13743
726,1444,17176,13775
728,1438,17195,13811
728,1452,17203,13820
729,1425,17265,13895
727,1447,17167,13779
739,1462,17385,13972
728,1443,17167,13798
725,1447,17121,13743
732,1439,17331,13921
737,1460,17345,13907
740,1450,17446,14017
736,1451,17324,13909
728,1457,17142,13759
729,1427,17256,13845
725,1460,17119,13729
729,1445,17229,13827
730,1439,17281,13876
726,1450,17169,13772
729,1444,17240,13854
733,1473,17205,13778
730,1439,17273,13874
728,1446,17223,13786
729,1433,17214,13833
732,1432,17320,13909
731,1470,17175,13759
730,1439,17237,13858
731,1454,17218,13810
727,1451,17162,13799
728,1455,17202,13811
724,1447,17069,13704
731,1429,17271,13902
743,1437,17545,14107
727,1448,17183,13819
732,1447,17260,13849
725,1447,17098,13707
730,1440,17284,13868
729,1441,17235,13826
727,1424,17206,13837
730,1447,17210,13827
726,1444,17107,13732
732,1424,17312,13893
729,1452,17193,13766
728,1458,17165,13778
729,1432,17218,13830
725,1454,17117,13733
730,1428,17266,13886
726,1457,17111,13728
727,1450,17155,13790
728,1434,17222,13814
726,1460,17153,13755
729,1430,17260,13881
726,1461,17135,13760
728,1438,17180,13802
730,1445,17245,13853
727,1458,17181,13760
730,1446,17275,13875
726,1447,17143,13734
728,1441,17205,13828
737,1448,17381,13952
732,1457,17243,13816
730,1440,17282,13878
725,1448,17136,13745
728,1439,17184,13816
728,1443,17188,13787
728,1452,17195,13816
729,1438,17224,13848
726,1459,17121,13740
727,1435,17178,13792
728,1458,17205,13801
727,1459,17152,13781
729,1432,17225,13850
726,1452,17128,13760
729,1432,17251,13885
736,1461,17343,13906
727,1460,17157,13780
730,1435,17274,13846
726,1456,17140,13716
729,1441,17232,13836
727,1438,17145,13788
727,1456,17172,13803
728,1432,17243,13849
726,1466,17142,13724
729,1443,17240,13870
729,1437,17232,13853
727,1445,17166,13796
732,1450,17270,13835
724,1469,17086,13706
729,1435,17233,13864
729,1450,17220,13809
727,1444,17170,13811
729,1436,17242,13857
724,1470,17079,13702
730,1441,17242,13878
730,1437,17241,13866
726,1459,17174,13770
735,1456,17342,13885
727,1456,17140,13706
730,1431,17239,13867
727,1445,17152,13792
727,1438,17173,13781
729,1439,17237,13848
733,1473,17259,13813
738,1454,17385,13961
726,1444,17148,13771
728,1461,17202,13815
730,1448,17200,13799
726,1456,17119,13754
729,1440,17238,13854
726,1452,17146,13744
728,1449,17192,13808
730,1455,17231,13835
726,1447,17139,13757
731,1434,17301,13929
727,1464,17156,13766
728,1451,17207,13811
728,1446,17221,13821
728,1429,17216,13821
730,1439,17276,13868
726,1451,17150,13764
727,1445,17157,13798
729,1435,17212,13819
726,1452,17176,13772
730,1420,17289,13901
726,1449,17118,13719
727,1461,17149,13779
727,1454,17168,13784
727,1439,17178,13813
729,1445,17239,13852
726,1451,17135,13746
730,1439,17239,13864
730,1447,17203,13788
726,1450,17134,13753
728,1436,17215,13854
725,1453,17097,13728
730,1433,17269,13877
728,1445,17221,13807
727,1431,17224,13827
729,1447,17219,13852
725,1452,17076,13696
729,1437,17226,13860
727,1448,17198,13808
728,1454,17204,13810
730,1440,17213,13829
725,1458,17093,13707
730,1438,17239,13838
728,1440,17198,13811
727,1446,17160,13796
729,1469,17199,13841
725,1460,17119,13706
728,1433,17245,13870
729,1436,17205,13823
727,1448,17182,13793
729,1446,17192,13804
725,1451,17102,13687
736,1448,17355,13913
728,1441,17215,13806
724,1450,17125,13733
731,1442,17269,13881
732,1466,17215,13786
731,1443,17274,13880
729,1457,17198,13780
730,1448,17228,13813
730,1432,17231,13837
731,1467,17202,13771
729,1437,17256,13871
725,1453,17116,13736
728,1443,17194,13818
728,1448,17211,13828
727,1459,17176,13782
730,1444,17254,13853
726,1456,17115,13722
728,1444,17189,13788
729,1433,17260,13876
731,1472,17206,13778
731,1416,17309,13903
727,1457,17159,13764
727,1460,17198,13782
729,1448,17205,13833
727,1467,17140,13754
731,1433,17270,13888
727,1440,17162,13757
728,1452,17224,13810
728,1448,17192,13828
729,1462,17191,13792
730,1422,17288,13910
726,1454,17130,13751
727,1450,17170,13808
727,1442,17176,13801
728,1451,17184,13782
729,1434,17269,13883
726,1447,17145,13764
729,1449,17199,13813
728,1450,17183,13818
731,1450,17213,13804
729,1430,17258,13870
726,1455,17156,13730
730,1444,17277,13857
729,1447,17220,13846
728,1447,17177,13805
728,1443,17207,13815
725,1456,17107,13708
729,1438,17251,13860
728,1434,17183,13802
726,1442,17164,13786
730,1449,17238,13853
723,1467,17056,13691
731,1430,17283,13916
729,1432,17211,13829
731,1457,17225,13776
727,1452,17187,13810
725,1464,17052,13655
730,1433,17254,13879
731,1449,17215,13808
726,1409,17167,13780
729,1450,17218,13828
725,1463,17110,13700
734,1443,17339,13895
729,1447,17216,13817
727,1452,17176,13813
729,1432,17190,13822
725,1458,17098,13709
731,1428,17316,13918
728,1459,17155,13777
728,1447,17208,13805
729,1442,17206,13816
725,1456,17101,13717
730,1431,17251,13870
727,1417,17135,13711
729,1444,17229,13817
735,1460,17312,13885
726,1460,17128,13752
730,1432,17282,13894
726,1453,17115,13769
730,1452,17216,13786
731,1435,17232,13820
728,1445,17211,13797
730,1440,17283,13878
725,1461,17085,13726
728,1444,17184,13816
730,1452,17207,13804
728,1444,17224,13826
731,1426,17318,13926
729,1461,17152,13749
728,1452,17180,13790
729,1442,17228,13854
726,1464,17125,13759
730,1422,17269,13916
726,1435,17147,13774
727,1449,17190,13780
728,1444,17203,13807
725,1469,17121,13733
732,1424,17303,13941
729,1464,17138,13722
728,1432,17237,13850
730,1460,17215,13798
727,1449,17156,13757
729,1433,17265,13874
725,1439,17119,13720
729,1434,17229,13857
728,1431,17186,13813
728,1464,17185,13759
728,1433,17243,13846
726,1453,17110,13731
730,1430,17250,13855
727,1444,17175,13798
727,1450,17165,13770
729,1422,17225,13859
732,1470,17214,13782
737,1463,17383,13932
728,1452,17197,13808
727,1430,17184,13806
733,1442,17274,13858
725,1452,17063,13674
730,1443,17252,13854
730,1436,17248,13872
728,1459,17186,13775
729,1444,17259,13841
726,1472,17086,13685
731,1429,17272,13911
736,1460,17334,13912
739,1458,17438,13979
742,1436,17534,14098
729,1448,17190,13804
741,1445,17465,14023
740,1452,17411,13973
740,1443,17438,14000
741,1446,17472,14051
739,1444,17448,14057
734,1446,17342,13893
727,1461,17132,13729
728,1452,17187,13814
728,1439,17212,13816
726,1448,17113,13752
731,1423,17303,13928
725,1443,17137,13756
729,1440,17238,13840
731,1452,17250,13820
726,1452,17152,13759
731,1419,17302,13929
727,1451,17152,13767
733,1460,17278,13849
728,1437,17224,13800
725,1455,17114,13737
732,1428,17340,13934
725,1458,17114,13727
729,1440,17216,13852
733,1451,17254,13847
726,1444,17123,13750
731,1430,17323,13947
726,1446,17140,13760
728,1435,17201,13836
734,1469,17269,13847
727,1449,17142,13765
730,1429,17283,13896
731,1476,17196,13770
730,1437,17261,13857
730,1443,17241,13800
727,1442,17168,13791
730,1435,17231,13861
733,1475,17219,13783
730,1456,17255,13856
729,1438,17225,13807
728,1459,17175,13785
730,1437,17257,13862
729,1453,17150,13729
729,1437,17249,13872
728,1443,17177,13798
728,1444,17199,13824
739,1448,17432,13981
730,1464,17165,13733
729,1437,17257,13866
730,1453,17212,13821
727,1446,17149,13780
730,1434,17265,13873
732,1482,17209,13758
730,1437,17287,13894
729,1448,17256,13845
727,1454,17180,13785
728,1437,17206,13821
727,1458,17130,13742
730,1441,17280,13880
727,1449,17166,13782
729,1440,17206,13830
729,1440,17229,13844
727,1447,17141,13759
728,1444,17229,13847
736,1460,17314,13901
738,1457,17370,13943
743,1464,17598,14158
726,1465,17131,13732
731,1436,17297,13933
728,1453,17146,13730
727,1449,17161,13791
728,1442,17218,13818
727,1454,17159,13776
730,1438,17264,13856
727,1451,17182,13782
727,1449,17159,13766
727,1452,17206,13849
727,1451,17140,13775
736,1431,17367,13933
728,1438,17197,13799
727,1451,17171,13798
730,1423,17274,13887
725,1450,17093,13718
731,1429,17299,13929
729,1441,17204,13825
729,1445,17177,13785
728,1448,17214,13801
728,1447,17182,13811
731,1436,17274,13871
728,1437,17172,13794
727,1454,17154,13780
728,1448,17211,13823
727,1451,17156,13748
730,1436,17291,13898
726,1443,17160,13771
729,1444,17228,13842
737,1454,17340,13907
726,1443,17142,13788
729,1444,17250,13846
730,1468,17198,13740
729,1442,17235,13848
729,1448,17212,13817
728,1453,17182,13772
729,1450,17244,13863
725,1469,17078,13706
736,1449,17351,13921
730,1443,17248,13830
728,1446,17174,13780
729,1431,17235,13871
723,1469,17051,13668
729,1435,17220,13851
734,1459,17298,13854
730,1462,17242,13857
730,1447,17254,13864
724,1466,17097,13691
730,1431,17252,13876
727,1442,17180,13807
728,1459,17195,13821
727,1439,17216,13835
726,1449,17124,13720
729,1432,17244,13866
728,1439,17181,13792
729,1440,17236,13843
729,1441,17206,13834
726,1460,17134,13764
733,1439,17279,13864
727,1454,17165,13761
728,1444,17196,13813
727,1437,17187,13816
728,1452,17177,13788
728,1433,17216,13834
726,1458,17153,13768
729,1444,17203,13833
729,1432,17214,13818
728,1455,17198,13783
729,1434,17242,13838
726,1466,17108,13721
727,1443,17161,13794
729,1442,17245,13854
729,1435,17242,13852
731,1427,17292,13921
726,1458,17131,13745
728,1441,17203,13812
729,1443,17203,13812
729,1434,17202,13836
737,1444,17376,13928
726,1464,17142,13738
727,1440,17183,13792
741,1435,17454,14013
740,1467,17416,13984
742,1443,17504,14094
735,1456,17342,13915
731,1441,17274,13870
732,1464,17275,13843
727,1458,17193,13774
730,1440,17259,13862
725,1451,17077,13719
732,1435,17296,13929
729,1455,17195,13779
725,1448,17138,13738
734,1444,17293,13864
725,1440,17121,13724
736,1450,17342,13909
729,1450,17197,13800
726,1459,17152,13765
732,1439,17256,13846
724,1466,17105,13702
731,1433,17288,13913
731,1455,17233,13810
727,1452,17153,13763
728,1438,17219,13852
725,1451,17081,13687
730,1441,17269,13864
729,1435,17229,13844
729,1434,17233,13845
728,1435,17193,13809
723,1465,17045,13641
728,1442,17206,13835
730,1443,17242,13842
730,1445,17220,13792
728,1451,17215,13837
725,1456,17094,13701
730,1432,17254,13877
728,1440,17169,13806
728,1439,17198,13812
729,1443,17249,13878
725,1460,17123,13715
731,1423,17323,13952
727,1451,17150,13738
728,1442,17195,13832
729,1441,17193,13812
726,1453,17142,13741
732,1428,17339,13938
730,1450,17196,13749
729,1452,17228,13834
728,1439,17190,13815
727,1445,17141,13775
729,1423,17267,13880
725,1463,17088,13689
727,1452,17198,13791
729,1444,17189,13809
730,1452,17233,13835
733,1434,17299,13898
723,1452,17079,13708
727,1449,17164,13799
730,1434,17257,13886
728,1436,17201,13799
731,1435,17321,13945
725,1456,17116,13737
727,1442,17157,13769
728,1433,17192,13810
725,1451,17145,13735
730,1434,17294,13906
726,1452,17141,13738
730,1439,17263,13866
742,1438,17528,14107
728,1435,17183,13806
732,1449,17275,13857
727,1461,17120,13727
730,1438,17259,13850
731,1437,17227,13819
729,1451,17175,13773
732,1446,17245,13845
724,1452,17063,13716
728,1436,17199,13824
737,1459,17334,13915
730,1471,17204,13767
729,1439,17220,13837
725,1448,17070,13689
730,1426,17262,13887
728,1446,17180,13783
727,1453,17187,13776
732,1445,17275,13845
726,1453,17116,13680
730,1438,17297,13881
728,1472,17170,13754
727,1442,17162,13769
728,1433,17201,13822
724,1454,17099,13705
729,1444,17254,13863
728,1452,17193,13808
727,1450,17163,13781
730,1446,17227,13849
726,1449,17104,13709
730,1431,17251,13866
727,1449,17162,13798
729,1442,17228,13816
727,1429,17187,13809
726,1467,17144,13732
728,1446,17198,13817
725,1451,17112,13744
729,1430,17237,13846
730,1445,17244,13831
727,1459,17143,13730
730,1432,17298,13895
726,1464,17106,13725
728,1444,17170,13808
737,1458,17353,13916
726,1454,17152,13745
731,1415,17291,13892
726,1448,17118,13745
729,1453,17210,13807
727,1455,17197,13831
726,1438,17168,13802
730,1426,17260,13892
726,1457,17119,13750
728,1448,17223,13823
728,1446,17227,13828
727,1444,17149,13746
729,1430,17252,13870
726,1464,17119,13764
727,1453,17188,13798
730,1434,17260,13842
728,1449,17196,13791
736,1441,17371,13912
726,1476,17119,13720
730,1456,17208,13795
728,1441,17177,13813
727,1451,17154,13759
729,1441,17264,13859
724,1450,17094,13720
729,1447,17231,13829
728,1450,17184,13799
729,1459,17154,13746
728,1442,17181,13816
724,1459,17074,13707
729,1450,17219,13818
728,1441,17208,13807
728,1459,17176,13795
727,1443,17205,13812
726,1459,17083,13689
727,1427,17225,13844
728,1451,17191,13806
728,1442,17218,13815
734,1452,17325,13886
725,1453,17080,13692
729,1441,17225,13835
731,1445,17181,13817
729,1459,17229,13837
731,1444,17262,13829
725,1468,17069,13681
729,1435,17246,13849
728,1446,17193,13825
727,1443,17173,13782
729,1439,17216,13851
726,1445,17094,13697
730,1436,17293,13874
726,1446,17145,13756
728,1439,17192,13816
729,1445,17201,13833
725,1460,17094,13716
730,1425,17283,13906
727,1453,17149,13754
728,1457,17193,13794
729,1445,17257,13822
726,1448,17132,13729
728,1438,17223,13841
727,1455,17132,13768
732,1453,17244,13819
728,1440,17227,13813
724,1437,17129,13814
731,1445,17298,13899
731,1452,17186,13763
727,1448,17155,13769
728,1435,17250,13863
725,1469,17114,13732
732,1429,17358,13948
731,1471,17205,13773
727,1450,17163,13773
728,1448,17210,13833
726,1453,17160,13783
732,1438,17303,13889
729,1453,17169,13746
727,1449,17181,13773
730,1468,17215,13777
725,1444,17138,13767
731,1431,17266,13892
734,1454,17266,13820
742,1443,17520,14067
742,1452,17500,14045
741,1433,17496,14069
729,1422,17242,13842
725,1452,17102,13733
730,1450,17215,13838
727,1460,17170,13784
727,1448,17138,13767
729,1439,17266,13866
725,1460,17082,13687
730,1440,17271,13886
729,1445,17221,13845
726,1445,17143,13777
729,1428,17241,13844
725,1460,17092,13705
732,1419,17315,13927
730,1446,17236,13821
729,1438,17205,13836
729,1443,17219,13858
724,1457,17055,13673
732,1438,17313,13904
727,1453,17185,13778
729,1450,17235,13852
730,1433,17268,13857
723,1459,17044,13664
729,1424,17255,13892
729,1429,17230,13873
728,1452,17192,13802
729,1441,17238,13850
726,1461,17101,13713
732,1435,17289,13911
728,1432,17192,13820
727,1452,17161,13809
729,1438,17246,13866
726,1463,17139,13732
730,1430,17303,13892
738,1462,17391,13936
736,1459,17325,13914
735,1455,17308,13889
726,1465,17128,13750
730,1434,17288,13895
730,1446,17196,13753
727,1454,17176,13803
728,1439,17229,13830
727,1451,17173,13782
729,1438,17256,13882
726,1441,17116,13762
727,1448,17177,13814
740,1442,17457,14003
739,1476,17375,13926
737,1439,17379,13933
726,1470,17107,13718
729,1444,17189,13827
740,1442,17449,14012
737,1455,17504,14078
733,1432,17346,13923
727,1464,17155,13748
728,1446,17207,13823
728,1459,17165,13781
727,1443,17154,13770
731,1440,17292,13897
729,1446,17185,13769
729,1437,17218,13840
730,1435,17215,13799
728,1463,17150,13753
730,1441,17232,13850
732,1462,17206,13773
730,1440,17240,13843
727,1449,17216,13825
727,1449,17166,13778
730,1431,17244,13862
725,1448,17098,13721
729,1435,17206,13821
728,1453,17203,13801
728,1444,17199,13830
730,1436,17246,13826
725,1452,17113,13707
729,1441,17259,13881
727,1441,17179,13813
729,1445,17225,13848
729,1442,17235,13841
725,1457,17103,13705
730,1443,17248,13879
728,1445,17196,13817
728,1431,17210,13836
728,1441,17218,13839
725,1460,17089,13711
730,1436,17271,13893
728,1445,17205,13814
727,1440,17176,13802
730,1445,17229,13818
727,1452,17143,13767
728,1448,17181,13809
727,1442,17185,13802
729,1435,17234,13825
730,1442,17251,13850
726,1475,17141,13730
731,1431,17254,13872
726,1442,17111,13722
727,1442,17167,13789
729,1455,17233,13824
725,1454,17128,13723
732,1457,17337,13963
728,1452,17182,13782
733,1460,17257,13842
729,1426,17247,13875
728,1458,17146,13759
731,1425,17285,13888
728,1468,17183,13737
728,1451,17184,13799
734,1458,17261,13846
726,1448,17166,13771
729,1421,17254,13896
735,1460,17272,13845
736,1463,17318,13874
741,1466,17477,14006
743,1440,17551,14096
743,1455,17552,14116
740,1454,17405,13985
735,1440,17327,13933
729,1436,17225,13817
726,1448,17175,13760
729,1438,17247,13864
726,1462,17122,13727
729,1444,17206,13831
727,1453,17184,13802
727,1458,17153,13791
730,1417,17249,13880
726,1444,17137,13725
730,1432,17248,13857
728,1440,17208,13813
727,1456,17165,13788
728,1423,17212,13855
726,1451,17133,13737
731,1431,17277,13890
729,1429,17243,13833
728,1453,17202,13789
730,1440,17229,13847
724,1458,17078,13701
730,1431,17278,13903
729,1432,17238,13854
728,1449,17197,13795
730,1441,17258,13885
723,1453,17068,13672
729,1434,17233,13848
727,1453,17170,13799
728,1451,17180,13815
729,1430,17237,13856
726,1469,17120,13707
732,1480,17291,13918
727,1446,17181,13810
727,1441,17193,13798
730,1442,17216,13837
726,1463,17130,13738
730,1439,17293,13899
735,1458,17308,13859
727,1443,17186,13804
730,1440,17269,13877
731,1468,17189,13766
731,1438,17292,13912
726,1449,17138,13742
730,1444,17269,13861
728,1432,17218,13831
730,1458,17199,13736
731,1438,17271,13902
726,1456,17118,13724
726,1448,17164,13777
729,1447,17210,13843
733,1454,17275,13835
730,1439,17278,13871
730,1447,17196,13779
727,1447,17190,13808
728,1425,17190,13819
728,1449,17197,13788
736,1439,17371,13925
726,1454,17157,13732
729,1441,17231,13821
729,1451,17198,13810
730,1460,17186,13764
730,1438,17280,13918
729,1458,17180,13760
728,1441,17226,13829
728,1462,17181,13784
727,1442,17184,13809
730,1432,17258,13875
726,1447,17119,13740
728,1442,17213,13849
728,1449,17203,13821
728,1445,17205,13806
728,1419,17237,13861
727,1465,17102,13696
729,1439,17224,13856
728,1448,17191,13827
726,1450,17156,13755
730,1431,17273,13876
728,1472,17134,13713
729,1434,17274,13868
729,1433,17218,13815
728,1441,17172,13792
727,1444,17183,13820
725,1455,17113,13721
734,1444,17330,13887
727,1445,17187,13796
729,1452,17226,13844
727,1445,17212,13844
724,1458,17040,13658
731,1433,17294,13912
728,1442,17184,13828
729,1439,17224,13820
728,1438,17181,13826
727,1446,17157,13760
735,1451,17306,13896
727,1438,17177,13812
730,1442,17238,13849
737,1461,17353,13905
726,1462,17136,13721
733,1432,17364,13950
741,1450,17480,14049
728,1451,17165,13793
729,1433,17222,13858
727,1453,17196,13792
730,1440,17300,13896
730,1449,17176,13765
727,1454,17171,13777
728,1446,17207,13819
727,1453,17145,13758
730,1442,17267,13889
725,1441,17104,13749
728,1453,17191,13781
727,1421,17213,13840
728,1456,17169,13752
731,1429,17282,13909
727,1450,17150,13783
729,1442,17191,13789
728,1446,17210,13835
728,1438,17187,13795
738,1462,17428,13959
727,1449,17135,13757
728,1443,17186,13802
727,1452,17194,13815
727,1463,17181,13779
731,1430,17314,13914
726,1452,17121,13748
730,1458,17201,13767
729,1465,17198,13805
727,1454,17145,13761
730,1434,17250,13873
726,1454,17113,13729
730,1445,17259,13865
727,1443,17186,13796
728,1450,17177,13816
728,1436,17199,13822
726,1436,17119,13744
730,1442,17267,13877
727,1444,17184,13806
728,1439,17197,13788
731,1436,17281,13859
725,1442,17089,13729
729,1437,17242,13859
727,1443,17172,13799
728,1442,17191,13806
730,1434,17287,13871
726,1451,17091,13687
731,1440,17281,13882
729,1444,17206,13833
727,1453,17175,13815
728,1448,17212,13819
725,1475,17059,13663
731,1439,17299,13888
729,1442,17232,13836
727,1441,17204,13826
729,1431,17234,13855
725,1454,17079,13698
730,1428,17273,13882
727,1452,17189,13781
729,1437,17231,13836
729,1449,17264,13868
729,1458,17111,13733
729,1429,17237,13872
726,1455,17141,13766
730,1455,17235,13820
728,1444,17221,13826
725,1458,17089,13723
731,1431,17292,13896
725,1446,17133,13741
727,1460,17154,13784
727,1458,17139,13759
727,1450,17150,13767
732,1431,17320,13897
726,1462,17125,13738
728,1458,17196,13815
733,1447,17272,13851
728,1440,17186,13819
731,1440,17292,13883
726,1446,17123,13741
728,1444,17207,13818
730,1437,17254,13839
727,1450,17160,13765
730,1438,17297,13926
726,1446,17106,13715
728,1449,17199,13801
730,1440,17240,13826
728,1463,17173,13762
730,1432,17294,13911
729,1458,17151,13742
728,1448,17183,13812
728,1452,17194,13796
730,1448,17186,13799
731,1446,17290,13890
725,1455,17095,13698
729,1427,17238,13857
727,1453,17180,13794
727,1448,17156,13795
729,1440,17238,13866
726,1462,17131,13746
729,1433,17270,13864
728,1441,17245,13837
727,1446,17171,13789
728,1431,17220,13841
724,1448,17081,13726
730,1436,17285,13877
728,1446,17224,13828
728,1447,17154,13778
729,1430,17245,13845
725,1446,17095,13723
731,1448,17243,13857
729,1445,17189,13803
727,1446,17155,13811
730,1453,17240,13820
727,1451,17146,13751
730,1435,17257,13874
729,1432,17218,13849
728,1441,17184,13823
731,1429,17272,13876
724,1458,17085,13683
731,1440,17293,13891
728,1447,17206,13793
728,1442,17184,13803
729,1436,17235,13856
729,1444,17174,13766
731,1426,17306,13906
726,1455,17146,13721
728,1443,17176,13791
729,1446,17233,13829
727,1450,17159,13779
730,1426,17277,13903
736,1464,17303,13883
741,1454,17452,14021
737,1440,17417,13988
728,1446,17192,13815
735,1445,17349,13920
727,1453,17148,13749
728,1449,17194,13816
729,1446,17213,13811
725,1461,17135,13759
731,1435,17312,13894
727,1467,17185,13778
730,1461,17212,13822
728,1447,17179,13788
728,1445,17172,13798
730,1430,17297,13907
726,1458,17158,13767
728,1462,17202,13826
728,1443,17172,13783
728,1445,17180,13786
729,1439,17226,13838
725,1459,17063,13671
728,1449,17207,13832
728,1456,17215,13821
727,1451,17159,13764
728,1425,17213,13818
723,1458,17070,13695
729,1436,17211,13855
727,1445,17203,13816
727,1448,17174,13783
728,1448,17256,13850
726,1440,17119,13724
728,1437,17222,13837
728,1434,17188,13818
727,1453,17176,13798
729,1444,17225,13806
724,1449,17098,13707
730,1431,17271,13891
728,1440,17220,13824
727,1450,17163,13773
728,1438,17202,13836
726,1447,17110,13741
730,1425,17281,13909
729,1444,17241,13821
727,1454,17173,13809
728,1443,17200,13800
725,1449,17095,13722
729,1437,17234,13850
727,1440,17156,13757
727,1450,17192,13800
728,1450,17209,13811
725,1459,17124,13701
731,1438,17291,13913
727,1456,17145,13766
727,1436,17155,13795
729,1438,17237,13853
727,1445,17157,13746
731,1451,17258,13848
727,1467,17145,13744
733,1457,17233,13832
728,1439,17178,13806
726,1445,17133,13750
731,1444,17255,13866
726,1449,17134,13736
728,1445,17196,13810
729,1427,17255,13870
727,1460,17135,13736
732,1433,17291,13929
726,1460,17148,13757
728,1439,17192,13813
728,1438,17232,13814
733,1459,17266,13805
730,1438,17265,13889
726,1443,17127,13753
727,1449,17149,13758
735,1454,17319,13872
727,1456,17153,13766
730,1423,17266,13889
727,1454,17137,13715
730,1442,17241,13843
732,1473,17232,13823
727,1454,17148,13749
729,1432,17229,13863
724,1426,17130,13733
729,1447,17230,13810
729,1442,17217,13845
727,1461,17145,13768
729,1443,17237,13868
726,1464,17100,13684
730,1438,17264,13885
734,1441,17288,13839
727,1451,17168,13760
729,1448,17247,13863
724,1467,17076,13703
730,1437,17272,13892
732,1452,17262,13827
727,1434,17186,13790
728,1431,17241,13849
727,1463,17108,13685
731,1440,17288,13902
739,1449,17418,13981
740,1443,17473,14047
728,1434,17214,13850
725,1476,17087,13667
730,1443,17256,13852
729,1439,17201,13819
727,1443,17186,13799
730,1450,17188,13798
726,1458,17139,13763
730,1442,17251,13846
727,1444,17207,13815
729,1445,17233,13806
728,1440,17217,13851
727,1447,17145,13753
732,1442,17283,13873
727,1452,17172,13777
727,1460,17182,13788
728,1430,17186,13803
727,1441,17161,13767
729,1429,17248,13863
726,1469,17134,13738
736,1463,17308,13896
731,1455,17225,13814
728,1445,17184,13763
730,1430,17283,13907
726,1449,17127,13731
728,1447,17203,13822
731,1442,17223,13826
728,1447,17176,13789
730,1429,17272,13876
726,1457,17167,13765
728,1448,17207,13795
729,1430,17204,13834
728,1446,17188,13812
730,1436,17267,13884
725,1463,17106,13718
730,1464,17237,13840
727,1451,17160,13778
728,1449,17214,13818
730,1446,17262,13861
724,1458,17084,13704
729,1443,17222,13847
728,1446,17196,13815
728,1444,17187,13767
729,1436,17256,13884
723,1449,17051,13687
729,1432,17239,13861
726,1448,17155,13786
727,1451,17158,13783
728,1445,17222,13821
726,1449,17142,13733
730,1436,17293,13886
727,1446,17170,13798
726,1459,17128,13752
728,1436,17205,13841
725,1450,17112,13714
731,1439,17273,13843
728,1457,17177,13793
729,1447,17231,13843
730,1452,17216,13804
724,1448,17063,13672
729,1445,17238,13841
728,1454,17176,13785
728,1454,17211,13790
733,1445,17274,13851
724,1456,17085,13701
730,1439,17235,13832
730,1454,17205,13816
728,1437,17198,13809
731,1450,17248,13840
727,1447,17153,13743
740,1451,17449,13989
728,1448,17151,13746
727,1438,17160,13798
727,1436,17195,13820
728,1464,17154,13732
731,1436,17304,13891
727,1447,17128,13748
727,1449,17183,13794
728,1451,17182,13779
729,1460,17152,13767
730,1432,17264,13897
727,1448,17137,13736
728,1449,17206,13793
729,1438,17216,13819
728,1454,17147,13772
730,1433,17265,13882
726,1444,17109,13732
729,1439,17230,13836
727,1452,17196,13804
730,1462,17212,13785
730,1415,17301,13905
726,1453,17115,13749
729,1475,17188,13817
727,1459,17169,13790
728,1454,17181,13771
730,1440,17298,13887
726,1461,17124,13752
728,1445,17184,13794
729,1451,17181,13789
728,1452,17156,13800
730,1439,17260,13890
727,1469,17134,13744
730,1436,17262,13850
727,1450,17181,13792
728,1440,17202,13828
731,1442,17289,13899
737,1469,17314,13900
740,1446,17447,14006
727,1455,17186,13784
729,1444,17198,13804
729,1443,17270,13867
724,1470,17063,13670
729,1442,17242,13858
729,1447,17236,13855
731,1461,17226,13795
728,1439,17260,13848
724,1462,17074,13671
732,1430,17295,13880
729,1452,17210,13827
730,1449,17210,13807
728,1451,17194,13828
724,1453,17067,13682
731,1427,17306,13897
730,1433,17234,13822
728,1442,17165,13777
728,1446,17207,13813
725,1464,17084,13701
731,1437,17262,13856
728,1456,17201,13822
728,1459,17220,13816
730,1438,17267,13848
727,1443,17140,13755
730,1433,17253,13884
726,1450,17128,13761
727,1440,17188,13794
738,1456,17376,13926
725,1462,17098,13717
731,1433,17295,13908
728,1466,17145,13742
728,1444,17172,13786
732,1429,17314,13888
728,1468,17154,13745
729,1450,17276,13871
727,1451,17138,13761
729,1444,17205,13801
729,1450,17219,13843
727,1464,17139,13773
731,1431,17307,13921
726,1454,17127,13736
730,1455,17211,13820
729,1441,17247,13823
727,1457,17160,13769
732,1411,17288,13908
726,1442,17109,13731
728,1445,17211,13808
728,1448,17197,13785
727,1439,17164,13789
730,1433,17279,13883
726,1458,17137,13744
729,1451,17208,13830
727,1441,17177,13814
726,1441,17148,13772
729,1436,17256,13852
728,1447,17182,13787
729,1441,17230,13849
727,1445,17183,13814
732,1470,17193,13804
728,1435,17226,13841
726,1444,17122,13733
728,1439,17244,13845
729,1444,17265,13865
727,1465,17164,13771
728,1439,17211,13830
724,1453,17071,13707
729,1445,17237,13822
729,1435,17242,13853
728,1435,17204,13810
730,1450,17259,13849
724,1472,17041,13662
731,1439,17254,13878
728,1444,17190,13821
728,1458,17172,13796
729,1441,17264,13863
724,1451,17062,13682
734,1451,17309,13892
728,1442,17200,13820
728,1456,17189,13805
728,1444,17215,13817
725,1460,17093,13712
731,1431,17295,13895
730,1465,17221,13777
728,1441,17194,13821
730,1448,17245,13880
725,1457,17092,13711
732,1451,17288,13858
728,1454,17190,13758
727,1445,17167,13794
728,1439,17193,13811
727,1445,17155,13776
730,1437,17241,13860
725,1459,17112,13728
727,1441,17162,13789
728,1444,17205,13820
727,1442,17162,13769
730,1436,17275,13885
726,1461,17131,13730
723,1437,17103,13770
729,1435,17237,13848
727,1444,17191,13801
730,1431,17313,13920
727,1459,17151,13749
727,1405,17182,13800
728,1432,17197,13817
726,1439,17134,13780
731,1434,17325,13937
725,1456,17123,13721
730,1434,17253,13878
740,1459,17450,14009
740,1439,17479,14065
739,1436,17430,14003
726,1453,17063,13709
728,1440,17184,13817
729,1436,17231,13823
726,1455,17134,13754
733,1462,17275,13856
725,1455,17083,13690
728,1430,17218,13861
728,1465,17195,13768
726,1454,17153,13771
729,1432,17274,13880
726,1449,17140,13712
730,1433,17259,13879
735,1463,17293,13876
727,1447,17145,13768
729,1437,17234,13821
725,1457,17114,13700
730,1440,17268,13877
728,1451,17203,13821
726,1455,17153,13767
730,1449,17206,13804
724,1470,17083,13708
729,1449,17216,13816
728,1439,17216,13828
728,1447,17171,13769
729,1439,17224,13829
724,1453,17085,13696
729,1426,17234,13871
728,1444,17197,13818
729,1444,17222,13830
728,1439,17210,13839
726,1450,17153,13741
730,1436,17254,13877
726,1453,17142,13785
729,1434,17207,13837
738,1449,17400,13956
728,1456,17166,13732
730,1435,17255,13882
726,1440,17135,13739
728,1437,17181,13806
728,1440,17200,13837
727,1455,17147,13793
731,1435,17283,13900
726,1442,17152,13754
729,1428,17259,13878
729,1431,17214,13838
727,1446,17143,13774
730,1442,17266,13878
727,1448,17149,13751
726,1463,17137,13737
728,1435,17223,13818
727,1449,17177,13758
732,1432,17308,13924
727,1462,17120,13728
730,1444,17226,13841
733,1456,17276,13829
727,1456,17166,13759
729,1438,17255,13879
726,1450,17111,13740
728,1449,17185,13812
728,1440,17181,13799
727,1452,17157,13779
729,1422,17239,13859
727,1444,17184,13804
729,1444,17228,13837
727,1441,17171,13777
729,1444,17213,13822
732,1451,17259,13851
725,1453,17106,13715
729,1440,17244,13839
732,1442,17275,13823
728,1443,17198,13796
734,1439,17278,13852
725,1455,17094,13708
736,1446,17327,13920
737,1463,17371,13913
729,1448,17210,13776
728,1448,17216,13816
724,1464,17091,13683
731,1439,17252,13858
730,1453,17216,13810
727,1448,17153,13772
728,1443,17205,13829
726,1461,17098,13676
729,1437,17240,13851
728,1433,17212,13837
728,1443,17200,13822
730,1440,17222,13827
727,1455,17138,13739
730,1431,17279,13897
726,1453,17171,13768
729,1457,17229,13836
729,1444,17206,13816
726,1446,17111,13742
728,1436,17229,13863
725,1461,17101,13716
728,1439,17220,13828
731,1440,17218,13850
728,1449,17176,13786
729,1426,17255,13887
726,1464,17102,13726
728,1443,17190,13813
730,1445,17213,13808
728,1457,17211,13802
730,1444,17261,13883
725,1468,17119,13746
724,1439,17152,13803
725,1442,17147,13784
730,1447,17237,13838
738,1438,17417,13984
727,1449,17151,13732
725,1439,17171,13782
728,1438,17191,13827
727,1448,17125,13764
730,1431,17266,13887
731,1448,17203,13771
729,1443,17226,13809
727,1448,17165,13785
727,1456,17168,13789
729,1432,17253,13883
727,1460,17143,13736
729,1442,17237,13860
727,1459,17160,13773
727,1448,17164,13779
729,1449,17232,13828
724,1466,17087,13693
728,1449,17209,13816
732,1447,17239,13831
727,1449,17171,13770
730,1439,17292,13902
725,1465,17111,13701
730,1448,17285,13881
728,1450,17180,13791
727,1445,17137,13769
729,1445,17244,13871
724,1463,17091,13692
730,1437,17280,13879
728,1435,17175,13801
728,1449,17191,13808
728,1443,17198,13819
725,1458,17094,13704
732,1454,17256,13861
727,1433,17175,13816
728,1438,17213,13799
728,1448,17227,13826
723,1462,17045,13669
729,1439,17237,13862
727,1433,17179,13811
727,1444,17188,13791
729,1447,17228,13847
725,1454,17131,13731
730,1434,17276,13860
725,1449,17129,13739
727,1444,17162,13786
728,1449,17225,13861
728,1449,17156,13737
730,1441,17277,13861
725,1456,17111,13726
728,1452,17222,13821
728,1458,17172,13780
730,1447,17163,13798
730,1437,17265,13875
725,1459,17104,13717
731,1443,17318,13910
738,1442,17391,13942
727,1449,17151,13751
731,1422,17318,13929
725,1445,17101,13721
731,1457,17256,13867
729,1443,17185,13775
726,1447,17171,13774
731,1435,17307,13894
725,1453,17086,13709
726,1455,17116,13755
727,1432,17188,13814
728,1444,17191,13789
731,1433,17310,13899
727,1474,17161,13739
729,1437,17220,13839
727,1437,17173,13797
727,1460,17144,13763
729,1446,17218,13834
722,1450,17025,13692
729,1440,17247,13841
727,1439,17169,13765
726,1459,17151,13762
729,1441,17229,13854
725,1467,17076,13702
730,1444,17241,13833
730,1452,17227,13811
727,1446,17177,13780
728,1437,17225,13822
725,1461,17096,13697
730,1437,17245,13867
727,1447,17199,13820
726,1459,17162,13797
728,1444,17203,13809
724,1455,17082,13688
730,1432,17262,13878
728,1459,17196,13812
727,1451,17153,13775
727,1439,17189,13798
723,1462,17045,13658
732,1439,17310,13912
728,1448,17198,13815
729,1440,17193,13789
728,1434,17213,13832
724,1469,17078,13696
730,1439,17271,13883
727,1452,17165,13763
730,1439,17250,13865
729,1445,17248,13816
725,1462,17113,13730
728,1424,17197,13833
725,1447,17123,13757
729,1440,17243,13849
733,1460,17287,13857
726,1452,17125,13739
730,1425,17295,13911
726,1451,17112,13733
729,1447,17209,13827
728,1443,17223,13850
725,1453,17113,13729
731,1432,17290,13859
727,1459,17140,13740
728,1454,17135,13723
729,1451,17200,13828
726,1450,17121,13735
729,1424,17270,13888
726,1445,17154,13760
726,1462,17149,13742
728,1451,17226,13838
726,1459,17138,13748
731,1428,17303,13926
725,1451,17088,13690
728,1441,17185,13789
727,1453,17202,13802
727,1438,17156,13780
729,1431,17267,13877
724,1461,17087,13725
729,1435,17208,13832
728,1431,17175,13799
727,1454,17168,13796
731,1439,17293,13882
723,1449,17071,13690
729,1435,17253,13891
730,1450,17207,13811
727,1437,17157,13773
730,1432,17274,13895
725,1460,17098,13720
730,1429,17274,13878
729,1446,17246,13840
727,1455,17165,13785
727,1433,17166,13844
726,1462,17105,13718
733,1447,17305,13860
729,1442,17233,13827
726,1442,17159,13779
729,1443,17215,13824
725,1459,17048,13665
730,1435,17237,13840
729,1438,17215,13828
727,1439,17171,13805
733,1459,17295,13840
726,1462,17105,13715
733,1445,17306,13875
729,1450,17213,13813
727,1461,17140,13769
729,1437,17243,13825
726,1459,17118,13726
730,1443,17293,13872
726,1444,17174,13766
727,1453,17173,13792
729,1447,17192,13800
726,1451,17104,13711
730,1427,17277,13880
726,1454,17145,13752
729,1437,17210,13836
736,1452,17375,13930
728,1460,17159,13754
730,1438,17277,13901
728,1461,17129,13720
728,1444,17195,13816
732,1450,17278,13861
726,1438,17137,13759
731,1429,17305,13918
727,1449,17137,13727
726,1442,17131,13751
731,1448,17257,13819
727,1463,17173,13780
731,1432,17317,13909
728,1445,17175,13760
731,1451,17227,13794
728,1435,17208,13824
737,1460,17327,13922
740,1445,17458,14013
727,1443,17181,13769
728,1442,17205,13821
729,1456,17214,13812
727,1445,17180,13799
730,1433,17231,13838
725,1470,17080,13696
729,1441,17232,13836
730,1446,17248,13851
728,1447,17156,13764
728,1449,17187,13799
724,1455,17079,13691
729,1434,17254,13880
729,1452,17199,13800
727,1468,17158,13766
728,1441,17224,13826
725,1451,17146,13730
730,1436,17253,13890
728,1447,17207,13827
727,1436,17171,13792
730,1442,17269,13860
724,1471,17100,13686
730,1438,17259,13889
729,1435,17239,13869
728,1453,17169,13782
729,1444,17232,13857
725,1469,17049,13662
731,1430,17275,13917
731,1433,17266,13849
728,1456,17201,13816
729,1442,17230,13844
725,1447,17089,13709
730,1420,17272,13897
728,1447,17191,13786
728,1443,17217,13825
731,1445,17246,13828
727,1463,17187,13734
729,1439,17237,13853
726,1442,17149,13789
733,1454,17256,13849
729,1448,17236,13830
727,1458,17162,13753
731,1426,17286,13921
726,1449,17155,13768
730,1461,17195,13799
729,1452,17198,13838
727,1456,17143,13732
730,1433,17273,13895
727,1457,17138,13724
727,1456,17156,13772
727,1448,17203,13814
727,1451,17163,13781
731,1425,17296,13918
726,1449,17111,13731
727,1453,17181,13789
729,1447,17254,13849
727,1442,17193,13792
731,1423,17304,13931
730,1445,17167,13776
728,1449,17191,13809
728,1446,17193,13808
728,1452,17209,13799
729,1435,17254,13875
725,1467,17125,13736
736,1451,17325,13896
727,1444,17176,13810
726,1448,17118,13744
728,1439,17223,13849
726,1463,17135,13713
733,1422,17341,13946
731,1439,17223,13802
726,1464,17137,13757
729,1430,17253,13893
725,1447,17104,13710
730,1435,17280,13878
727,1457,17191,13790
728,1454,17218,13814
725,1417,17159,13785
724,1456,17072,13695
730,1427,17283,13897
728,1453,17206,13823
727,1461,17146,13747
729,1443,17206,13836
724,1467,17072,13667
730,1429,17270,13881
734,1466,17274,13855
726,1451,17141,13753
728,1427,17226,13863
730,1451,17195,13762
730,1424,17257,13872
732,1462,17239,13821
728,1443,17174,13789
729,1440,17208,13841
728,1467,17143,13712
730,1438,17258,13879
727,1448,17174,13758
736,1459,17325,13890
740,1442,17428,13992
740,1446,17477,14075
736,1438,17401,13996
734,1451,17313,13894
742,1443,17549,14088
728,1440,17210,13839
727,1455,17175,13775
730,1439,17251,13857
726,1444,17111,13743
727,1449,17150,13771
728,1439,17202,13816
728,1453,17177,13764
732,1434,17294,13893
726,1456,17129,13748
726,1457,17142,13753
728,1452,17165,13801
724,1463,17091,13713
732,1425,17341,13953
726,1450,17146,13736
727,1459,17189,13777
728,1464,17163,13774
728,1454,17181,13797
730,1423,17259,13848
725,1436,17107,13690
729,1456,17212,13813
727,1454,17166,13773
727,1446,17169,13791
729,1429,17242,13863
726,1453,17097,13701
728,1448,17207,13830
728,1436,17179,13794
728,1450,17200,13785
728,1453,17200,13815
724,1462,17065,13689
729,1440,17226,13842
728,1434,17177,13787
728,1440,17188,13792
728,1449,17232,13839
733,1468,17250,13796
739,1451,17414,13961
729,1439,17205,13795
728,1452,17195,13826
729,1441,17205,13819
730,1468,17153,13717
729,1433,17266,13879
739,1457,17420,13981
742,1453,17547,14113
730,1430,17270,13881
737,1482,17329,13898
738,1443,17384,13977
729,1439,17201,13810
728,1452,17206,13806
728,1444,17191,13800
726,1455,17130,13754
729,1438,17240,13869
733,1456,17251,13844
727,1463,17165,13763
728,1433,17217,13837
728,1444,17194,13778
731,1419,17310,13910
725,1464,17116,13731
727,1453,17159,13778
727,1448,17180,13816
727,1448,17170,13769
731,1418,17311,13917
725,1461,17107,13716
727,1447,17168,13779
729,1426,17234,13852
725,1450,17127,13737
731,1439,17306,13934
740,1459,17437,14018
728,1449,17202,13799
728,1431,17202,13822
727,1451,17156,13777
730,1439,17286,13911
725,1458,17087,13712
726,1431,17190,13809
729,1459,17217,13807
727,1446,17178,13793
730,1420,17290,13912
725,1455,17101,13717
730,1445,17198,13791
727,1442,17185,13798
727,1453,17161,13767
728,1433,17241,13857
723,1448,17084,13721
730,1442,17247,13861
727,1454,17159,13786
728,1450,17184,13798
739,1445,17413,13986
731,1468,17187,13778
730,1447,17262,13836
728,1458,17200,13801
729,1441,17159,13782
728,1446,17195,13812
730,1461,17161,13738
730,1453,17243,13824
729,1434,17238,13849
727,1455,17153,13749
730,1444,17251,13846
724,1469,17062,13678
729,1430,17234,13871
729,1449,17183,13796
725,1446,17163,13742
730,1444,17249,13852
725,1454,17087,13713
729,1439,17243,13860
728,1435,17210,13833
729,1481,17203,13830
731,1457,17246,13823
725,1461,17074,13719
730,1434,17277,13888
728,1432,17212,13830
727,1452,17182,13802
727,1450,17198,13825
725,1463,17081,13700
730,1429,17263,13867
726,1446,17143,13758
728,1441,17212,13816
727,1452,17210,13811
727,1445,17163,13798
732,1446,17267,13870
725,1437,17114,13741
728,1446,17225,13830
728,1438,17231,13822
727,1443,17148,13775
731,1434,17314,13911
725,1457,17104,13727
727,1449,17157,13793
731,1451,17223,13817
727,1434,17147,13783
732,1433,17332,13907
725,1461,17121,13735
727,1453,17151,13769
727,1447,17176,13817
725,1434,17114,13734
732,1428,17351,13942
725,1460,17118,13737
729,1447,17234,13831
728,1442,17212,13788
728,1458,17158,13752
729,1435,17241,13860
727,1460,17128,13734
729,1445,17215,13821
731,1455,17248,13820
726,1458,17149,13763
729,1447,17228,13842
729,1461,17180,13758
729,1431,17231,13861
728,1446,17172,13778
727,1450,17125,13757
728,1460,17218,13807
725,1460,17100,13705
729,1441,17227,13847
728,1446,17205,13810
726,1461,17143,13772
727,1428,17243,13862
725,1455,17120,13738
731,1447,17282,13861
729,1451,17227,13801
728,1450,17189,13801
728,1446,17170,13803
723,1450,17053,13682
730,1428,17281,13888
730,1452,17249,13834
727,1443,17147,13779
729,1448,17224,13821
727,1468,17123,13737
730,1441,17244,13844
729,1443,17236,13862
728,1449,17177,13821
729,1436,17256,13830
726,1447,17126,13750
729,1441,17244,13871
725,1425,17131,13750
728,1436,17192,13825
729,1438,17235,13833
724,1456,17109,13718
731,1441,17279,13856
727,1453,17159,13746
730,1426,17249,13866
734,1458,17294,13862
725,1460,17108,13736
730,1440,17297,13921
726,1440,17141,13740
727,1435,17187,13813
728,1432,17227,13854
727,1449,17174,13810
732,1435,17270,13886
725,1450,17115,13748
726,1446,17163,13791
729,1449,17254,13868
728,1458,17155,13767
731,1420,17284,13904
728,1434,17173,13802
727,1450,17156,13764
736,1454,17349,13900
729,1464,17180,13781
730,1422,17295,13894
739,1452,17430,13988
738,1446,17451,14043
727,1452,17175,13804
727,1456,17154,13781
732,1443,17289,13860
726,1452,17125,13722
738,1456,17380,13949
742,1454,17503,14069
728,1439,17193,13809
729,1439,17217,13832
724,1456,17064,13698
728,1435,17208,13849
728,1449,17213,13802
727,1437,17161,13795
728,1458,17176,13805
724,1463,17082,13706
729,1438,17220,13841
728,1451,17196,13790
727,1440,17178,13796
728,1435,17213,13828
726,1465,17121,13725
729,1439,17251,13874
732,1460,17253,13840
727,1435,17163,13787
729,1446,17243,13832
725,1461,17110,13709
731,1429,17278,13893
729,1433,17225,13818
732,1450,17297,13916
733,1457,17269,13855
727,1451,17114,13734
730,1427,17266,13884
727,1459,17183,13774
729,1439,17225,13835
730,1451,17211,13813
726,1454,17104,13719
731,1431,17270,13916
726,1452,17179,13745
727,1445,17172,13792
728,1451,17215,13804
727,1439,17185,13793
731,1432,17285,13909
729,1449,17160,13758
728,1439,17176,13827
728,1431,17205,13826
728,1449,17226,13817
734,1445,17313,13886
727,1449,17155,13751
728,1447,17182,13783
729,1455,17195,13810
726,1456,17127,13760
731,1421,17310,13945
726,1462,17134,13733
728,1449,17172,13773
728,1429,17217,13816
727,1445,17156,13794
730,1428,17260,13896
727,1461,17128,13714
728,1446,17200,13803
728,1453,17206,13802
727,1459,17175,13770
730,1437,17287,13896
742,1459,17385,13936
740,1446,17445,14019
739,1464,17422,13971
742,1457,17449,13997
739,1459,17503,14104
725,1458,17098,13685
730,1439,17248,13868
733,1459,17264,13851
732,1459,17218,13814
730,1446,17233,13832
726,1456,17123,13720
733,1456,17279,13863
728,1445,17186,13817
727,1442,17166,13790
731,1458,17246,13876
725,1452,17083,13676
729,1447,17262,13863
727,1448,17192,13784
730,1440,17259,13854
728,1434,17195,13810
724,1472,17064,13684
729,1443,17209,13835
728,1434,17223,13833
728,1451,17217,13809
728,1441,17217,13835
726,1458,17141,13750
730,1431,17255,13862
727,1442,17157,13803
729,1439,17213,13842
728,1452,17191,13807
727,1464,17171,13761
729,1439,17225,13853
728,1439,17194,13821
727,1453,17172,13792
727,1431,17175,13799
728,1456,17204,13811
730,1426,17260,13865
724,1451,17128,13728
728,1450,17216,13812
730,1456,17222,13855
730,1454,17178,13758
731,1437,17286,13904
726,1461,17147,13753
729,1449,17247,13839
736,1455,17328,13914
728,1457,17168,13746
731,1431,17320,13929
728,1455,17134,13733
727,1451,17142,13788
728,1443,17207,13825
727,1445,17171,13767
732,1434,17337,13949
726,1456,17118,13703
727,1449,17156,13784
728,1452,17179,13818
736,1463,17317,13874
732,1440,17289,13870
726,1440,17142,13757
728,1437,17220,13817
728,1443,17202,13812
727,1454,17160,13786
729,1439,17231,13865
735,1468,17300,13856
741,1442,17483,14043
741,1451,17523,14107
729,1455,17237,13846
732,1448,17258,13862
725,1454,17082,13700
728,1447,17205,13826
729,1453,17205,13806
728,1442,17174,13775
728,1428,17198,13863
724,1448,17077,13698
729,1437,17235,13867
729,1433,17207,13830
727,1444,17208,13835
730,1444,17233,13835
725,1464,17106,13691
730,1443,17268,13849
730,1434,17232,13859
725,1441,17146,13775
728,1428,17216,13839
723,1463,17074,13671
731,1425,17316,13912
727,1446,17180,13812
727,1448,17160,13775
729,1433,17216,13828
724,1455,17082,13708
729,1446,17224,13856
726,1445,17143,13772
729,1452,17211,13802
729,1439,17197,13803
726,1468,17141,13752
728,1433,17233,13841
727,1448,17131,13775
728,1442,17201,13806
729,1454,17227,13824
726,1455,17160,13757
731,1430,17319,13935
736,1462,17290,13863
727,1446,17169,13799
731,1446,17232,13833
727,1454,17163,13769
731,1432,17312,13903
726,1457,17140,13762
728,1453,17193,13801
727,1459,17176,13784
728,1455,17169,13814
744,1457,17579,14164
740,1437,17474,14074
726,1446,17151,13754
727,1458,17190,13806
726,1446,17135,13752
730,1427,17309,13931
738,1470,17368,13948
739,1469,17392,13942
741,1458,17480,14033
736,1436,17389,13963
737,1436,17448,14025
735,1454,17337,13921
729,1447,17231,13849
727,1432,17157,13801
726,1458,17167,13750
731,1441,17277,13857
729,1457,17134,13727
731,1443,17251,13849
730,1442,17194,13783
726,1451,17121,13754
728,1445,17181,13794
725,1460,17109,13729
730,1437,17283,13874
729,1458,17215,13813
736,1445,17453,13868
729,1430,17249,13868
729,1452,17226,13756
730,1430,17268,13885
729,1440,17228,13829
739,1447,17525,13883
742,1453,17620,13957
736,1456,17361,13819
739,1442,17512,13925
734,1431,17422,13898
737,1456,17504,13911
741,1435,17589,13965
735,1459,17397,13821
741,1442,17599,13970
737,1444,17487,13911
739,1442,17525,13938
739,1436,17519,13947
737,1457,17429,13858
742,1427,17662,14015
741,1465,17467,13862
738,1440,17505,13928
740,1442,17540,13939
734,1440,17393,13839
742,1434,17666,14057
739,1510,17501,13899
739,1444,17547,13941
742,1432,17573,13949
737,1450,17452,13865
736,1448,17540,13943
738,1454,17477,13897
740,1444,17545,13921
740,1454,17571,13941
738,1453,17520,13933
750,1433,17777,14109
737,1458,17431,13833
738,1435,17518,13953
739,1434,17541,13961
737,1451,17460,13903
742,1425,17687,14066
735,1455,17407,13825
738,1439,17508,13937
738,1445,17515,13937
741,1459,17501,13900
740,1422,17588,14012
744,1462,17546,13921
740,1429,17559,13945
739,1440,17563,13941
737,1439,17477,13919
738,1440,17531,13953
736,1453,17432,13851
740,1435,17580,13979
740,1439,17571,13971
740,1451,17505,13893
740,1440,17561,13966
736,1452,17424,13838
738,1429,17538,13967
738,1444,17495,13938
737,1430,17461,13909
740,1429,17632,14024
737,1450,17420,13813
738,1435,17534,13961
738,1444,17498,13924
737,1434,17495,13958
741,1433,17600,13983
733,1436,17332,13805
739,1434,17550,13956
739,1439,17523,13922
729,1446,17206,13837
740,1454,17455,13973
737,1445,17467,13864
730,1437,17279,13895
732,1434,17321,13895
739,1420,17558,13985
741,1461,17563,13939
729,1459,17195,13820
737,1452,17450,13857
731,1446,17277,13843
730,1432,17250,13861
733,1419,17358,13922
728,1457,17174,13794
741,1443,17552,13927
737,1451,17474,13900
738,1442,17493,13924
740,1461,17527,13911
731,1443,17276,13845
736,1423,17365,13968
734,1469,17319,13855
731,1446,17271,13863
740,1444,17577,14002
729,1441,17208,13823
737,1432,17449,14040
729,1462,17215,13777
731,1447,17271,13892
732,1428,17290,13889
730,1430,17271,13881
740,1438,17467,14047
731,1458,17241,13821
729,1447,17193,13818
732,1428,17309,13905
729,1433,17240,13848
740,1436,17482,14042
730,1447,17238,13859
732,1439,17278,13887
733,1437,17329,13928
731,1438,17281,13861
733,1429,17381,13956
731,1445,17269,13862
737,1434,17400,13974
733,1437,17321,13923
732,1440,17270,13868
735,1439,17422,14006
731,1449,17276,13865
746,1446,17606,14145
743,1435,17546,14094
735,1449,17357,13919
737,1440,17414,13985
732,1445,17297,13898
737,1433,17428,14027
740,1441,17480,14040
735,1430,17381,13967
735,1442,17434,14044
733,1437,17318,13905
737,1449,17440,14063
737,1455,17470,14058
736,1435,17426,14017
737,1441,17486,14066
737,1443,17404,13965
738,1460,17494,14095
739,1453,17501,14120
735,1458,17477,14099
738,1445,17489,14069
736,1433,17424,13999
746,1485,17752,14258
742,1478,17649,14223
751,1452,17854,14226
740,1468,17531,14127
738,1447,17450,14053
742,1477,17629,14231
741,1475,17605,14185
746,1482,17714,14285
744,1464,17635,14225
741,1456,17540,14123
744,1490,17663,14264
745,1467,17667,14231
748,1499,17789,14348
750,1504,17847,14388
747,1495,17737,14289
747,1493,17788,14372
746,1489,17698,14268
749,1494,17805,14380
751,1502,17879,14410
751,1500,17857,14381
751,1504,17875,14442
750,1501,17818,14369
757,1500,17964,14449
751,1504,17847,14423
751,1487,17841,14407
755,1498,17974,14509
752,1510,17910,14430
753,1508,17926,14473
757,1503,17981,14503
759,1501,18097,14543
759,1504,18046,14576
755,1510,17980,14509
764,1512,18164,14654
757,1501,18051,14554
757,1510,18042,14552
767,1500,18333,14676
759,1516,18074,14553
759,1510,18105,14632
764,1510,18157,14630
758,1508,18114,14605
761,1509,18174,14676
762,1516,18098,14585
759,1504,18110,14631
765,1529,18167,14651
758,1518,18069,14593
761,1515,18131,14647
758,1500,18115,14587
763,1499,18207,14718
760,1515,18125,14636
760,1516,18124,14650
759,1519,18124,14641
759,1517,18078,14567
762,1489,18201,14700
764,1514,18207,14651
757,1522,18113,14597
760,1509,18145,14660
760,1512,18058,14566
766,1510,18215,14702
759,1522,18128,14620
759,1520,18142,14629
758,1504,18061,14577
757,1506,18011,14519
760,1516,18137,14642
757,1518,17994,14526
756,1513,18015,14565
756,1512,18022,14552
757,1521,18027,14533
756,1499,18040,14561
752,1501,17902,14443
753,1507,17915,14474
754,1503,17922,14478
763,1502,18215,14562
760,1510,18162,14622
753,1511,17940,14448
751,1495,17875,14405
751,1505,17854,14417
753,1506,17924,14449
754,1514,17961,14517
750,1492,17880,14410
750,1496,17843,14375
750,1502,17819,14377
747,1496,17752,14302
753,1501,17915,14459
749,1500,17783,14366
749,1496,17798,14368
749,1502,17786,14355
749,1488,17793,14309
748,1492,17783,14362
746,1468,17678,14264
749,1500,17801,14349
751,1486,17791,14330
747,1484,17731,14283
747,1491,17757,14325
742,1473,17605,14191
752,1477,17815,14334
745,1486,17674,14232
745,1479,17654,14248
754,1485,17990,14388
751,1461,17742,14273
747,1474,17709,14254
742,1478,17618,14195
744,1452,17607,14156
744,1475,17648,14233
739,1439,17492,14071
742,1480,17615,14212
759,1485,18008,14410
746,1435,17690,14149
742,1458,17558,14159
752,1467,17789,14256
757,1503,18009,14471
757,1477,17919,14375
756,1485,17960,14408
740,1464,17539,14112
735,1444,17371,13937
741,1443,17545,14096
737,1440,17453,14063
735,1447,17409,14022
739,1455,17505,14080
735,1441,17382,13958
737,1446,17485,14070
735,1430,17385,13986
737,1434,17448,14048
735,1440,17421,14018
734,1441,17342,13953
738,1426,17437,14023
732,1443,17285,13898
733,1426,17364,13956
734,1430,17390,13975
732,1452,17282,13882
739,1442,17532,14066
728,1420,17287,13875
736,1433,17446,13959
735,1443,17385,13972
733,1433,17324,13928
739,1429,17508,14067
735,1442,17396,13915
736,1432,17444,13956
733,1418,17330,13957
732,1451,17283,13887
735,1453,17423,13998
732,1443,17300,13913
732,1443,17305,13893
733,1438,17332,13925
731,1432,17288,13916
733,1438,17377,13991
732,1451,17292,13871
730,1445,17262,13857
730,1429,17244,13867
736,1434,17444,13970
735,1433,17449,13997
730,1449,17247,13871
733,1433,17324,13930
730,1443,17258,13864
736,1430,17455,13878
732,1439,17367,13964
729,1437,17207,13819
735,1424,17415,13994
730,1440,17246,13867
731,1446,17281,13863
736,1450,17389,13933
728,1457,17147,13762
731,1431,17300,13909
733,1432,17348,13949
732,1438,17277,13884
730,1436,17245,13865
730,1463,17162,13749
734,1430,17375,13960
734,1439,17321,13901
732,1446,17310,13921
744,1442,17566,14131
742,1446,17481,14067
743,1426,17666,14049
748,1448,17706,14060
738,1412,17536,13912
732,1435,17325,13895
731,1463,17205,13776
736,1427,17485,14000
729,1431,17230,13862
743,1441,17626,13987
745,1449,17651,14020
738,1438,17484,13898
731,1439,17317,13923
739,1434,17481,13944
745,1441,17622,14009
738,1432,17524,13952
738,1448,17476,13897
742,1439,17605,14010
737,1462,17428,13830
729,1442,17239,13863
731,1441,17241,13837
737,1448,17453,13900
753,1440,17850,14206
749,1471,17706,14042
752,1442,17814,14129
755,1472,17971,14284
738,1443,17481,13914
742,1434,17633,14043
735,1442,17422,13893
737,1426,17507,13956
742,1423,17571,13961
740,1463,17510,13906
742,1434,17651,14060
737,1446,17472,13911
736,1439,17465,13926
739,1435,17532,13956
737,1438,17459,13913
743,1417,17640,14027
737,1440,17495,13888
738,1441,17500,13922
739,1460,17514,13911
729,1438,17234,13872
741,1447,17491,14047
742,1469,17473,13981
740,1455,17468,14003
730,1443,17245,13812
737,1464,17412,13814
730,1431,17267,13901
737,1458,17411,13813
737,1441,17490,13977
732,1444,17294,13868
728,1444,17190,13783
739,1435,17537,13918
727,1459,17103,13700
729,1443,17230,13832
728,1437,17208,13833
730,1454,17206,13814
729,1430,17276,13868
726,1463,17127,13738
731,1442,17272,13867
728,1439,17196,13813
727,1454,17160,13782
729,1443,17258,13858
728,1478,17143,13714
731,1434,17296,13900
730,1440,17290,13883
734,1460,17284,13843
728,1435,17227,13864
728,1451,17146,13759
731,1428,17314,13918
728,1435,17244,13846
728,1442,17195,13831
730,1444,17254,13870
729,1452,17161,13752
730,1426,17270,13881
728,1449,17157,13757
731,1444,17253,13882
730,1434,17240,13845
727,1461,17153,13770
730,1437,17277,13895
726,1440,17111,13733
728,1447,17197,13822
729,1445,17237,13839
728,1441,17187,13805
731,1424,17330,13920
726,1447,17158,13764
729,1455,17204,13826
728,1434,17204,13816
728,1454,17196,13802
727,1423,17291,13894
727,1445,17170,13777
729,1448,17208,13814
729,1449,17240,13846
727,1457,17146,13756
731,1426,17292,13925
725,1471,17091,13714
728,1441,17187,13829
729,1448,17237,13837
731,1461,17240,13856
732,1444,17295,13884
727,1453,17149,13750
730,1440,17227,13858
729,1447,17231,13830
726,1461,17150,13756
731,1436,17289,13891
730,1452,17217,13764
730,1430,17279,13903
729,1434,17214,13837
726,1461,17153,13770
735,1455,17349,13907
727,1458,17132,13720
731,1428,17329,13940
738,1450,17394,13956
727,1442,17143,13770
730,1425,17231,13854
726,1461,17098,13732
738,1430,17514,13964
750,1459,17743,14150
742,1451,17579,14125
737,1447,17357,13937
735,1472,17265,13816
731,1438,17251,13851
732,1439,17330,13854
732,1444,17292,13884
731,1439,17303,13859
725,1466,17110,13701
732,1428,17344,13900
734,1446,17349,13870
733,1441,17300,13834
730,1438,17240,13822
728,1460,17173,13757
729,1445,17225,13846
729,1458,17201,13744
