2723,10000
732,1435,17320,13932
731,1433,17268,13900
733,1424,17328,13930
742,1436,17503,14060
743,1445,17534,14113
732,1434,17324,13923
729,1441,17268,13867
731,1436,17302,13890
730,1453,17258,13858
730,1445,17230,13855
739,1438,17415,13999
729,1442,17228,13834
732,1437,17286,13871
730,1434,17282,13895
729,1451,17231,13854
732,1435,17316,13930
734,1458,17279,13837
729,1446,17236,13847
731,1442,17267,13897
730,1447,17251,13834
737,1438,17402,13976
729,1432,17224,13835
729,1447,17219,13830
731,1445,17287,13913
730,1447,17190,13813
733,1436,17370,13977
729,1448,17243,13837
730,1451,17272,13859
736,1439,17329,13914
730,1449,17201,13802
733,1428,17339,13941
729,1449,17252,13863
739,1444,17411,13967
744,1468,17589,14180
730,1436,17243,13817
731,1428,17316,13948
728,1448,17172,13788
735,1456,17311,13898
730,1435,17248,13878
731,1437,17270,13862
733,1428,17328,13915
727,1485,17159,13778
733,1428,17331,13950
730,1434,17249,13865
729,1452,17241,13847
733,1435,17320,13936
728,1454,17184,13766
733,1429,17362,13950
731,1433,17270,13891
730,1441,17269,13881
731,1437,17304,13928
728,1446,17185,13805
733,1425,17366,13951
731,1434,17279,13868
730,1449,17250,13863
731,1448,17292,13918
727,1450,17120,13732
733,1428,17335,13962
731,1444,17257,13859
726,1435,17244,13857
731,1441,17304,13901
726,1456,17117,13725
733,1428,17349,13959
731,1433,17292,13897
730,1452,17258,13852
730,1430,17270,13893
729,1449,17214,13796
734,1427,17381,13963
728,1443,17196,13805
731,1431,17294,13903
744,1453,17567,14125
738,1442,17461,14044
733,1424,17365,13959
728,1452,17159,13770
730,1440,17266,13880
731,1427,17276,13893
729,1432,17219,13823
733,1439,17338,13951
729,1437,17224,13853
731,1435,17286,13888
731,1426,17279,13891
730,1458,17213,13816
732,1429,17329,13939
729,1437,17210,13848
736,1453,17348,13859
732,1436,17313,13893
731,1444,17280,13889
733,1423,17394,13967
729,1440,17209,13832
731,1438,17275,13893
731,1443,17302,13904
728,1449,17211,13830
733,1417,17382,13973
729,1448,17218,13836
731,1441,17285,13883
731,1455,17256,13874
728,1445,17200,13836
734,1426,17341,13978
732,1435,17258,13848
732,1434,17319,13896
731,1436,17279,13905
729,1448,17221,13819
736,1431,17379,13959
728,1444,17155,13767
732,1433,17329,13932
731,1448,17292,13904
732,1440,17269,13837
729,1436,17303,13938
733,1462,17255,13830
732,1436,17288,13910
730,1441,17241,13872
731,1453,17274,13863
732,1440,17307,13874
727,1451,17146,13758
733,1434,17327,13932
731,1425,17274,13891
732,1420,17313,13940
731,1438,17275,13888
726,1455,17128,13735
733,1428,17360,13962
735,1464,17331,13899
730,1434,17260,13880
733,1426,17323,13956
728,1447,17168,13800
732,1421,17333,13943
730,1441,17277,13886
736,1458,17336,13888
731,1444,17319,13890
728,1459,17174,13802
732,1419,17308,13933
729,1447,17196,13804
730,1446,17298,13883
734,1438,17332,13920
728,1447,17210,13822
734,1430,17377,13982
742,1461,17505,14060
739,1441,17464,14045
732,1436,17324,13943
735,1456,17294,13869
735,1430,17389,13964
729,1450,17212,13822
728,1447,17204,13836
731,1435,17252,13857
729,1445,17230,13850
733,1424,17364,13952
736,1458,17329,13875
736,1464,17334,13885
732,1427,17345,13928
728,1438,17188,13827
734,1432,17373,13986
728,1450,17193,13814
731,1459,17254,13833
730,1433,17286,13893
729,1443,17231,13837
732,1420,17330,13953
726,1451,17206,13791
731,1433,17278,13897
729,1442,17227,13837
729,1452,17209,13848
732,1435,17322,13929
728,1450,17175,13791
732,1427,17319,13939
730,1433,17255,13871
731,1449,17270,13894
730,1446,17245,13843
727,1459,17180,13778
734,1431,17393,13980
731,1446,17310,13886
730,1438,17263,13869
733,1449,17261,13851
726,1451,17118,13741
734,1431,17401,13975
739,1458,17439,13982
731,1449,17220,13828
731,1438,17300,13912
728,1446,17162,13776
732,1430,17288,13913
730,1444,17260,13891
729,1450,17221,13850
731,1437,17326,13911
727,1468,17140,13728
731,1434,17311,13914
730,1436,17279,13906
731,1432,17253,13872
731,1430,17301,13901
728,1452,17214,13824
738,1456,17426,13972
731,1450,17255,13824
730,1433,17254,13877
731,1447,17270,13870
728,1448,17183,13788
733,1438,17346,13944
730,1461,17212,13796
731,1445,17252,13852
730,1433,17260,13872
728,1450,17206,13815
733,1437,17321,13931
732,1464,17234,13806
729,1436,17234,13853
732,1440,17314,13914
731,1459,17224,13817
733,1438,17355,13972
729,1443,17194,13788
731,1432,17253,13884
734,1462,17326,13891
729,1438,17207,13804
735,1431,17406,13999
732,1445,17266,13815
732,1458,17232,13818
733,1443,17288,13883
729,1443,17204,13842
733,1439,17386,13980
727,1454,17185,13771
730,1452,17236,13830
730,1442,17251,13853
729,1457,17228,13832
733,1432,17334,13964
726,1457,17139,13770
732,1425,17341,13958
730,1441,17253,13856
731,1447,17264,13881
732,1424,17337,13936
728,1464,17186,13793
732,1429,17299,13922
730,1446,17262,13870
729,1448,17231,13843
731,1449,17293,13881
728,1458,17177,13751
732,1427,17326,13953
729,1440,17239,13875
729,1442,17227,13843
731,1424,17289,13872
727,1454,17178,13778
732,1421,17319,13931
731,1436,17284,13887
730,1440,17263,13875
732,1434,17306,13947
735,1481,17268,13839
731,1422,17296,13906
732,1436,17338,13927
727,1444,17153,13836
730,1435,17250,13868
727,1447,17160,13765
731,1422,17275,13911
729,1436,17205,13857
731,1451,17292,13901
745,1434,17566,14111
743,1438,17569,14117
740,1473,17561,14153
728,1454,17188,13791
731,1451,17251,13849
729,1437,17267,13876
728,1445,17220,13825
738,1441,17429,13994
730,1457,17233,13825
730,1441,17251,13853
729,1435,17238,13858
729,1446,17202,13816
731,1421,17300,13928
729,1453,17240,13833
730,1444,17236,13837
731,1421,17287,13902
728,1444,17224,13836
733,1429,17346,13963
728,1447,17208,13808
731,1438,17261,13873
729,1435,17267,13857
730,1452,17266,13854
733,1429,17361,13981
727,1439,17141,13766
731,1438,17255,13870
731,1442,17290,13862
730,1455,17254,13855
732,1434,17329,13952
726,1446,17210,13814
731,1433,17275,13885
729,1450,17240,13856
729,1460,17196,13814
733,1430,17330,13947
729,1452,17192,13781
733,1431,17352,13955
741,1466,17476,14037
735,1449,17301,13883
732,1446,17334,13900
728,1448,17163,13745
732,1433,17343,13943
730,1448,17292,13886
734,1443,17283,13841
729,1418,17296,13900
730,1450,17171,13757
730,1433,17280,13928
730,1454,17268,13864
729,1411,17247,13819
734,1447,17322,13895
728,1469,17172,13763
742,1448,17474,14026
730,1433,17245,13869
729,1444,17231,13835
736,1428,17377,13954
726,1462,17150,13755
732,1429,17331,13937
730,1436,17259,13877
730,1436,17266,13863
731,1436,17259,13880
729,1457,17184,13777
732,1431,17304,13908
729,1443,17234,13830
731,1445,17284,13862
730,1424,17269,13889
728,1448,17181,13802
733,1422,17327,13955
729,1457,17215,13817
731,1438,17276,13875
731,1439,17283,13898
729,1450,17228,13833
732,1426,17335,13941
729,1445,17183,13793
729,1443,17256,13885
731,1444,17256,13862
729,1435,17241,13855
732,1423,17325,13950
730,1450,17235,13856
729,1448,17228,13836
730,1440,17230,13873
730,1439,17240,13836
734,1436,17381,13985
728,1464,17204,13779
730,1443,17268,13855
729,1440,17229,13858
730,1430,17240,13863
732,1431,17328,13931
726,1448,17149,13726
731,1444,17275,13866
729,1425,17236,13835
730,1447,17244,13859
732,1435,17328,13954
735,1477,17261,13824
735,1453,17354,13977
729,1438,17246,13866
729,1442,17250,13858
732,1428,17331,13933
732,1465,17204,13785
731,1425,17292,13895
730,1432,17251,13883
729,1448,17229,13816
729,1426,17268,13935
728,1456,17188,13772
731,1424,17325,13912
732,1441,17280,13880
731,1444,17259,13867
732,1451,17273,13875
728,1455,17159,13746
736,1437,17376,13941
730,1446,17263,13873
730,1440,17274,13877
731,1435,17271,13873
726,1451,17131,13744
732,1425,17297,13921
730,1447,17254,13873
730,1439,17228,13825
732,1432,17299,13904
728,1444,17170,13774
731,1429,17303,13939
728,1443,17188,13822
730,1450,17244,13848
732,1421,17315,13923
728,1458,17194,13771
732,1433,17361,13945
727,1453,17156,13784
731,1431,17286,13907
731,1433,17274,13917
728,1452,17200,13799
733,1424,17357,13950
730,1451,17233,13847
729,1442,17243,13830
732,1447,17308,13913
728,1453,17175,13800
733,1432,17363,13983
727,1459,17162,13769
732,1419,17296,13896
730,1449,17263,13873
729,1431,17214,13851
733,1421,17344,13964
728,1450,17204,13824
733,1452,17277,13848
731,1437,17284,13883
730,1449,17237,13803
733,1429,17373,13976
727,1439,17161,13775
729,1449,17217,13835
731,1441,17278,13901
730,1446,17238,13828
733,1428,17343,13917
729,1451,17207,13811
739,1455,17430,13994
732,1451,17243,13827
730,1434,17227,13844
730,1435,17271,13890
730,1448,17193,13805
738,1453,17420,13977
735,1456,17331,13897
728,1446,17194,13808
730,1430,17280,13910
727,1465,17127,13749
732,1433,17319,13925
730,1444,17261,13851
728,1441,17220,13815
732,1445,17341,13932
726,1462,17127,13744
731,1431,17289,13901
730,1452,17244,13873
730,1459,17236,13820
732,1441,17305,13885
727,1458,17142,13746
733,1433,17324,13912
730,1425,17282,13897
729,1430,17247,13859
729,1430,17247,13876
728,1454,17170,13766
740,1439,17458,14011
730,1419,17274,13890
731,1436,17267,13869
729,1442,17261,13873
728,1457,17173,13805
733,1434,17352,13972
729,1451,17218,13796
732,1447,17311,13923
731,1431,17301,13900
729,1440,17211,13831
731,1419,17317,13931
727,1450,17154,13768
732,1437,17338,13941
739,1449,17417,13969
728,1454,17189,13815
731,1419,17315,13914
729,1451,17228,13852
731,1440,17259,13857
730,1426,17250,13886
731,1451,17251,13877
732,1424,17361,13944
729,1453,17213,13819
731,1432,17279,13904
730,1441,17256,13851
730,1458,17216,13816
732,1434,17354,13973
729,1464,17204,13812
732,1440,17286,13861
734,1438,17350,13901
730,1464,17209,13824
744,1443,17568,14127
739,1461,17396,13955
745,1460,17614,14166
731,1439,17287,13871
728,1446,17191,13819
732,1432,17330,13947
736,1462,17292,13848
732,1437,17296,13902
729,1440,17234,13853
728,1452,17181,13813
733,1415,17366,13960
728,1451,17166,13754
732,1441,17304,13910
730,1445,17234,13842
728,1445,17177,13825
730,1440,17257,13858
726,1447,17149,13744
732,1442,17327,13912
731,1451,17301,13893
729,1446,17227,13842
731,1441,17268,13883
727,1465,17155,13759
731,1439,17321,13905
732,1439,17327,13920
729,1442,17224,13834
731,1442,17302,13912
727,1451,17138,13761
731,1435,17286,13909
730,1441,17238,13866
728,1443,17181,13781
731,1441,17318,13908
726,1465,17116,13744
734,1430,17386,13991
740,1444,17438,14003
741,1446,17430,13995
730,1443,17272,13865
728,1458,17198,13808
734,1428,17385,13975
729,1463,17200,13773
730,1446,17251,13877
734,1452,17318,13909
727,1455,17169,13790
733,1422,17352,13953
729,1452,17210,13784
730,1450,17261,13894
731,1446,17281,13898
735,1448,17301,13869
732,1423,17310,13934
728,1447,17174,13795
728,1451,17200,13806
731,1444,17303,13899
730,1433,17231,13852
739,1438,17440,14026
729,1455,17195,13799
729,1446,17206,13829
740,1451,17443,13999
730,1428,17234,13821
734,1437,17392,13978
728,1458,17214,13809
730,1438,17252,13876
729,1438,17224,13827
730,1436,17233,13853
737,1451,17405,13958
728,1448,17190,13805
733,1437,17303,13919
738,1459,17390,13960
729,1448,17217,13821
731,1439,17274,13888
727,1457,17149,13779
733,1440,17294,13879
730,1435,17268,13863
729,1444,17225,13821
728,1440,17293,13890
727,1444,17154,13777
731,1425,17297,13920
730,1443,17249,13864
730,1454,17252,13865
731,1425,17300,13931
728,1453,17193,13775
733,1439,17312,13908
731,1442,17255,13883
734,1459,17340,13868
731,1430,17284,13884
728,1445,17179,13773
733,1429,17312,13910
729,1451,17253,13852
731,1447,17279,13876
734,1439,17307,13895
729,1441,17185,13801
740,1453,17447,14012
731,1439,17291,13883
730,1433,17262,13870
731,1426,17274,13893
727,1451,17160,13774
732,1424,17300,13934
730,1454,17210,13797
731,1434,17287,13904
733,1434,17329,13913
729,1450,17243,13836
732,1428,17319,13944
731,1460,17203,13783
729,1439,17229,13874
730,1436,17282,13879
728,1452,17212,13819
732,1436,17315,13931
728,1453,17200,13816
730,1441,17230,13822
731,1438,17276,13895
735,1460,17292,13879
732,1427,17311,13932
730,1451,17247,13833
730,1440,17255,13847
734,1449,17313,13898
730,1445,17233,13851
741,1432,17453,14030
729,1442,17203,13791
730,1435,17258,13875
731,1435,17294,13891
730,1449,17242,13839
733,1431,17361,13982
735,1467,17282,13856
730,1437,17230,13842
731,1438,17292,13886
729,1439,17234,13854
733,1432,17309,13910
728,1454,17177,13777
732,1451,17298,13895
728,1451,17186,13823
731,1437,17251,13877
730,1426,17275,13897
729,1462,17244,13829
731,1440,17287,13887
730,1444,17233,13863
730,1440,17215,13824
730,1426,17252,13882
727,1455,17165,13772
731,1431,17301,13925
732,1423,17309,13910
731,1440,17284,13881
730,1436,17275,13899
726,1460,17103,13729
732,1438,17294,13927
730,1436,17274,13864
731,1424,17339,13915
731,1439,17288,13917
727,1462,17149,13732
731,1427,17312,13936
731,1429,17279,13904
731,1447,17243,13833
731,1443,17256,13880
727,1452,17149,13732
734,1424,17368,13980
729,1439,17207,13808
732,1434,17295,13922
733,1446,17270,13882
728,1449,17182,13788
732,1425,17335,13949
732,1453,17312,13839
730,1448,17259,13850
731,1427,17281,13897
728,1442,17198,13835
732,1417,17336,13942
729,1456,17219,13834
730,1454,17240,13832
739,1451,17400,13985
735,1470,17305,13869
732,1428,17316,13929
738,1463,17352,13916
734,1457,17294,13872
732,1456,17254,13854
730,1451,17263,13843
734,1429,17387,14002
727,1465,17164,13782
730,1446,17228,13839
730,1433,17238,13840
730,1447,17228,13827
738,1434,17428,13995
727,1450,17177,13798
731,1437,17267,13869
730,1424,17254,13871
729,1452,17204,13830
733,1436,17324,13932
729,1462,17195,13781
730,1433,17289,13858
730,1444,17231,13846
729,1447,17214,13808
731,1435,17289,13901
727,1454,17145,13778
732,1426,17306,13928
730,1437,17248,13855
730,1446,17248,13850
731,1434,17274,13895
728,1441,17171,13788
731,1439,17307,13905
729,1450,17226,13854
731,1453,17264,13873
734,1451,17340,13933
729,1448,17189,13771
730,1442,17314,13899
732,1445,17312,13916
730,1440,17260,13882
730,1434,17263,13888
728,1444,17169,13740
731,1437,17327,13925
730,1443,17241,13869
731,1436,17295,13883
730,1433,17289,13891
728,1459,17170,13786
737,1443,17377,13960
731,1440,17270,13865
732,1423,17322,13920
730,1441,17271,13872
729,1462,17206,13814
732,1424,17323,13944
729,1436,17204,13846
729,1445,17239,13870
731,1441,17302,13899
729,1458,17231,13805
732,1430,17334,13928
729,1446,17189,13792
731,1451,17264,13883
731,1439,17273,13861
729,1438,17225,13819
733,1428,17374,13965
732,1442,17249,13826
731,1440,17301,13900
730,1446,17255,13871
729,1437,17195,13820
733,1446,17371,14010
727,1455,17174,13794
731,1443,17274,13865
730,1447,17267,13865
730,1442,17241,13859
733,1422,17347,13963
732,1463,17220,13802
730,1441,17277,13870
731,1430,17303,13911
731,1458,17255,13839
733,1440,17381,13979
728,1465,17172,13783
728,1445,17206,13837
732,1422,17313,13950
730,1456,17233,13820
733,1432,17381,13975
732,1462,17242,13820
731,1439,17282,13889
729,1436,17245,13850
731,1438,17244,13870
733,1440,17303,13920
727,1462,17138,13773
734,1427,17396,13983
732,1454,17279,13884
730,1453,17206,13828
731,1442,17287,13902
727,1460,17144,13767
732,1433,17311,13912
731,1431,17312,13905
730,1455,17248,13841
732,1431,17325,13916
728,1455,17143,13738
732,1427,17309,13929
730,1444,17268,13904
729,1459,17228,13814
731,1436,17305,13904
727,1447,17145,13763
732,1438,17320,13909
731,1430,17279,13903
729,1439,17243,13865
733,1434,17329,13904
728,1445,17161,13770
738,1442,17424,13977
729,1446,17234,13830
738,1449,17387,13956
734,1446,17311,13885
728,1451,17181,13814
732,1435,17314,13898
734,1456,17277,13841
730,1451,17255,13839
731,1418,17344,13934
731,1443,17218,13798
735,1439,17353,13951
732,1458,17238,13817
730,1432,17271,13894
737,1455,17384,13933
728,1457,17197,13823
733,1425,17371,13978
727,1442,17178,13802
730,1432,17247,13871
732,1439,17290,13895
730,1444,17237,13863
734,1434,17368,13959
732,1456,17239,13816
728,1429,17223,13842
730,1445,17270,13874
729,1439,17208,13841
734,1441,17393,13999
728,1446,17209,13806
730,1442,17260,13842
731,1434,17284,13859
731,1446,17261,13882
732,1433,17319,13937
728,1467,17175,13765
733,1434,17338,13932
734,1448,17319,13885
730,1441,17241,13862
732,1423,17298,13920
728,1456,17184,13798
730,1441,17275,13895
731,1444,17258,13882
732,1443,17257,13843
732,1433,17330,13904
729,1466,17188,13787
732,1439,17311,13933
731,1432,17285,13897
729,1438,17219,13859
729,1421,17338,13929
736,1460,17303,13863
738,1445,17416,13965
731,1440,17313,13907
731,1452,17246,13859
730,1437,17260,13875
726,1461,17113,13741
733,1426,17336,13949
746,1460,17646,14187
728,1434,17231,13853
737,1464,17382,13940
727,1454,17144,13755
733,1424,17329,13934
730,1433,17254,13874
730,1435,17261,13856
731,1450,17294,13889
729,1458,17222,13838
731,1427,17303,13911
731,1442,17267,13888
730,1447,17226,13832
731,1440,17283,13892
729,1443,17195,13800
732,1427,17354,13924
728,1463,17220,13809
730,1443,17239,13866
733,1443,17291,13878
728,1452,17196,13806
733,1427,17380,13966
729,1458,17222,13816
729,1444,17243,13863
731,1429,17273,13888
730,1446,17232,13856
733,1433,17333,13943
727,1461,17155,13767
731,1447,17271,13903
734,1442,17325,13893
731,1433,17285,13893
732,1424,17333,13933
729,1443,17210,13852
729,1449,17212,13845
731,1435,17281,13903
729,1453,17242,13841
732,1429,17377,13957
729,1444,17213,13820
731,1439,17272,13883
731,1432,17273,13891
730,1446,17242,13882
732,1422,17340,13947
729,1454,17221,13791
731,1433,17292,13922
731,1453,17282,13857
729,1463,17194,13805
733,1427,17322,13953
730,1454,17185,13781
731,1439,17290,13913
731,1436,17286,13885
737,1446,17344,13908
731,1433,17280,13902
726,1450,17142,13746
731,1439,17293,13927
730,1442,17257,13862
730,1450,17224,13812
732,1411,17304,13893
727,1450,17158,13730
732,1436,17321,13928
737,1463,17350,13925
733,1436,17259,13870
730,1428,17262,13877
729,1450,17215,13801
735,1443,17337,13939
732,1445,17301,13882
727,1441,17189,13843
731,1429,17282,13895
728,1462,17174,13790
732,1434,17317,13933
736,1448,17329,13897
731,1438,17277,13887
731,1439,17292,13901
728,1445,17176,13792
732,1437,17310,13941
730,1441,17253,13846
731,1433,17270,13872
730,1453,17282,13883
730,1449,17267,13852
733,1433,17336,13939
727,1453,17143,13762
731,1438,17271,13895
731,1449,17296,13887
728,1447,17211,13792
733,1432,17327,13940
727,1441,17190,13797
730,1444,17239,13866
731,1437,17283,13905
730,1445,17203,13822
732,1424,17320,13937
728,1455,17197,13790
730,1450,17244,13852
730,1435,17248,13883
728,1443,17185,13818
734,1439,17369,13996
727,1463,17182,13769
729,1449,17216,13835
732,1450,17274,13863
730,1449,17248,13834
731,1426,17318,13922
729,1463,17165,13790
729,1440,17233,13843
730,1432,17259,13858
730,1437,17256,13851
732,1422,17311,13905
738,1474,17363,13914
746,1462,17618,14187
731,1442,17281,13893
729,1449,17207,13829
732,1442,17294,13889
728,1458,17192,13770
732,1434,17304,13900
730,1445,17244,13847
730,1445,17243,13867
729,1453,17227,13846
727,1453,17161,13764
733,1425,17351,13958
737,1442,17366,13915
733,1440,17330,13906
729,1452,17247,13859
728,1450,17156,13785
732,1424,17336,13940
731,1433,17277,13876
733,1435,17315,13915
732,1425,17291,13890
728,1457,17168,13774
732,1438,17297,13892
731,1436,17272,13876
730,1449,17239,13874
734,1439,17303,13908
728,1451,17191,13793
733,1429,17380,13970
729,1455,17193,13784
732,1446,17294,13919
743,1440,17510,14083
741,1465,17537,14111
743,1441,17554,14106
740,1461,17444,13973
731,1451,17273,13837
729,1430,17254,13874
729,1441,17198,13822
732,1437,17312,13941
729,1440,17220,13822
730,1451,17258,13843
736,1441,17365,13937
730,1445,17248,13836
732,1431,17362,13946
727,1443,17172,13802
728,1439,17194,13823
731,1435,17269,13870
732,1483,17231,13793
734,1431,17370,13984
731,1467,17212,13783
729,1443,17237,13836
733,1453,17280,13875
731,1475,17222,13839
734,1431,17374,13965
727,1459,17184,13771
729,1446,17260,13832
730,1438,17228,13846
727,1450,17163,13787
732,1417,17332,13956
728,1457,17190,13792
734,1451,17337,13900
729,1456,17228,13842
730,1437,17234,13847
731,1423,17305,13919
727,1449,17156,13759
732,1437,17284,13905
730,1444,17241,13871
729,1447,17245,13847
732,1425,17307,13900
726,1448,17129,13720
732,1435,17313,13944
731,1448,17237,13844
730,1433,17250,13835
731,1435,17287,13886
726,1454,17143,13747
733,1429,17357,13959
732,1448,17285,13880
730,1435,17225,13822
731,1444,17270,13884
727,1450,17151,13743
732,1430,17318,13920
732,1422,17313,13938
728,1437,17245,13853
732,1433,17289,13909
727,1456,17125,13746
731,1426,17286,13916
732,1435,17281,13876
730,1458,17268,13851
732,1448,17276,13862
728,1458,17150,13764
732,1418,17314,13935
731,1436,17281,13863
734,1444,17327,13888
729,1443,17263,13877
728,1445,17189,13770
733,1428,17368,13953
728,1453,17192,13811
730,1446,17244,13852
730,1450,17242,13854
735,1457,17310,13862
732,1440,17329,13969
730,1453,17206,13791
730,1456,17238,13852
730,1437,17263,13868
728,1445,17200,13817
732,1432,17326,13941
728,1459,17181,13797
730,1445,17260,13847
730,1429,17272,13878
731,1421,17272,13874
732,1421,17331,13928
730,1457,17192,13805
729,1448,17224,13835
730,1447,17249,13862
729,1458,17233,13819
733,1422,17377,13955
727,1450,17145,13762
730,1442,17246,13850
731,1442,17252,13848
731,1439,17254,13856
732,1432,17351,13943
727,1455,17145,13774
732,1428,17320,13913
730,1436,17250,13862
729,1453,17208,13846
731,1437,17305,13929
728,1448,17164,13780
732,1426,17330,13935
730,1444,17275,13899
729,1452,17212,13825
732,1432,17291,13916
727,1444,17149,13787
733,1428,17366,13965
731,1445,17274,13853
733,1428,17338,13924
743,1439,17542,14090
736,1449,17323,13881
732,1431,17308,13921
730,1434,17242,13864
731,1423,17293,13911
731,1428,17283,13873
728,1462,17162,13773
732,1432,17339,13950
730,1432,17273,13898
730,1445,17227,13863
729,1434,17233,13841
728,1454,17169,13794
732,1436,17317,13915
727,1428,17206,13859
729,1435,17239,13841
731,1425,17283,13903
728,1454,17167,13783
733,1422,17363,13979
728,1440,17195,13807
731,1436,17298,13871
731,1441,17296,13872
729,1457,17197,13810
729,1432,17262,13914
729,1444,17218,13826
731,1432,17275,13872
732,1448,17318,13896
731,1452,17228,13812
732,1435,17327,13918
729,1452,17204,13799
728,1456,17200,13817
731,1437,17264,13879
729,1430,17238,13864
734,1439,17371,13949
728,1443,17211,13816
730,1445,17253,13866
731,1463,17257,13864
730,1444,17252,13866
734,1425,17375,13973
728,1455,17208,13812
730,1451,17271,13863
732,1453,17308,13878
730,1439,17212,13808
732,1421,17312,13933
728,1449,17167,13785
731,1442,17291,13885
731,1433,17275,13875
729,1443,17224,13842
734,1439,17386,13987
731,1466,17212,13798
732,1428,17317,13950
729,1445,17224,13839
731,1444,17271,13890
732,1433,17332,13933
728,1466,17194,13803
731,1430,17303,13926
740,1449,17418,13991
729,1440,17201,13801
731,1441,17298,13896
734,1457,17270,13828
732,1432,17327,13921
744,1449,17568,14099
739,1462,17385,13955
739,1455,17387,13992
740,1471,17412,13980
739,1444,17493,14061
736,1437,17448,14019
742,1448,17547,14123
734,1438,17319,13900
729,1459,17189,13777
737,1441,17384,13956
730,1441,17245,13862
730,1448,17256,13864
731,1438,17300,13890
727,1446,17168,13766
732,1439,17311,13912
729,1442,17238,13868
731,1434,17259,13881
730,1436,17288,13890
727,1456,17171,13770
732,1430,17356,13961
736,1455,17324,13885
730,1443,17224,13824
731,1436,17269,13880
729,1463,17192,13807
733,1421,17342,13941
728,1447,17196,13783
729,1444,17228,13845
733,1438,17321,13934
731,1448,17283,13853
732,1419,17319,13954
729,1444,17202,13827
729,1451,17232,13831
730,1451,17277,13875
732,1430,17295,13898
733,1427,17340,13968
728,1455,17201,13817
730,1439,17230,13864
731,1450,17286,13887
726,1427,17199,13845
733,1431,17374,13957
728,1444,17228,13815
730,1436,17253,13877
733,1443,17294,13858
730,1438,17209,13859
731,1435,17325,13935
728,1460,17191,13784
731,1444,17285,13904
731,1434,17265,13875
729,1443,17222,13838
732,1434,17315,13935
729,1461,17176,13804
738,1441,17400,13976
731,1432,17297,13898
731,1456,17245,13827
732,1443,17311,13934
726,1460,17122,13736
732,1426,17307,13945
732,1431,17278,13878
729,1440,17221,13833
737,1453,17397,13936
731,1473,17224,13769
733,1426,17314,13930
738,1459,17380,13948
728,1445,17210,13855
734,1450,17316,13882
727,1453,17186,13789
733,1425,17350,13962
739,1450,17439,13988
729,1447,17220,13832
732,1442,17300,13926
739,1469,17373,13958
735,1441,17396,14011
744,1423,17593,14117
744,1466,17603,14163
731,1428,17245,13869
729,1446,17205,13812
732,1435,17299,13928
729,1448,17226,13827
730,1445,17257,13867
731,1426,17311,13911
730,1449,17244,13828
734,1433,17361,13943
727,1452,17169,13795
730,1445,17223,13829
730,1426,17300,13891
729,1458,17243,13824
731,1402,17306,13922
728,1442,17211,13817
727,1443,17195,13818
730,1435,17263,13891
731,1480,17253,13891
733,1429,17321,13938
729,1457,17206,13804
731,1437,17286,13904
731,1443,17281,13893
730,1446,17250,13844
732,1438,17319,13936
729,1451,17198,13796
728,1440,17210,13829
727,1444,17256,13880
729,1454,17240,13825
732,1435,17323,13955
728,1451,17181,13805
730,1436,17254,13865
729,1441,17231,13828
733,1447,17323,13929
731,1426,17300,13943
728,1451,17184,13779
732,1439,17303,13903
729,1441,17238,13868
728,1464,17187,13820
730,1431,17266,13892
730,1444,17283,13865
735,1443,17366,13949
730,1455,17247,13843
729,1448,17208,13814
730,1438,17272,13896
727,1464,17155,13761
732,1429,17341,13935
732,1455,17288,13861
732,1451,17265,13839
732,1432,17310,13924
735,1463,17290,13855
739,1456,17416,13986
745,1466,17618,14194
742,1453,17521,14064
745,1461,17602,14161
726,1460,17121,13729
733,1422,17311,13935
739,1445,17468,14033
736,1452,17340,13920
730,1433,17274,13889
729,1471,17177,13744
731,1432,17301,13914
731,1427,17282,13910
729,1439,17239,13846
732,1444,17285,13912
727,1457,17180,13783
732,1424,17335,13942
729,1448,17231,13822
729,1448,17239,13826
731,1436,17271,13897
728,1451,17165,13793
733,1437,17279,13895
733,1461,17231,13824
730,1445,17259,13855
730,1431,17266,13887
729,1441,17231,13836
733,1429,17353,13975
728,1444,17185,13799
730,1446,17239,13861
730,1439,17226,13870
729,1449,17202,13774
733,1424,17339,13942
729,1449,17181,13795
728,1448,17199,13824
729,1451,17221,13851
731,1451,17285,13863
735,1444,17410,14008
731,1462,17232,13810
730,1449,17277,13863
730,1424,17260,13860
728,1439,17191,13824
733,1432,17356,13978
732,1470,17226,13793
731,1445,17278,13870
729,1437,17227,13842
728,1445,17213,13817
732,1432,17296,13932
728,1454,17148,13757
731,1429,17286,13910
730,1434,17223,13842
732,1443,17325,13898
741,1442,17447,14010
729,1454,17172,13756
731,1436,17285,13886
730,1438,17233,13857
730,1447,17247,13864
731,1442,17264,13868
727,1453,17147,13752
733,1432,17355,13935
730,1443,17230,13851
727,1456,17174,13810
731,1439,17285,13889
736,1475,17298,13840
731,1435,17308,13899
730,1437,17240,13848
730,1449,17264,13869
733,1446,17291,13904
727,1452,17115,13719
731,1427,17301,13926
731,1457,17221,13840
731,1430,17305,13901
729,1434,17258,13879
727,1437,17176,13798
735,1440,17362,13945
728,1439,17194,13816
731,1433,17285,13899
740,1460,17432,13975
737,1450,17334,13882
730,1426,17332,13928
726,1447,17143,13770
730,1446,17232,13848
730,1438,17257,13876
729,1457,17211,13777
733,1433,17351,13952
728,1450,17176,13795
729,1440,17239,13839
730,1430,17254,13872
728,1464,17173,13778
731,1433,17304,13926
729,1458,17194,13813
730,1444,17275,13868
730,1439,17252,13857
729,1400,17215,13837
734,1431,17348,13937
728,1453,17197,13816
729,1443,17240,13838
732,1445,17277,13859
729,1449,17235,13844
733,1436,17363,13948
728,1454,17173,13767
729,1450,17207,13818
729,1446,17240,13863
731,1436,17272,13879
732,1426,17329,13934
726,1459,17140,13750
732,1433,17302,13909
734,1456,17281,13857
728,1451,17172,13800
731,1439,17275,13900
728,1452,17157,13761
731,1438,17303,13899
731,1432,17264,13885
728,1437,17205,13825
730,1439,17263,13892
727,1442,17154,13790
735,1454,17358,13921
731,1431,17288,13892
731,1448,17256,13822
731,1435,17331,13916
727,1461,17138,13761
730,1426,17256,13875
731,1437,17270,13902
731,1437,17278,13868
739,1469,17446,14001
740,1426,17476,14049
731,1429,17296,13897
731,1446,17243,13863
730,1456,17207,13828
731,1450,17259,13868
726,1455,17115,13753
732,1428,17332,13930
730,1396,17279,13861
734,1458,17301,13888
732,1440,17270,13882
727,1456,17134,13771
731,1425,17316,13922
729,1442,17249,13867
730,1439,17261,13846
731,1445,17314,13885
729,1445,17195,13794
731,1437,17274,13889
736,1469,17259,13837
729,1441,17249,13845
733,1430,17344,13944
729,1437,17237,13853
731,1433,17322,13931
728,1455,17179,13786
728,1433,17188,13803
731,1430,17293,13911
728,1451,17161,13763
733,1442,17362,13961
727,1462,17168,13774
728,1446,17217,13844
730,1437,17228,13842
729,1448,17215,13857
733,1424,17350,13942
728,1441,17192,13805
730,1435,17246,13836
729,1424,17221,13865
729,1442,17220,13838
732,1433,17305,13931
728,1446,17170,13802
731,1440,17272,13871
730,1441,17259,13831
730,1442,17248,13865
732,1424,17330,13932
728,1442,17171,13791
730,1438,17271,13880
729,1442,17242,13850
729,1455,17174,13786
732,1430,17322,13921
728,1445,17161,13770
732,1429,17302,13908
729,1439,17243,13867
729,1454,17204,13832
732,1440,17302,13875
727,1450,17149,13752
732,1444,17325,13901
732,1423,17356,13939
731,1461,17240,13826
730,1427,17262,13884
727,1440,17136,13747
732,1426,17340,13938
731,1441,17279,13886
740,1458,17435,13992
740,1441,17437,13988
732,1471,17234,13794
732,1432,17296,13921
731,1438,17268,13871
733,1445,17267,13855
731,1441,17305,13904
727,1462,17132,13724
733,1434,17350,13973
729,1422,17238,13868
730,1437,17246,13872
731,1441,17285,13865
727,1459,17144,13762
732,1427,17337,13941
729,1444,17246,13829
731,1446,17265,13875
731,1449,17283,13885
728,1460,17165,13796
732,1432,17336,13934
729,1454,17223,13811
731,1449,17261,13857
730,1436,17295,13909
728,1457,17173,13788
732,1421,17308,13949
728,1453,17189,13807
729,1442,17243,13871
731,1447,17290,13879
727,1448,17183,13809
732,1423,17337,13950
728,1449,17186,13806
728,1434,17198,13841
730,1445,17265,13879
732,1438,17305,13907
732,1428,17333,13927
729,1438,17243,13853
729,1439,17225,13834
732,1431,17297,13894
730,1444,17244,13851
733,1435,17340,13924
729,1448,17217,13825
732,1445,17266,13868
730,1438,17255,13857
729,1446,17213,13832
733,1427,17325,13948
729,1456,17179,13771
734,1444,17274,13890
731,1438,17277,13889
730,1443,17224,13841
730,1436,17283,13889
727,1447,17151,13788
732,1435,17267,13879
731,1432,17304,13913
729,1454,17226,13827
732,1436,17325,13921
728,1455,17195,13794
732,1432,17315,13917
733,1443,17287,13884
729,1442,17215,13845
731,1442,17300,13909
732,1460,17228,13773
731,1429,17291,13905
731,1443,17265,13871
729,1442,17218,13835
731,1445,17262,13891
726,1455,17125,13739
732,1428,17319,13946
731,1446,17294,13863
730,1453,17257,13876
731,1426,17279,13891
729,1461,17175,13771
737,1436,17342,13972
729,1445,17255,13872
730,1443,17262,13879
732,1429,17316,13895
730,1462,17231,13801
729,1430,17285,13904
728,1453,17191,13827
730,1446,17230,13828
732,1428,17335,13942
729,1459,17213,13802
733,1429,17335,13932
728,1456,17186,13805
730,1442,17254,13880
730,1433,17264,13884
729,1446,17185,13787
731,1421,17307,13940
728,1451,17178,13766
732,1434,17299,13913
729,1434,17243,13854
729,1415,17237,13918
732,1440,17310,13929
729,1440,17193,13811
730,1439,17255,13869
733,1440,17370,13939
729,1445,17243,13831
733,1444,17362,14001
727,1435,17154,13776
731,1442,17276,13882
741,1446,17509,14074
740,1469,17434,13970
738,1440,17405,13987
728,1444,17169,13766
731,1449,17271,13888
730,1447,17242,13854
729,1440,17180,13793
729,1438,17249,13876
727,1443,17186,13812
734,1444,17325,13900
730,1446,17214,13822
729,1448,17202,13825
730,1428,17276,13904
728,1453,17166,13768
730,1434,17303,13914
730,1440,17276,13861
732,1451,17253,13830
732,1433,17273,13888
726,1463,17124,13737
731,1436,17284,13904
734,1453,17303,13878
729,1437,17246,13829
729,1448,17251,13849
726,1469,17126,13732
732,1436,17316,13930
731,1432,17276,13888
731,1447,17249,13849
732,1441,17276,13886
726,1454,17154,13744
732,1432,17282,13895
731,1429,17281,13895
730,1442,17251,13843
730,1454,17240,13862
729,1457,17206,13801
732,1422,17296,13934
731,1437,17281,13862
731,1433,17289,13867
737,1456,17363,13939
729,1448,17180,13791
733,1421,17321,13937
733,1453,17260,13813
730,1449,17261,13848
729,1444,17254,13861
727,1435,17226,13827
732,1431,17310,13912
729,1451,17191,13820
729,1448,17208,13827
730,1436,17250,13875
728,1439,17197,13799
734,1428,17358,13945
728,1447,17184,13800
729,1449,17236,13855
730,1433,17210,13844
732,1438,17300,13901
739,1436,17450,14006
729,1465,17210,13804
730,1446,17247,13839
731,1436,17253,13879
731,1488,17251,13846
731,1430,17305,13934
727,1456,17181,13790
732,1436,17333,13926
730,1446,17249,13856
731,1443,17291,13892
731,1443,17277,13914
726,1444,17135,13764
730,1443,17217,13834
729,1442,17220,13845
730,1455,17271,13858
732,1439,17293,13900
727,1461,17131,13737
731,1430,17276,13877
729,1442,17244,13860
730,1456,17237,13848
739,1440,17432,13994
729,1455,17189,13752
732,1429,17346,13937
730,1434,17263,13884
730,1458,17235,13856
731,1433,17266,13863
727,1458,17151,13756
732,1430,17345,13924
730,1452,17260,13868
731,1439,17289,13885
740,1452,17422,13985
727,1445,17118,13719
731,1432,17286,13895
730,1439,17249,13874
730,1439,17265,13849
735,1442,17337,13926
727,1466,17133,13743
731,1421,17323,13951
734,1455,17299,13901
731,1439,17264,13869
735,1457,17335,13907
728,1449,17192,13786
734,1434,17370,13961
737,1460,17349,13926
739,1454,17376,13946
732,1433,17282,13878
731,1451,17234,13824
733,1415,17346,13950
728,1453,17183,13789
729,1447,17220,13824
731,1439,17270,13879
725,1439,17204,13831
733,1428,17336,13954
728,1460,17162,13780
729,1441,17254,13844
731,1443,17256,13883
729,1455,17203,13820
734,1424,17343,13945
727,1478,17152,13769
730,1441,17250,13859
730,1452,17238,13837
730,1447,17250,13836
733,1422,17367,13946
729,1450,17179,13789
729,1456,17218,13816
728,1457,17174,13791
730,1425,17263,13864
733,1435,17364,13955
727,1452,17154,13764
730,1450,17270,13872
729,1438,17235,13850
729,1453,17188,13799
732,1436,17290,13896
726,1460,17137,13751
731,1436,17282,13883
728,1438,17214,13834
729,1445,17233,13843
731,1433,17295,13915
731,1455,17189,13796
731,1426,17299,13907
730,1437,17262,13871
730,1445,17288,13864
731,1447,17316,13896
728,1465,17150,13752
732,1422,17305,13929
730,1438,17237,13849
730,1438,17260,13867
731,1438,17321,13893
728,1456,17134,13721
731,1428,17298,13908
730,1434,17248,13851
730,1446,17229,13849
734,1460,17299,13883
726,1457,17120,13716
736,1441,17386,13953
732,1435,17281,13868
727,1452,17188,13809
731,1436,17268,13892
727,1456,17136,13729
732,1429,17330,13928
729,1439,17229,13833
731,1444,17284,13884
731,1427,17302,13894
728,1446,17178,13799
732,1431,17325,13954
729,1456,17189,13794
732,1438,17288,13896
735,1461,17328,13890
731,1465,17185,13785
732,1420,17345,13953
728,1460,17181,13794
730,1433,17262,13894
730,1431,17277,13889
730,1446,17216,13842
733,1421,17346,13928
728,1447,17182,13800
729,1438,17214,13843
731,1428,17277,13881
728,1442,17181,13799
732,1427,17346,13953
728,1453,17182,13781
729,1438,17248,13838
733,1442,17363,13902
729,1440,17222,13846
733,1430,17341,13963
729,1454,17211,13828
730,1446,17266,13857
730,1443,17254,13848
729,1455,17217,13833
732,1426,17338,13940
730,1460,17184,13773
730,1403,17285,13892
730,1442,17245,13865
728,1455,17171,13791
733,1427,17358,13946
732,1461,17245,13804
731,1429,17278,13893
730,1427,17243,13867
731,1452,17208,13818
731,1441,17294,13898
727,1445,17212,13818
743,1457,17524,14049
733,1453,17308,13869
729,1438,17229,13857
737,1450,17357,13918
726,1458,17115,13722
732,1432,17354,13967
741,1453,17454,14008
740,1442,17446,13999
740,1474,17556,14150
728,1468,17147,13743
732,1444,17279,13889
730,1431,17247,13857
729,1427,17228,13838
733,1429,17324,13914
726,1462,17106,13729
732,1428,17310,13939
730,1439,17256,13870
729,1424,17219,13833
732,1440,17309,13922
727,1447,17161,13765
732,1429,17337,13947
729,1443,17264,13849
729,1449,17224,13843
730,1430,17253,13878
730,1441,17256,13877
733,1429,17346,13930
728,1439,17217,13809
730,1449,17259,13872
731,1424,17275,13872
729,1453,17199,13826
733,1425,17334,13939
728,1462,17174,13784
729,1447,17208,13822
731,1439,17295,13893
730,1443,17226,13829
733,1437,17360,13965
727,1453,17154,13769
730,1452,17236,13851
735,1425,17379,13960
729,1449,17209,13821
733,1433,17366,13966
729,1459,17214,13773
729,1446,17217,13830
731,1442,17253,13864
729,1443,17230,13843
733,1446,17348,13949
728,1450,17206,13810
729,1445,17191,13801
730,1440,17240,13836
730,1448,17248,13866
731,1444,17294,13906
728,1440,17182,13815
732,1440,17295,13913
731,1429,17306,13893
738,1462,17372,13923
731,1429,17280,13901
727,1458,17171,13787
730,1425,17267,13883
741,1460,17477,14033
740,1455,17415,13974
738,1454,17407,13960
727,1452,17140,13721
732,1432,17304,13917
734,1455,17297,13875
730,1452,17197,13800
730,1439,17287,13890
727,1455,17171,13771
732,1433,17299,13898
731,1456,17285,13889
729,1452,17208,13821
729,1434,17250,13888
727,1449,17135,13742
732,1435,17326,13942
731,1438,17280,13875
730,1441,17262,13882
737,1459,17368,13921
728,1458,17165,13770
731,1429,17283,13905
729,1442,17261,13875
731,1432,17285,13885
733,1447,17318,13887
728,1447,17212,13804
731,1441,17292,13917
729,1456,17193,13795
729,1442,17231,13840
732,1430,17323,13915
730,1462,17201,13787
734,1423,17350,13947
729,1448,17210,13801
732,1444,17247,13841
730,1429,17250,13862
733,1469,17248,13831
733,1424,17340,13949
728,1454,17210,13791
729,1439,17229,13838
732,1429,17332,13957
728,1455,17185,13794
733,1431,17329,13944
730,1458,17207,13785
733,1439,17320,13934
745,1447,17613,14161
731,1453,17295,13897
744,1451,17562,14124
741,1455,17443,14003
742,1464,17554,14144
731,1443,17318,13919
730,1452,17239,13825
733,1425,17346,13972
729,1451,17207,13803
730,1445,17235,13839
731,1434,17288,13906
729,1454,17185,13798
731,1421,17294,13920
727,1470,17193,13781
731,1444,17303,13913
730,1443,17235,13856
729,1440,17239,13854
731,1444,17287,13898
728,1462,17173,13772
732,1433,17335,13935
731,1438,17290,13859
730,1432,17277,13856
730,1447,17256,13850
728,1445,17204,13837
732,1432,17303,13914
731,1439,17312,13893
730,1441,17264,13870
731,1446,17274,13906
726,1454,17139,13750
731,1431,17296,13914
731,1431,17279,13918
733,1453,17268,13871
730,1445,17259,13873
729,1459,17164,13767
733,1430,17346,13944
730,1428,17278,13886
731,1453,17256,13892
730,1453,17232,13851
728,1449,17170,13790
731,1426,17319,13922
731,1440,17298,13895
730,1444,17262,13853
731,1433,17273,13914
727,1448,17169,13800
732,1428,17315,13944
728,1451,17213,13814
731,1447,17296,13880
731,1438,17268,13898
730,1426,17282,13871
734,1444,17350,13939
729,1457,17177,13784
729,1438,17220,13848
731,1429,17277,13880
729,1457,17231,13806
733,1432,17338,13941
731,1459,17218,13802
729,1441,17228,13843
731,1427,17264,13886
729,1438,17227,13813
733,1427,17356,13955
729,1446,17220,13818
733,1450,17293,13844
733,1431,17312,13922
729,1449,17186,13797
733,1430,17349,13974
729,1450,17193,13800
730,1439,17263,13846
730,1445,17240,13844
728,1447,17214,13824
733,1429,17352,13982
728,1454,17153,13774
733,1431,17315,13912
731,1445,17272,13874
729,1457,17215,13815
731,1426,17322,13943
728,1429,17188,13802
730,1423,17283,13890
730,1443,17259,13883
730,1457,17218,13817
732,1424,17313,13912
730,1478,17227,13825
732,1427,17345,13943
729,1440,17236,13864
729,1447,17220,13846
731,1433,17295,13913
727,1449,17155,13727
733,1438,17374,13969
732,1444,17269,13869
730,1442,17252,13845
730,1427,17254,13872
727,1450,17144,13763
732,1441,17299,13898
731,1434,17282,13898
731,1439,17281,13882
731,1423,17278,13873
727,1456,17153,13751
738,1451,17403,13971
730,1435,17254,13886
731,1438,17272,13881
735,1451,17349,13924
728,1468,17168,13749
734,1427,17393,13976
734,1445,17287,13863
730,1444,17246,13864
731,1439,17288,13902
730,1447,17268,13862
740,1432,17477,14033
732,1464,17244,13817
732,1429,17320,13910
737,1460,17359,13941
729,1452,17173,13792
732,1421,17326,13934
727,1435,17172,13802
730,1437,17269,13858
727,1427,17223,13887
736,1463,17309,13878
733,1414,17352,13949
729,1454,17175,13792
731,1441,17265,13880
730,1433,17300,13886
730,1437,17249,13837
734,1432,17389,13984
728,1450,17172,13782
738,1461,17380,13942
745,1441,17550,14109
735,1430,17372,13943
743,1442,17578,14103
734,1477,17256,13841
728,1443,17198,13814
731,1429,17277,13904
732,1445,17266,13843
730,1431,17281,13920
727,1462,17152,13775
732,1433,17311,13900
730,1437,17256,13855
729,1454,17226,13854
732,1441,17315,13917
728,1460,17162,13778
732,1427,17325,13937
730,1449,17258,13839
730,1444,17261,13873
731,1438,17310,13889
726,1448,17141,13753
731,1418,17286,13915
732,1439,17269,13869
730,1451,17249,13861
732,1430,17336,13938
727,1451,17131,13748
732,1426,17335,13919
730,1436,17280,13890
728,1448,17212,13840
734,1433,17348,13969
727,1448,17141,13744
734,1433,17397,13980
738,1462,17378,13953
730,1441,17254,13863
731,1436,17259,13891
728,1457,17156,13783
733,1431,17334,13937
730,1442,17267,13865
729,1445,17245,13843
734,1433,17348,13916
728,1454,17186,13777
731,1437,17298,13910
729,1448,17222,13844
730,1437,17248,13851
731,1429,17315,13897
737,1454,17332,13909
745,1449,17583,14128
738,1457,17370,13945
737,1452,17343,13939
732,1433,17289,13899
728,1446,17175,13792
733,1428,17378,13966
740,1462,17418,13980
741,1451,17431,13990
748,1468,17662,14214
733,1442,17303,13924
744,1433,17561,14110
741,1451,17456,14002
735,1428,17420,14003
736,1437,17438,14002
743,1443,17538,14093
732,1425,17341,13960
728,1450,17177,13790
735,1448,17319,13875
730,1441,17269,13851
731,1460,17225,13800
732,1414,17335,13937
728,1454,17162,13761
735,1453,17333,13906
730,1441,17231,13855
729,1457,17207,13828
731,1428,17308,13910
729,1467,17202,13777
732,1442,17291,13907
730,1438,17246,13871
730,1436,17225,13842
732,1435,17313,13908
726,1432,17153,13740
733,1432,17347,13946
736,1450,17347,13902
730,1448,17226,13841
734,1437,17318,13946
726,1468,17106,13714
733,1424,17353,13956
731,1452,17285,13859
731,1439,17253,13893
732,1435,17356,13956
727,1466,17124,13731
732,1426,17306,13923
731,1434,17265,13888
728,1452,17213,13821
733,1438,17363,13950
735,1461,17271,13851
732,1434,17307,13896
730,1435,17260,13860
730,1443,17245,13851
730,1451,17271,13876
728,1445,17180,13780
737,1442,17411,13959
730,1436,17265,13838
733,1450,17292,13877
729,1444,17245,13868
728,1451,17161,13791
733,1423,17352,13951
728,1451,17232,13808
735,1464,17305,13888
730,1439,17278,13869
729,1444,17212,13832
733,1428,17325,13922
727,1441,17157,13780
729,1431,17237,13866
732,1421,17310,13927
730,1435,17238,13843
733,1428,17342,13958
731,1466,17210,13799
728,1444,17197,13820
731,1428,17315,13928
729,1453,17245,13835
733,1438,17392,13963
735,1460,17316,13856
729,1442,17216,13838
729,1435,17251,13874
732,1468,17235,13811
732,1418,17340,13941
729,1451,17216,13812
726,1431,17238,13852
731,1431,17273,13870
730,1446,17190,13823
731,1429,17321,13949
729,1432,17225,13851
733,1441,17313,13922
730,1435,17256,13860
729,1453,17234,13861
731,1423,17288,13905
728,1454,17161,13776
731,1429,17276,13890
730,1441,17265,13863
730,1444,17259,13877
732,1429,17320,13919
728,1434,17199,13783
731,1432,17307,13931
737,1467,17350,13922
728,1434,17189,13813
730,1423,17305,13912
727,1453,17156,13752
733,1432,17344,13962
730,1450,17270,13882
730,1440,17232,13880
731,1434,17283,13899
726,1468,17125,13734
733,1434,17330,13964
732,1445,17314,13875
730,1448,17250,13874
730,1438,17262,13877
727,1446,17146,13770
735,1435,17334,13939
730,1439,17269,13881
733,1453,17286,13856
732,1434,17322,13911
729,1460,17223,13809
737,1447,17374,13952
728,1438,17190,13808
729,1437,17235,13856
732,1436,17317,13918
728,1449,17200,13797
731,1438,17299,13899
729,1448,17202,13791
731,1430,17261,13868
734,1464,17305,13875
731,1448,17219,13813
733,1421,17335,13947
729,1448,17196,13776
731,1441,17279,13890
731,1450,17268,13850
730,1436,17244,13848
732,1435,17328,13955
729,1453,17207,13817
731,1442,17278,13893
732,1443,17292,13872
730,1438,17247,13848
732,1423,17322,13946
728,1450,17194,13801
727,1460,17151,13782
730,1442,17251,13858
730,1451,17259,13843
733,1438,17358,13976
727,1463,17158,13761
730,1439,17251,13888
730,1442,17252,13874
728,1442,17186,13801
733,1421,17335,13960
729,1465,17199,13777
731,1435,17281,13883
729,1443,17207,13837
730,1447,17237,13852
730,1435,17258,13876
729,1452,17230,13828
735,1442,17350,13923
731,1432,17290,13894
730,1455,17261,13838
731,1432,17271,13911
726,1448,17128,13759
732,1426,17285,13895
734,1446,17316,13898
729,1445,17258,13841
733,1426,17335,13951
731,1464,17186,13757
733,1426,17325,13943
738,1450,17378,13956
729,1437,17206,13819
731,1464,17290,13924
726,1471,17135,13714
733,1430,17354,13950
731,1444,17272,13891
731,1453,17217,13825
730,1441,17249,13874
728,1456,17180,13782
731,1426,17304,13910
728,1444,17210,13815
731,1442,17307,13905
733,1429,17310,13892
727,1454,17143,13770
731,1443,17302,13912
728,1456,17180,13804
731,1433,17297,13884
731,1427,17293,13902
732,1468,17246,13809
732,1436,17313,13939
728,1440,17174,13808
730,1445,17252,13862
732,1449,17290,13909
729,1466,17217,13792
732,1424,17338,13945
734,1452,17272,13840
729,1449,17216,13829
731,1429,17320,13937
730,1453,17221,13811
732,1416,17346,13945
728,1445,17211,13795
730,1446,17275,13859
730,1436,17270,13887
729,1457,17192,13815
733,1435,17322,13943
728,1440,17205,13813
729,1452,17246,13833
729,1434,17274,13893
729,1456,17242,13837
733,1431,17351,13964
728,1449,17176,13787
732,1447,17298,13910
730,1441,17244,13873
731,1444,17249,13843
732,1426,17306,13901
731,1457,17245,13786
731,1438,17301,13919
731,1432,17251,13884
730,1438,17234,13837
732,1439,17309,13885
730,1477,17204,13763
733,1430,17362,13951
730,1439,17245,13854
730,1443,17257,13880
734,1435,17326,13925
727,1457,17176,13773
734,1440,17339,13908
731,1449,17263,13876
731,1453,17253,13832
729,1397,17242,13859
727,1461,17142,13750
733,1434,17299,13916
730,1431,17243,13854
728,1426,17230,13814
731,1434,17304,13906
734,1485,17234,13795
733,1431,17312,13909
730,1425,17238,13868
730,1439,17256,13852
732,1435,17293,13892
728,1446,17180,13764
732,1428,17345,13929
730,1446,17232,13814
729,1438,17205,13844
731,1447,17276,13860
729,1439,17226,13814
733,1437,17360,13944
728,1444,17181,13815
730,1446,17248,13853
735,1444,17327,13914
730,1459,17196,13797
732,1439,17307,13918
728,1455,17196,13815
729,1448,17241,13833
730,1438,17261,13876
729,1438,17210,13823
732,1436,17322,13936
729,1452,17187,13816
730,1444,17268,13870
730,1431,17253,13869
730,1431,17254,13855
733,1436,17377,13962
727,1459,17154,13768
731,1445,17247,13872
730,1435,17249,13840
728,1450,17219,13804
732,1437,17349,13939
727,1455,17156,13758
731,1439,17281,13874
741,1447,17469,14032
733,1460,17249,13839
731,1418,17287,13918
728,1439,17201,13836
732,1436,17326,13921
731,1434,17285,13906
730,1466,17233,13815
732,1428,17300,13917
726,1454,17105,13738
735,1437,17346,13942
732,1441,17281,13861
728,1433,17244,13829
732,1425,17356,13955
728,1457,17170,13790
731,1428,17284,13902
730,1449,17238,13877
731,1444,17247,13830
730,1440,17274,13839
730,1453,17180,13758
733,1432,17336,13939
733,1449,17297,13881
728,1442,17197,13828
731,1433,17254,13874
727,1440,17129,13730
736,1445,17373,13934
733,1436,17311,13886
729,1452,17195,13809
732,1431,17305,13921
728,1455,17153,13778
731,1429,17304,13929
730,1429,17288,13898
737,1449,17380,13924
733,1430,17342,13900
729,1460,17204,13827
732,1426,17311,13948
728,1454,17166,13789
731,1433,17299,13887
732,1441,17310,13896
728,1441,17180,13804
733,1423,17357,13961
728,1458,17196,13791
728,1448,17210,13830
730,1423,17277,13907
730,1450,17233,13860
734,1425,17378,13982
730,1455,17246,13841
729,1440,17218,13829
730,1434,17255,13888
729,1459,17184,13807
734,1430,17384,13978
734,1469,17294,13848
729,1454,17222,13829
731,1436,17293,13893
728,1438,17202,13810
733,1437,17361,13984
735,1469,17289,13868
731,1488,17270,13888
731,1440,17278,13883
729,1453,17218,13816
732,1420,17333,13924
728,1452,17180,13793
735,1449,17315,13896
733,1444,17271,13860
729,1439,17225,13842
731,1437,17312,13910
728,1466,17133,13735
731,1434,17272,13884
730,1437,17254,13860
731,1446,17216,13818
731,1437,17311,13920
727,1456,17163,13790
733,1419,17347,13946
731,1442,17287,13850
730,1441,17250,13860
741,1465,17387,13969
737,1460,17319,13895
741,1456,17490,14025
738,1459,17405,13949
730,1449,17244,13837
731,1451,17277,13893
728,1469,17155,13759
732,1424,17312,13937
734,1459,17292,13890
734,1436,17310,13881
731,1441,17294,13892
727,1456,17146,13751
731,1429,17315,13921
730,1442,17259,13877
731,1423,17274,13918
731,1433,17285,13885
729,1434,17212,13835
733,1436,17357,13959
729,1443,17246,13838
730,1443,17236,13869
731,1435,17270,13901
730,1460,17211,13823
732,1446,17322,13911
730,1453,17255,13865
730,1443,17241,13867
732,1433,17294,13874
729,1454,17197,13801
731,1431,17314,13946
728,1451,17161,13809
728,1441,17211,13829
732,1431,17326,13934
732,1457,17240,13829
735,1428,17398,14013
732,1462,17245,13824
729,1440,17223,13836
731,1454,17270,13857
729,1448,17232,13841
734,1423,17394,13988
729,1448,17241,13839
728,1443,17229,13850
736,1467,17342,13911
729,1447,17181,13804
733,1429,17372,13975
735,1461,17310,13852
730,1452,17239,13850
729,1421,17235,13843
730,1444,17227,13854
732,1430,17297,13909
727,1452,17135,13754
732,1433,17316,13937
730,1431,17266,13870
730,1446,17271,13869
732,1426,17339,13940
728,1456,17154,13751
732,1433,17294,13931
731,1442,17290,13877
731,1449,17258,13838
732,1427,17331,13932
730,1459,17192,13752
731,1429,17313,13924
732,1439,17277,13872
730,1443,17220,13823
731,1412,17307,13921
729,1452,17174,13743
734,1428,17351,13978
733,1448,17293,13874
731,1436,17272,13902
729,1446,17234,13862
727,1442,17132,13765
731,1435,17270,13902
731,1441,17299,13882
728,1439,17246,13875
731,1443,17265,13897
727,1452,17155,13756
731,1434,17297,13930
731,1431,17299,13902
729,1445,17237,13845
732,1425,17318,13922
728,1450,17195,13783
733,1435,17355,13968
727,1444,17169,13791
731,1433,17256,13889
730,1431,17267,13884
730,1433,17267,13866
738,1438,17415,13982
728,1454,17184,13815
730,1446,17241,13842
730,1435,17258,13851
729,1457,17201,13828
732,1431,17332,13945
737,1471,17359,13892
729,1439,17214,13822
731,1434,17275,13881
729,1445,17224,13822
732,1430,17302,13933
729,1453,17233,13839
732,1442,17260,13840
732,1434,17326,13920
733,1458,17283,13833
734,1429,17349,13946
727,1440,17160,13781
729,1449,17206,13813
731,1441,17272,13852
730,1459,17230,13816
731,1425,17298,13932
729,1458,17184,13780
731,1435,17268,13861
730,1443,17233,13861
731,1437,17241,13877
732,1431,17277,13889
727,1438,17212,13784
732,1432,17318,13928
730,1436,17248,13857
729,1454,17221,13841
732,1438,17282,13885
728,1466,17165,13738
731,1431,17304,13893
730,1449,17255,13858
730,1444,17241,13835
733,1428,17357,13976
729,1464,17172,13760
731,1436,17281,13903
732,1450,17294,13871
731,1441,17283,13853
731,1453,17247,13847
727,1451,17140,13750
731,1433,17287,13915
732,1437,17295,13917
729,1443,17223,13828
731,1430,17284,13920
727,1452,17154,13748
731,1428,17292,13912
730,1447,17239,13840
731,1441,17261,13886
731,1451,17296,13916
729,1459,17186,13777
732,1423,17342,13951
729,1442,17243,13837
732,1439,17347,13932
730,1431,17254,13861
728,1457,17169,13772
733,1431,17347,13964
730,1455,17239,13811
730,1445,17269,13857
730,1445,17267,13894
728,1450,17183,13782
732,1426,17336,13945
731,1455,17225,13790
730,1448,17231,13863
730,1436,17271,13888
731,1439,17288,13879
733,1429,17358,13955
729,1453,17206,13803
731,1438,17262,13879
742,1437,17502,14086
735,1434,17372,13959
746,1460,17634,14165
739,1451,17454,14017
731,1429,17289,13878
735,1453,17326,13893
728,1461,17189,13785
731,1424,17294,13920
728,1454,17195,13813
730,1444,17232,13846
730,1438,17253,13864
729,1445,17241,13839
733,1449,17291,13885
727,1454,17172,13764
731,1438,17269,13893
732,1438,17298,13912
731,1441,17258,13838
731,1448,17282,13874
727,1452,17129,13751
731,1430,17290,13908
730,1444,17245,13850
731,1450,17238,13814
730,1438,17256,13873
728,1463,17154,13737
735,1422,17415,13962
730,1442,17267,13874
729,1454,17199,13842
733,1429,17335,13900
727,1448,17157,13752
732,1434,17331,13935
730,1436,17259,13875
730,1449,17243,13861
730,1445,17232,13861
727,1450,17133,13761
730,1429,17289,13907
731,1437,17276,13917
731,1437,17293,13893
731,1439,17284,13903
726,1454,17138,13727
733,1426,17353,13962
729,1449,17193,13808
728,1432,17241,13868
732,1446,17283,13874
728,1444,17199,13791
733,1438,17385,13965
732,1453,17265,13827
729,1439,17217,13843
730,1436,17264,13883
729,1458,17205,13805
733,1423,17354,13955
734,1460,17276,13860
729,1440,17232,13845
731,1446,17276,13881
729,1459,17197,13787
733,1437,17332,13942
728,1437,17149,13780
730,1450,17256,13836
730,1433,17266,13894
729,1455,17196,13811
737,1425,17381,13965
727,1457,17150,13774
730,1448,17231,13824
730,1443,17281,13892
728,1454,17197,13793
733,1424,17382,13965
733,1451,17241,13825
730,1447,17234,13844
729,1447,17222,13835
730,1440,17245,13845
732,1441,17336,13914
727,1439,17172,13778
730,1445,17282,13894
728,1436,17222,13828
728,1444,17173,13795
730,1425,17282,13908
727,1422,17156,13764
732,1422,17339,13934
730,1444,17263,13891
729,1441,17205,13846
733,1438,17310,13882
725,1450,17100,13743
732,1438,17317,13924
730,1431,17258,13869
730,1451,17283,13866
732,1450,17309,13879
726,1453,17086,13714
731,1436,17280,13897
730,1442,17255,13871
731,1440,17294,13876
730,1451,17272,13858
726,1451,17129,13753
732,1433,17316,13916
731,1443,17270,13873
727,1418,17251,13870
731,1436,17281,13902
727,1453,17135,13766
733,1426,17374,13968
729,1440,17234,13840
729,1445,17216,13842
731,1432,17283,13916
728,1443,17162,13798
732,1423,17321,13935
733,1460,17277,13845
730,1439,17276,13871
734,1443,17343,13894
728,1444,17168,13785
734,1434,17364,13980
728,1463,17170,13785
731,1443,17278,13900
733,1422,17330,13923
733,1455,17259,13843
732,1430,17338,13955
728,1461,17182,13796
733,1458,17255,13830
731,1451,17236,13840
730,1445,17227,13846
732,1423,17353,13952
727,1462,17155,13776
729,1441,17217,13847
730,1432,17266,13887
729,1443,17227,13851
733,1428,17377,13984
728,1462,17178,13778
731,1451,17249,13813
730,1430,17286,13868
730,1453,17200,13804
731,1426,17306,13927
728,1456,17164,13779
730,1436,17265,13877
730,1439,17289,13860
729,1446,17213,13833
731,1442,17301,13910
729,1461,17174,13796
732,1427,17312,13929
728,1438,17219,13852
730,1443,17251,13868
737,1448,17367,13922
727,1445,17156,13784
731,1441,17285,13902
729,1437,17242,13860
732,1441,17270,13902
733,1429,17328,13926
726,1453,17137,13724
732,1425,17329,13927
731,1438,17315,13896
729,1442,17191,13827
730,1426,17281,13903
726,1446,17123,13735
731,1440,17302,13892
730,1427,17288,13892
730,1448,17210,13834
732,1434,17315,13930
725,1454,17101,13698
732,1437,17322,13943
729,1446,17225,13855
730,1447,17249,13873
730,1437,17295,13874
727,1441,17161,13782
732,1424,17305,13923
729,1455,17202,13801
731,1444,17252,13864
730,1423,17286,13899
728,1445,17178,13790
733,1439,17325,13942
728,1460,17208,13790
729,1441,17236,13840
730,1449,17253,13876
727,1445,17157,13775
733,1437,17356,13947
725,1444,17188,13791
730,1443,17240,13839
735,1447,17348,13926
728,1450,17178,13805
733,1424,17333,13949
729,1444,17177,13776
728,1444,17191,13814
729,1445,17265,13851
729,1442,17218,13831
733,1424,17352,13943
729,1451,17202,13827
729,1444,17215,13840
730,1440,17244,13853
730,1438,17258,13851
731,1436,17319,13915
727,1451,17202,13788
731,1447,17276,13891
730,1439,17224,13860
729,1450,17230,13850
731,1441,17309,13898
728,1457,17208,13799
731,1422,17274,13905
730,1439,17251,13851
730,1443,17258,13879
731,1433,17278,13878
727,1460,17142,13760
731,1427,17268,13912
732,1449,17277,13872
730,1448,17252,13863
731,1446,17274,13886
727,1451,17146,13768
732,1435,17281,13896
729,1448,17264,13859
729,1462,17223,13808
732,1438,17296,13901
734,1468,17290,13817
731,1421,17302,13921
730,1443,17246,13846
729,1446,17232,13848
733,1444,17299,13903
726,1459,17153,13743
732,1427,17330,13942
737,1458,17381,13940
730,1426,17283,13898
731,1426,17284,13914
729,1463,17162,13750
733,1428,17348,13966
729,1454,17239,13837
731,1433,17278,13882
731,1436,17265,13875
729,1446,17213,13816
730,1434,17271,13905
728,1443,17215,13830
729,1450,17225,13834
739,1447,17438,13987
735,1474,17305,13844
732,1431,17323,13949
730,1430,17243,13862
734,1451,17292,13866
730,1431,17286,13886
730,1458,17234,13817
734,1436,17387,13989
728,1457,17180,13782
730,1438,17248,13875
730,1437,17245,13879
728,1437,17209,13816
733,1421,17321,13942
730,1450,17230,13832
730,1436,17267,13880
730,1444,17276,13885
729,1450,17209,13818
733,1430,17352,13977
736,1463,17330,13884
737,1454,17358,13905
732,1445,17309,13881
729,1446,17222,13818
732,1423,17332,13945
728,1451,17176,13807
732,1435,17290,13907
730,1430,17257,13869
729,1446,17223,13829
731,1427,17271,13894
729,1455,17218,13797
732,1432,17285,13890
732,1433,17292,13925
728,1448,17181,13801
732,1423,17304,13923
727,1451,17177,13758
734,1440,17325,13917
730,1440,17241,13842
730,1437,17237,13841
732,1480,17285,13913
726,1450,17134,13740
731,1443,17308,13906
731,1439,17296,13889
731,1446,17287,13863
734,1458,17259,13866
727,1464,17135,13755
730,1432,17256,13889
732,1431,17314,13913
730,1439,17256,13875
730,1435,17254,13868
727,1459,17146,13757
731,1436,17285,13878
730,1432,17248,13869
729,1480,17224,13862
729,1437,17251,13868
728,1455,17192,13793
735,1436,17339,13920
730,1443,17248,13850
729,1445,17229,13835
729,1441,17210,13842
736,1464,17295,13868
732,1425,17324,13932
729,1437,17233,13820
730,1439,17288,13868
730,1435,17239,13867
729,1449,17191,13799
734,1442,17336,13926
728,1447,17202,13791
729,1447,17237,13849
741,1444,17435,14013
740,1463,17410,13946
742,1446,17511,14070
735,1459,17278,13843
742,1440,17475,14053
736,1425,17374,13960
744,1444,17591,14126
733,1426,17356,13962
729,1460,17169,13762
730,1437,17228,13848
730,1443,17224,13844
729,1448,17218,13829
732,1431,17318,13910
728,1451,17191,13784
731,1442,17282,13847
729,1444,17228,13842
729,1448,17211,13826
731,1435,17271,13885
728,1448,17181,13781
732,1430,17348,13940
730,1439,17256,13866
730,1441,17227,13838
730,1433,17270,13909
727,1463,17129,13749
732,1434,17324,13964
729,1449,17228,13854
728,1458,17210,13821
731,1428,17298,13912
728,1456,17186,13796
731,1435,17298,13901
731,1455,17246,13849
729,1442,17227,13837
730,1445,17277,13877
727,1451,17155,13741
734,1432,17384,13960
729,1433,17241,13857
729,1454,17218,13830
728,1418,17241,13877
727,1464,17145,13717
732,1428,17335,13925
729,1444,17223,13853
732,1421,17329,13920
731,1439,17265,13878
727,1456,17167,13795
733,1427,17312,13909
729,1448,17206,13825
731,1447,17276,13856
731,1434,17295,13897
728,1450,17188,13803
732,1420,17294,13914
731,1454,17208,13805
729,1433,17230,13854
729,1421,17248,13833
740,1466,17425,13964
745,1439,17606,14137
739,1458,17352,13919
733,1446,17269,13860
731,1445,17259,13861
730,1459,17243,13842
737,1426,17417,13971
728,1452,17200,13805
731,1455,17248,13826
729,1441,17239,13853
728,1433,17200,13816
733,1418,17334,13950
728,1459,17184,13798
729,1448,17243,13846
730,1440,17261,13875
727,1443,17162,13782
732,1425,17328,13943
727,1460,17163,13776
729,1446,17254,13852
729,1443,17220,13817
730,1446,17264,13858
732,1437,17336,13903
729,1448,17212,13816
730,1439,17261,13888
729,1451,17207,13846
731,1440,17265,13878
732,1435,17327,13897
729,1451,17199,13827
734,1442,17310,13894
729,1433,17241,13858
728,1439,17213,13833
730,1455,17261,13872
728,1452,17160,13794
734,1443,17347,13916
730,1439,17282,13860
729,1442,17238,13830
731,1436,17291,13906
732,1466,17197,13784
732,1438,17294,13888
730,1437,17266,13873
729,1436,17255,13854
730,1439,17264,13866
727,1450,17136,13747
733,1436,17322,13910
730,1431,17270,13888
732,1454,17223,13796
730,1454,17273,13851
727,1455,17154,13780
733,1426,17338,13943
734,1455,17307,13862
728,1455,17197,13825
732,1422,17329,13947
731,1458,17192,13772
732,1425,17359,13949
730,1452,17224,13807
729,1454,17227,13841
730,1431,17247,13864
728,1444,17181,13780
732,1431,17326,13903
727,1455,17166,13772
730,1437,17249,13857
736,1446,17370,13928
729,1456,17201,13799
733,1439,17334,13963
729,1443,17202,13843
730,1444,17248,13851
731,1439,17310,13893
729,1426,17243,13867
733,1430,17361,13962
730,1458,17187,13783
729,1449,17205,13822
732,1434,17280,13876
729,1440,17227,13853
745,1455,17741,14115
739,1458,17481,13865
731,1440,17260,13857
741,1428,17559,13961
739,1463,17499,13929
733,1430,17362,13986
731,1463,17223,13773
732,1435,17314,13892
742,1440,17617,13960
730,1446,17234,13839
734,1437,17321,13917
727,1456,17151,13774
732,1438,17324,13920
731,1426,17286,13880
728,1445,17177,13819
733,1420,17336,13948
738,1459,17478,13875
731,1436,17295,13894
732,1439,17330,13904
729,1451,17200,13841
733,1437,17355,13945
744,1459,17557,13910
742,1429,17620,14011
744,1449,17544,14100
737,1435,17399,13997
738,1462,17443,14042
740,1470,17433,13984
741,1460,17470,14014
732,1449,17306,13876
729,1451,17227,13837
731,1440,17282,13900
728,1462,17165,13780
735,1436,17351,13927
731,1436,17293,13877
725,1435,17199,13849
732,1438,17319,13922
730,1468,17184,13788
731,1431,17298,13911
729,1447,17211,13800
728,1426,17239,13860
729,1438,17288,13860
729,1439,17206,13838
733,1430,17328,13926
730,1455,17215,13800
732,1444,17284,13920
734,1440,17317,13889
729,1464,17190,13782
734,1429,17393,13992
728,1448,17195,13764
735,1440,17309,13922
731,1433,17256,13886
728,1454,17191,13813
734,1429,17412,14008
729,1436,17223,13810
729,1445,17220,13830
731,1439,17268,13892
729,1446,17204,13830
730,1443,17299,13936
728,1449,17182,13799
728,1450,17196,13857
731,1441,17287,13900
728,1447,17196,13808
733,1425,17348,13968
731,1456,17221,13796
730,1447,17234,13857
730,1434,17270,13843
730,1447,17227,13825
733,1444,17354,13925
742,1451,17609,13975
733,1436,17318,13931
730,1439,17244,13861
727,1459,17154,13784
733,1431,17344,13957
730,1450,17233,13813
733,1427,17350,13966
732,1438,17310,13896
731,1439,17236,13830
730,1434,17255,13876
728,1445,17180,13823
740,1422,17594,14022
732,1425,17320,13898
738,1447,17383,13934
754,1445,17825,14180
748,1453,17671,14096
746,1457,17598,14157
744,1457,17624,13989
745,1449,17605,14159
744,1442,17651,14002
749,1479,17651,13957
740,1447,17440,13995
744,1458,17582,13944
737,1463,17385,13905
744,1462,17623,13976
730,1450,17222,13797
732,1433,17338,13959
742,1470,17545,13898
742,1437,17615,14009
744,1434,17638,14045
730,1453,17245,13852
733,1429,17338,13962
732,1444,17314,13919
733,1429,17340,13957
732,1436,17304,13919
733,1443,17316,13913
733,1433,17360,13979
730,1446,17252,13853
733,1429,17339,13945
735,1439,17409,13983
732,1447,17334,13906
734,1431,17394,14012
732,1444,17270,13881
731,1441,17288,13898
734,1425,17373,13964
735,1436,17387,13985
732,1438,17352,14006
733,1443,17308,13900
733,1439,17339,13934
735,1431,17365,13981
733,1451,17306,13907
736,1440,17442,14056
741,1433,17491,14041
736,1445,17386,13952
735,1431,17383,13994
736,1437,17425,14034
736,1440,17415,14040
734,1431,17355,13940
737,1435,17446,14017
735,1421,17415,13983
736,1438,17417,13980
737,1442,17448,14054
740,1458,17437,14002
737,1452,17458,14079
736,1444,17461,14047
739,1445,17502,14076
743,1436,17552,14110
739,1436,17440,14012
738,1450,17491,14085
737,1446,17462,14080
739,1438,17445,14016
739,1448,17493,14101
749,1458,17774,14104
743,1476,17659,14234
755,1464,17961,14288
740,1456,17540,14115
740,1464,17513,14126
744,1476,17651,14153
747,1483,17728,14302
746,1494,17733,14279
745,1468,17677,14211
742,1474,17620,14202
742,1455,17545,14137
746,1490,17727,14309
748,1502,17796,14344
746,1483,17728,14277
748,1485,17726,14282
743,1471,17630,14218
749,1495,17811,14361
747,1497,17738,14309
752,1500,17828,14375
750,1496,17829,14394
748,1478,17767,14322
752,1497,17876,14427
749,1496,17758,14325
751,1503,17865,14421
751,1513,17851,14426
753,1504,17910,14450
754,1513,17980,14505
756,1510,17990,14463
764,1495,18272,14553
753,1503,17929,14480
762,1506,18236,14572
762,1513,18236,14631
762,1518,18074,14555
755,1504,17968,14493
763,1509,18105,14577
757,1496,18045,14504
768,1464,18455,14742
762,1518,18198,14568
764,1502,18315,14628
763,1510,18267,14650
766,1521,18399,14656
773,1506,18501,14754
763,1507,18259,14604
763,1512,18248,14663
758,1517,18038,14553
759,1519,18104,14611
760,1499,18151,14619
757,1512,18045,14543
759,1516,18136,14611
758,1513,18048,14565
757,1509,18018,14556
758,1494,18060,14595
757,1510,18049,14552
762,1518,18163,14629
757,1517,18043,14559
757,1503,18027,14559
762,1515,18096,14599
755,1495,17935,14473
757,1515,18060,14587
758,1518,18043,14562
756,1520,18036,14544
758,1511,18067,14586
755,1507,17931,14460
758,1510,18045,14560
756,1514,17974,14521
754,1505,17958,14479
756,1507,18021,14550
752,1505,17886,14397
757,1509,18087,14572
755,1508,17957,14483
754,1494,17950,14493
753,1502,17874,14406
762,1506,18213,14490
767,1508,18411,14662
754,1495,17901,14441
750,1484,17818,14373
750,1504,17847,14397
760,1498,18133,14470
758,1505,18111,14546
759,1493,18096,14481
751,1501,17867,14393
749,1503,17818,14383
747,1470,17706,14266
751,1508,17871,14405
742,1482,17671,14271
749,1500,17816,14360
754,1491,17889,14401
747,1482,17767,14296
750,1501,17845,14371
744,1475,17637,14210
747,1486,17712,14287
747,1484,17724,14285
746,1472,17714,14276
749,1500,17842,14392
755,1489,17834,14348
754,1497,17846,14355
759,1509,18154,14518
742,1448,17575,14169
745,1481,17686,14261
742,1478,17563,14161
747,1475,17746,14259
744,1452,17628,14189
756,1463,17950,14302
752,1486,17945,14321
741,1453,17524,14096
744,1469,17653,14219
749,1464,17690,14226
742,1443,17607,14103
750,1444,17839,14145
746,1460,17714,14075
750,1466,17839,14228
754,1431,17861,14185
738,1456,17498,14082
740,1458,17567,14136
746,1433,17747,14126
739,1453,17517,14097
739,1449,17509,14101
746,1436,17721,14106
747,1445,17759,14174
744,1427,17667,14076
750,1440,17850,14178
746,1441,17751,14124
739,1452,17527,14089
746,1438,17740,14120
744,1448,17615,14008
748,1440,17800,14157
747,1439,17746,14112
746,1447,17770,14141
740,1423,17536,14048
742,1444,17614,14016
745,1455,17752,14172
744,1445,17702,14096
757,1438,17935,14247
755,1472,18020,14346
742,1440,17599,13992
746,1456,17773,14160
742,1439,17596,13987
742,1424,17595,14024
744,1431,17669,14059
742,1430,17622,14041
745,1434,17753,14102
732,1444,17279,13895
739,1447,17419,13982
751,1434,17810,14162
742,1439,17618,14014
734,1430,17369,13988
729,1451,17179,13749
742,1457,17566,13917
737,1426,17446,13977
735,1433,17369,13976
734,1449,17413,14034
730,1450,17191,13804
728,1451,17195,13787
738,1442,17512,13949
741,1454,17560,13955
737,1455,17474,14076
732,1446,17272,13887
729,1438,17241,13855
730,1452,17244,13822
739,1421,17507,13961
733,1437,17362,13954
731,1439,17263,13860
734,1441,17353,13936
731,1450,17262,13864
728,1447,17157,13788
732,1430,17298,13916
731,1458,17303,13832
732,1428,17338,13911
731,1439,17308,13908
731,1435,17279,13888
731,1429,17280,13908
727,1455,17143,13761
743,1430,17676,14060
734,1435,17401,13928
741,1424,17576,13992
741,1442,17599,13976
727,1450,17167,13787
731,1443,17280,13905
730,1447,17245,13870
731,1444,17276,13895
732,1442,17326,13891
736,1444,17423,13845
733,1428,17354,13963
732,1439,17280,13897
739,1466,17477,13886
731,1438,17293,13896
739,1458,17469,13854
743,1434,17666,14045
741,1449,17568,13905
739,1466,17499,13871
738,1437,17514,13964
735,1457,17385,13850
740,1420,17580,13996
734,1439,17391,13906
728,1437,17224,13828
736,1425,17461,13956
735,1446,17425,13913
732,1425,17309,13930
728,1449,17165,13786
730,1440,17253,13843
732,1435,17321,13929
728,1453,17181,13790
733,1421,17350,13953
728,1440,17176,13790
729,1434,17212,13852
732,1442,17299,13900
732,1449,17245,13839
734,1431,17396,13994
736,1466,17313,13866
729,1456,17200,13807
731,1433,17283,13898
730,1443,17234,13838
733,1431,17382,13987
727,1446,17174,13775
727,1453,17183,13799
739,1440,17545,13974
749,1442,17711,14098
745,1473,17664,14223
730,1445,17235,13847
731,1444,17239,13836
729,1439,17238,13828
729,1453,17211,13824
733,1423,17378,13955
741,1485,17488,13826
731,1429,17274,13911
730,1449,17241,13836
729,1462,17241,13847
749,1445,17760,14089
740,1460,17439,13863
740,1438,17557,13966
729,1447,17217,13840
738,1450,17506,13910
741,1441,17607,13992
728,1453,17186,13771
739,1425,17532,13997
728,1438,17216,13822
739,1448,17530,13935
739,1445,17532,13938
737,1445,17430,13856
742,1433,17609,14002
740,1465,17512,13877
738,1460,17461,13858
731,1435,17266,13869
736,1458,17423,13852
737,1433,17490,13989
740,1453,17538,13920
736,1446,17435,13898
743,1437,17644,13996
745,1467,17584,13911
741,1426,17608,14021
739,1449,17494,13905
730,1452,17220,13823
731,1434,17290,13869
741,1472,17489,13830
734,1438,17393,13945
733,1459,17338,13820
740,1437,17576,13987
742,1458,17545,13915
737,1465,17437,13828
741,1465,17548,13937
739,1457,17485,13854
743,1456,17531,13898
741,1450,17528,13892
738,1455,17470,13886
742,1455,17566,13962
738,1452,17454,13843
741,1448,17546,13912
742,1455,17558,13909
