2676,10000
732,1445,17326,13802
732,1450,17311,13779
736,1436,17446,13918
734,1461,17334,13740
735,1444,17416,13886
740,1461,17443,13875
736,1435,17398,13822
734,1451,17401,13851
731,1462,17280,13752
734,1427,17419,13918
734,1432,17361,13827
734,1451,17368,13812
736,1447,17452,13915
731,1465,17272,13745
735,1427,17433,13896
734,1441,17377,13836
735,1461,17397,13822
737,1467,17425,13848
733,1462,17284,13696
737,1443,17487,13915
734,1448,17387,13832
734,1442,17359,13814
736,1444,17394,13850
731,1452,17245,13695
737,1431,17493,13911
734,1446,17377,13839
733,1451,17360,13825
735,1432,17405,13883
732,1459,17292,13773
739,1450,17475,13913
733,1451,17321,13788
734,1456,17373,13801
733,1451,17368,13848
732,1444,17314,13789
735,1436,17424,13890
732,1466,17267,13739
734,1437,17389,13853
735,1422,17416,13870
734,1453,17359,13784
737,1442,17503,13934
733,1449,17302,13761
732,1447,17333,13808
734,1439,17365,13846
734,1446,17357,13793
736,1452,17463,13896
733,1440,17333,13815
741,1460,17468,13882
734,1447,17385,13830
733,1458,17342,13813
736,1445,17454,13907
732,1448,17298,13776
736,1449,17400,13820
733,1446,17381,13848
732,1456,17321,13786
738,1428,17492,13926
731,1455,17255,13716
735,1437,17403,13845
742,1487,17522,13931
743,1466,17509,13888
735,1448,17435,13870
731,1451,17277,13751
736,1442,17445,13912
742,1467,17490,13905
741,1471,17473,13895
735,1452,17423,13860
733,1452,17300,13728
738,1438,17492,13877
733,1454,17342,13829
733,1434,17340,13825
736,1441,17382,13833
731,1438,17278,13751
742,1454,17533,13934
738,1461,17426,13848
731,1444,17312,13805
743,1455,17549,13957
731,1478,17280,13747
735,1449,17420,13868
734,1436,17408,13873
735,1448,17425,13881
744,1448,17574,13967
731,1461,17278,13734
735,1431,17428,13899
734,1443,17396,13873
735,1428,17413,13860
736,1449,17441,13873
732,1456,17269,13712
736,1438,17447,13899
734,1443,17398,13877
740,1457,17462,13884
737,1453,17410,13858
732,1457,17289,13765
742,1447,17551,13954
733,1445,17355,13801
734,1450,17390,13845
734,1444,17393,13877
732,1459,17308,13791
735,1443,17437,13895
733,1443,17337,13793
733,1446,17358,13821
736,1435,17457,13891
732,1446,17307,13780
736,1432,17443,13911
731,1459,17294,13766
734,1456,17397,13844
736,1444,17422,13874
734,1439,17337,13781
736,1434,17459,13906
733,1457,17344,13805
738,1457,17396,13835
735,1447,17395,13852
734,1447,17368,13846
737,1423,17527,13973
733,1454,17323,13755
734,1436,17391,13854
733,1431,17370,13832
733,1450,17354,13839
739,1439,17507,13925
733,1459,17326,13779
736,1449,17398,13819
735,1451,17404,13828
733,1452,17323,13772
737,1448,17448,13893
732,1445,17301,13781
736,1432,17448,13887
743,1446,17538,13931
737,1462,17391,13834
735,1436,17425,13873
731,1461,17265,13730
736,1429,17472,13941
733,1448,17355,13811
732,1459,17308,13767
737,1426,17474,13927
737,1453,17348,13755
734,1441,17408,13872
734,1462,17402,13862
735,1448,17337,13792
737,1445,17451,13872
732,1457,17268,13701
735,1434,17440,13883
735,1445,17445,13875
734,1449,17353,13814
734,1441,17401,13879
732,1452,17295,13747
735,1437,17440,13897
735,1442,17416,13873
734,1437,17374,13846
736,1429,17459,13912
733,1465,17294,13742
735,1441,17431,13901
733,1442,17340,13816
734,1449,17397,13869
740,1437,17481,13897
732,1450,17308,13781
736,1437,17436,13889
732,1449,17318,13795
733,1436,17376,13874
735,1453,17385,13829
736,1454,17347,13771
737,1441,17490,13938
735,1446,17370,13789
737,1446,17386,13802
735,1448,17397,13864
733,1458,17321,13781
737,1423,17479,13921
734,1454,17344,13770
734,1442,17358,13822
735,1448,17403,13859
732,1438,17334,13831
736,1413,17474,13953
733,1431,17339,13799
733,1457,17356,13818
734,1448,17412,13879
733,1455,17337,13780
736,1422,17458,13925
732,1456,17318,13777
733,1445,17354,13839
735,1434,17409,13867
733,1442,17343,13809
737,1427,17486,13922
732,1452,17325,13775
734,1442,17378,13829
734,1449,17368,13852
732,1446,17331,13804
735,1424,17445,13906
734,1455,17363,13778
735,1444,17418,13891
744,1457,17559,13952
740,1457,17433,13854
734,1441,17401,13878
732,1462,17273,13742
735,1436,17404,13876
735,1429,17405,13854
733,1453,17350,13791
741,1457,17483,13900
730,1460,17229,13686
733,1438,17375,13869
735,1435,17414,13863
734,1446,17375,13833
735,1440,17442,13906
731,1456,17291,13741
735,1431,17422,13881
734,1456,17380,13831
733,1457,17364,13847
735,1441,17430,13886
735,1473,17312,13730
735,1435,17441,13909
735,1456,17402,13842
735,1454,17381,13831
736,1470,17418,13899
732,1450,17268,13729
736,1432,17469,13928
732,1454,17350,13794
733,1448,17338,13808
735,1439,17418,13879
733,1452,17338,13805
734,1444,17403,13901
741,1477,17471,13870
741,1459,17500,13911
743,1447,17558,13968
741,1459,17453,13855
735,1442,17445,13911
732,1448,17289,13760
732,1436,17350,13847
736,1443,17432,13884
733,1461,17360,13807
736,1433,17468,13950
736,1456,17349,13775
733,1445,17325,13780
734,1439,17407,13875
733,1446,17345,13833
744,1439,17580,14027
733,1458,17319,13755
733,1445,17351,13839
733,1439,17382,13856
733,1450,17350,13806
733,1423,17425,13926
732,1458,17300,13775
735,1436,17383,13840
734,1443,17409,13858
734,1456,17346,13780
735,1429,17443,13924
733,1448,17296,13747
734,1435,17416,13910
734,1462,17374,13823
733,1439,17366,13822
735,1428,17429,13900
732,1466,17312,13767
735,1429,17443,13913
735,1447,17416,13906
737,1439,17375,13807
734,1440,17413,13888
732,1464,17300,13746
735,1448,17425,13882
733,1451,17339,13815
732,1442,17303,13787
733,1437,17381,13871
731,1453,17282,13739
737,1448,17443,13878
735,1438,17410,13860
734,1448,17380,13817
734,1444,17384,13856
729,1465,17233,13716
734,1433,17412,13903
737,1454,17418,13845
736,1428,17440,13886
741,1459,17457,13873
734,1455,17300,13723
735,1437,17434,13903
735,1437,17383,13838
733,1451,17347,13826
734,1452,17356,13815
734,1451,17358,13816
741,1447,17506,13929
734,1461,17328,13781
734,1454,17342,13781
732,1452,17361,13871
732,1454,17322,13801
736,1421,17435,13883
733,1451,17363,13827
734,1442,17398,13843
735,1453,17405,13859
733,1450,17338,13805
735,1423,17451,13932
733,1466,17344,13802
733,1450,17382,13835
734,1447,17412,13898
734,1441,17359,13808
737,1433,17455,13911
733,1462,17299,13750
733,1442,17363,13845
734,1452,17378,13839
735,1445,17402,13872
738,1432,17496,13939
732,1461,17302,13777
732,1446,17326,13810
733,1433,17370,13849
732,1451,17315,13783
736,1430,17465,13924
732,1462,17328,13782
735,1445,17417,13868
733,1438,17336,13815
734,1449,17371,13830
734,1443,17399,13880
733,1445,17332,13792
737,1437,17456,13891
733,1454,17349,13818
733,1462,17340,13812
734,1440,17419,13901
734,1462,17290,13740
734,1393,17416,13879
732,1448,17342,13824
733,1450,17379,13833
734,1434,17389,13858
732,1450,17286,13758
740,1452,17471,13902
732,1443,17342,13829
734,1443,17392,13868
737,1439,17449,13898
735,1463,17336,13726
737,1436,17501,13949
740,1453,17457,13890
731,1457,17293,13786
735,1431,17421,13909
732,1466,17291,13744
737,1439,17488,13920
742,1461,17507,13936
735,1455,17382,13825
735,1419,17427,13921
738,1460,17385,13814
738,1445,17464,13928
731,1445,17309,13813
735,1428,17410,13875
734,1448,17407,13878
731,1462,17284,13756
736,1437,17437,13916
731,1438,17296,13799
737,1447,17415,13900
734,1445,17388,13853
733,1456,17334,13778
737,1431,17492,13934
732,1460,17298,13762
732,1456,17337,13823
734,1444,17408,13905
733,1463,17354,13809
738,1427,17483,13908
733,1458,17330,13816
734,1447,17362,13808
733,1435,17391,13876
731,1440,17297,13786
736,1420,17458,13934
732,1448,17294,13765
734,1450,17388,13839
739,1453,17437,13880
731,1444,17295,13789
736,1430,17477,13950
732,1451,17278,13750
732,1457,17339,13805
734,1458,17376,13856
735,1448,17366,13800
736,1433,17467,13924
731,1457,17304,13766
734,1441,17372,13857
733,1445,17345,13831
733,1452,17342,13796
736,1437,17480,13942
732,1455,17281,13755
735,1435,17441,13922
733,1437,17368,13846
733,1450,17345,13824
736,1448,17409,13863
730,1462,17265,13741
735,1434,17440,13901
734,1454,17396,13868
733,1449,17335,13806
734,1452,17402,13867
733,1461,17299,13729
735,1429,17446,13912
734,1457,17388,13839
735,1450,17399,13845
736,1447,17444,13880
730,1452,17238,13722
735,1436,17406,13872
734,1447,17392,13863
735,1441,17400,13857
735,1475,17399,13873
734,1455,17286,13718
735,1438,17427,13893
734,1444,17366,13844
737,1455,17395,13861
733,1442,17365,13855
730,1446,17263,13749
735,1432,17464,13927
732,1448,17316,13782
734,1438,17424,13901
734,1438,17388,13877
738,1471,17386,13831
735,1446,17437,13896
731,1456,17287,13773
734,1432,17397,13869
734,1448,17412,13875
735,1466,17338,13776
736,1441,17434,13899
731,1443,17278,13758
735,1442,17356,13780
735,1443,17412,13873
732,1454,17297,13777
736,1444,17464,13923
738,1467,17384,13825
732,1452,17293,13773
733,1441,17362,13842
732,1447,17302,13767
737,1425,17499,13949
732,1452,17277,13741
732,1446,17335,13815
733,1451,17380,13839
732,1446,17309,13803
736,1433,17456,13936
730,1453,17266,13742
734,1450,17376,13818
734,1449,17367,13813
732,1453,17316,13807
734,1429,17398,13888
731,1439,17290,13785
739,1466,17449,13854
734,1457,17399,13848
736,1459,17362,13813
734,1435,17406,13872
731,1455,17275,13753
735,1440,17418,13896
733,1444,17339,13817
734,1448,17317,13776
735,1428,17430,13898
728,1409,17228,13698
734,1445,17401,13880
733,1443,17351,13842
733,1439,17331,13826
736,1456,17403,13843
733,1451,17354,13816
748,1434,17732,14141
737,1452,17461,13905
746,1447,17632,14062
738,1430,17484,13947
737,1452,17400,13853
741,1429,17582,14007
749,1438,17747,14144
733,1454,17352,13839
733,1408,17377,13833
731,1450,17245,13710
733,1431,17390,13896
737,1448,17392,13836
733,1446,17328,13796
740,1454,17479,13890
730,1455,17269,13748
736,1440,17420,13875
732,1453,17307,13768
734,1458,17345,13815
735,1441,17412,13870
742,1468,17469,13897
741,1441,17512,13928
732,1467,17305,13734
733,1455,17346,13818
732,1450,17338,13823
731,1456,17306,13793
736,1424,17475,13945
733,1455,17356,13803
734,1448,17379,13858
737,1438,17419,13847
734,1436,17345,13800
735,1428,17455,13944
731,1461,17260,13742
732,1444,17324,13817
734,1432,17392,13868
733,1452,17335,13806
735,1423,17455,13959
731,1455,17272,13755
732,1447,17308,13795
733,1451,17367,13822
735,1452,17403,13860
736,1439,17464,13915
732,1452,17318,13786
733,1443,17359,13854
739,1460,17432,13868
731,1453,17285,13783
735,1430,17449,13931
731,1454,17276,13747
734,1443,17392,13880
733,1454,17372,13837
732,1453,17326,13785
735,1439,17424,13926
730,1452,17256,13735
734,1433,17412,13912
741,1462,17480,13895
732,1454,17309,13801
734,1437,17389,13880
729,1457,17227,13716
735,1439,17401,13873
734,1442,17398,13879
733,1456,17335,13793
736,1433,17479,13941
738,1465,17376,13781
734,1443,17403,13877
733,1435,17346,13822
733,1441,17343,13832
742,1453,17488,13898
730,1461,17253,13710
737,1445,17438,13874
733,1437,17369,13862
733,1453,17348,13837
740,1453,17462,13905
732,1456,17276,13704
735,1440,17417,13896
733,1444,17355,13824
734,1441,17363,13833
735,1441,17408,13887
730,1464,17274,13751
735,1432,17442,13934
737,1463,17377,13806
736,1438,17402,13858
736,1440,17455,13887
734,1462,17356,13797
735,1439,17443,13920
731,1455,17287,13766
732,1453,17343,13825
733,1455,17348,13812
735,1453,17350,13766
735,1421,17410,13884
733,1450,17300,13752
732,1460,17338,13802
734,1436,17394,13871
730,1448,17281,13790
738,1417,17512,13992
741,1470,17476,13882
736,1462,17372,13802
734,1439,17361,13842
732,1444,17299,13787
736,1427,17439,13914
733,1441,17315,13779
732,1461,17327,13783
734,1447,17377,13814
734,1440,17389,13846
737,1426,17438,13892
731,1462,17257,13739
733,1448,17358,13846
734,1438,17388,13856
733,1439,17356,13796
734,1441,17394,13868
731,1464,17286,13754
734,1434,17409,13897
733,1444,17374,13860
733,1444,17320,13779
734,1437,17380,13867
735,1460,17315,13750
734,1438,17384,13863
735,1447,17410,13885
732,1452,17316,13801
734,1453,17379,13860
732,1436,17343,13810
736,1428,17462,13936
735,1444,17387,13828
734,1456,17382,13805
734,1435,17395,13888
729,1442,17200,13703
734,1441,17386,13871
733,1458,17375,13835
735,1440,17409,13860
733,1441,17362,13851
732,1462,17281,13735
734,1436,17395,13879
733,1450,17371,13855
732,1441,17336,13834
734,1457,17370,13844
732,1458,17317,13758
736,1445,17442,13891
733,1450,17331,13786
730,1432,17316,13804
745,1446,17606,14051
745,1459,17620,14027
745,1428,17673,14101
732,1452,17348,13824
737,1448,17393,13805
735,1460,17402,13851
735,1464,17322,13777
735,1435,17422,13897
732,1445,17327,13785
734,1443,17364,13817
733,1443,17359,13846
732,1460,17323,13804
736,1431,17459,13936
734,1435,17322,13778
732,1454,17321,13795
733,1447,17355,13828
734,1458,17378,13818
736,1419,17459,13930
731,1459,17281,13740
731,1453,17294,13776
736,1445,17423,13886
733,1454,17310,13756
737,1422,17501,13948
733,1457,17315,13748
733,1449,17359,13798
733,1452,17352,13827
733,1446,17322,13795
736,1442,17414,13882
732,1475,17319,13766
735,1447,17400,13837
733,1438,17363,13828
732,1456,17325,13784
735,1447,17422,13886
730,1463,17268,13749
733,1436,17377,13872
734,1452,17362,13847
733,1435,17370,13826
734,1436,17405,13889
730,1458,17266,13769
734,1432,17396,13871
733,1438,17355,13849
733,1444,17349,13824
735,1439,17461,13914
732,1450,17295,13744
736,1432,17475,13926
735,1445,17377,13838
733,1453,17354,13843
733,1439,17368,13866
731,1452,17271,13744
737,1442,17470,13907
734,1442,17364,13841
733,1453,17349,13791
733,1437,17416,13889
733,1460,17259,13717
736,1423,17436,13927
733,1440,17361,13843
733,1454,17340,13813
742,1455,17517,13940
733,1452,17295,13759
736,1435,17453,13915
732,1452,17330,13812
733,1446,17378,13858
734,1427,17394,13864
732,1452,17335,13790
736,1451,17472,13900
731,1451,17280,13747
734,1444,17358,13834
744,1471,17531,13950
739,1466,17422,13830
736,1437,17472,13938
729,1448,17275,13774
735,1442,17372,13815
734,1436,17372,13841
732,1449,17313,13797
737,1424,17502,13962
732,1452,17282,13754
736,1437,17396,13826
733,1457,17356,13826
735,1461,17346,13783
736,1432,17456,13924
735,1467,17311,13770
735,1449,17361,13786
737,1447,17417,13858
733,1445,17353,13818
736,1430,17486,13939
730,1459,17262,13719
734,1449,17370,13851
734,1446,17385,13871
735,1460,17362,13795
735,1426,17441,13901
740,1458,17431,13855
738,1450,17445,13875
733,1453,17345,13815
732,1441,17306,13795
735,1441,17413,13892
732,1461,17285,13747
736,1438,17474,13923
734,1434,17382,13851
733,1452,17342,13817
734,1429,17365,13840
731,1459,17264,13751
735,1443,17446,13909
734,1442,17389,13872
735,1439,17390,13840
736,1446,17458,13884
730,1455,17261,13731
734,1446,17387,13864
734,1447,17380,13866
734,1443,17387,13845
738,1459,17476,13879
730,1455,17242,13722
736,1437,17473,13918
733,1434,17355,13837
734,1438,17432,13905
734,1432,17380,13858
731,1458,17261,13745
735,1425,17438,13884
732,1451,17342,13813
733,1432,17380,13853
734,1451,17399,13880
731,1454,17278,13761
736,1435,17447,13907
732,1451,17322,13782
734,1454,17391,13853
735,1434,17418,13865
733,1447,17315,13788
735,1425,17449,13934
735,1455,17346,13797
733,1453,17392,13866
734,1441,17414,13868
733,1443,17341,13806
746,1438,17626,14028
740,1475,17432,13839
733,1451,17349,13818
738,1446,17436,13867
733,1421,17356,13846
740,1439,17524,13947
732,1463,17314,13783
739,1454,17428,13872
742,1458,17497,13932
744,1459,17565,13994
746,1450,17661,14062
735,1467,17333,13767
736,1450,17382,13814
741,1465,17499,13895
732,1443,17307,13757
734,1431,17411,13905
741,1465,17463,13890
741,1451,17474,13889
734,1443,17382,13821
733,1433,17309,13784
738,1449,17446,13881
729,1460,17226,13719
735,1435,17407,13890
733,1448,17327,13793
731,1463,17302,13788
735,1433,17447,13894
731,1442,17282,13741
733,1435,17405,13898
733,1457,17344,13801
732,1450,17321,13812
738,1441,17452,13904
730,1452,17241,13702
736,1444,17467,13903
733,1437,17376,13832
733,1439,17376,13852
735,1446,17359,13834
730,1455,17247,13724
734,1445,17422,13869
735,1449,17372,13809
734,1435,17384,13866
734,1450,17370,13841
730,1450,17251,13712
734,1449,17395,13861
733,1441,17359,13850
731,1453,17281,13778
735,1440,17444,13890
733,1472,17283,13728
734,1438,17392,13878
733,1442,17335,13815
729,1440,17288,13827
734,1451,17379,13862
733,1451,17334,13803
734,1434,17421,13882
733,1438,17351,13792
734,1443,17368,13854
734,1447,17380,13847
733,1462,17340,13820
736,1444,17452,13901
736,1446,17360,13785
733,1447,17353,13824
738,1457,17431,13884
732,1456,17304,13787
736,1420,17483,13951
732,1433,17315,13802
733,1440,17328,13780
734,1443,17383,13832
734,1464,17344,13801
731,1429,17341,13891
733,1444,17322,13793
735,1455,17353,13799
735,1458,17391,13832
741,1470,17460,13878
737,1422,17499,13939
731,1466,17296,13738
732,1455,17313,13783
732,1442,17323,13822
737,1450,17394,13824
735,1430,17433,13891
732,1470,17301,13746
736,1447,17382,13823
733,1445,17378,13839
739,1463,17390,13819
739,1459,17451,13883
730,1469,17250,13724
735,1443,17419,13894
747,1453,17656,14037
740,1450,17519,13941
739,1450,17521,13968
736,1446,17417,13873
740,1429,17546,14009
739,1435,17515,13957
745,1460,17579,13994
748,1439,17748,14139
731,1455,17266,13718
734,1432,17406,13879
732,1450,17338,13834
733,1452,17353,13822
738,1447,17426,13866
730,1465,17256,13716
735,1440,17436,13911
734,1452,17371,13824
736,1441,17415,13861
733,1433,17370,13867
730,1452,17220,13688
736,1434,17446,13941
733,1450,17370,13831
733,1454,17349,13822
734,1449,17377,13839
732,1468,17284,13752
734,1436,17403,13884
732,1460,17298,13748
734,1461,17374,13840
735,1441,17425,13888
733,1453,17352,13780
736,1444,17448,13931
733,1457,17299,13744
733,1438,17345,13831
733,1450,17394,13857
732,1453,17326,13779
736,1451,17444,13888
735,1456,17347,13788
733,1445,17345,13837
733,1429,17352,13839
732,1459,17294,13771
735,1444,17433,13907
733,1436,17342,13792
733,1439,17345,13819
734,1459,17363,13833
733,1451,17336,13790
733,1420,17420,13952
732,1446,17284,13747
735,1440,17392,13844
740,1449,17468,13874
733,1445,17356,13767
734,1431,17424,13912
730,1449,17266,13752
734,1450,17371,13841
735,1459,17380,13831
733,1446,17342,13782
740,1439,17464,13904
731,1458,17271,13731
735,1442,17420,13889
741,1461,17470,13901
738,1464,17374,13825
734,1433,17403,13897
732,1461,17314,13758
738,1449,17447,13871
737,1449,17394,13849
733,1456,17321,13791
733,1432,17368,13857
734,1460,17290,13731
735,1448,17407,13856
735,1440,17386,13818
733,1458,17339,13784
733,1415,17405,13906
730,1457,17231,13716
733,1441,17370,13869
734,1438,17390,13853
734,1454,17376,13803
734,1444,17377,13839
730,1466,17238,13706
734,1428,17435,13920
732,1444,17348,13840
731,1435,17320,13800
733,1450,17342,13814
733,1451,17321,13774
735,1430,17412,13872
732,1444,17337,13806
732,1418,17338,13797
735,1437,17379,13844
733,1456,17320,13789
735,1432,17429,13895
728,1451,17291,13760
735,1446,17404,13839
734,1445,17405,13894
732,1456,17302,13792
735,1442,17404,13877
731,1464,17278,13733
737,1450,17446,13866
733,1441,17365,13850
732,1441,17321,13776
736,1424,17473,13938
731,1459,17283,13772
738,1458,17409,13851
733,1434,17336,13837
732,1441,17324,13785
736,1445,17433,13890
731,1471,17274,13730
734,1446,17354,13821
744,1450,17587,14025
747,1460,17661,14062
738,1423,17533,13980
742,1478,17481,13872
739,1444,17429,13840
731,1441,17337,13823
732,1446,17330,13791
735,1433,17416,13908
731,1448,17281,13753
734,1445,17408,13857
733,1461,17341,13810
734,1446,17381,13843
745,1461,17600,14021
744,1459,17543,13975
741,1418,17575,14032
735,1453,17409,13878
735,1463,17376,13784
735,1443,17408,13883
730,1454,17248,13709
735,1443,17419,13893
733,1436,17333,13820
733,1455,17348,13812
735,1441,17388,13823
731,1446,17284,13735
735,1438,17423,13864
733,1454,17351,13815
731,1454,17316,13812
735,1438,17378,13835
731,1448,17304,13764
736,1450,17457,13884
732,1440,17333,13821
733,1439,17362,13837
735,1443,17421,13906
729,1450,17227,13724
734,1435,17404,13888
733,1447,17348,13810
734,1440,17364,13826
733,1450,17376,13866
731,1461,17271,13721
734,1437,17405,13886
731,1449,17292,13794
733,1448,17371,13845
735,1444,17390,13844
732,1452,17317,13783
735,1437,17439,13905
732,1449,17290,13764
734,1439,17398,13849
733,1456,17373,13838
732,1459,17308,13760
737,1433,17504,13952
732,1459,17261,13707
734,1447,17365,13824
734,1452,17366,13828
731,1450,17309,13805
735,1440,17437,13913
735,1457,17314,13766
735,1446,17411,13863
741,1468,17504,13932
735,1449,17337,13772
735,1430,17431,13886
732,1461,17294,13762
733,1451,17328,13790
735,1428,17406,13877
733,1438,17352,13800
736,1437,17483,13944
738,1480,17374,13790
731,1442,17309,13797
732,1449,17317,13809
733,1453,17339,13803
735,1444,17443,13885
730,1443,17268,13738
734,1447,17390,13853
734,1439,17339,13795
732,1463,17299,13763
734,1439,17395,13867
739,1481,17384,13808
734,1433,17404,13852
733,1454,17354,13827
734,1456,17353,13816
734,1450,17383,13853
729,1455,17216,13721
736,1446,17411,13864
733,1428,17368,13836
733,1450,17343,13798
736,1444,17450,13880
730,1460,17228,13716
735,1429,17398,13887
734,1440,17359,13838
733,1462,17350,13793
734,1444,17424,13899
730,1452,17221,13687
736,1430,17471,13928
735,1447,17393,13840
738,1453,17434,13823
733,1437,17359,13856
731,1458,17264,13724
737,1441,17463,13900
732,1442,17353,13823
733,1457,17334,13793
735,1424,17430,13896
737,1455,17361,13794
736,1438,17445,13903
732,1454,17334,13801
733,1442,17363,13815
734,1451,17402,13863
733,1460,17319,13791
734,1448,17399,13884
731,1461,17262,13754
733,1410,17378,13846
735,1433,17419,13864
732,1445,17322,13806
737,1432,17476,13939
732,1454,17288,13762
731,1446,17310,13798
734,1435,17379,13858
731,1454,17303,13798
735,1420,17490,13934
732,1441,17317,13790
736,1446,17374,13824
733,1450,17369,13833
730,1450,17276,13763
736,1436,17443,13893
734,1451,17328,13793
743,1457,17526,13916
744,1457,17551,13926
738,1456,17412,13808
735,1426,17421,13909
731,1453,17268,13747
735,1450,17402,13868
733,1454,17359,13799
733,1450,17328,13795
734,1424,17406,13880
731,1447,17283,13763
733,1449,17365,13844
733,1448,17331,13795
734,1461,17317,13793
735,1426,17430,13890
730,1444,17266,13724
734,1449,17404,13875
740,1448,17474,13927
733,1439,17326,13802
740,1447,17487,13905
732,1452,17277,13727
734,1444,17416,13874
734,1447,17404,13848
735,1448,17336,13795
734,1451,17385,13854
731,1456,17275,13759
740,1441,17481,13909
739,1450,17463,13880
731,1466,17299,13789
734,1450,17398,13848
730,1461,17243,13726
734,1436,17390,13879
733,1449,17372,13860
738,1446,17456,13885
733,1447,17394,13851
731,1458,17269,13738
734,1437,17399,13889
733,1437,17350,13829
734,1455,17367,13850
734,1449,17398,13846
733,1460,17335,13787
737,1423,17485,13938
733,1455,17329,13769
733,1446,17359,13838
735,1454,17412,13897
731,1441,17280,13760
734,1439,17430,13900
733,1443,17350,13816
732,1448,17328,13814
735,1425,17430,13896
732,1445,17333,13811
730,1434,17388,13887
730,1463,17272,13745
732,1456,17296,13782
736,1425,17457,13924
735,1432,17354,13785
735,1442,17440,13917
731,1438,17327,13817
731,1441,17300,13794
734,1447,17394,13848
736,1458,17374,13822
737,1428,17505,13944
733,1448,17315,13750
733,1452,17331,13794
737,1452,17389,13836
732,1468,17300,13767
740,1442,17505,13922
732,1463,17300,13739
733,1439,17362,13832
733,1451,17365,13832
743,1467,17527,13939
738,1458,17429,13875
731,1452,17269,13760
733,1434,17377,13859
736,1445,17398,13837
732,1459,17319,13787
733,1440,17396,13870
731,1450,17246,13710
734,1439,17388,13862
735,1458,17411,13851
733,1453,17367,13835
742,1450,17527,13941
741,1473,17435,13824
734,1440,17413,13889
733,1448,17378,13869
733,1445,17327,13829
736,1438,17399,13838
733,1449,17334,13771
739,1445,17478,13913
734,1450,17382,13847
733,1405,17346,13818
734,1447,17378,13843
730,1470,17236,13719
734,1442,17410,13899
735,1439,17389,13821
734,1442,17366,13818
734,1437,17401,13880
732,1468,17310,13767
736,1452,17422,13884
738,1442,17412,13829
734,1455,17366,13834
736,1445,17426,13850
732,1467,17318,13762
736,1440,17459,13934
734,1442,17291,13735
734,1448,17361,13839
734,1448,17393,13873
732,1457,17351,13799
735,1426,17432,13928
731,1444,17303,13782
733,1444,17360,13845
732,1433,17367,13853
731,1447,17275,13777
734,1430,17421,13910
733,1452,17346,13794
733,1457,17352,13817
732,1450,17334,13835
732,1447,17343,13827
735,1421,17422,13912
733,1457,17332,13791
739,1457,17413,13847
733,1444,17374,13826
733,1451,17316,13753
736,1442,17446,13915
732,1457,17292,13762
734,1443,17340,13805
734,1449,17374,13838
733,1451,17338,13770
734,1429,17416,13908
732,1462,17274,13720
734,1442,17389,13877
732,1458,17332,13825
734,1450,17339,13794
736,1446,17404,13865
730,1450,17280,13754
735,1433,17418,13905
736,1457,17384,13820
731,1451,17295,13771
734,1449,17388,13874
731,1445,17257,13720
732,1446,17346,13811
736,1438,17458,13907
746,1470,17613,13976
743,1464,17521,13929
735,1475,17283,13725
734,1441,17379,13844
733,1448,17372,13828
733,1447,17356,13827
734,1449,17372,13846
730,1458,17254,13720
735,1419,17427,13910
741,1465,17470,13895
741,1471,17466,13892
739,1457,17433,13869
732,1457,17286,13724
734,1434,17424,13901
733,1449,17360,13831
732,1437,17341,13821
733,1446,17371,13857
735,1449,17337,13758
735,1440,17419,13881
732,1445,17326,13808
734,1450,17371,13819
735,1441,17375,13831
732,1459,17298,13769
736,1450,17428,13892
732,1444,17288,13740
733,1446,17361,13810
733,1441,17346,13822
733,1469,17323,13767
733,1442,17378,13862
732,1440,17283,13741
732,1449,17317,13799
733,1434,17357,13810
734,1456,17372,13799
735,1432,17448,13925
729,1447,17265,13770
732,1456,17312,13785
731,1449,17308,13803
733,1453,17357,13817
735,1432,17447,13913
732,1448,17328,13780
733,1448,17375,13829
732,1452,17338,13827
731,1456,17280,13770
734,1430,17426,13930
732,1450,17304,13750
736,1445,17454,13885
733,1454,17335,13787
732,1457,17315,13783
735,1431,17393,13848
730,1463,17260,13732
733,1436,17369,13858
731,1442,17303,13796
734,1446,17385,13829
734,1439,17380,13840
732,1460,17320,13790
736,1443,17411,13878
734,1455,17346,13795
732,1452,17311,13798
733,1435,17392,13875
732,1453,17292,13733
746,1450,17632,14027
733,1445,17346,13811
734,1451,17352,13815
738,1449,17436,13871
730,1464,17254,13714
736,1434,17454,13908
733,1451,17356,13823
733,1444,17361,13835
739,1460,17453,13882
731,1453,17224,13682
736,1436,17398,13854
733,1438,17361,13851
736,1476,17413,13852
737,1449,17410,13842
733,1462,17276,13721
734,1439,17396,13866
730,1448,17280,13771
734,1436,17388,13862
734,1442,17371,13837
733,1451,17302,13743
739,1439,17493,13919
726,1451,17207,13732
733,1455,17348,13833
733,1452,17351,13818
732,1448,17311,13783
737,1433,17457,13893
730,1446,17263,13738
733,1458,17346,13810
732,1448,17348,13833
731,1450,17302,13796
736,1442,17438,13905
731,1456,17269,13746
734,1443,17366,13829
734,1441,17383,13853
732,1448,17301,13784
735,1429,17460,13926
730,1445,17262,13753
732,1438,17335,13814
733,1449,17375,13844
732,1488,17318,13781
737,1433,17514,13929
731,1455,17261,13728
732,1435,17321,13807
733,1443,17363,13851
732,1439,17351,13819
735,1431,17463,13935
731,1463,17264,13745
732,1437,17387,13861
733,1444,17347,13817
732,1450,17338,13809
733,1436,17383,13874
732,1447,17291,13760
741,1453,17505,13913
733,1466,17338,13795
731,1450,17309,13798
732,1439,17328,13812
730,1464,17212,13695
735,1442,17403,13865
734,1445,17388,13831
732,1457,17333,13802
735,1443,17431,13871
729,1459,17232,13714
734,1442,17410,13893
742,1449,17519,13951
740,1463,17438,13853
734,1435,17418,13868
730,1454,17264,13724
736,1446,17411,13843
733,1436,17349,13839
733,1451,17361,13868
735,1449,17376,13821
732,1471,17253,13719
736,1438,17440,13885
733,1442,17357,13831
734,1438,17394,13867
730,1444,17319,13832
730,1449,17257,13744
735,1432,17415,13877
729,1436,17334,13803
735,1444,17395,13848
736,1433,17422,13849
731,1458,17294,13785
736,1450,17418,13894
736,1448,17349,13800
733,1449,17368,13831
734,1437,17394,13871
731,1452,17261,13726
736,1447,17440,13897
732,1461,17306,13768
733,1448,17349,13823
733,1448,17351,13832
731,1448,17307,13809
740,1431,17528,13956
734,1447,17325,13763
733,1458,17344,13815
733,1451,17331,13810
733,1460,17335,13826
737,1429,17488,13935
734,1464,17322,13771
732,1454,17327,13780
734,1446,17407,13864
731,1456,17270,13754
735,1416,17453,13933
730,1457,17269,13743
733,1449,17359,13810
733,1443,17360,13811
731,1448,17289,13762
735,1445,17439,13896
731,1472,17293,13767
734,1448,17359,13834
729,1438,17285,13826
734,1441,17341,13801
734,1441,17419,13875
730,1457,17256,13738
734,1434,17396,13883
735,1454,17367,13807
732,1458,17318,13798
734,1449,17388,13855
736,1449,17317,13753
736,1437,17447,13898
736,1441,17432,13858
733,1439,17351,13817
739,1446,17437,13877
731,1462,17245,13710
736,1435,17437,13875
736,1455,17442,13878
743,1453,17550,13996
748,1437,17722,14142
731,1467,17262,13737
735,1444,17387,13848
733,1435,17371,13851
732,1452,17325,13787
734,1438,17410,13874
731,1446,17266,13738
736,1436,17455,13924
740,1439,17497,13951
734,1447,17323,13800
735,1444,17382,13845
736,1462,17345,13775
736,1431,17481,13942
740,1462,17422,13814
732,1452,17336,13831
734,1439,17390,13876
732,1448,17290,13762
736,1427,17480,13940
735,1456,17344,13784
735,1431,17392,13852
734,1438,17393,13858
733,1455,17311,13765
737,1412,17489,13964
735,1458,17322,13766
732,1463,17327,13804
735,1431,17433,13897
731,1452,17329,13804
735,1448,17434,13899
732,1448,17275,13732
733,1437,17368,13850
742,1469,17523,13943
733,1441,17359,13818
737,1434,17517,13968
734,1450,17344,13748
733,1450,17354,13830
732,1452,17340,13826
735,1450,17372,13843
736,1430,17468,13930
733,1445,17329,13775
734,1451,17379,13853
733,1461,17331,13797
731,1454,17305,13793
735,1434,17430,13906
732,1452,17270,13727
736,1435,17457,13939
735,1456,17378,13811
732,1447,17320,13803
734,1440,17393,13855
731,1457,17258,13722
732,1451,17342,13838
733,1451,17358,13839
733,1445,17332,13780
736,1436,17441,13874
731,1454,17286,13738
735,1439,17414,13892
735,1445,17402,13867
732,1438,17323,13827
735,1432,17412,13855
732,1449,17309,13756
735,1438,17423,13905
739,1456,17446,13885
733,1454,17350,13833
733,1453,17353,13822
730,1470,17239,13721
734,1430,17426,13917
734,1439,17381,13832
733,1436,17367,13831
736,1444,17383,13846
733,1453,17314,13785
736,1435,17409,13877
733,1438,17336,13804
733,1454,17348,13828
735,1452,17428,13867
733,1449,17332,13790
735,1427,17444,13924
745,1451,17589,14009
742,1439,17579,14036
735,1441,17406,13878
733,1461,17328,13772
740,1430,17510,13955
731,1457,17299,13773
733,1443,17354,13823
738,1443,17429,13879
731,1456,17303,13780
737,1442,17473,13941
739,1462,17417,13824
732,1455,17330,13825
733,1445,17368,13861
734,1439,17339,13803
734,1441,17395,13876
732,1457,17309,13763
734,1449,17366,13825
736,1451,17412,13828
735,1446,17396,13843
735,1416,17447,13941
731,1458,17290,13776
736,1458,17371,13814
735,1444,17397,13844
733,1449,17351,13799
734,1448,17404,13876
731,1465,17289,13753
735,1438,17426,13891
734,1445,17346,13804
733,1451,17348,13806
734,1434,17380,13871
734,1460,17313,13737
735,1434,17438,13910
734,1445,17410,13895
734,1445,17347,13808
733,1440,17350,13834
733,1447,17321,13788
739,1457,17458,13880
732,1447,17366,13820
735,1445,17395,13848
734,1439,17392,13865
731,1454,17257,13705
734,1434,17405,13883
734,1441,17386,13853
733,1448,17336,13804
735,1445,17398,13865
732,1467,17279,13724
734,1443,17402,13874
734,1441,17398,13896
735,1441,17366,13827
733,1439,17369,13856
732,1477,17307,13754
735,1430,17422,13901
733,1440,17342,13814
734,1437,17384,13869
732,1449,17334,13837
734,1456,17354,13807
738,1445,17452,13900
735,1448,17352,13808
736,1445,17450,13873
739,1447,17458,13890
732,1452,17285,13760
736,1421,17405,13875
732,1456,17304,13759
733,1451,17375,13831
735,1446,17381,13829
731,1451,17296,13778
736,1421,17443,13943
731,1449,17279,13761
733,1441,17371,13865
737,1458,17395,13845
732,1440,17317,13779
735,1432,17443,13934
731,1446,17265,13741
733,1444,17353,13834
738,1454,17411,13868
730,1442,17274,13731
736,1426,17485,13940
734,1447,17329,13756
735,1454,17368,13785
735,1439,17364,13820
735,1404,17342,13772
734,1422,17428,13909
731,1450,17309,13776
739,1457,17445,13868
734,1441,17388,13874
732,1445,17327,13802
734,1434,17402,13878
730,1449,17259,13746
737,1448,17417,13886
734,1428,17400,13870
733,1447,17332,13798
734,1437,17409,13876
733,1473,17271,13734
734,1435,17401,13880
732,1439,17339,13823
733,1453,17363,13814
734,1455,17374,13838
733,1451,17327,13778
736,1440,17428,13871
733,1448,17382,13858
731,1451,17294,13784
734,1441,17377,13850
732,1448,17301,13754
735,1434,17444,13897
734,1429,17389,13859
732,1449,17356,13832
735,1447,17384,13855
731,1457,17221,13685
735,1435,17427,13909
733,1446,17359,13842
733,1445,17349,13797
735,1449,17433,13906
733,1453,17276,13720
736,1431,17464,13954
738,1461,17411,13852
733,1456,17315,13777
737,1444,17479,13936
744,1464,17567,13968
744,1438,17625,14015
732,1459,17284,13754
735,1433,17367,13821
732,1438,17345,13842
744,1459,17563,13971
747,1455,17748,14167
733,1442,17352,13835
741,1456,17472,13883
736,1434,17408,13857
731,1447,17288,13782
731,1427,17430,13920
731,1447,17285,13769
737,1458,17390,13800
734,1438,17379,13849
732,1444,17295,13771
737,1438,17470,13937
733,1464,17292,13759
732,1442,17325,13789
737,1447,17426,13856
729,1435,17286,13818
738,1428,17523,13964
732,1461,17295,13766
732,1451,17331,13810
740,1454,17449,13886
738,1459,17405,13816
736,1424,17473,13936
736,1461,17331,13759
736,1450,17403,13838
732,1447,17338,13815
732,1444,17294,13774
735,1447,17383,13839
731,1461,17271,13735
736,1443,17455,13918
737,1458,17375,13808
733,1454,17344,13815
735,1448,17397,13843
730,1449,17237,13725
735,1426,17448,13909
733,1446,17371,13828
734,1448,17370,13833
735,1424,17458,13900
729,1448,17232,13733
734,1442,17379,13867
733,1455,17342,13829
735,1451,17412,13875
733,1437,17390,13846
730,1447,17244,13733
735,1437,17429,13899
735,1442,17375,13821
733,1439,17372,13852
734,1445,17342,13815
730,1456,17232,13707
736,1439,17439,13876
734,1442,17368,13840
733,1462,17328,13794
734,1452,17375,13840
732,1439,17305,13808
739,1446,17470,13901
732,1445,17314,13788
735,1443,17429,13888
735,1456,17399,13847
732,1449,17270,13742
735,1441,17421,13904
730,1455,17278,13776
733,1452,17343,13819
734,1428,17419,13885
739,1463,17406,13846
734,1444,17407,13858
732,1459,17304,13784
734,1459,17351,13828
734,1442,17358,13844
733,1446,17336,13816
738,1446,17472,13909
731,1448,17274,13751
733,1447,17327,13803
739,1454,17443,13883
731,1455,17285,13749
739,1431,17482,13925
732,1455,17312,13774
733,1448,17345,13814
735,1438,17398,13832
732,1452,17307,13783
735,1436,17428,13911
731,1449,17288,13771
733,1445,17366,13827
736,1460,17398,13814
733,1465,17321,13801
734,1434,17383,13856
729,1463,17229,13714
735,1430,17411,13898
733,1447,17362,13848
731,1450,17281,13778
735,1450,17434,13883
731,1456,17271,13743
734,1432,17402,13886
732,1445,17345,13844
731,1449,17295,13788
735,1434,17411,13879
730,1458,17241,13702
738,1443,17454,13925
735,1446,17393,13846
732,1457,17312,13804
733,1447,17355,13832
731,1461,17244,13705
736,1431,17470,13935
734,1453,17380,13828
731,1447,17314,13799
735,1442,17415,13887
731,1461,17276,13749
733,1447,17366,13854
734,1442,17393,13879
733,1445,17321,13807
735,1434,17424,13888
731,1461,17286,13754
735,1450,17398,13861
732,1450,17340,13819
732,1455,17339,13818
734,1448,17389,13855
732,1462,17330,13811
735,1424,17442,13902
732,1442,17336,13789
733,1444,17362,13832
736,1456,17391,13849
731,1456,17275,13757
740,1431,17472,13925
732,1462,17311,13768
732,1452,17325,13822
735,1433,17403,13879
732,1462,17299,13768
743,1463,17544,13977
733,1448,17295,13758
733,1448,17350,13838
733,1448,17370,13834
733,1446,17349,13829
737,1435,17479,13948
733,1450,17294,13757
732,1455,17318,13810
738,1456,17431,13848
737,1447,17375,13807
737,1434,17498,13942
734,1456,17333,13761
732,1458,17293,13781
733,1444,17327,13794
731,1450,17274,13770
736,1440,17451,13913
733,1458,17335,13773
733,1457,17346,13819
736,1452,17414,13871
732,1449,17299,13788
734,1424,17410,13901
733,1459,17285,13736
735,1433,17435,13927
733,1463,17338,13782
734,1454,17383,13854
735,1438,17384,13855
729,1460,17222,13706
734,1428,17416,13917
733,1445,17359,13839
733,1447,17327,13804
734,1473,17390,13850
731,1462,17280,13753
735,1433,17413,13892
734,1445,17412,13893
739,1465,17435,13885
734,1448,17389,13847
732,1449,17267,13694
735,1438,17431,13911
735,1445,17415,13873
733,1454,17343,13820
733,1432,17364,13874
729,1452,17219,13715
735,1442,17405,13887
743,1460,17544,13943
740,1459,17425,13864
733,1441,17358,13838
732,1448,17302,13791
734,1437,17404,13903
733,1448,17340,13806
734,1439,17393,13862
737,1439,17434,13885
733,1444,17317,13758
737,1446,17428,13871
732,1460,17303,13793
733,1438,17367,13860
740,1461,17470,13885
732,1460,17312,13760
732,1416,17433,13906
738,1471,17383,13814
736,1439,17378,13834
734,1446,17370,13850
735,1461,17359,13820
734,1434,17422,13923
732,1452,17306,13767
739,1452,17422,13852
733,1446,17370,13837
736,1458,17368,13783
735,1437,17420,13922
732,1458,17275,13735
735,1446,17408,13870
735,1448,17392,13833
732,1454,17318,13781
736,1431,17455,13947
730,1446,17282,13775
732,1453,17332,13818
736,1458,17412,13862
738,1467,17402,13824
734,1433,17400,13870
731,1449,17296,13768
735,1455,17380,13835
733,1439,17333,13807
732,1452,17283,13774
736,1432,17438,13924
735,1464,17318,13731
734,1439,17402,13882
733,1442,17342,13823
733,1452,17318,13774
734,1444,17386,13885
731,1472,17266,13722
734,1443,17418,13885
736,1444,17411,13861
734,1450,17354,13790
733,1447,17378,13855
733,1447,17333,13817
737,1447,17418,13875
732,1444,17362,13830
734,1447,17396,13865
733,1443,17353,13831
730,1477,17240,13713
742,1454,17512,13935
733,1439,17344,13823
734,1431,17387,13864
733,1446,17353,13847
732,1456,17266,13712
734,1439,17407,13884
734,1428,17383,13842
734,1448,17335,13801
733,1444,17364,13860
731,1461,17273,13735
736,1430,17459,13915
732,1449,17323,13776
733,1447,17372,13828
734,1439,17379,13852
731,1448,17263,13743
736,1429,17454,13939
732,1451,17298,13748
734,1443,17376,13829
733,1439,17376,13861
734,1442,17369,13832
736,1445,17453,13915
733,1452,17291,13767
733,1454,17346,13831
733,1435,17358,13854
733,1449,17360,13806
736,1422,17439,13901
731,1470,17293,13757
732,1446,17329,13824
732,1443,17330,13833
731,1446,17282,13752
735,1443,17442,13920
732,1462,17301,13761
733,1453,17361,13803
731,1450,17288,13776
732,1445,17302,13781
735,1435,17406,13889
736,1452,17352,13778
735,1450,17380,13817
732,1447,17300,13768
733,1448,17333,13805
734,1434,17414,13904
731,1460,17257,13746
734,1436,17400,13883
731,1454,17301,13790
732,1444,17312,13779
735,1447,17383,13842
730,1457,17232,13685
729,1439,17352,13873
732,1449,17322,13810
733,1448,17347,13829
734,1442,17394,13847
731,1461,17301,13757
732,1430,17378,13837
734,1449,17361,13833
733,1441,17361,13830
735,1442,17387,13849
733,1466,17281,13712
735,1435,17457,13933
732,1448,17322,13806
733,1463,17340,13813
734,1437,17380,13865
731,1468,17239,13701
734,1439,17380,13870
732,1438,17348,13843
735,1449,17416,13879
734,1444,17386,13853
730,1453,17249,13750
734,1437,17402,13877
734,1442,17370,13853
740,1459,17452,13880
733,1442,17348,13839
732,1441,17313,13783
738,1447,17468,13895
732,1459,17297,13762
733,1453,17350,13838
736,1430,17384,13836
733,1453,17321,13773
737,1427,17496,13947
731,1461,17282,13747
733,1457,17357,13824
733,1450,17346,13833
732,1450,17304,13796
735,1424,17448,13934
732,1452,17290,13767
732,1454,17319,13792
735,1433,17413,13901
737,1447,17341,13796
737,1432,17474,13947
731,1468,17261,13755
733,1451,17357,13838
737,1460,17392,13831
732,1443,17331,13781
740,1441,17531,13941
730,1449,17264,13752
733,1447,17301,13765
734,1455,17371,13845
738,1455,17391,13812
736,1439,17461,13915
731,1456,17295,13783
734,1445,17377,13841
735,1452,17332,13820
732,1455,17293,13780
736,1432,17398,13874
740,1470,17435,13875
741,1454,17506,13910
735,1452,17375,13818
732,1444,17304,13774
733,1435,17381,13874
729,1466,17213,13701
735,1440,17419,13883
740,1459,17485,13899
733,1461,17333,13783
735,1439,17432,13875
731,1443,17255,13730
734,1439,17400,13887
734,1446,17354,13830
733,1446,17338,13809
734,1441,17413,13863
727,1458,17174,13670
735,1447,17417,13884
733,1448,17366,13831
732,1447,17311,13796
733,1435,17359,13838
733,1460,17275,13720
735,1446,17439,13896
734,1446,17353,13842
732,1451,17341,13836
734,1444,17362,13839
730,1450,17264,13770
735,1437,17437,13907
732,1445,17312,13785
734,1441,17388,13834
734,1433,17394,13856
731,1464,17270,13742
735,1439,17436,13937
731,1463,17272,13752
734,1437,17414,13873
737,1447,17426,13837
731,1454,17276,13760
736,1440,17445,13899
731,1449,17274,13735
733,1451,17338,13820
733,1449,17346,13838
729,1463,17248,13783
736,1415,17512,13975
734,1453,17329,13770
732,1450,17330,13801
731,1450,17353,13846
731,1465,17262,13756
735,1433,17455,13930
732,1467,17305,13770
738,1456,17414,13830
735,1449,17398,13839
733,1448,17301,13768
734,1417,17422,13906
730,1459,17244,13726
741,1461,17471,13886
732,1430,17346,13817
733,1452,17340,13811
734,1445,17417,13887
731,1446,17280,13763
739,1460,17464,13907
737,1447,17373,13829
732,1452,17314,13788
736,1444,17425,13862
731,1460,17265,13732
738,1432,17462,13918
733,1441,17335,13806
732,1450,17321,13800
735,1448,17412,13862
735,1471,17298,13739
736,1426,17426,13882
734,1439,17396,13865
733,1452,17344,13828
738,1449,17419,13861
732,1455,17220,13667
736,1438,17420,13879
738,1457,17422,13836
731,1451,17334,13824
734,1443,17388,13860
730,1456,17214,13695
735,1422,17469,13949
741,1463,17489,13922
734,1437,17335,13805
736,1449,17403,13855
731,1459,17250,13729
733,1435,17382,13868
732,1449,17319,13802
730,1456,17284,13792
734,1445,17377,13842
732,1453,17311,13771
739,1443,17463,13884
733,1446,17354,13809
733,1454,17335,13799
733,1443,17357,13855
731,1453,17280,13765
735,1436,17452,13897
731,1467,17278,13741
735,1429,17398,13866
740,1450,17468,13882
732,1463,17288,13756
735,1435,17435,13921
735,1470,17315,13756
731,1449,17312,13813
735,1444,17422,13885
731,1453,17306,13770
735,1424,17456,13944
730,1460,17250,13728
732,1443,17325,13825
734,1457,17379,13827
733,1445,17327,13778
737,1433,17489,13940
732,1447,17316,13772
733,1439,17343,13827
731,1426,17307,13795
731,1443,17309,13801
737,1425,17446,13895
733,1459,17311,13756
734,1439,17386,13866
733,1441,17351,13822
732,1446,17284,13756
735,1449,17387,13846
730,1458,17253,13726
733,1446,17363,13848
735,1442,17396,13837
732,1461,17295,13762
733,1444,17372,13865
730,1460,17251,13710
732,1441,17346,13843
747,1452,17733,14158
737,1465,17381,13807
734,1435,17393,13850
731,1452,17308,13762
738,1445,17447,13893
732,1451,17338,13809
733,1450,17313,13800
735,1454,17388,13827
731,1453,17243,13695
734,1437,17381,13841
735,1455,17374,13812
733,1442,17349,13845
733,1436,17363,13840
729,1466,17210,13699
733,1441,17372,13862
735,1433,17403,13869
733,1443,17371,13824
742,1455,17537,13978
745,1449,17632,14075
737,1445,17421,13885
732,1449,17312,13787
733,1450,17369,13849
734,1450,17406,13855
731,1458,17289,13748
734,1428,17394,13881
730,1456,17248,13739
733,1450,17370,13866
733,1435,17367,13856
732,1444,17333,13805
736,1432,17432,13897
735,1459,17331,13772
732,1458,17323,13808
733,1446,17368,13848
731,1458,17287,13790
735,1428,17432,13916
733,1457,17326,13763
733,1444,17338,13813
732,1433,17344,13847
727,1450,17247,13788
736,1425,17451,13946
731,1457,17296,13752
731,1455,17313,13809
735,1443,17388,13868
736,1448,17415,13851
737,1423,17434,13893
732,1455,17266,13746
733,1447,17343,13823
737,1458,17401,13790
732,1446,17318,13788
734,1432,17407,13903
731,1450,17267,13738
734,1435,17407,13896
734,1443,17369,13854
731,1458,17277,13748
733,1450,17375,13875
732,1456,17280,13743
737,1442,17416,13863
732,1451,17336,13798
732,1451,17332,13830
732,1439,17348,13837
731,1455,17258,13722
734,1448,17358,13821
734,1445,17398,13849
733,1456,17369,13809
738,1447,17415,13862
729,1468,17173,13658
733,1438,17378,13861
735,1449,17375,13832
732,1440,17334,13794
733,1442,17331,13804
728,1451,17281,13741
736,1444,17420,13871
734,1443,17358,13844
733,1455,17316,13793
734,1442,17395,13869
741,1478,17453,13851
734,1445,17408,13881
732,1453,17331,13809
733,1446,17346,13822
733,1443,17363,13852
732,1440,17312,13776
735,1442,17433,13889
737,1463,17383,13801
734,1439,17382,13838
739,1454,17453,13892
732,1460,17278,13732
734,1430,17386,13877
732,1457,17326,13786
734,1440,17373,13826
742,1450,17533,13982
739,1471,17412,13828
736,1432,17438,13904
731,1455,17264,13750
733,1449,17323,13793
733,1459,17371,13834
731,1440,17314,13780
736,1431,17458,13937
735,1453,17324,13767
732,1447,17336,13817
734,1438,17353,13836
732,1457,17304,13773
737,1435,17488,13950
735,1463,17338,13767
734,1443,17391,13830
732,1457,17304,13783
732,1444,17301,13790
734,1430,17436,13926
732,1465,17291,13742
735,1449,17410,13855
735,1454,17327,13795
733,1442,17358,13838
734,1444,17390,13859
731,1455,17253,13725
735,1430,17437,13947
743,1449,17543,13975
742,1463,17484,13893
736,1451,17413,13869
730,1462,17239,13728
734,1424,17427,13922
733,1443,17344,13832
733,1447,17324,13802
734,1445,17388,13859
731,1466,17256,13711
736,1428,17472,13932
733,1449,17348,13816
733,1450,17365,13835
733,1433,17372,13867
731,1468,17246,13705
737,1430,17494,13930
733,1448,17358,13845
734,1434,17385,13839
734,1443,17358,13829
731,1457,17239,13702
738,1440,17447,13908
734,1442,17356,13825
735,1460,17378,13815
734,1432,17379,13857
737,1461,17326,13747
735,1436,17434,13922
735,1454,17340,13797
732,1452,17343,13807
736,1427,17445,13910
733,1453,17313,13765
736,1444,17492,13919
732,1468,17289,13747
731,1439,17318,13831
735,1421,17413,13886
748,1459,17693,14108
736,1429,17481,13930
731,1447,17272,13729
733,1447,17342,13803
739,1451,17436,13881
732,1455,17322,13802
742,1443,17526,13954
731,1453,17274,13754
733,1448,17353,13807
736,1444,17438,13889
733,1462,17303,13757
735,1431,17448,13948
731,1446,17255,13753
733,1444,17367,13828
735,1439,17421,13877
733,1453,17342,13789
737,1441,17504,13953
732,1460,17293,13751
733,1451,17355,13838
733,1452,17340,13822
734,1444,17351,13799
735,1438,17437,13891
732,1439,17322,13806
735,1450,17433,13894
733,1447,17346,13824
729,1449,17266,13783
734,1450,17372,13856
732,1452,17297,13774
734,1442,17415,13884
734,1439,17390,13866
733,1451,17334,13788
733,1436,17365,13850
730,1457,17256,13761
735,1444,17431,13906
735,1445,17405,13881
734,1453,17353,13811
736,1443,17427,13854
730,1461,17210,13668
735,1435,17433,13924
733,1441,17355,13834
733,1449,17363,13832
736,1433,17461,13916
741,1485,17468,13892
749,1443,17777,14186
735,1431,17419,13899
739,1447,17435,13853
734,1446,17401,13892
730,1462,17238,13727
735,1433,17436,13895
734,1452,17341,13788
734,1444,17398,13874
734,1438,17395,13863
731,1465,17290,13778
736,1432,17434,13898
732,1450,17327,13801
735,1440,17427,13874
738,1450,17427,13849
732,1459,17291,13769
735,1439,17409,13878
731,1454,17303,13797
735,1443,17381,13820
735,1433,17432,13886
742,1467,17496,13929
742,1430,17573,14001
731,1464,17267,13730
733,1457,17330,13821
734,1449,17354,13837
735,1463,17325,13787
738,1433,17509,13947
731,1450,17290,13755
733,1454,17330,13803
737,1450,17412,13870
732,1458,17310,13782
737,1422,17512,13966
731,1458,17283,13773
735,1446,17397,13846
740,1443,17462,13867
732,1457,17317,13785
736,1421,17448,13939
731,1463,17257,13745
734,1439,17401,13867
734,1456,17375,13822
733,1441,17333,13799
734,1448,17415,13886
735,1463,17327,13769
735,1437,17414,13876
734,1445,17370,13854
733,1457,17331,13808
736,1440,17463,13903
730,1452,17252,13702
735,1418,17462,13950
736,1444,17381,13833
731,1456,17294,13778
734,1442,17393,13871
731,1459,17250,13722
736,1430,17457,13901
734,1463,17408,13870
732,1461,17332,13841
735,1445,17365,13821
728,1442,17251,13726
736,1438,17474,13931
735,1453,17399,13851
733,1454,17333,13792
734,1436,17386,13839
732,1447,17277,13757
734,1437,17414,13883
732,1447,17348,13840
735,1433,17393,13874
740,1442,17517,13942
731,1461,17266,13717
735,1446,17436,13922
731,1448,17293,13776
735,1440,17408,13899
741,1464,17499,13909
732,1456,17313,13766
736,1435,17451,13902
733,1464,17348,13781
733,1445,17368,13840
740,1463,17464,13912
733,1471,17317,13791
736,1441,17434,13888
733,1451,17345,13785
732,1452,17330,13800
735,1430,17419,13882
731,1453,17300,13816
744,1448,17577,14015
732,1453,17301,13779
733,1442,17362,13841
744,1450,17536,13949
735,1455,17359,13802
737,1423,17477,13952
732,1451,17284,13733
732,1447,17328,13812
735,1459,17376,13827
734,1442,17355,13820
743,1439,17578,13975
733,1461,17329,13759
734,1454,17359,13823
734,1450,17350,13831
732,1441,17317,13815
736,1428,17462,13917
737,1466,17365,13770
734,1430,17402,13880
736,1459,17382,13816
733,1444,17318,13772
734,1442,17367,13832
731,1449,17268,13750
733,1454,17342,13828
741,1450,17479,13859
733,1438,17339,13809
736,1450,17387,13846
731,1457,17282,13763
737,1445,17411,13876
733,1426,17375,13851
733,1453,17363,13804
735,1456,17395,13848
731,1458,17247,13683
734,1432,17415,13897
733,1447,17354,13832
733,1453,17340,13841
734,1456,17370,13815
737,1471,17385,13785
739,1448,17449,13897
734,1447,17383,13834
734,1456,17379,13848
733,1445,17375,13866
731,1458,17266,13750
734,1422,17415,13905
733,1454,17353,13821
734,1429,17388,13855
733,1437,17374,13870
732,1443,17293,13787
736,1444,17413,13877
731,1453,17321,13796
732,1454,17344,13833
734,1431,17408,13861
732,1455,17325,13793
736,1438,17458,13932
730,1452,17270,13756
732,1443,17314,13812
734,1445,17392,13858
733,1454,17343,13782
737,1432,17500,13964
733,1452,17306,13748
733,1442,17348,13834
735,1425,17412,13892
732,1453,17313,13777
737,1439,17444,13893
732,1460,17318,13768
733,1445,17339,13810
735,1438,17369,13829
732,1449,17316,13804
735,1413,17443,13932
732,1445,17296,13770
736,1453,17382,13794
735,1448,17436,13876
748,1444,17694,14095
737,1429,17481,13947
742,1474,17483,13912
745,1464,17564,13983
736,1445,17402,13873
732,1459,17344,13799
734,1431,17380,13869
730,1455,17258,13751
734,1445,17424,13897
735,1452,17355,13820
735,1446,17330,13793
734,1436,17372,13869
731,1445,17280,13743
732,1406,17373,13833
733,1438,17352,13832
732,1453,17295,13771
734,1448,17386,13870
732,1459,17289,13738
737,1453,17429,13875
734,1435,17372,13824
734,1447,17404,13851
734,1439,17398,13868
731,1471,17221,13735
734,1434,17398,13889
735,1447,17393,13861
733,1439,17351,13815
734,1432,17432,13905
733,1446,17329,13787
735,1434,17434,13921
734,1445,17355,13834
732,1452,17334,13811
732,1450,17330,13814
732,1445,17321,13797
736,1433,17431,13902
735,1447,17333,13775
734,1440,17369,13836
733,1454,17333,13809
734,1455,17384,13853
740,1443,17485,13930
732,1455,17320,13765
732,1447,17365,13832
733,1444,17356,13836
732,1457,17303,13789
736,1421,17467,13949
734,1460,17386,13837
733,1456,17348,13814
733,1443,17364,13845
733,1445,17358,13819
735,1424,17435,13922
733,1456,17334,13804
732,1453,17318,13808
735,1433,17409,13879
733,1459,17314,13753
736,1417,17474,13949
732,1468,17295,13759
733,1445,17327,13796
733,1447,17334,13831
735,1447,17354,13793
735,1429,17431,13908
731,1454,17279,13741
735,1449,17404,13852
736,1447,17393,13836
733,1450,17320,13786
739,1440,17465,13922
733,1463,17286,13740
735,1447,17372,13825
732,1434,17354,13846
733,1456,17306,13763
735,1446,17417,13892
731,1455,17254,13736
735,1438,17389,13843
732,1436,17357,13852
735,1440,17395,13850
733,1445,17373,13854
729,1445,17236,13728
735,1435,17430,13908
739,1464,17441,13882
732,1463,17324,13807
736,1443,17397,13857
731,1455,17263,13698
736,1447,17445,13886
733,1444,17342,13824
732,1447,17332,13813
738,1439,17435,13884
732,1465,17272,13706
737,1431,17458,13893
733,1455,17356,13819
734,1440,17361,13828
734,1429,17383,13849
731,1450,17286,13765
734,1441,17393,13889
732,1442,17329,13839
734,1447,17379,13834
735,1432,17407,13891
732,1453,17305,13788
736,1448,17415,13878
732,1448,17320,13819
734,1438,17385,13851
734,1441,17398,13868
732,1466,17331,13787
735,1448,17452,13912
731,1460,17264,13749
731,1412,17313,13792
733,1449,17356,13835
736,1451,17354,13797
735,1429,17440,13908
732,1453,17298,13775
733,1450,17347,13797
734,1449,17389,13873
732,1460,17289,13767
736,1422,17478,13969
730,1444,17252,13739
732,1457,17328,13785
732,1442,17350,13831
732,1459,17305,13772
734,1421,17433,13916
732,1441,17294,13790
734,1447,17379,13844
745,1458,17589,14021
740,1450,17512,13926
745,1453,17729,14149
732,1458,17264,13717
734,1453,17367,13849
734,1448,17352,13819
734,1442,17395,13862
739,1456,17460,13879
731,1453,17254,13724
734,1450,17389,13845
740,1449,17452,13885
731,1454,17281,13753
733,1449,17375,13866
733,1457,17262,13726
734,1454,17372,13823
734,1446,17388,13854
733,1450,17319,13770
740,1453,17458,13897
730,1463,17199,13683
735,1438,17416,13894
734,1438,17377,13839
734,1451,17370,13829
735,1461,17433,13869
732,1490,17280,13775
735,1442,17417,13890
741,1455,17488,13925
733,1456,17364,13821
739,1446,17473,13897
732,1470,17254,13711
734,1432,17408,13878
732,1445,17328,13802
733,1446,17344,13816
732,1443,17365,13849
731,1454,17258,13742
736,1432,17461,13918
731,1457,17300,13778
733,1444,17374,13872
733,1437,17341,13829
731,1454,17293,13777
735,1438,17425,13889
731,1460,17297,13781
733,1433,17389,13878
734,1434,17408,13871
732,1461,17302,13765
736,1429,17456,13929
734,1460,17304,13763
732,1435,17322,13807
735,1444,17427,13866
732,1448,17304,13788
736,1439,17458,13934
732,1447,17297,13777
731,1447,17306,13806
733,1442,17325,13790
732,1448,17315,13801
739,1428,17492,13923
733,1459,17281,13741
732,1451,17316,13788
732,1462,17322,13814
732,1442,17308,13808
735,1438,17449,13928
733,1468,17302,13751
735,1449,17406,13847
735,1452,17399,13844
741,1465,17449,13887
734,1442,17382,13858
730,1460,17255,13733
745,1442,17587,13990
740,1463,17471,13882
732,1462,17305,13772
734,1444,17386,13852
735,1458,17313,13744
734,1451,17372,13841
735,1454,17362,13814
731,1454,17289,13791
735,1443,17410,13862
733,1456,17279,13724
734,1449,17409,13880
744,1462,17566,13988
739,1463,17424,13867
740,1463,17474,13891
727,1453,17242,13699
735,1440,17428,13896
735,1442,17423,13880
733,1439,17331,13804
734,1442,17367,13843
729,1454,17211,13686
734,1441,17415,13878
735,1437,17417,13883
733,1441,17355,13847
735,1437,17422,13873
729,1471,17225,13728
734,1439,17389,13876
732,1436,17302,13795
733,1445,17352,13826
733,1455,17363,13814
732,1460,17283,13753
734,1445,17406,13877
732,1449,17323,13808
733,1451,17309,13782
736,1435,17444,13909
731,1452,17281,13756
736,1423,17452,13928
731,1445,17304,13744
732,1452,17305,13778
734,1440,17375,13868
731,1445,17294,13784
737,1448,17471,13929
733,1465,17336,13778
735,1449,17330,13776
733,1444,17377,13867
731,1444,17299,13784
736,1420,17455,13949
733,1464,17295,13761
731,1453,17292,13775
735,1432,17398,13843
732,1452,17298,13780
734,1427,17409,13896
731,1457,17279,13759
733,1446,17341,13841
733,1444,17363,13850
743,1452,17518,13921
740,1459,17507,13941
731,1458,17300,13748
734,1431,17408,13894
738,1449,17415,13865
732,1465,17302,13783
735,1448,17423,13882
732,1453,17273,13721
734,1432,17416,13914
733,1437,17363,13827
731,1450,17299,13778
734,1444,17387,13885
739,1465,17372,13798
743,1437,17576,14007
747,1454,17674,14068
746,1451,17595,14014
735,1429,17427,13907
735,1472,17282,13738
736,1456,17382,13847
732,1439,17341,13829
731,1458,17328,13802
740,1456,17481,13894
729,1450,17225,13684
735,1437,17422,13904
732,1451,17352,13848
732,1441,17328,13820
735,1429,17392,13861
732,1460,17282,13735
735,1444,17413,13896
732,1451,17317,13786
731,1442,17325,13837
733,1434,17352,13834
732,1449,17300,13794
734,1448,17391,13862
731,1453,17293,13759
733,1448,17338,13804
734,1447,17385,13855
731,1453,17274,13759
735,1430,17435,13920
734,1448,17310,13767
734,1430,17399,13871
735,1444,17411,13853
733,1448,17347,13793
734,1424,17425,13925
731,1445,17297,13787
733,1417,17364,13846
734,1458,17379,13842
733,1449,17333,13791
735,1439,17448,13927
736,1444,17348,13799
734,1442,17388,13860
734,1458,17345,13826
731,1454,17281,13760
736,1419,17473,13956
741,1461,17445,13841
733,1450,17325,13779
733,1446,17322,13800
733,1449,17353,13828
735,1439,17390,13859
731,1451,17299,13775
734,1452,17380,13850
734,1445,17378,13847
734,1448,17342,13782
734,1436,17408,13886
731,1457,17252,13730
733,1446,17355,13837
732,1445,17331,13803
733,1446,17354,13814
747,1446,17675,14093
737,1448,17425,13875
738,1430,17503,13972
746,1441,17707,14155
743,1452,17548,13967
744,1439,17631,14078
735,1458,17361,13815
738,1445,17431,13871
734,1444,17335,13805
733,1440,17340,13820
733,1454,17346,13825
731,1470,17241,13693
736,1437,17435,13911
740,1452,17454,13858
733,1463,17348,13794
738,1442,17432,13873
730,1456,17236,13718
739,1446,17456,13897
733,1428,17377,13850
734,1451,17386,13835
728,1437,17281,13835
732,1450,17288,13767
735,1433,17399,13865
731,1453,17306,13797
732,1450,17346,13852
734,1457,17346,13805
733,1430,17326,13799
736,1446,17435,13903
731,1454,17270,13742
730,1443,17350,13837
734,1439,17386,13874
737,1471,17374,13804
736,1432,17474,13931
732,1451,17303,13754
734,1446,17375,13829
739,1462,17434,13862
731,1450,17291,13778
734,1438,17416,13921
733,1453,17317,13791
734,1448,17370,13835
734,1431,17357,13824
732,1437,17331,13803
736,1431,17430,13897
731,1455,17274,13767
735,1452,17342,13788
733,1450,17339,13811
733,1463,17328,13786
736,1434,17462,13945
731,1450,17289,13767
734,1453,17335,13794
731,1446,17314,13817
733,1451,17358,13835
733,1429,17402,13878
732,1450,17290,13740
737,1434,17491,13944
738,1460,17413,13861
733,1447,17326,13815
733,1441,17352,13838
732,1440,17282,13733
737,1450,17449,13867
735,1450,17356,13818
732,1446,17309,13782
734,1431,17399,13887
730,1452,17253,13747
735,1443,17410,13900
746,1450,17640,14076
746,1441,17696,14118
736,1431,17454,13907
731,1458,17261,13731
736,1444,17439,13915
737,1454,17381,13834
732,1434,17341,13822
734,1430,17403,13871
731,1455,17241,13671
735,1442,17432,13884
738,1447,17415,13859
732,1447,17306,13798
733,1437,17366,13858
732,1452,17304,13768
735,1432,17438,13924
742,1459,17509,13940
747,1448,17730,14151
736,1439,17374,13833
730,1453,17250,13739
735,1431,17442,13927
731,1445,17271,13748
736,1431,17431,13885
741,1438,17494,13937
738,1461,17372,13823
736,1443,17439,13899
732,1453,17291,13773
734,1444,17399,13869
734,1443,17363,13843
734,1444,17378,13846
738,1426,17496,13921
731,1452,17277,13757
731,1441,17325,13824
734,1453,17356,13823
731,1447,17304,13807
736,1434,17448,13909
730,1467,17268,13762
734,1460,17344,13795
734,1441,17383,13867
732,1436,17303,13771
735,1423,17449,13939
732,1472,17277,13774
733,1449,17352,13805
732,1443,17323,13808
734,1443,17366,13828
737,1445,17430,13890
731,1461,17263,13760
734,1447,17386,13840
732,1452,17347,13822
733,1444,17359,13832
736,1453,17437,13866
734,1456,17289,13730
734,1426,17418,13922
733,1445,17347,13833
734,1441,17371,13836
738,1460,17444,13873
729,1444,17221,13702
735,1439,17421,13890
733,1442,17346,13844
732,1445,17294,13767
738,1451,17407,13865
730,1461,17233,13732
735,1434,17434,13883
734,1452,17384,13836
733,1470,17334,13824
733,1437,17377,13867
730,1457,17246,13727
736,1436,17445,13894
734,1449,17373,13838
728,1454,17220,13801
743,1443,17453,13980
735,1468,17294,13730
732,1446,17351,13859
732,1451,17325,13842
735,1450,17324,13863
732,1452,17256,13816
730,1462,17255,13740
736,1451,17415,13863
731,1446,17293,13783
725,1452,17103,13743
728,1479,17207,13836
724,1468,17077,13680
737,1449,17468,13920
726,1461,17133,13696
722,1439,17061,13747
734,1439,17381,13849
732,1454,17317,13805
736,1441,17465,13926
726,1450,17131,13741
730,1443,17211,13787
736,1446,17459,13887
734,1467,17328,13797
736,1432,17448,13923
731,1440,17280,13769
734,1449,17393,13858
733,1431,17379,13850
733,1455,17308,13771
736,1417,17460,13931
732,1443,17314,13797
732,1457,17326,13806
734,1452,17363,13836
734,1449,17355,13813
736,1438,17457,13920
732,1459,17296,13744
734,1450,17388,13857
734,1451,17362,13815
733,1449,17345,13843
735,1433,17446,13908
732,1454,17318,13774
736,1447,17440,13886
735,1433,17436,13886
740,1462,17442,13861
734,1430,17400,13883
733,1463,17326,13807
738,1445,17458,13888
735,1448,17405,13855
733,1447,17323,13787
735,1442,17410,13865
731,1467,17258,13724
735,1443,17436,13921
738,1451,17426,13865
734,1453,17371,13827
735,1450,17420,13858
738,1480,17361,13781
736,1432,17438,13906
734,1436,17392,13864
734,1444,17338,13814
736,1440,17419,13863
732,1450,17322,13799
736,1435,17455,13896
737,1432,17479,13906
732,1458,17328,13813
734,1447,17392,13877
732,1450,17295,13796
748,1439,17697,14092
748,1456,17708,14106
738,1436,17484,13943
750,1454,17751,14204
731,1450,17282,13761
734,1436,17414,13902
733,1439,17332,13798
744,1448,17580,14004
728,1442,17215,13803
729,1456,17144,13723
728,1430,17200,13819
726,1461,17132,13756
728,1491,17157,13787
743,1454,17528,13990
738,1464,17383,13941
736,1427,17442,13997
731,1446,17268,13837
740,1448,17501,14072
736,1429,17458,13953
730,1453,17171,13757
729,1441,17254,13843
730,1467,17209,13768
730,1439,17276,13829
728,1442,17211,13810
737,1459,17474,13887
731,1438,17252,13876
726,1448,17104,13723
739,1447,17500,13916
737,1444,17498,13921
737,1439,17464,13881
736,1428,17459,13931
726,1447,17113,13741
728,1449,17189,13819
728,1457,17183,13787
726,1449,17150,13763
730,1442,17276,13879
725,1459,17131,13715
731,1438,17277,13908
728,1448,17196,13815
728,1439,17197,13817
732,1448,17293,13881
726,1443,17137,13724
730,1445,17239,13842
728,1443,17226,13838
729,1440,17228,13810
730,1437,17235,13848
732,1463,17215,13792
731,1444,17275,13901
730,1443,17243,13822
729,1450,17228,13852
728,1432,17213,13824
726,1471,17129,13743
733,1433,17324,13961
732,1445,17291,13879
730,1432,17278,13866
732,1447,17312,13893
730,1448,17240,13835
732,1437,17298,13907
731,1431,17267,13873
731,1440,17281,13894
735,1456,17349,13903
729,1458,17230,13823
733,1437,17368,13988
741,1462,17454,13991
735,1442,17346,13928
731,1442,17287,13896
739,1463,17390,13958
734,1424,17344,13956
736,1454,17367,13921
733,1443,17343,13939
734,1431,17365,13981
733,1443,17323,13928
745,1458,17606,14165
748,1466,17649,14198
734,1440,17438,14035
743,1452,17611,14157
740,1445,17522,14096
742,1470,17599,14162
737,1433,17424,14027
745,1462,17616,14193
740,1456,17545,14123
737,1451,17472,14059
737,1455,17498,14101
731,1434,17304,13955
747,1451,17722,14092
751,1461,17874,14217
743,1464,17580,14145
741,1473,17573,14168
738,1445,17459,14003
742,1471,17592,14185
747,1465,17673,14211
744,1483,17642,14207
741,1472,17610,14205
741,1461,17541,14135
745,1484,17694,14254
750,1479,17891,14318
747,1490,17767,14296
749,1501,17825,14373
747,1482,17698,14294
749,1493,17783,14349
747,1492,17792,14343
758,1504,18142,14453
758,1492,18106,14477
759,1488,18111,14424
761,1505,18224,14560
762,1520,18062,14565
752,1504,17875,14416
751,1515,17888,14461
758,1489,17955,14452
756,1512,17990,14508
753,1507,17963,14500
754,1501,17942,14492
754,1511,17946,14512
766,1517,18130,14597
769,1527,18305,14752
768,1534,18268,14727
771,1534,18364,14805
759,1507,18097,14632
768,1530,18227,14711
772,1518,18469,14936
759,1500,18060,14554
758,1496,18090,14582
760,1519,18117,14648
759,1522,18053,14547
760,1496,18128,14664
758,1517,18037,14575
760,1507,18092,14615
759,1514,18084,14620
762,1502,18140,14593
762,1506,18214,14708
761,1506,18089,14606
759,1512,18089,14616
759,1507,18107,14644
759,1513,18074,14577
761,1506,18191,14674
759,1511,18079,14589
759,1503,18124,14593
760,1512,18132,14633
757,1505,18030,14569
761,1496,18164,14702
761,1518,18128,14601
760,1510,18124,14613
757,1500,18053,14577
758,1511,18066,14589
759,1508,18106,14619
757,1525,18022,14559
757,1515,18037,14569
760,1503,18037,14571
755,1505,17972,14489
755,1507,17993,14543
761,1515,18199,14564
764,1502,18286,14674
765,1504,18294,14631
752,1493,17888,14435
751,1507,17867,14415
757,1509,17949,14479
756,1500,18071,14575
755,1505,17963,14502
753,1501,17886,14417
751,1507,17892,14453
753,1489,17856,14354
751,1511,17893,14408
752,1493,17865,14422
752,1505,17872,14419
761,1516,18052,14561
757,1504,17907,14429
757,1491,17918,14447
749,1488,17773,14330
749,1506,17834,14375
755,1500,17885,14410
748,1485,17736,14304
749,1500,17795,14359
746,1492,17712,14306
745,1484,17707,14269
751,1474,17797,14315
745,1474,17666,14235
749,1500,17866,14371
749,1486,17717,14279
744,1481,17652,14246
756,1490,17872,14397
753,1482,17799,14329
755,1495,17872,14382
751,1495,17822,14368
744,1476,17663,14233
743,1467,17584,14168
741,1457,17529,14109
745,1464,17639,14207
738,1449,17465,14082
744,1434,17601,14127
742,1478,17607,14195
740,1459,17518,14094
741,1468,17578,14157
736,1437,17414,14027
738,1437,17444,14043
737,1443,17474,14064
737,1458,17484,14071
739,1462,17542,14120
734,1440,17343,13953
736,1435,17400,14024
735,1437,17399,13993
735,1440,17416,14001
739,1439,17514,14093
734,1438,17328,13925
733,1429,17371,13983
734,1435,17366,13972
734,1431,17352,13972
735,1436,17411,14029
732,1431,17296,13909
735,1428,17408,13986
733,1436,17311,13911
731,1445,17276,13892
734,1435,17355,13968
730,1436,17259,13877
733,1432,17353,13950
733,1440,17336,13937
732,1433,17306,13879
735,1427,17399,13975
728,1448,17209,13821
731,1425,17297,13944
730,1439,17240,13862
732,1440,17321,13915
733,1438,17361,13940
730,1451,17224,13829
735,1434,17401,14001
739,1434,17395,13962
729,1439,17211,13840
732,1448,17291,13872
728,1453,17171,13801
735,1442,17366,13925
731,1438,17312,13925
729,1452,17228,13836
729,1441,17244,13843
727,1454,17130,13763
736,1442,17367,13929
730,1443,17270,13873
730,1445,17278,13859
731,1448,17301,13887
733,1457,17232,13815
731,1433,17279,13893
728,1445,17170,13784
729,1445,17237,13833
740,1451,17470,13973
740,1456,17419,13988
743,1451,17545,14100
741,1456,17447,14006
741,1449,17470,14052
739,1434,17445,14039
730,1443,17234,13842
731,1423,17337,13917
729,1451,17209,13802
728,1452,17187,13806
730,1439,17254,13872
728,1451,17154,13764
731,1436,17308,13898
726,1446,17139,13766
729,1444,17245,13846
729,1437,17254,13835
728,1439,17191,13806
731,1432,17299,13922
727,1450,17134,13732
727,1441,17203,13803
730,1434,17266,13872
729,1439,17216,13829
732,1429,17316,13905
725,1455,17086,13704
728,1450,17180,13787
729,1418,17216,13841
726,1468,17142,13749
731,1438,17278,13890
726,1447,17133,13725
729,1434,17226,13823
728,1455,17191,13790
725,1456,17119,13759
729,1439,17235,13866
726,1466,17116,13712
732,1432,17322,13904
731,1448,17262,13833
726,1455,17159,13779
728,1446,17184,13820
724,1455,17069,13683
730,1439,17269,13872
729,1449,17244,13843
729,1451,17201,13827
739,1454,17442,14007
739,1449,17426,13997
728,1445,17216,13832
727,1451,17186,13812
727,1443,17155,13797
732,1435,17316,13910
738,1473,17346,13897
735,1458,17304,13886
728,1450,17185,13812
726,1451,17127,13770
732,1439,17284,13858
727,1469,17151,13743
729,1433,17271,13874
732,1458,17248,13797
727,1435,17170,13757
748,1441,17707,14102
740,1465,17402,13977
744,1464,17630,14194
727,1442,17193,13767
738,1462,17352,13919
737,1455,17362,13927
736,1478,17303,13871
748,1453,17678,14059
743,1472,17524,13895
727,1453,17142,13738
729,1452,17235,13830
730,1450,17182,13762
729,1439,17237,13854
733,1473,17231,13789
724,1461,17086,13709
728,1446,17190,13789
728,1444,17184,13794
738,1442,17420,13959
725,1450,17189,13769
726,1456,17146,13770
728,1439,17173,13803
726,1456,17132,13751
730,1438,17275,13863
725,1451,17134,13733
729,1454,17198,13835
728,1448,17184,13793
729,1429,17206,13822
729,1444,17249,13873
725,1457,17081,13713
729,1450,17205,13831
728,1443,17214,13807
726,1457,17160,13768
730,1442,17240,13843
725,1467,17094,13702
729,1442,17218,13844
729,1438,17200,13796
728,1444,17184,13791
730,1436,17246,13824
725,1472,17100,13689
729,1439,17215,13815
727,1440,17172,13797
726,1458,17139,13778
732,1459,17258,13837
724,1462,17073,13669
729,1437,17233,13860
727,1459,17199,13804
726,1456,17153,13768
728,1440,17189,13797
724,1450,17074,13690
727,1450,17170,13794
728,1451,17211,13826
728,1452,17171,13778
729,1445,17203,13809
724,1463,17062,13663
729,1437,17223,13857
728,1442,17218,13838
728,1453,17202,13816
731,1445,17258,13821
725,1449,17109,13723
730,1429,17267,13889
725,1458,17109,13743
728,1445,17163,13778
728,1442,17224,13838
727,1458,17157,13713
731,1444,17280,13885
730,1459,17182,13765
727,1445,17167,13793
728,1424,17207,13840
724,1451,17061,13698
729,1435,17241,13872
728,1452,17170,13770
728,1433,17187,13766
726,1437,17149,13767
726,1450,17119,13738
731,1444,17265,13871
729,1443,17181,13769
728,1455,17175,13755
728,1435,17222,13822
726,1448,17169,13779
729,1441,17230,13858
727,1456,17069,13699
726,1443,17124,13737
728,1443,17186,13800
