1046,1826,30610,23044
1027,1787,30033,22609
1042,1790,30349,22833
1041,1800,30400,22830
1030,1783,29957,22517
1042,1852,30629,23094
1023,1800,30013,22621
1023,1790,29989,22614
1025,1779,29989,22566
1041,1803,30235,22715
1043,1834,30542,23006
1026,1797,30068,22657
1038,1820,30341,22869
1043,1792,30413,22840
1040,1821,30413,22926
1029,1814,30179,22716
1030,1772,30004,22535
1032,1808,30183,22722
1024,1821,30158,22762
1037,1802,30148,22591
1026,1799,30094,22677
1028,1776,30028,22562
1028,1789,30058,22604
1041,1836,30566,23030
1024,1781,29886,22493
1031,1798,30150,22674
1032,1818,30182,22728
1030,1818,30212,22762
1040,1834,30529,23016
1024,1784,29923,22545
1039,1796,30338,22802
1023,1781,29841,22484
1038,1787,30284,22743
1025,1788,30027,22617
1042,1790,30368,22801
1033,1835,30293,22854
1023,1802,29794,22435
1025,1806,30000,22676
1043,1821,30512,22972
1025,1783,29960,22582
1032,1785,30178,22706
1042,1805,30323,22763
1043,1821,30517,22968
1024,1791,30003,22594
1026,1765,29988,22545
1039,1792,30327,22766
1024,1782,29908,22502
1026,1789,30019,22601
1029,1789,29985,22535
1038,1837,30477,22974
1026,1819,30182,22753
1031,1808,29932,22461
1030,1803,30170,22723
1025,1779,29982,22579
1042,1787,30359,22819
1039,1856,30628,23102
1026,1770,29963,22551
1038,1817,30409,22898
1041,1805,30397,22895
1024,1780,29971,22583
1029,1800,30113,22666
1036,1808,30032,22553
1028,1804,30110,22679
1042,1795,30302,22790
1036,1775,30132,22629
1026,1816,30123,22706
1037,1804,30077,22568
1027,1811,30143,22714
1034,1794,30040,22537
1029,1790,30110,22671
1031,1815,30235,22759
1022,1786,29813,22449
1028,1813,30142,22698
1034,1783,30133,22633
1029,1800,30119,22677
1028,1796,30100,22681
1027,1772,29946,22549
1036,1830,30387,22892
1028,1781,30025,22562
1040,1790,30276,22764
1026,1794,30055,22652
1028,1800,29872,22442
1048,1845,30641,23093
1026,1807,30066,22669
1030,1793,30112,22646
1042,1835,30539,23044
1023,1772,29890,22482
1027,1801,30103,22659
1033,1764,30109,22603
1035,1823,30320,22828
1025,1798,30052,22643
1039,1772,30350,22773
1043,1846,30645,23106
1025,1788,29987,22598
1037,1801,30316,22771
1025,1803,30114,22668
1041,1797,30351,22829
1027,1826,30219,22780
1041,1810,30418,22898
1025,1808,30102,22672
1040,1797,30338,22874
1026,1785,29917,22487
1044,1842,30610,23075
1023,1772,29874,22473
1025,1796,30047,22625
1037,1777,30245,22724
1023,1778,29939,22554
1035,1790,30236,22713
1029,1790,30092,22639
1026,1794,30109,22678
1025,1790,29999,22598
1031,1779,30050,22564
1037,1812,30337,22794
1031,1780,30123,22671
1024,1812,30079,22672
1028,1798,30106,22626
1043,1809,30476,22949
1028,1828,30236,22799
1037,1807,30334,22849
1025,1795,30023,22627
1025,1777,29962,22531
1026,1772,29944,22551
1040,1821,30465,22914
1031,1792,29983,22472
1037,1815,30369,22866
1035,1792,30127,22614
1026,1785,30032,22616
1039,1841,30473,22985
1032,1790,29967,22482
1035,1823,30299,22819
1029,1781,29976,22506
1039,1838,30443,22966
1025,1802,30106,22698
1027,1786,29838,22418
1037,1781,30242,22721
1026,1773,29961,22565
1036,1765,30099,22603
1027,1822,30150,22717
1041,1786,30190,22699
1045,1828,30586,22941
1041,1788,30311,22799
1033,1796,30187,22695
1033,1808,30248,22787
1026,1779,29925,22457
1031,1794,30149,22672
1031,1808,30175,22724
1030,1823,30263,22817
1031,1812,30185,22716
1022,1799,29995,22602
1025,1818,30147,22762
1033,1771,30054,22572
1033,1800,30233,22758
1024,1806,30046,22670
1023,1773,29797,22425
1038,1792,30288,22767
1026,1788,30018,22611
1035,1807,30257,22801
1027,1797,30107,22649
1022,1820,29721,22336
1032,1792,30171,22677
1040,1780,30248,22721
1026,1781,29989,22580
1033,1772,30082,22599
1033,1780,30262,22576
1030,1820,30239,22788
1037,1812,30341,22846
1038,1784,30244,22742
1021,1832,30033,22692
1023,1808,29826,22391
1032,1800,30157,22688
1034,1789,30191,22712
1035,1788,30188,22678
1026,1789,30016,22614
1035,1784,30050,22561
1026,1814,30151,22734
1028,1788,29907,22476
1032,1806,30243,22753
1025,1799,29975,22607
1026,1771,29979,22527
1039,1810,30359,22818
1021,1767,29851,22483
1033,1785,30139,22632
1029,1804,30131,22694
1026,1777,29997,22602
1037,1807,30300,22807
1023,1780,29887,22526
1032,1777,30113,22635
1039,1833,30460,22963
1023,1781,29943,22567
1029,1805,30202,22758
1038,1802,30119,22612
1025,1794,30018,22603
1025,1796,30019,22599
1032,1779,30089,22590
1030,1819,30243,22794
1025,1791,29997,22599
1039,1850,30521,23017
1025,1787,29982,22603
1024,1775,29903,22486
1043,1801,30425,22891
1024,1789,29849,22423
1027,1772,30036,22584
1035,1774,30115,22599
1027,1786,30053,22631
1038,1820,30408,22918
1035,1799,30066,22550
1030,1824,30233,22787
1029,1810,30183,22729
1024,1787,29972,22571
1028,1779,30061,22617
1030,1802,30192,22709
1039,1792,30349,22814
1024,1784,29923,22515
1025,1783,29976,22586
1035,1801,30221,22706
1024,1775,29829,22482
1042,1823,30486,22939
1043,1792,30382,22861
1043,1791,30392,22843
1041,1806,30372,22842
1030,1812,29869,22425
1035,1830,30397,22903
1027,1768,30001,22528
1042,1828,30464,22951
1025,1808,30068,22678
1039,1800,30100,22604
1039,1795,30337,22793
1024,1787,29976,22576
1036,1797,30236,22740
1030,1814,30207,22728
1030,1787,30030,22583
1029,1824,30228,22770
1034,1813,30263,22769
1026,1795,29995,22576
1042,1794,30390,22848
1038,1816,30002,22534
1028,1795,30132,22662
1024,1777,29924,22534
1039,1779,30262,22724
1025,1788,29992,22601
1025,1798,29841,22404
1034,1800,30249,22728
1029,1804,30155,22708
1024,1809,30065,22646
1023,1809,30040,22654
1024,1781,29909,22502
1039,1801,30344,22817
1024,1783,29880,22480
1036,1793,30219,22712
1025,1803,30037,22648
1031,1774,30038,22574
1043,1851,30602,23085
1023,1783,29855,22491
1025,1800,30081,22629
1032,1780,30088,22606
1028,1808,30121,22689
1041,1849,30575,23077
1026,1781,29901,22468
1037,1808,30332,22824
1038,1786,30285,22764
1028,1791,30080,22608
1041,1802,30424,22880
1028,1779,29895,22482
1042,1797,30405,22862
1034,1788,30110,22605
1032,1807,30205,22741
1028,1823,30191,22789
1039,1795,30123,22629
1030,1784,30112,22625
1041,1801,30168,22671
1026,1775,29963,22524
1034,1817,30309,22778
1045,1803,30400,22877
1028,1774,30023,22580
1022,1770,29889,22489
1027,1788,29949,22509
1044,1800,30436,22896
1044,1808,30292,22627
1026,1788,30060,22620
1034,1772,30088,22609
1027,1796,30055,22646
1035,1854,30509,22997
1022,1784,29859,22490
1032,1799,30187,22707
1029,1785,30068,22624
1032,1804,30190,22698
1024,1813,30020,22626
1028,1803,29917,22447
1038,1832,30451,22940
1032,1780,30013,22541
1032,1783,30175,22721
1026,1811,30137,22712
1039,1794,30124,22618
1027,1799,30114,22667
1038,1779,30189,22674
1028,1797,30096,22661
1039,1841,30479,22980
1023,1780,29845,22449
1039,1799,30319,22794
1025,1775,29922,22507
1035,1789,30178,22677
1026,1801,30052,22655
1030,1797,29912,22430
1044,1830,30578,23022
1024,1790,29992,22607
1025,1794,30045,22609
1031,1767,30090,22601
1039,1783,30308,22793
1030,1821,30211,22768
1038,1799,30338,22842
1044,1829,30524,22953
1035,1816,30326,22806
1025,1791,29872,22452
1040,1800,30350,22814
1024,1781,29908,22498
1029,1769,30042,22568
1043,1815,30479,22922
1041,1816,30443,22933
1026,1814,30154,22737
1026,1776,29902,22477
1042,1788,30374,22828
1031,1801,30176,22701
1039,1831,30452,22934
1026,1812,30146,22721
1035,1783,30097,22571
1024,1792,30006,22596
1025,1792,30029,22580
1023,1794,29879,22504
1032,1788,30194,22708
1035,1840,30431,22916
1027,1792,30088,22676
1041,1802,30368,22824
1041,1789,30260,22758
1034,1815,30293,22763
1039,1790,30315,22806
1024,1795,30002,22611
1042,1825,30464,22946
1025,1779,29995,22601
1041,1825,30413,22910
1025,1784,29880,22430
1037,1767,30209,22685
1024,1790,30013,22592
1040,1795,30265,22732
1037,1785,30275,22751
1026,1781,30003,22587
1042,1792,30407,22859
1033,1786,30040,22569
1033,1785,30178,22697
1027,1833,30160,22762
1040,1796,30353,22844
1026,1807,30071,22668
1034,1789,30027,22556
1025,1811,30050,22640
1038,1843,30607,23065
1031,1774,29964,22510
1029,1820,30249,22799
1027,1793,30071,22638
1040,1833,30501,23011
1024,1787,29991,22610
1028,1792,29877,22442
1042,1846,30625,23090
1023,1767,29890,22540
1031,1773,30031,22550
1043,1822,30508,22969
1024,1797,29857,22462
1038,1835,30489,22978
1040,1838,30513,23001
1028,1785,30005,22582
1041,1816,30475,22945
1023,1780,29803,22389
1029,1797,30156,22682
1035,1788,30074,22582
1025,1834,30103,22739
1031,1786,30029,22596
1030,1780,30063,22607
1027,1816,30139,22718
1039,1836,30483,22962
1026,1795,30020,22625
1044,1818,30529,22973
1035,1804,30126,22687
1035,1792,30242,22730
1026,1787,30049,22638
1039,1831,30411,22925
1039,1837,30472,22976
1026,1778,29938,22527
1039,1840,30506,22989
1037,1815,30301,22830
1027,1812,30090,22691
1038,1835,30446,22956
1023,1784,29896,22494
1027,1808,30113,22698
1021,1790,29755,22383
1028,1801,30106,22649
1034,1800,30259,22787
1032,1785,30057,22557
1037,1834,30433,22938
1024,1814,29751,22348
1031,1785,30174,22628
1036,1832,30445,22946
1030,1800,30125,22657
1036,1828,30422,22927
1025,1797,29850,22474
1043,1825,30495,22965
1026,1792,30023,22631
1043,1811,30399,22887
1031,1820,30254,22819
1025,1778,29923,22496
1040,1785,30285,22770
1031,1776,30037,22571
1047,1818,30464,22959
1026,1819,30170,22775
1035,1807,30031,22527
1026,1793,30057,22645
1038,1768,30186,22691
1028,1783,29938,22488
1034,1826,30381,22889
1023,1791,29854,22461
1042,1833,30508,22989
1026,1770,29983,22533
1032,1779,30077,22605
1026,1819,30154,22732
1039,1806,30179,22670
1036,1778,30212,22694
1027,1817,30136,22707
1039,1824,30429,22930
1024,1801,30057,22645
1039,1807,30145,22624
1041,1808,30415,22883
1036,1773,30128,22623
1023,1791,29995,22580
1042,1811,30398,22866
1037,1818,30360,22875
1025,1829,30159,22736
1027,1777,29946,22521
1033,1770,30068,22564
1034,1823,30358,22855
1022,1784,29767,22419
1025,1805,30089,22676
1033,1782,30064,22585
1032,1797,30255,22746
1024,1790,29951,22583
1023,1782,29875,22450
1037,1796,30258,22747
1026,1784,30022,22625
1038,1838,30482,22990
1024,1782,29967,22604
1037,1809,30320,22811
1025,1806,30115,22706
1029,1786,29969,22526
1031,1771,30060,22580
1043,1833,30505,22987
1023,1791,29842,22471
1038,1795,30320,22786
1026,1783,30028,22623
1041,1835,30556,23022
1025,1804,30059,22653
1035,1806,30019,22519
1022,1818,30056,22690
1032,1772,30095,22621
1026,1796,30127,22689
1034,1815,30308,22832
1023,1784,29887,22495
1033,1804,30225,22704
1029,1781,30016,22581
1037,1833,30497,22994
1026,1807,30079,22665
1041,1797,30375,22846
1043,1820,30498,22926
1034,1806,29977,22480
1027,1802,30050,22697
1041,1830,30519,23017
1022,1784,29933,22554
1037,1791,30266,22770
1025,1788,29885,22476
1043,1806,30469,22923
1028,1811,30133,22688
1028,1793,30115,22660
1040,1847,30543,23013
1042,1797,30288,22754
1037,1819,30359,22855
1043,1810,30422,22876
1029,1788,30130,22674
1028,1828,30255,22810
1032,1775,30104,22648
1025,1800,30027,22620
1040,1801,30267,22732
1040,1780,30301,22768
1034,1792,30221,22715
1040,1788,30295,22795
1026,1792,30052,22630
1042,1808,30407,22879
1038,1821,30425,22928
1026,1818,30168,22729
1030,1791,29893,22430
1033,1823,30285,22813
1024,1787,29949,22536
1038,1809,30211,22693
1026,1784,30001,22613
1032,1780,29960,22444
1030,1822,30283,22830
1027,1795,30087,22658
1037,1822,30413,22925
1036,1827,30362,22871
1029,1796,29844,22421
1035,1828,30418,22913
1023,1769,29916,22510
1027,1772,29965,22527
1043,1788,30396,22863
1040,1820,30178,22663
1043,1852,30614,23104
1025,1775,29977,22550
1032,1763,30052,22591
1028,1807,30159,22699
1025,1791,29913,22484
1034,1819,30369,22863
1024,1776,29938,22532
1023,1784,29927,22582
1035,1774,30157,22650
1027,1782,29976,22529
1039,1842,30504,23011
1024,1778,29966,22581
1030,1820,30197,22756
1032,1806,30212,22756
1023,1782,29881,22515
1025,1801,30036,22667
1025,1777,29937,22523
1038,1781,30276,22724
1025,1836,30243,22830
1036,1770,30062,22471
1032,1825,30284,22823
1023,1778,29961,22571
1029,1788,30081,22632
1028,1796,30100,22653
1045,1794,30303,22738
1038,1803,30320,22790
1021,1778,29842,22469
1027,1793,30044,22611
1021,1779,29981,22547
1037,1791,30257,22756
1042,1795,30420,22848
1022,1792,29781,22406
1025,1777,30055,22563
1033,1774,30133,22641
1041,1813,30421,22894
1025,1821,30148,22738
1030,1777,29933,22460
1029,1811,30166,22725
1029,1797,30116,22683
1025,1782,29990,22586
1042,1808,30455,22908
1039,1790,30221,22711
1030,1780,30072,22605
1040,1757,30316,22780
1034,1786,30071,22565
1028,1815,30232,22793
1035,1799,30020,22496
1023,1787,29991,22593
1027,1761,29939,22506
1042,1797,30392,22865
1043,1862,30648,23124
1032,1791,29912,22435
1026,1799,30028,22637
1042,1795,30381,22867
1025,1798,30024,22642
1038,1843,30565,23032
1021,1779,29858,22477
1024,1788,30018,22604
1023,1779,29945,22572
1027,1766,29991,22536
1028,1802,30069,22645
1037,1794,30103,22594
1029,1799,30140,22675
1042,1788,30372,22846
1025,1780,29963,22578
1040,1793,30332,22793
1040,1798,30128,22619
1036,1785,30247,22750
1023,1790,29992,22574
1034,1781,30161,22651
1037,1813,30402,22892
1038,1796,30147,22617
1029,1781,30078,22620
1040,1782,30274,22742
1029,1775,30014,22537
1030,1805,30161,22718
1021,1768,29860,22467
1031,1792,30111,22662
1037,1829,30394,22932
1024,1798,30035,22628
1039,1781,30288,22759
1029,1801,29842,22405
1040,1805,30397,22858
1039,1794,30183,22668
1024,1793,30006,22585
1043,1791,30330,22810
1035,1794,30265,22794
1025,1804,30097,22694
1028,1765,29960,22511
1043,1818,30466,22921
1042,1796,30401,22848
1036,1822,30355,22885
1024,1799,30046,22650
1037,1780,30196,22689
1029,1790,30059,22597
1030,1819,30245,22779
1023,1781,29886,22509
1027,1795,30090,22654
1023,1784,29852,22456
1029,1778,30045,22583
1041,1793,30342,22805
1039,1795,30171,22641
1024,1799,30050,22658
1022,1782,29844,22448
1029,1795,30051,22610
1030,1800,30149,22719
1036,1797,30232,22754
1040,1796,30346,22808
1031,1800,29950,22480
1025,1798,30073,22668
1037,1796,30266,22766
1024,1765,29920,22504
1040,1803,30359,22817
1024,1773,29880,22469
1033,1775,30081,22596
1033,1799,30152,22691
1036,1799,30270,22790
1040,1803,30352,22830
1032,1816,30235,22776
1035,1774,30164,22655
1026,1786,30004,22597
1041,1814,30432,22919
1026,1803,30095,22711
1025,1779,29877,22444
1039,1790,30234,22711
1030,1770,30048,22563
1036,1792,30269,22793
1033,1794,30170,22686
1023,1775,29936,22541
1040,1779,30304,22708
1022,1787,29933,22545
1028,1780,29959,22520
1040,1794,30386,22837
1035,1779,30014,22536
1025,1796,30085,22680
1040,1816,30427,22916
1025,1777,29962,22557
1035,1781,30183,22667
1020,1787,29905,22529
1041,1841,30562,23051
1024,1772,29937,22554
1025,1781,29982,22547
1039,1785,30266,22749
1023,1797,29789,22364
1043,1817,30491,22956
1025,1784,29990,22590
1037,1780,30200,22676
1020,1815,29952,22608
1021,1793,29793,22388
1028,1799,30111,22664
1041,1798,30328,22798
1043,1834,30593,23035
1023,1787,29975,22599
1022,1781,29742,22366
1041,1804,30388,22855
1039,1777,30206,22696
1025,1789,30011,22602
1039,1780,30284,22742
1029,1773,30002,22539
1029,1823,30258,22808
1031,1791,30163,22687
1026,1800,30038,22638
1034,1808,30260,22783
1022,1780,29832,22461
1032,1794,30163,22678
1037,1793,30264,22758
1042,1822,30471,22932
1041,1833,30506,23001
1023,1774,29875,22491
1023,1815,30098,22716
1024,1770,29855,22437
1040,1782,30264,22744
1022,1792,29986,22594
1032,1786,30022,22527
1028,1817,30182,22746
1030,1777,30056,22606
1024,1796,30030,22625
1024,1787,29968,22566
1025,1780,29878,22456
1027,1804,30117,22691
1039,1794,30297,22781
1024,1795,29998,22611
1032,1799,30189,22701
1032,1804,30168,22720
1025,1815,30097,22713
1032,1799,29955,22441
1022,1810,30057,22644
1041,1821,30464,22949
1022,1785,29959,22575
1032,1800,30186,22721
1026,1773,29961,22556
1036,1807,30322,22836
1037,1771,30231,22701
1023,1779,29949,22555
1027,1806,30142,22692
1033,1760,29993,22519
1025,1801,30020,22630
1038,1784,30194,22659
1025,1772,29930,22508
1030,1803,30197,22705
1031,1795,30182,22706
1026,1787,30030,22597
1039,1793,30248,22713
1023,1775,29951,22529
1025,1811,30059,22666
1038,1786,30220,22675
1027,1797,30065,22636
1035,1793,30072,22591
1024,1795,30003,22596
1042,1779,30379,22760
1022,1771,29910,22509
1032,1793,30177,22688
1031,1805,30185,22741
1025,1815,30089,22684
1036,1827,30412,22925
1039,1795,30327,22794
1025,1806,30132,22704
1035,1764,30108,22618
1025,1793,30030,22641
1030,1776,30047,22585
1038,1813,30359,22873
1025,1804,30071,22685
1025,1765,29962,22532
1037,1780,30126,22632
1025,1803,30052,22647
1036,1808,30298,22832
1026,1807,30133,22718
1029,1784,29998,22532
1043,1807,30438,22919
1042,1795,30386,22835
1030,1803,29877,22444
1034,1821,30319,22834
1024,1791,29979,22598
1024,1798,30001,22627
1028,1788,30086,22621
1037,1808,30354,22858
1025,1811,30098,22686
1026,1774,29974,22545
1046,1797,30443,22868
1040,1790,30317,22786
1026,1786,29861,22454
1043,1809,30473,22916
1039,1808,30154,22636
1032,1774,30125,22668
1038,1836,30473,22992
1027,1779,30030,22605
1039,1842,30462,22973
1042,1791,30373,22844
1039,1818,30352,22870
1024,1786,29994,22573
1025,1779,29926,22533
1026,1803,30145,22695
1031,1782,29955,22472
1042,1835,30551,23034
1034,1773,30141,22630
1025,1785,30005,22605
1034,1798,30269,22742
1028,1782,30097,22668
1039,1830,30498,22993
1024,1787,29989,22588
1029,1770,30001,22557
1042,1852,30598,23095
1024,1777,29876,22480
1038,1784,30267,22753
1025,1786,30008,22570
1039,1783,30218,22707
1032,1802,30245,22737
1027,1779,30006,22585
1036,1802,30313,22826
1042,1811,30444,22899
1030,1790,30103,22664
1041,1850,30560,23064
1022,1792,29850,22466
1033,1779,30120,22631
1035,1798,30259,22752
1025,1797,30010,22619
1039,1841,30534,23039
1026,1778,29909,22509
1034,1823,30339,22856
1024,1790,29979,22582
1035,1779,30117,22597
1027,1803,30091,22666
1039,1798,30186,22659
1037,1790,30269,22752
1023,1790,29965,22588
1026,1776,29935,22512
1038,1778,30254,22723
1023,1782,29874,22471
1026,1807,30084,22657
1034,1781,30051,22561
1032,1803,30189,22744
1029,1783,30120,22687
1031,1782,30039,22623
1025,1800,30084,22688
1031,1767,30038,22562
1026,1797,30050,22651
1036,1774,30185,22677
1022,1793,29802,22415
1027,1795,30071,22639
1030,1772,30006,22557
1040,1830,30489,22986
1025,1793,30022,22621
1040,1812,30298,22752
1029,1821,30217,22781
1031,1791,30171,22701
1026,1789,30065,22665
1040,1837,30516,22985
1024,1777,29863,22503
1035,1794,30251,22727
1026,1804,30078,22660
1036,1804,30352,22849
1036,1796,30247,22753
1024,1797,30005,22621
1035,1809,30279,22765
1025,1767,29959,22551
1039,1834,30513,23008
1026,1793,30056,22638
1042,1791,30356,22836
1027,1812,30139,22724
1031,1782,30075,22618
1027,1809,30110,22710
1043,1807,30448,22897
1037,1816,30343,22888
1027,1816,30202,22750
1040,1807,30203,22696
1043,1798,30442,22888
1041,1799,30378,22834
1038,1792,30207,22678
1028,1809,30143,22730
1034,1789,30030,22520
1026,1804,30065,22660
1040,1837,30507,22998
1033,1772,30069,22579
1030,1826,30302,22821
1026,1782,29950,22540
1032,1819,30275,22822
1024,1783,29953,22557
1024,1792,30056,22586
1035,1825,30400,22888
1023,1763,29900,22488
1024,1800,30111,22704
1039,1831,30475,22969
1025,1785,29980,22577
1041,1854,30567,23069
1024,1797,29828,22437
1041,1787,30337,22800
1031,1773,30025,22535
1041,1791,30254,22743
1035,1785,30212,22697
1024,1790,29857,22492
1026,1791,30054,22625
1023,1779,29891,22503
1028,1767,29947,22511
1038,1779,30240,22742
1022,1786,29828,22446
1025,1810,30092,22697
1032,1786,30047,22572
1025,1787,30000,22605
1041,1838,30553,23030
1027,1789,29813,22366
1042,1804,30407,22869
1039,1791,30212,22695
1023,1785,29963,22554
1026,1772,30000,22558
1033,1779,29997,22508
1026,1810,30116,22717
1037,1779,30155,22615
1026,1792,30063,22641
1042,1827,30546,22988
1026,1775,29951,22530
1039,1825,30436,22938
1043,1804,30538,22936
1027,1762,30006,22562
1034,1777,30146,22643
1027,1782,29950,22532
1034,1817,30318,22842
1024,1775,29958,22559
1035,1763,30179,22666
1024,1796,30013,22632
1022,1790,29827,22460
1025,1815,30126,22722
1040,1777,30272,22743
1033,1784,30190,22672
1026,1809,30108,22716
1042,1789,30325,22794
1038,1787,30290,22755
1023,1784,29897,22510
1027,1779,30041,22604
1035,1775,30173,22676
1025,1782,29985,22588
1028,1826,30170,22738
1024,1772,29917,22536
1027,1782,30048,22595
1040,1833,30536,22993
1024,1778,29876,22492
1029,1799,30159,22685
1030,1774,30077,22625
1040,1839,30530,23032
1025,1779,29998,22581
1044,1798,30299,22734
1036,1792,30273,22758
1024,1775,29979,22554
1042,1830,30507,22975
1027,1807,30101,22676
1041,1812,30445,22911
1028,1825,30176,22780
1041,1786,30368,22836
1029,1813,30172,22729
1028,1795,30074,22641
1025,1793,30043,22615
1034,1828,30424,22919
1028,1765,29967,22518
1040,1772,30316,22774
1028,1766,29958,22534
1033,1777,30062,22581
1037,1832,30452,22940
1042,1775,30311,22804
1041,1843,30581,23048
1025,1771,29941,22521
1031,1760,30047,22558
1027,1817,30157,22745
1038,1819,30355,22879
1029,1793,30120,22667
1032,1797,30143,22693
1037,1802,30278,22815
1033,1784,30148,22655
1030,1777,30085,22631
1025,1805,30104,22691
1027,1777,29979,22543
1042,1781,30325,22809
1041,1841,30546,23021
1021,1780,29812,22413
1027,1811,30124,22703
1039,1787,30237,22703
1025,1768,29953,22550
1040,1780,30272,22745
1035,1806,29999,22519
1026,1803,30090,22687
1042,1799,30415,22883
1026,1783,30039,22625
1043,1816,30501,22949
1031,1773,30046,22613
1029,1813,30205,22753
1025,1789,29976,22576
1039,1775,30276,22753
1025,1791,30032,22619
1035,1813,30003,22494
1028,1808,30167,22743
1030,1797,30182,22713
1034,1805,30298,22817
1029,1775,30023,22568
1038,1809,30318,22836
1025,1808,30104,22706
1033,1786,30041,22554
1027,1798,30141,22700
1041,1842,30534,23042
1022,1777,29903,22525
1027,1813,30143,22708
1023,1785,29878,22487
1025,1798,30074,22641
1037,1785,30279,22740
1027,1801,30109,22667
1031,1820,30280,22833
1023,1779,29903,22525
1038,1791,30287,22769
1026,1797,30024,22591
1023,1772,29902,22536
1031,1783,30171,22670
1041,1800,30342,22854
1029,1803,30154,22716
1031,1798,30133,22699
1030,1778,30082,22633
1028,1810,30143,22750
1031,1779,30140,22644
1024,1794,29984,22583
1040,1775,30262,22756
1032,1778,30025,22565
1035,1829,30379,22902
1023,1779,29853,22459
1029,1776,30051,22587
1033,1774,30066,22600
1028,1790,30051,22626
1037,1823,30433,22933
1035,1784,30062,22571
1025,1789,30023,22612
1028,1769,29983,22543
1040,1792,30270,22748
1038,1801,30303,22792
1027,1796,29881,22434
1029,1789,30074,22626
1038,1792,30155,22640
1024,1768,29896,22497
1028,1785,30068,22600
1029,1767,29928,22489
1035,1817,30362,22864
1024,1769,29870,22470
1025,1771,29956,22540
1029,1782,30063,22599
1041,1794,30418,22856
1025,1812,30090,22693
1033,1770,30059,22565
1028,1794,30084,22644
1032,1808,30244,22772
1024,1781,29824,22454
1042,1809,30446,22895
1037,1775,30207,22697
1028,1788,29983,22531
1026,1786,30003,22594
1021,1760,29858,22442
1028,1799,30117,22664
1040,1802,30395,22849
1043,1815,30432,22897
1043,1810,30482,22919
1042,1812,30162,22670
1035,1793,30243,22723
1026,1797,30069,22646
1037,1832,30441,22978
1025,1795,30092,22675
1032,1776,29961,22510
1029,1814,30192,22753
1037,1825,30440,22950
1025,1788,30019,22628
1040,1788,30269,22757
1022,1779,29875,22478
1029,1795,30108,22656
1035,1804,30305,22805
1041,1792,30337,22824
1042,1788,30399,22847
1042,1786,30357,22836
1027,1815,30168,22744
1040,1815,30375,22871
1028,1776,30067,22619
1040,1800,30345,22826
1039,1777,30220,22717
1032,1795,30190,22672
1033,1797,30208,22723
1026,1789,30033,22606
1022,1803,30018,22610
1040,1770,30258,22731
1041,1803,30358,22830
1036,1785,30085,22581
1028,1803,30144,22725
1030,1810,30162,22729
1024,1788,29969,22599
1029,1795,30172,22687
1038,1800,30108,22631
1026,1785,30031,22603
1039,1778,30227,22700
1023,1785,29998,22577
1042,1803,30404,22875
1030,1787,29977,22493
1032,1806,30214,22740
1025,1801,29989,22597
1038,1813,30321,22837
1037,1820,30460,22949
1034,1799,30045,22557
1026,1786,30047,22628
1040,1823,30444,22956
1024,1779,29946,22549
1031,1795,30188,22709
1040,1799,30228,22727
1040,1782,30280,22757
1024,1793,30001,22632
1037,1820,30420,22922
1025,1812,30097,22678
1035,1808,30047,22520
1028,1805,30145,22711
1035,1788,30272,22767
1038,1774,30205,22680
1029,1776,30063,22610
1028,1780,29901,22426
1042,1807,30441,22900
1042,1800,30394,22864
1041,1792,30402,22827
1041,1844,30523,23013
1022,1794,29779,22421
1034,1793,30191,22691
1025,1792,30008,22609
1037,1784,30138,22639
1024,1781,30002,22605
1040,1804,30133,22601
1032,1784,30157,22673
1026,1789,30033,22625
1042,1816,30432,22910
1028,1785,30068,22647
1039,1787,30310,22827
1026,1808,30115,22702
1027,1770,29989,22556
1039,1780,30229,22712
1025,1791,30018,22636
1034,1802,29934,22470
1026,1819,30163,22758
1026,1771,29941,22528
1038,1775,30181,22683
1024,1788,29997,22611
1035,1797,30005,22514
1026,1811,30132,22719
1027,1766,29937,22496
1043,1795,30406,22878
1042,1826,30469,22936
1029,1784,30012,22586
1025,1822,30123,22735
1023,1769,29884,22499
1038,1773,30240,22722
1025,1782,30013,22597
1030,1785,29947,22493
1037,1826,30383,22898
1032,1795,29993,22507
1024,1789,30005,22622
1034,1773,30236,22699
1024,1776,29931,22565
1037,1794,30280,22747
1023,1766,29889,22522
1033,1770,30115,22614
1028,1805,30106,22685
1032,1791,30177,22697
1029,1819,30220,22771
1027,1777,30041,22597
1024,1819,30086,22687
1026,1796,30036,22625
1040,1782,30305,22764
1035,1793,30237,22729
1022,1800,29936,22579
1034,1774,30135,22615
1026,1798,30037,22638
1035,1774,30103,22618
1027,1807,30126,22747
1026,1783,29864,22436
1036,1799,30313,22813
1026,1763,29921,22499
1035,1783,30114,22596
1031,1820,30264,22805
1024,1745,29888,22486
1036,1776,30198,22674
1025,1773,29962,22571
1039,1824,30405,22927
1024,1802,30070,22656
1034,1802,29944,22500
1030,1811,30222,22772
1030,1797,30130,22676
1026,1774,29983,22588
1038,1851,30546,23023
1024,1785,29870,22457
1038,1794,30283,22760
1028,1789,30064,22649
1024,1795,30008,22592
1043,1823,30508,22979
1023,1774,29886,22470
1023,1804,30058,22668
1037,1840,30435,22955
1023,1780,29956,22560
1034,1767,30149,22653
1026,1769,29934,22536
1032,1815,30272,22804
1028,1784,30100,22663
1040,1839,30499,22984
1026,1783,29999,22585
1041,1791,30320,22804
1026,1807,30112,22701
1040,1832,30485,22981
1027,1787,30008,22576
1039,1771,30231,22720
1022,1788,29781,22418
1025,1800,30089,22672
1027,1764,29930,22495
1027,1787,30010,22582
1026,1783,30002,22566
1036,1777,30168,22645
1026,1810,30110,22688
1040,1777,30307,22787
1044,1808,30422,22901
1042,1827,30479,22985
1027,1771,29931,22503
1028,1793,30088,22639
1021,1782,29820,22461
1032,1775,30102,22626
1037,1822,30373,22876
1041,1803,30391,22873
1025,1806,30094,22697
1028,1788,29898,22435
1036,1837,30454,22966
1030,1805,30190,22740
1024,1787,29922,22543
1027,1798,30096,22648
1025,1792,29855,22442
1038,1839,30505,23011
1033,1786,30198,22673
1029,1807,30154,22680
1036,1826,30425,22907
1025,1777,29868,22470
1037,1781,30235,22725
1024,1801,30009,22636
1022,1792,29993,22602
1031,1806,30160,22696
1036,1799,30045,22568
1026,1803,30088,22676
1044,1811,30479,22932
1025,1783,29996,22588
1039,1840,30544,23036
1022,1788,29853,22466
1032,1764,30104,22608
1027,1789,30060,22632
1028,1788,30105,22657
1031,1821,30242,22783
1040,1784,30358,22825
1028,1803,30115,22680
1029,1793,30145,22694
1028,1786,30056,22618
1033,1821,30313,22837
1025,1798,29857,22411
1031,1796,30140,22663
1041,1830,30500,22964
1025,1763,29922,22502
1027,1787,30040,22617
1033,1790,29966,22502
1033,1816,30309,22827
1025,1790,29993,22601
1034,1783,30112,22597
1030,1802,30154,22733
1032,1779,30097,22638
1025,1803,30074,22671
1036,1780,30154,22648
1026,1794,30038,22624
1035,1765,30155,22643
1031,1778,30066,22617
1026,1802,30091,22692
1040,1822,30456,22949
1026,1777,30019,22571
1039,1785,30265,22737
1025,1798,29811,22400
1042,1798,30384,22843
1039,1784,30218,22697
1026,1798,30061,22647
1043,1807,30449,22914
1026,1785,30003,22546
1031,1825,30271,22817
1027,1796,30065,22655
1034,1845,30365,22903
1038,1771,30230,22708
1024,1782,29902,22496
1044,1828,30553,23012
1023,1783,29939,22557
1024,1792,29962,22580
1039,1836,30481,22983
1023,1789,29964,22569
1039,1797,30338,22812
1022,1780,29844,22472
1025,1800,30030,22639
1030,1786,30076,22623
1028,1785,30054,22624
1033,1820,30324,22825
1023,1788,29846,22429
1039,1790,30309,22784
1033,1770,30099,22600
1028,1789,30059,22645
1032,1815,30302,22826
1023,1775,29890,22521
1026,1789,30029,22597
1024,1785,29998,22585
1025,1781,29959,22552
1036,1786,30286,22766
1031,1775,30065,22619
1025,1792,30028,22625
1042,1787,30353,22808
1041,1816,30448,22936
1024,1853,30119,22780
1039,1804,30152,22643
1029,1775,30037,22591
1029,1794,30122,22678
1029,1787,30115,22626
1042,1843,30628,23101
1021,1767,29839,22462
1026,1782,30006,22591
1039,1790,30243,22717
1033,1781,30081,22577
1032,1827,30277,22824
1023,1778,29856,22496
1025,1793,30037,22645
1041,1790,30335,22783
1039,1777,30167,22670
1026,1801,30085,22658
1042,1802,30281,22793
1027,1811,30151,22731
1039,1793,30253,22714
1029,1772,29989,22520
1040,1837,30548,23034
1022,1782,29859,22458
1040,1796,30323,22788
1030,1789,30139,22675
1027,1790,30069,22659
1034,1809,30292,22804
1023,1794,29840,22426
1024,1804,30063,22673
1041,1785,30329,22800
1042,1799,30413,22881
1025,1793,30028,22646
1027,1777,29852,22406
1044,1829,30544,23012
1032,1795,30205,22748
1023,1791,29968,22563
1028,1784,30057,22605
1039,1797,30330,22831
1025,1807,30092,22697
1029,1782,29989,22522
1037,1820,30407,22913
1041,1833,30512,22997
1022,1788,29809,22426
1043,1806,30462,22916
1043,1809,30462,22951
1023,1787,30027,22614
1032,1782,30101,22623
1035,1781,30221,22718
1037,1797,30258,22752
1022,1779,29924,22536
1034,1777,30154,22647
1030,1803,30206,22742
1023,1786,29880,22517
1038,1796,30285,22748
1026,1786,29963,22558
1040,1836,30520,23003
1023,1795,29997,22596
1029,1778,29954,22490
1041,1842,30582,23063
1024,1781,29902,22517
1024,1796,30009,22599
1024,1795,29978,22605
1025,1772,29911,22496
1044,1847,30619,23101
1028,1782,29904,22458
1037,1777,30188,22682
1023,1786,29968,22603
1023,1772,29915,22509
1026,1802,30118,22701
1040,1794,30209,22673
1040,1785,30310,22781
1025,1770,29930,22536
1024,1768,29905,22514
1026,1811,30154,22713
1042,1790,30317,22811
1034,1814,30268,22803
1025,1770,29931,22526
1040,1792,30238,22731
1037,1792,30307,22775
1024,1778,29877,22496
1042,1819,30459,22924
1024,1780,29957,22566
1032,1771,30016,22532
1038,1853,30552,23047
1025,1770,29942,22548
1029,1789,30068,22624
1041,1799,30334,22816
1039,1822,30467,22934
1026,1801,30059,22640
1040,1794,30216,22668
1040,1794,30339,22807
1028,1773,30012,22540
1040,1790,30201,22683
1034,1784,30157,22668
1026,1776,29982,22576
1041,1837,30575,23050
1024,1783,29945,22551
1019,1778,29927,22538
1023,1808,30004,22662
1034,1791,30027,22505
1028,1823,30189,22770
1042,1813,30440,22911
1028,1799,30073,22655
1030,1799,30172,22717
1026,1786,29905,22502
1042,1836,30584,23064
1027,1778,29956,22540
1022,1782,29936,22572
1025,1788,30034,22593
1031,1793,29921,22435
1028,1817,30192,22756
1037,1830,30447,22961
1026,1792,30056,22647
1041,1800,30386,22853
1038,1812,30141,22635
1035,1804,30338,22806
1024,1778,29979,22587
1032,1775,30123,22639
1030,1800,30184,22724
1025,1779,29926,22537
1037,1812,30365,22868
1031,1784,30010,22547
1040,1820,30500,22973
1023,1792,30007,22609
1029,1798,29893,22446
1035,1829,30360,22879
1022,1777,29872,22488
1030,1784,30063,22603
1033,1814,30267,22785
1024,1772,29905,22517
1025,1795,30063,22647
1033,1788,29993,22508
1028,1804,30134,22688
1035,1813,30275,22802
1032,1796,30123,22689
1027,1809,30172,22729
1027,1798,29846,22431
1030,1774,30059,22586
1042,1831,30480,22984
1025,1784,29997,22590
1042,1846,30579,23074
1024,1776,29921,22520
1041,1784,30304,22762
1036,1777,30151,22640
1024,1776,29957,22557
1024,1803,30093,22685
1023,1789,29835,22449
1028,1777,30046,22596
1036,1777,30122,22626
1026,1781,30012,22594
1042,1841,30584,23060
1023,1776,29887,22488
1028,1789,30023,22607
1036,1776,30115,22614
1025,1811,30086,22653
1040,1840,30571,23067
1024,1789,29925,22516
1039,1840,30520,23020
1024,1795,30016,22623
1037,1779,30182,22669
1024,1811,30102,22701
1028,1786,29895,22442
1039,1790,30322,22798
1029,1776,29937,22536
1027,1775,29976,22560
1039,1789,30317,22782
1024,1782,29851,22427
1044,1834,30551,23009
1025,1779,29991,22578
1042,1820,30450,22925
1025,1807,30073,22672
1041,1808,30240,22753
1026,1824,30193,22768
1035,1793,30249,22764
1024,1775,29954,22561
1034,1769,30152,22648
1031,1774,30037,22596
1021,1812,30011,22647
1028,1769,29980,22525
1042,1827,30513,22983
1026,1778,30025,22589
1038,1811,30097,22595
1036,1792,30241,22731
1026,1784,30012,22597
1043,1822,30510,22961
1025,1799,30043,22657
1027,1787,29826,22391
1038,1794,30332,22802
1025,1783,29970,22571
1025,1799,30064,22633
1028,1785,30039,22586
1041,1801,30219,22700
1042,1803,30367,22829
1028,1778,29952,22507
1042,1837,30501,22982
1026,1796,30082,22660
1041,1797,30324,22811
1026,1798,30112,22704
1021,1784,29822,22456
1025,1804,30048,22682
1039,1781,30278,22752
1025,1773,29918,22511
1038,1802,30350,22795
1022,1774,29861,22487
1024,1780,29968,22570
1024,1785,30012,22609
1032,1787,30025,22553
1033,1816,30320,22834
1025,1784,29902,22474
1039,1792,30323,22780
1033,1771,30119,22627
1027,1793,30043,22628
1042,1813,30481,22933
1039,1801,30168,22658
1029,1776,30047,22583
1032,1804,30197,22739
1025,1784,29953,22573
1043,1842,30650,23110
1025,1776,29848,22454
1043,1792,30378,22852
1040,1823,30441,22890
1028,1789,30087,22653
1030,1821,30252,22794
1027,1788,30023,22594
1040,1822,30492,22976
1020,1796,29931,22569
1030,1780,29991,22537
1039,1847,30569,23057
1022,1773,29872,22498
1028,1790,30107,22684
1034,1768,30110,22603
1024,1779,29973,22594
1033,1793,30167,22675
1026,1769,29946,22555
1035,1827,30367,22882
1035,1764,30127,22626
1024,1779,29979,22593
1024,1792,30001,22601
1041,1799,30326,22838
1030,1812,30239,22783
1027,1798,30033,22625
1041,1819,30458,22930
1025,1788,30031,22634
1040,1774,30212,22773
1037,1826,30419,22913
1043,1781,30410,22851
1039,1841,30499,22994
1027,1785,30005,22587
1029,1805,29837,22376
1032,1824,30330,22851
1024,1777,29887,22485
1030,1789,30076,22604
1044,1801,30446,22888
1041,1816,30167,22639
1037,1792,30284,22752
1024,1792,30027,22633
1033,1780,30100,22636
1033,1813,30252,22777
1025,1806,29833,22435
1039,1867,30561,23064
1025,1793,30018,22613
1043,1826,30522,23008
1025,1795,30074,22660
1034,1802,30025,22510
1028,1817,30220,22776
1035,1800,30228,22756
1029,1773,30076,22618
1042,1797,30375,22855
1041,1802,30238,22710
1041,1814,30426,22886
1024,1779,29919,22511
1029,1802,30153,22674
1038,1860,30533,23036
1024,1782,29950,22567
1025,1803,30092,22676
1038,1821,30419,22911
1025,1808,30125,22699
1043,1817,30461,22945
1031,1800,30134,22692
1027,1821,30159,22765
1042,1793,30257,22726
1042,1814,30484,22933
1032,1780,30009,22599
1040,1839,30521,23000
1026,1813,30158,22718
1040,1788,30275,22744
1043,1808,30421,22898
1040,1823,30468,22955
1025,1774,29932,22584
1027,1800,30138,22708
1035,1795,30015,22547
1038,1844,30457,23046
1026,1777,30026,22583
1040,1778,30286,22750
1041,1797,30371,22823
1023,1779,29911,22519
1026,1789,30021,22643
1027,1770,30026,22577
1042,1793,30359,22831
1043,1824,30530,22982
1033,1778,30102,22667
1029,1812,30186,22755
1036,1806,30321,22809
1027,1775,30019,22571
1033,1805,30243,22742
1034,1777,30103,22666
1026,1811,30137,22708
1032,1785,30030,22563
1040,1834,30498,23013
1028,1796,30089,22668
1041,1786,30218,22687
1036,1798,30258,22754
1025,1793,30039,22631
1038,1779,30220,22711
1025,1803,30032,22653
1024,1783,29911,22500
1028,1804,30146,22703
1043,1820,30478,22940
1032,1799,30211,22741
1026,1797,30082,22671
1026,1778,29873,22450
1041,1850,30604,23087
1033,1772,30126,22644
1035,1808,30295,22805
1026,1809,30123,22702
1030,1799,29955,22464
1044,1817,30513,22961
1042,1833,30524,23006
1026,1811,30093,22664
1044,1820,30521,22980
1028,1789,30015,22591
1045,1827,30607,23037
1032,1812,30209,22750
1028,1815,30177,22735
1037,1814,30364,22872
1027,1779,29928,22466
1041,1826,30466,22926
1032,1769,30069,22594
1037,1822,30348,22860
1027,1801,30076,22655
1026,1815,30134,22712
1034,1814,30309,22804
1034,1803,30230,22761
1027,1817,30166,22757
1027,1828,30058,22723
1033,1781,30101,22594
1031,1844,30282,22842
1035,1788,30220,22739
1027,1805,30017,22694
1033,1797,30201,22706
1044,1822,30562,23007
1028,1835,30322,22859
1028,1790,29945,22488
1044,1794,30409,22782
1027,1823,30216,22773
1039,1787,30279,22754
1029,1827,30275,22835
1034,1788,30092,22564
1036,1820,30381,22878
1045,1832,30534,22998
1029,1807,30158,22712
1045,1857,30780,23229
1024,1773,29995,22555
1042,1808,30398,22844
1027,1808,30104,22685
1031,1804,30159,22698
1048,1847,30726,23126
1045,1798,30391,22861
1047,1852,30696,23121
1029,1797,30149,22685
1041,1771,30311,22788
1039,1845,30568,23021
1037,1780,30226,22683
1034,1834,30393,22921
1046,1837,30679,23142
1030,1793,30172,22700
1044,1837,30568,23014
1031,1790,30147,22647
1047,1837,30647,23072
1041,1789,30334,22788
1029,1813,30169,22747
1035,1816,30303,22791
1043,1848,30615,23075
1031,1826,30312,22845
1036,1807,30275,22755
1042,1832,30559,23027
1048,1844,30702,23124
1030,1802,30169,22720
1047,1837,30659,23081
1034,1808,30240,22751
1042,1805,30430,22869
1031,1821,30293,22860
1033,1785,30134,22657
1045,1818,30586,23006
1032,1822,30261,22807
1033,1819,30314,22801
1047,1821,30564,22983
1030,1804,30169,22730
1048,1823,30660,23043
1033,1827,30339,22878
1052,1853,30796,23176
1051,1836,30747,23132
1041,1833,30539,22944
1035,1846,30506,23012
1045,1811,30596,23012
1035,1842,30466,22997
1051,1845,30757,23147
1038,1810,30382,22851
1052,1839,30833,23204
1037,1819,30419,22894
1048,1829,30731,23145
1038,1840,30530,23047
1035,1832,30478,22965
1057,1887,31147,23505
1037,1837,30496,22981
1040,1844,30622,23087
1052,1850,30878,23211
1044,1873,30778,23220
1051,1867,30964,23290
1045,1873,30834,23244
1057,1882,31298,23664
1047,1886,30911,23332
1044,1865,30846,23268
1066,1887,31407,23655
1072,1877,31416,23684
1050,1882,31081,23459
1052,1880,31116,23482
1068,1887,31455,23697
1064,1879,31473,23735
1058,1886,31343,23670
1077,1897,32001,24217
1065,1885,31507,23773
1074,1884,31914,24163
1073,1858,32055,24146
1083,1899,31990,24154
1073,1879,32014,24205
1091,1888,32541,24651
1080,1862,32265,24374
1084,1898,32498,24609
1080,1874,32322,24509
1103,1896,33001,25009
1102,1927,33178,25173
1089,1915,32775,24887
1101,1938,33102,25102
1114,1945,33420,25373
1103,1965,33337,25344
1122,1974,33665,25548
1110,1967,33452,25422
1129,1982,34043,25850
1120,1984,33800,25675
1132,1985,34431,26243
1124,2006,34125,25994
1142,1998,34595,26305
1133,1975,34647,26472
1143,1973,34797,26473
1150,2001,35339,27040
1165,2007,35781,27366
1154,2008,35502,27168
1164,2032,35809,27374
1182,2041,36173,27651
1179,2079,36339,27818
1185,2094,36587,28053
1185,2085,36781,28250
1205,2084,37368,28711
1214,2129,37467,28707
1214,2098,37742,29010
1217,2108,37979,29266
1215,2080,38071,29403
1226,2086,38347,29551
1241,2108,38677,29754
1234,2172,38925,30125
1248,2156,39114,30180
1265,2226,39857,30871
1251,2201,39486,30580
1259,2198,39638,30606
1278,2244,40542,31480
1261,2235,39991,31038
1289,2239,40661,31460
1274,2252,40512,31436
1282,2254,40686,31522
1297,2227,41204,31964
1288,2240,41095,31973
1299,2218,41477,32252
1312,2226,41810,32473
1303,2222,41757,32530
1308,2263,42056,32797
1330,2226,42454,33019
1333,2263,42653,33188
1336,2268,42766,33294
1327,2274,42505,33100
1334,2335,42973,33529
1324,2298,42602,33241
1332,2370,42903,33447
1348,2315,43220,33675
1333,2338,42935,33570
1339,2350,43198,33717
1342,2326,43107,33587
1357,2342,43529,33940
1341,2354,43202,33713
1351,2338,43406,33835
1345,2372,43511,34055
1345,2362,43361,33856
1346,2369,43565,34062
1343,2354,43364,33925
1363,2377,43971,34368
1348,2365,43545,34027
1359,2336,43584,33976
1345,2367,43382,33937
1360,2367,43739,34085
1343,2369,43377,33910
1342,2367,43471,34005
1348,2347,43322,33784
1360,2388,43950,34399
1341,2350,43269,33825
1353,2339,43454,33852
1339,2352,43202,33762
1355,2370,43588,34016
1335,2349,43084,33664
1328,2311,42806,33428
1325,2313,42653,33321
1324,2300,42633,33250
1328,2267,42487,33023
1321,2302,42543,33223
1322,2271,42400,33033
1306,2249,41962,32743
1307,2212,41845,32545
1309,2248,41733,32454
1297,2222,41484,32264
1310,2237,41829,32561
1288,2234,41032,31868
1300,2243,41212,31951
1280,2238,40548,31396
1288,2231,40764,31595
1273,2250,40391,31335
1289,2236,40633,31438
1284,2241,40428,31271
1273,2217,40011,30901
1263,2227,39990,30984
1254,2218,39603,30672
1268,2195,39777,30715
1261,2169,39525,30489
1253,2193,39446,30508
1237,2176,38996,30190
1248,2157,39184,30255
1229,2126,38567,29793
1233,2082,38477,29649
1232,2128,38554,29734
1217,2095,38207,29531
1207,2102,37749,29085
1206,2120,37529,28861
1210,2101,37512,28799
1194,2116,37065,28468
1207,2064,37599,28920
1188,2099,36697,28149
1196,2087,36851,28205
1183,2089,36457,27915
1175,2076,36257,27775
1172,2077,36129,27709
1163,2041,35779,27428
1165,2024,35826,27411
1151,1990,35402,27080
1147,1991,35044,26795
1158,1972,35418,27040
1143,1988,34717,26412
1141,1973,34870,26609
1129,1990,34409,26240
1126,1990,34153,26000
1136,1993,34374,26124
1115,1993,33766,25689
1119,1978,33781,25645
1127,1992,33985,25839
1120,1979,33848,25743
1102,1970,33372,25393
1100,1923,33026,25022
1107,1925,33158,25119
1092,1929,32930,25014
1101,1892,32886,24892
1091,1927,32878,24967
1088,1882,32565,24677
1087,1887,32618,24746
1082,1857,32403,24555
1075,1872,32159,24384
1079,1875,32199,24356
1087,1913,32157,24270
1082,1895,32086,24214
1064,1890,31684,23989
1058,1883,31609,23911
1065,1857,31757,24006
1067,1883,31449,23688
1077,1888,32047,24237
1056,1901,31277,23628
1069,1880,31442,23697
1066,1897,31556,23835
1058,1872,31085,23389
1069,1904,31608,23841
1066,1888,31307,23582
1056,1868,31096,23415
1062,1880,31497,23819
1048,1883,30913,23315
1066,1900,31497,23787
1046,1881,30863,23312
1047,1867,30850,23258
1043,1857,30891,23348
1040,1850,30591,23089
1044,1866,30861,23288
1061,1863,31136,23448
1052,1859,30874,23233
1042,1864,30735,23196
1051,1867,30864,23254
1041,1866,30705,23172
1052,1841,30805,23189
1039,1864,30596,23107
1039,1844,30580,23059
1046,1825,30569,22960
1052,1878,31058,23456
1038,1857,30584,23085
1039,1835,30504,22989
1050,1834,30768,23143
1036,1821,30349,22858
1055,1876,31035,23407
1034,1841,30414,22944
1042,1831,30596,23010
1052,1868,30920,23315
1034,1824,30349,22881
1039,1849,30560,23016
1049,1830,30704,23078
1040,1831,30479,22920
1049,1870,30893,23318
1032,1816,30270,22835
1046,1843,30646,23072
1032,1816,30232,22809
1050,1840,30742,23109
1050,1839,30688,23098
1041,1811,30422,22866
1037,1855,30542,23053
1046,1802,30521,22930
1040,1816,30408,22867
1048,1824,30654,23086
1045,1801,30481,22898
1032,1843,30433,22955
1041,1787,30283,22738
1035,1838,30402,22923
1041,1829,30565,23016
1036,1806,30298,22777
1050,1874,30898,23316
1029,1795,30090,22669
1038,1793,30330,22795
1043,1853,30668,23136
1033,1818,30345,22802
1037,1827,30405,22915
1045,1787,30398,22858
1031,1805,30196,22746
1038,1797,30338,22791
1040,1823,30448,22933
1036,1827,30380,22856
1044,1841,30566,23023
1030,1813,30245,22802
1045,1791,30406,22861
1044,1798,30445,22896
1041,1809,30422,22876
1028,1781,30044,22593
1037,1816,30374,22849
1030,1855,30245,22866
1030,1806,30176,22743
1041,1805,30411,22854
1026,1788,30037,22630
1030,1816,30235,22768
1038,1787,30281,22729
1036,1839,30450,22968
1044,1802,30487,22926
1043,1789,30363,22822
1047,1849,30749,23169
1027,1809,30123,22722
1042,1794,30368,22800
1026,1808,30111,22703
1033,1787,30035,22532
1033,1831,30352,22882
1042,1836,30591,23054
1028,1812,30119,22699
1027,1797,30122,22715
1041,1807,30440,22923
1029,1810,30190,22739
1043,1811,30439,22907
1040,1785,30284,22759
1029,1821,30235,22783
1035,1779,30153,22698
1035,1811,30293,22791
1033,1807,30277,22814
1027,1814,30126,22717
1026,1835,30246,22809
1025,1779,29926,22512
1028,1819,30194,22766
1038,1828,30464,22968
1026,1807,30149,22726
1041,1786,30378,22811
1026,1782,29922,22500
1037,1798,30312,22778
1026,1796,30019,22613
1029,1788,30106,22647
1044,1827,30533,22990
1026,1788,30071,22634
1032,1818,30258,22758
1036,1779,30093,22577
1040,1821,30457,22957
1043,1829,30550,22999
1043,1824,30507,22979
1031,1825,30257,22811
1031,1795,30110,22663
1026,1830,30254,22834
1026,1786,29999,22567
1034,1745,30130,22608
1036,1831,30440,22925
1025,1771,29958,22555
1036,1810,30344,22822
1026,1787,30046,22641
1029,1795,30077,22612
1040,1814,30399,22883
1025,1781,29967,22552
1041,1805,30391,22853
1040,1812,30223,22704
1028,1802,30097,22678
1032,1834,30349,22900
1026,1782,30016,22607
1029,1805,30165,22787
1024,1799,29991,22606
1026,1773,30004,22554
1030,1805,30166,22695
1037,1785,30113,22612
1026,1808,30114,22695
1030,1777,30016,22579
1042,1797,30396,22862
1030,1798,30138,22668
1042,1793,30335,22788
1042,1809,30458,22904
1034,1782,30051,22564
1025,1800,30064,22655
1039,1792,30260,22742
1022,1775,29906,22539
1027,1811,30123,22710
1040,1818,30494,22972
1024,1796,30043,22637
1033,1797,30189,22705
1036,1805,30336,22836
1027,1815,30155,22723
1031,1787,30022,22531
1027,1810,30165,22725
1032,1811,30228,22768
1023,1827,30134,22735
1042,1788,30392,22839
1037,1776,30189,22687
1025,1790,30054,22626
1027,1781,30042,22597
1039,1804,30162,22636
1026,1806,30088,22675
1032,1766,30049,22574
1039,1854,30503,23011
1028,1790,30116,22674
1034,1791,30125,22642
1028,1797,30123,22672
1039,1844,30475,22982
1024,1797,30049,22673
1039,1811,30371,22847
1029,1789,29922,22478
1043,1804,30438,22894
1027,1772,29932,22496
1040,1829,30508,23003
1025,1802,30076,22670
1040,1804,30182,22650
1028,1809,30138,22698
1035,1797,30007,22495
1026,1799,30091,22681
1035,1801,30288,22796
1032,1771,30040,22587
1029,1831,30278,22835
1027,1784,29923,22527
1029,1806,30171,22730
1029,1827,30191,22726
1025,1788,29980,22571
1030,1803,30153,22682
1039,1790,30177,22668
1025,1782,29986,22576
1028,1769,29993,22551
1036,1815,30346,22826
1043,1824,30528,22997
1041,1796,30234,22732
1034,1809,30261,22780
1025,1788,30008,22596
1042,1805,30398,22881
1044,1820,30543,22996
1041,1800,30338,22830
1026,1786,30041,22611
1028,1784,29928,22494
1041,1792,30274,22735
1040,1802,30375,22833
1022,1769,29862,22476
1028,1779,30045,22602
1042,1794,30391,22873
1027,1790,30068,22636
1039,1843,30530,23032
1024,1807,29829,22425
1029,1801,30184,22730
1025,1792,30041,22611
1036,1790,30161,22634
1024,1804,30027,22637
1030,1788,29877,22400
1043,1807,30472,22913
1033,1787,30037,22527
1041,1827,30472,22983
1027,1780,29965,22542
1038,1789,30147,22615
1030,1800,30142,22674
1027,1776,29996,22594
1043,1819,30444,22946
1024,1785,29977,22573
1036,1802,30122,22606
1028,1813,30169,22712
1041,1807,30433,22918
1023,1779,29987,22607
1024,1791,30020,22638
1040,1795,30326,22826
1026,1814,30110,22711
1028,1786,29968,22516
1042,1807,30509,22976
1025,1799,30053,22640
1034,1804,30014,22509
1031,1816,30268,22808
1025,1794,30039,22611
1040,1805,30398,22850
1035,1775,30197,22685
1025,1788,29878,22485
1038,1828,30472,22953
1036,1777,30111,22626
1025,1802,30098,22671
1024,1806,29996,22625
1025,1784,29908,22486
1035,1803,30251,22743
1024,1777,29956,22550
1041,1849,30575,23055
1032,1791,30125,22707
1036,1795,30250,22774
1031,1801,30199,22709
1041,1804,30388,22873
1027,1826,30225,22788
1043,1817,30498,22957
1030,1801,30198,22738
1030,1842,30284,22851
1032,1791,30175,22700
1024,1823,30094,22678
1025,1797,30088,22633
1023,1800,29976,22597
1040,1798,30404,22861
1023,1782,29905,22534
1034,1786,30176,22680
1028,1814,30188,22718
1030,1820,30195,22754
1032,1834,30325,22868
1028,1799,30111,22732
1031,1811,30248,22770
1028,1801,30075,22650
1041,1811,30429,22908
1027,1823,30199,22809
1036,1787,30104,22580
1025,1787,30006,22627
1026,1778,29957,22516
1036,1777,30196,22694
1030,1813,30200,22756
1041,1796,30206,22705
1043,1826,30544,23008
1025,1795,30001,22612
1028,1774,29990,22555
1040,1796,30352,22806
1025,1773,29923,22522
1024,1814,30117,22707
1029,1762,30001,22526
1038,1764,30193,22685
1027,1800,30105,22692
1033,1782,30163,22690
1037,1804,30317,22802
1025,1810,30085,22662
1040,1831,30504,22992
1023,1816,30080,22669
1035,1773,30092,22605
1026,1818,30150,22727
1040,1837,30477,22977
1023,1810,30058,22649
1024,1792,30004,22623
1026,1792,29849,22399
1042,1806,30446,22900
1033,1794,30201,22703
1026,1807,30061,22654
1040,1784,30322,22788
1042,1803,30253,22748
1028,1820,30206,22770
1038,1813,30338,22854
1044,1833,30522,22986
1032,1819,30256,22771
1024,1779,29884,22479
1031,1794,30152,22679
1039,1787,30294,22765
1026,1798,30047,22645
1036,1786,30200,22691
1024,1790,29932,22519
1044,1819,30531,22980
1040,1787,30285,22757
1037,1781,30200,22727
1026,1796,30091,22656
1029,1793,29909,22476
1037,1830,30445,22937
1026,1787,29870,22443
1042,1793,30419,22859
1030,1787,30092,22617
1038,1823,30416,22915
1028,1823,30204,22765
1037,1820,30378,22893
1026,1798,30043,22647
1040,1771,30263,22730
1024,1776,29970,22579
1028,1806,30154,22696
1025,1802,29773,22377
1028,1779,30081,22627
1036,1787,30190,22709
1026,1791,30056,22643
1035,1799,30289,22763
1037,1818,30376,22908
1027,1809,30109,22684
1037,1815,30325,22854
1040,1779,30304,22741
1026,1825,30160,22739
1041,1782,30321,22773
1035,1788,30193,22687
1028,1800,30121,22697
1036,1807,30292,22815
1029,1791,30192,22717
1035,1773,30126,22616
1031,1807,30176,22724
1026,1795,30074,22648
1043,1775,30433,22841
1038,1795,30321,22786
1034,1772,30174,22681
1032,1798,30169,22695
1036,1805,30299,22800
1039,1795,30228,22712
1027,1806,30140,22710
1043,1781,30376,22835
1045,1817,30577,23024
1029,1817,30163,22746
1029,1809,30161,22715
1032,1832,30310,22837
1024,1791,29849,22459
1038,1809,30362,22821
1033,1800,30180,22735
1042,1823,30517,22992
1032,1788,30154,22670
1025,1782,30013,22596
1042,1856,30665,23130
1029,1767,30021,22559
1043,1793,30399,22868
1038,1847,30523,23010
1029,1794,29867,22408
1042,1822,30496,22947
1032,1775,30089,22608
1043,1838,30566,23051
1025,1810,30078,22661
1031,1797,29968,22462
1045,1834,30580,23030
1036,1807,30300,22806
1040,1780,30134,22614
1028,1799,30131,22712
1041,1804,30364,22873
1028,1805,30169,22725
1041,1791,30278,22727
1025,1797,30099,22674
1035,1774,30146,22645
1036,1787,30230,22746
1044,1822,30539,22966
1035,1791,30245,22725
1026,1813,30106,22686
1033,1793,30187,22692
1039,1816,30434,22936
1028,1839,30300,22868
1022,1787,29845,22470
1028,1799,30107,22663
1044,1831,30568,23026
1026,1800,30052,22638
1041,1798,30366,22831
1025,1786,29993,22586
1033,1783,30230,22675
1043,1827,30484,22993
1025,1781,29990,22598
1028,1823,30196,22761
1043,1790,30347,22807
1040,1788,30322,22788
1028,1794,30110,22683
1045,1803,30484,22921
1031,1824,30339,22881
1039,1807,30318,22838
1032,1807,30195,22707
1042,1839,30566,23041
1026,1797,30042,22656
1033,1827,30318,22826
1045,1786,30440,22878
1033,1825,30293,22843
1032,1818,30309,22825
1032,1813,30263,22772
1031,1829,30349,22902
1038,1797,30337,22828
1037,1788,30267,22754
1027,1796,30083,22670
1043,1790,30403,22840
1038,1804,30374,22845
1037,1810,30301,22816
1033,1813,30276,22775
1042,1817,30441,22882
1039,1784,30295,22759
1029,1826,30261,22837
1042,1790,30340,22773
1031,1822,30286,22806
1038,1788,30285,22751
1030,1816,30193,22792
1042,1823,30505,22954
1026,1786,30025,22605
1041,1819,30481,22934
1029,1807,30178,22716
1030,1789,30143,22697
1031,1815,30200,22737
1042,1787,30310,22780
1029,1826,30254,22808
1030,1808,30151,22689
1033,1800,30248,22744
1047,1831,30660,23066
1043,1833,30555,23038
1032,1839,30350,22893
1048,1805,30578,22978
1045,1810,30535,22950
1031,1842,30341,22899
1031,1785,30140,22665
1042,1828,30533,22976
1051,1852,30714,23185
1032,1826,30371,22889
1049,1822,30672,23061
1037,1780,30301,22733
1051,1870,30912,23313
1032,1829,30352,22895
1047,1836,30649,23040
1033,1827,30347,22876
1045,1833,30605,23052
1050,1877,30946,23336
1039,1829,30379,22893
1051,1848,30803,23181
1039,1848,30521,22987
1047,1850,30700,23123
1052,1851,30891,23264
1043,1811,30443,22882
1041,1860,30654,23124
1039,1864,30595,23085
1041,1855,30700,23176
1047,1859,30714,23149
1037,1830,30427,22937
1054,1870,30950,23314
1056,1855,30969,23326
1052,1879,30999,23402
1041,1852,30751,23211
1056,1861,30942,23303
1054,1882,31133,23523
1040,1856,30651,23118
1057,1859,30999,23332
1050,1863,30889,23263
1061,1876,31125,23460
1047,1875,30902,23317
1042,1858,30780,23234
1048,1859,30840,23240
1062,1882,31554,23846
1044,1871,30776,23239
1049,1875,30961,23351
1055,1883,31083,23386
1060,1889,31293,23589
1054,1891,31288,23632
1062,1887,31235,23526
1058,1878,31372,23679
1065,1888,31577,23881
1056,1926,31340,23752
1068,1883,31686,23942
1068,1897,31635,23876
1066,1885,31783,24064
1083,1898,32233,24362
1069,1900,31863,24107
1087,1876,32367,24466
1076,1895,32055,24260
1095,1869,32725,24773
1085,1877,32376,24493
1096,1863,32714,24745
1093,1929,32869,24958
1109,1930,33272,25238
1099,1958,33189,25234
1118,1944,33636,25527
1111,1951,33413,25334
1121,1985,33898,25764
1119,1964,33698,25529
1128,1990,34261,26109
1122,1988,34156,26045
1137,1988,34445,26173
1138,1972,34791,26534
1143,2003,34856,26579
1142,1971,35114,26882
1157,1977,35336,26932
1156,2008,35577,27203
1168,2047,35907,27494
1161,2020,35639,27274
1187,2068,36540,27989
1175,2082,36293,27835
1194,2076,36874,28223
1201,2122,37157,28532
1190,2096,36668,28083
1205,2102,37289,28602
1196,2104,37263,28699
1207,2101,37561,28862
1218,2103,37842,29048
1217,2111,38041,29308
1228,2095,38445,29672
1221,2094,38257,29516
1227,2129,38572,29812
1253,2141,39211,30246
1257,2138,39263,30247
1253,2184,39400,30422
1248,2196,39358,30444
1275,2222,40058,30980
1279,2235,40289,31190
1274,2235,40451,31402
1273,2234,40451,31388
1288,2235,40551,31371
1274,2222,40736,31654
1294,2235,41096,31854
1289,2247,41117,31970
1311,2231,41937,32694
1294,2237,41356,32163
1322,2232,42172,32816
1309,2245,41997,32707
1310,2243,42075,32792
1330,2328,42863,33477
1319,2272,42313,33020
1342,2328,43094,33639
1322,2312,42619,33288
1329,2303,42775,33313
1347,2321,43240,33693
1332,2334,42942,33529
1353,2339,43412,33829
1338,2349,43225,33782
1365,2375,43832,34187
1367,2381,44023,34404
1367,2376,43947,34308
1351,2373,43657,34138
1358,2383,43854,34260
1350,2378,43680,34186
1359,2370,43901,34282
1373,2387,44265,34614
1354,2374,43997,34507
1372,2365,44076,34401
1351,2370,43793,34311
1355,2382,43876,34335
1365,2380,43934,34252
1363,2386,44179,34580
1356,2392,43873,34316
1376,2396,44429,34791
1354,2369,43828,34250
1372,2387,44112,34429
1372,2381,44333,34661
1370,2365,44056,34398
1356,2364,43661,34078
1353,2370,43740,34212
1352,2360,43585,34039
1341,2352,43353,33902
1356,2379,43759,34220
1339,2360,43212,33763
1347,2342,43268,33710
1334,2338,43006,33565
1335,2345,43191,33796
1331,2342,42865,33453
1348,2322,43186,33663
1340,2329,43118,33676
1316,2253,42194,32901
1319,2282,42371,33036
1318,2248,42202,32840
1328,2235,42352,32910
1310,2212,41893,32590
1318,2251,42086,32771
1288,2234,41538,32396
1315,2254,41774,32445
1308,2247,41558,32254
1301,2243,41220,31930
1280,2245,40644,31555
1297,2247,41067,31830
1284,2236,40462,31281
1269,2237,40264,31226
1281,2238,40540,31433
1255,2218,39626,30673
1253,2202,39543,30578
1255,2187,39428,30423
1245,2183,39238,30337
1254,2185,39426,30457
1229,2123,38577,29776
1244,2105,38857,29926
1225,2114,38150,29312
1219,2043,38154,29417
1207,2104,37712,29061
1203,2120,37441,28809
1203,2100,37454,28804
1211,2120,37297,28569
1196,2097,36986,28337
1190,2115,36782,28222
1181,2094,36533,28054
1182,2079,36456,27936
1184,2091,36488,27953
1176,2055,36135,27633
1179,2061,36224,27749
1162,2011,35659,27241
1161,2040,35861,27451
1149,1981,35252,26970
1155,1972,35289,26910
1146,1970,35051,26781
1155,1965,35267,26945
1134,1968,34745,26554
1131,2000,34268,26046
1135,1974,34429,26181
1122,1995,34010,25907
1125,1979,33945,25761
1120,1991,33942,25841
1112,1973,33540,25464
1108,1970,33510,25477
1116,1979,33661,25596
1097,1960,33166,25194
1103,1932,33126,25107
1086,1902,32647,24885
1093,1911,32817,24877
1088,1889,32578,24688
1090,1873,32476,24540
1085,1876,32525,24667
1072,1874,32123,24335
1092,1870,32605,24683
1089,1895,32398,24495
1077,1886,32059,24236
1069,1894,31664,23938
1066,1893,31468,23722
1078,1876,32210,24397
1065,1890,31465,23735
1072,1903,31833,24072
1056,1883,31226,23574
1052,1887,31000,23399
1069,1897,31497,23747
1059,1876,31132,23435
1053,1890,31061,23436
1059,1886,31216,23544
1057,1841,30886,23229
1049,1885,31011,23421
1046,1874,30900,23302
1060,1897,31223,23567
1042,1866,30711,23166
1052,1847,30759,23134
1041,1858,30780,23228
1052,1821,30792,23180
1037,1860,30563,23062
1039,1838,30456,22939
1042,1819,30509,22914
1051,1874,30944,23342
1041,1814,30439,22909
1040,1797,30533,23020
1035,1846,30585,23106
1038,1820,30379,22848
1048,1867,30896,23288
1044,1830,30587,23012
1049,1835,30709,23107
1039,1821,30433,22858
1041,1838,30553,23017
1033,1852,30412,22960
1036,1791,30265,22744
1037,1824,30609,23069
1030,1812,30254,22811
1034,1808,30257,22770
1043,1835,30536,22978
1030,1805,30185,22747
1025,1829,30173,22793
1040,1812,30421,22863
1034,1829,30348,22874
1037,1845,30537,23028
1029,1795,30144,22703
1029,1823,30245,22803
1031,1805,30171,22713
1037,1792,30250,22738
1048,1852,30703,23127
1047,1801,30526,22958
1047,1841,30679,23097
1040,1788,30328,22784
1030,1809,30149,22724
1046,1840,30658,23080
1043,1793,30177,22651
1031,1818,30264,22816
1029,1788,30129,22683
1040,1789,30324,22779
1029,1833,30278,22839
1036,1783,30134,22627
1045,1857,30740,23180
1028,1804,30117,22687
1029,1794,30076,22646
1023,1831,30112,22726
1027,1802,29946,22530
1046,1818,30564,22986
1038,1780,30260,22723
1034,1828,30311,22834
1030,1833,30304,22859
1039,1844,30439,22964
1041,1812,30423,22876
1026,1814,30104,22701
1031,1784,30105,22640
1046,1808,30551,22987
1043,1804,30485,22924
1032,1825,30290,22830
1040,1839,30514,23013
1027,1807,30081,22655
1040,1777,30282,22758
1024,1784,29970,22567
1035,1798,30277,22764
1032,1822,30301,22841
1026,1805,30141,22711
1040,1791,30363,22824
1026,1774,29886,22477
1036,1805,30299,22783
1040,1845,30532,23022
1030,1820,30312,22825
1031,1819,30224,22787
1024,1773,29950,22552
1027,1812,30162,22723
1025,1788,30004,22589
1039,1785,30310,22770
1026,1813,30164,22699
1030,1800,30134,22698
1028,1817,30197,22764
1038,1834,30452,22958
1026,1791,30078,22665
1039,1780,30268,22747
1024,1781,29972,22594
1033,1803,30234,22745
1041,1797,30327,22804
1027,1801,30136,22724
1043,1826,30554,23018
1028,1773,30011,22553
1046,1829,30599,23053
1025,1794,29898,22486
1040,1858,30546,23030
1033,1770,30160,22659
1027,1801,30080,22666
1033,1814,30302,22767
1040,1793,30323,22787
1042,1814,30454,22924
1024,1784,29973,22583
1027,1793,30067,22621
1044,1827,30501,22973
1030,1792,29934,22450
1033,1803,30200,22726
1024,1769,29929,22549
1036,1772,30177,22646
1024,1831,30233,22800
1036,1828,30062,22572
1024,1785,30017,22608
1025,1789,29944,22527
1028,1784,29956,22528
1042,1814,30402,22868
1028,1772,29948,22481
1044,1803,30453,22896
1042,1810,30449,22916
1025,1786,29976,22574
1043,1815,30479,22949
1024,1784,29876,22505
1025,1800,30059,22652
1037,1834,30419,22923
1023,1819,30034,22650
1033,1810,30262,22788
1027,1795,29832,22409
1039,1788,30317,22793
1023,1779,29937,22551
1026,1778,29937,22503
1036,1771,30141,22651
1031,1770,30075,22620
1025,1815,30116,22716
1034,1784,30082,22579
1033,1802,30201,22728
1025,1801,30017,22616
1038,1811,30075,22583
1030,1794,30141,22670
1030,1800,30138,22697
1028,1820,30204,22750
1026,1795,30041,22621
1038,1796,30123,22614
1036,1781,30192,22689
1031,1791,30157,22708
1037,1831,30450,22954
1027,1813,30108,22704
1024,1793,29900,22496
1035,1822,30342,22854
1030,1781,30069,22592
1035,1775,30255,22761
1036,1789,30211,22716
1023,1789,29810,22429
1031,1795,30167,22684
1032,1803,30193,22731
1034,1783,30238,22659
1033,1801,30228,22766
1025,1784,29938,22535
1037,1834,30448,22947
1039,1803,30139,22615
1027,1797,30068,22642
1039,1806,30322,22793
1041,1799,30298,22777
1043,1817,30489,22946
1037,1827,30388,22913
1026,1807,30084,22660
1043,1809,30410,22898
1038,1794,30184,22666
1029,1815,30199,22765
1031,1775,30053,22616
1025,1799,30037,22613
1026,1775,29958,22540
1040,1787,30311,22769
1036,1797,30306,22790
1025,1781,29939,22554
1037,1812,30324,22844
1042,1808,30443,22898
1029,1790,30070,22646
1033,1856,30463,22982
1035,1816,30296,22831
1027,1795,30083,22659
1036,1802,30282,22796
1033,1774,30064,22562
1027,1815,30187,22772
1035,1807,30041,22560
1041,1788,30233,22726
1029,1773,29998,22527
1039,1836,30456,22951
1023,1805,30048,22655
1028,1807,29830,22374
1030,1806,30162,22719
1027,1793,30070,22629
1036,1830,30413,22914
1023,1806,30039,22660
1025,1768,29826,22400
1043,1831,30542,23014
1025,1769,29954,22556
1040,1815,30447,22937
1026,1802,30066,22668
1026,1793,29908,22423
1038,1849,30534,23045
1023,1779,29965,22566
1022,1783,29912,22541
1029,1768,30032,22560
1033,1807,30243,22777
1027,1812,30144,22711
1040,1786,30273,22756
1038,1793,30282,22737
1028,1819,30081,22586
1022,1786,29834,22453
1027,1796,30084,22653
1037,1828,30426,22931
1024,1790,29990,22623
1025,1777,29974,22560
1035,1816,29973,22478
1025,1802,30073,22669
1035,1785,30095,22593
1033,1803,30230,22744
1023,1791,29989,22592
1020,1793,29745,22359
1031,1793,30171,22690
1038,1821,30385,22897
1022,1796,29983,22591
1024,1766,29953,22537
1041,1804,30191,22672
1038,1825,30414,22923
1033,1789,30022,22540
1024,1791,30026,22627
1037,1766,30230,22722
1031,1784,30098,22651
1022,1806,30007,22637
1034,1790,29993,22499
1025,1790,30041,22653
1034,1770,30079,22604
1028,1774,30032,22602
1030,1811,30198,22726
1023,1774,29947,22550
1035,1814,30295,22812
1034,1776,30126,22643
1030,1789,30122,22661
1025,1804,30065,22666
1031,1802,29900,22421
1032,1799,30203,22736
1025,1771,29953,22549
1031,1774,30004,22536
1033,1817,30292,22820
1022,1789,29807,22423
1030,1776,30031,22568
1030,1800,30125,22691
1023,1773,29919,22521
1030,1807,30160,22697
1024,1771,29908,22519
1041,1792,30330,22802
1031,1789,30037,22553
1030,1808,30162,22713
1033,1822,30342,22846
1021,1793,29788,22439
1029,1774,29981,22530
1036,1801,30123,22611
1023,1777,29911,22541
1033,1793,30182,22702
1028,1779,30031,22595
1028,1820,30183,22744
1026,1781,30022,22604
1036,1828,30372,22911
1024,1792,30046,22634
1034,1801,29999,22515
1025,1794,30052,22660
1030,1780,29978,22531
1032,1775,30103,22644
1025,1789,29989,22589
1035,1803,29987,22488
1025,1813,30114,22712
1030,1773,29984,22524
1033,1795,30199,22717
1024,1785,29979,22559
1032,1803,29988,22487
1025,1820,30138,22735
1033,1780,30094,22595
1023,1792,29962,22576
1028,1782,30025,22574
1038,1789,30262,22772
1025,1802,30066,22661
1030,1785,30027,22554
1028,1774,30052,22575
1042,1818,30455,22929
1022,1788,29831,22430
1038,1791,30268,22752
1024,1777,29946,22532
1036,1778,30139,22643
1024,1765,29951,22533
1027,1800,29766,22352
1031,1796,30129,22649
1036,1797,30267,22787
1031,1777,30083,22620
1034,1814,30257,22788
1039,1791,30111,22577
1025,1823,30144,22729
1037,1824,30409,22921
1025,1795,30032,22612
1037,1793,30275,22770
1021,1792,29885,22519
1026,1807,30093,22656
1030,1773,29979,22509
1035,1819,30292,22807
1033,1778,30153,22640
1030,1785,30125,22671
1028,1820,30152,22729
1032,1781,30118,22641
1026,1773,29972,22570
1032,1769,30061,22585
1038,1788,30155,22641
1025,1807,30139,22715
1036,1796,30028,22508
1031,1809,30201,22732
1040,1816,30464,22943
1032,1779,30054,22570
1031,1809,30284,22810
1028,1783,29986,22564
1028,1806,30116,22688
1029,1793,30112,22674
1025,1796,29978,22609
1038,1844,30532,23050
1021,1773,29888,22490
1027,1769,29989,22538
1028,1774,30016,22535
1027,1798,30189,22699
1024,1816,30070,22685
1023,1776,29849,22448
1039,1779,30276,22766
1041,1789,30296,22765
1034,1773,30103,22668
1024,1810,30094,22676
1027,1793,29847,22411
1041,1780,30319,22767
1022,1770,29866,22495
1023,1778,29916,22545
1038,1791,30295,22764
1022,1789,29799,22399
1041,1800,30356,22826
1039,1787,30152,22652
1034,1776,30063,22587
1033,1813,30279,22799
1037,1797,30109,22607
1037,1797,30288,22764
1022,1785,29936,22559
1030,1778,29974,22517
1027,1805,30127,22699
1022,1779,29823,22468
1028,1828,30452,22911
1027,1780,29946,22496
1039,1795,30248,22702
1030,1772,30043,22599
1029,1776,30009,22569
1021,1815,30068,22689
1037,1780,30160,22641
1024,1786,29955,22545
1041,1807,30391,22862
1035,1799,30196,22744
1023,1807,30052,22666
1025,1777,29929,22509
1028,1760,30000,22559
1039,1839,30460,22967
1024,1796,29746,22427
1026,1792,30046,22620
1038,1766,30170,22660
1028,1785,30007,22581
1042,1822,30508,22970
1023,1782,29800,22405
1042,1838,30551,23031
1022,1771,29824,22433
1024,1803,30043,22633
1037,1773,30214,22700
1021,1778,29835,22475
1024,1803,30068,22658
1023,1795,29749,22353
1026,1770,29983,22545
1040,1827,30456,22947
1022,1771,29868,22478
1040,1847,30555,23037
1025,1766,29917,22484
1035,1775,30185,22637
1024,1792,30047,22637
1025,1786,29896,22496
1026,1793,30060,22628
1023,1799,29728,22358
1031,1773,30080,22606
1027,1798,30057,22640
1034,1824,30400,22833
1025,1801,30053,22632
1033,1780,29967,22465
1024,1791,30010,22606
1037,1774,30138,22646
1023,1794,29849,22459
1031,1797,30134,22668
1022,1790,29846,22469
1027,1774,29989,22566
1040,1795,30357,22824
1036,1814,30339,22856
1031,1820,30246,22796
1025,1775,29904,22521
1028,1795,30090,22651
1022,1783,29910,22551
1026,1778,30014,22606
1032,1818,30290,22818
1022,1787,29811,22417
1036,1792,30287,22758
1030,1786,29934,22489
1031,1802,30123,22680
1023,1792,30040,22636
1026,1786,29813,22361
1039,1781,30302,22770
1023,1779,29916,22551
1022,1774,29876,22495
1026,1787,29981,22557
1034,1798,29988,22501
1025,1812,30082,22694
1022,1770,29861,22473
1036,1823,30401,22917
1023,1798,30019,22630
1024,1795,29765,22354
1026,1791,30041,22618
1030,1765,30015,22556
1041,1816,30419,22908
1026,1798,30049,22636
1029,1771,30011,22588
1025,1813,30131,22707
1030,1778,29957,22504
1039,1797,30325,22804
1034,1779,30116,22608
1021,1790,29782,22419
1043,1804,30426,22880
1037,1792,30137,22611
1025,1779,29968,22554
1041,1819,30454,22951
1020,1801,29959,22593
1024,1804,30061,22657
1028,1780,29931,22514
1042,1824,30511,22986
1023,1794,29971,22596
1023,1799,29795,22391
1031,1796,30137,22656
1032,1795,30175,22699
1024,1793,29987,22593
1025,1782,29962,22556
1038,1808,30124,22594
1036,1752,30122,22615
1027,1784,29947,22524
1034,1805,30255,22775
1030,1775,30083,22616
1029,1779,30062,22617
1028,1819,30184,22747
1033,1783,30116,22676
1026,1791,29948,22625
1037,1777,30185,22660
1023,1785,29956,22577
1025,1821,30136,22722
1037,1833,30407,22914
1024,1801,30024,22612
1029,1773,30062,22611
1039,1821,30444,22944
1026,1824,30163,22747
1025,1793,29811,22390
1026,1789,30029,22594
1027,1789,29927,22491
1028,1779,29964,22510
1042,1853,30609,23097
1023,1770,29888,22489
1039,1778,30242,22720
1035,1779,30232,22700
1024,1790,30011,22584
1041,1805,30426,22915
1035,1801,30071,22554
1028,1788,30031,22586
1033,1773,30055,22581
1027,1830,30200,22777
1033,1812,30306,22841
1022,1764,29838,22475
1026,1786,30029,22600
1024,1776,29920,22520
1038,1789,30193,22655
1024,1803,30065,22668
1039,1797,30271,22726
1041,1838,30539,23042
1024,1775,29930,22529
1022,1782,29856,22494
1027,1782,30006,22602
1040,1801,30232,22718
1043,1822,30492,22954
1037,1815,30446,22933
1025,1794,30009,22616
1037,1817,30370,22889
1039,1817,30138,22604
1043,1811,30467,22918
1042,1791,30366,22833
1033,1807,30196,22726
1024,1785,30001,22591
1040,1784,30276,22761
1027,1821,30151,22727
1038,1830,30473,22979
1025,1805,30037,22649
1029,1771,30043,22571
1038,1806,30202,22700
1038,1844,30512,23021
1023,1781,29965,22589
1027,1770,29976,22549
1027,1785,29986,22565
1037,1791,30307,22825
1028,1791,30084,22637
1024,1771,29911,22499
1029,1782,30039,22586
1042,1793,30386,22852
1040,1794,30348,22832
1026,1812,30106,22698
1029,1782,29985,22529
1039,1832,30504,22994
1021,1798,29986,22579
1037,1799,30097,22596
1024,1806,30066,22663
1023,1773,29879,22487
1043,1801,30467,22929
1023,1811,30089,22685
1028,1776,30053,22606
1037,1834,30442,22942
1026,1803,29849,22426
1040,1782,30307,22754
1024,1794,29989,22612
1031,1775,30012,22528
1042,1841,30601,23067
1023,1787,29830,22439
1029,1789,30112,22642
1041,1831,30483,22949
1024,1775,29926,22530
1026,1805,30071,22673
1039,1799,30359,22838
1027,1782,30003,22574
1039,1784,30281,22758
1035,1782,30111,22600
1024,1811,30130,22721
1024,1781,29829,22399
1039,1779,30265,22753
1029,1773,29977,22539
1038,1832,30432,22937
1025,1806,30144,22731
1027,1779,29915,22468
1036,1806,30328,22823
1042,1807,30417,22870
1027,1784,30044,22627
1037,1825,30404,22917
1037,1805,30111,22616
1035,1788,30214,22710
1029,1788,30100,22653
1027,1790,30057,22634
1032,1815,30252,22792
1023,1788,29860,22490
1043,1831,30578,23031
1023,1777,29925,22543
1023,1761,29908,22510
1026,1795,30029,22621
1037,1814,30373,22874
1025,1810,30063,22665
1028,1775,30011,22513
1041,1788,30262,22758
1041,1792,30353,22820
1040,1789,30201,22657
1027,1806,30133,22693
1023,1784,29930,22553
1025,1776,29952,22533
1028,1772,30014,22559
1033,1781,29923,22470
1029,1822,30237,22786
1032,1780,30092,22647
1024,1774,30003,22578
1034,1776,30153,22664
1024,1793,29875,22467
1038,1789,30268,22759
1031,1819,30242,22773
1027,1792,30061,22662
1033,1811,30289,22826
1021,1783,29796,22422
1033,1783,30170,22681
1030,1809,30163,22718
1028,1826,30179,22755
1037,1823,30351,22860
1040,1788,30339,22817
1026,1802,30090,22662
1023,1781,29928,22526
1031,1785,30103,22621
1030,1812,30200,22746
1028,1789,30071,22637
1027,1823,30190,22774
1029,1786,29957,22477
1038,1773,30236,22696
1024,1796,30044,22642
1023,1767,29898,22490
1039,1791,30311,22792
1019,1797,29830,22523
1031,1785,30095,22601
1036,1812,30338,22840
1036,1774,30190,22674
1027,1819,30152,22744
1027,1761,30008,22566
1026,1797,30051,22650
1036,1810,30353,22867
1039,1779,30249,22748
1030,1805,30174,22765
1040,1790,30324,22813
1024,1795,30018,22613
1030,1769,30027,22584
1040,1798,30343,22828
1040,1862,30629,23125
1025,1777,29872,22459
1041,1788,30323,22796
1038,1793,30206,22685
1030,1769,30019,22529
1036,1799,30300,22780
1022,1779,29941,22544
1026,1782,30005,22572
1037,1796,30185,22656
1024,1785,29982,22554
1030,1796,30121,22654
1028,1777,30009,22603
1026,1810,30137,22718
1033,1802,30191,22739
1023,1771,29925,22520
1028,1798,30086,22662
1037,1798,30353,22861
1025,1806,30073,22659
1028,1768,29977,22524
1037,1821,30373,22908
1025,1803,30085,22679
1025,1770,29884,22463
1026,1810,30113,22682
1039,1791,30306,22750
1026,1773,29985,22551
1039,1753,30272,22745
1024,1777,29836,22428
1040,1850,30599,23082
1028,1763,29992,22555
1042,1813,30403,22897
1024,1787,30002,22612
1024,1782,29858,22448
1026,1801,30087,22659
1023,1793,30002,22595
1027,1774,29965,22568
1028,1778,30026,22577
1040,1793,30301,22823
1027,1816,30172,22742
1028,1813,30118,22695
1026,1811,30141,22696
1042,1832,30517,23000
1020,1772,29871,22495
1040,1849,30566,23067
1022,1776,29921,22530
1029,1780,30067,22600
1037,1777,30185,22654
1023,1783,29869,22472
1030,1793,30134,22653
1037,1820,30337,22866
1023,1787,30003,22589
1023,1795,30031,22627
1030,1771,30040,22560
1035,1825,30300,22825
1022,1784,29832,22461
1028,1781,30040,22585
1041,1836,30514,22984
1023,1785,29941,22567
1023,1813,29979,22669
1024,1770,29873,22441
1035,1769,30155,22639
1041,1842,30527,23013
1023,1783,29896,22491
1032,1795,30225,22725
1037,1795,30043,22530
1025,1791,30051,22629
1022,1777,29910,22549
1033,1778,30033,22548
1027,1830,30179,22768
1036,1769,30198,22681
1030,1774,30046,22586
1035,1794,30303,22791
1030,1779,29949,22496
1041,1799,30392,22859
1022,1774,29901,22478
1031,1778,30103,22615
1041,1813,30471,22936
1024,1787,29961,22584
1044,1850,30641,23092
1023,1795,29800,22404
1039,1777,30245,22727
1022,1766,29904,22508
1034,1792,30033,22555
1030,1812,30202,22765
1029,1782,30022,22575
1026,1813,30103,22699
1024,1775,29917,22499
1026,1776,29985,22540
1035,1808,30239,22801
1024,1789,29796,22372
1033,1788,30219,22710
1031,1781,30123,22653
1022,1780,29863,22547
1026,1787,30028,22589
1036,1803,30077,22575
1040,1801,30352,22823
1023,1772,29891,22489
1022,1786,29912,22532
1020,1805,29956,22611
1034,1788,30013,22525
1026,1817,30162,22744
1041,1792,30282,22769
1035,1782,30178,22657
1030,1805,30148,22700
1023,1782,29886,22511
1043,1817,30503,22948
1041,1797,30330,22830
1038,1782,30205,22671
1024,1780,29926,22569
1040,1795,30262,22731
1042,1809,30405,22871
1032,1789,30051,22561
1039,1848,30477,22993
1025,1785,30049,22638
1022,1796,29798,22385
1026,1803,30094,22651
1021,1788,29906,22546
1028,1793,30074,22607
1040,1796,30386,22852
1032,1794,29971,22477
1035,1818,30343,22858
1025,1765,29904,22483
1030,1810,30131,22666
1038,1837,30438,22952
1028,1795,29917,22510
1033,1824,30326,22841
1022,1793,29804,22432
1024,1800,30044,22626
1030,1770,29997,22531
1041,1803,30384,22847
1044,1841,30602,23073
1022,1762,29870,22474
1035,1782,30256,22727
1024,1799,29992,22598
1031,1787,30015,22544
1044,1827,30524,22970
1035,1816,30036,22524
1027,1795,30079,22660
1042,1815,30419,22897
1040,1828,30469,22965
1023,1809,30004,22632
1039,1811,30361,22884
1024,1797,30042,22630
1026,1774,29974,22580
1038,1765,30227,22672
1025,1849,30319,22928
1027,1789,29904,22443
1036,1808,30309,22824
1036,1789,30112,22602
1024,1799,29975,22609
1031,1797,30167,22710
1039,1793,30274,22779
1028,1792,30106,22678
1039,1830,30441,22943
1025,1808,30092,22648
1030,1798,30154,22673
1039,1812,30333,22853
1028,1789,30081,22632
1042,1791,30357,22826
1037,1807,30376,22867
1029,1818,30208,22764
1023,1775,29901,22510
1043,1825,30514,22974
1036,1789,30270,22768
1040,1790,30292,22756
1040,1780,30304,22764
1023,1787,29914,22533
1029,1794,30123,22661
1042,1794,30339,22805
1033,1847,30459,22971
1024,1800,30028,22617
1036,1802,30039,22539
1025,1812,30088,22680
1022,1781,29924,22543
1027,1779,29995,22542
1039,1768,30262,22738
1021,1768,29832,22449
1027,1797,30145,22718
1030,1788,30109,22618
1029,1794,30119,22694
1029,1804,30171,22712
1024,1772,29892,22502
1035,1783,30217,22703
1029,1792,30088,22658
1027,1799,30075,22660
1036,1827,30356,22857
1040,1796,29983,22458
1031,1823,30259,22807
1027,1794,30071,22638
1034,1824,30315,22813
1024,1792,30026,22605
1025,1790,29832,22428
1024,1804,30048,22616
1040,1796,30248,22722
1043,1786,30421,22869
1041,1835,30555,23035
1025,1772,29964,22551
1039,1801,30346,22818
1020,1760,29839,22460
1026,1781,29994,22585
1043,1803,30412,22872
1039,1786,30206,22672
1028,1805,30082,22644
1022,1793,29838,22429
1028,1787,30065,22603
1042,1810,30418,22890
1026,1792,29995,22603
1038,1831,30467,22962
1038,1803,30350,22844
1023,1797,30033,22632
1023,1778,29918,22501
1040,1788,30272,22762
1030,1804,30120,22672
1037,1779,30123,22598
1024,1794,29984,22600
1023,1776,29927,22532
1027,1779,29953,22516
1043,1811,30463,22918
1036,1808,30078,22548
1025,1783,30021,22607
1039,1800,30188,22668
1028,1778,29965,22505
1038,1848,30548,23071
1025,1775,29900,22497
1030,1801,30173,22713
1023,1768,29925,22536
1026,1782,29941,22511
1031,1804,30136,22674
1032,1789,30074,22606
1032,1800,30171,22693
1039,1823,30389,22913
1023,1791,29935,22559
1042,1805,30448,22905
1035,1794,30239,22762
1040,1851,30589,23085
1036,1766,30189,22659
1025,1792,30003,22608
1039,1782,30269,22751
1028,1764,29979,22543
1025,1807,30169,22678
1031,1763,30057,22569
1030,1798,30154,22699
1024,1795,30031,22632
1034,1786,30042,22535
1026,1799,30108,22681
1042,1791,30339,22810
1039,1768,30257,22746
1026,1779,30004,22569
1044,1805,30253,22752
1040,1799,30388,22858
1036,1771,30162,22653
1023,1793,30009,22614
1032,1787,30106,22632
1032,1783,30098,22632
1029,1799,30116,22665
1041,1822,30462,22924
1027,1802,30097,22685
1031,1805,30204,22755
1024,1811,29807,22446
1041,1804,30380,22848
1027,1766,29968,22534
1041,1785,30350,22832
1042,1814,30418,22881
1035,1782,30181,22716
1041,1797,30355,22831
1026,1786,29869,22461
1043,1817,30463,22916
1025,1806,30141,22706
1041,1792,30302,22780
1037,1788,30263,22741
1025,1778,29943,22542
1032,1808,30232,22760
1027,1783,30050,22600
1035,1790,30049,22556
1027,1819,30177,22753
1040,1791,30285,22779
1029,1805,30148,22705
1035,1818,30299,22821
1025,1770,29924,22488
1043,1815,30459,22916
1030,1798,29934,22467
1033,1853,30457,23008
1024,1799,30032,22620
1039,1827,30438,22940
1027,1797,30107,22680
1041,1797,30359,22829
1028,1800,30152,22709
1033,1820,30318,22848
1034,1780,30057,22561
1029,1810,30228,22780
1030,1781,30076,22647
1026,1805,30087,22660
1029,1770,29941,22524
1040,1837,30460,22964
1026,1813,30125,22713
1040,1805,30367,22860
1027,1759,30013,22570
1042,1817,30421,22901
1022,1809,29989,22601
1037,1791,30301,22797
1025,1789,29843,22445
1024,1798,30035,22651
1036,1790,30106,22602
1027,1797,30068,22653
1031,1823,30247,22786
1023,1771,29888,22506
1028,1809,30125,22691
1036,1788,30089,22575
1023,1787,29951,22574
1027,1784,30046,22621
1040,1801,30208,22679
1041,1841,30602,23079
1021,1799,29976,22567
1034,1772,30099,22608
1030,1805,30169,22725
1021,1781,29836,22456
1025,1804,30079,22658
1032,1772,30054,22572
1041,1847,30538,23003
1025,1801,30041,22641
1024,1798,29793,22399
1035,1792,30188,22699
1034,1812,30246,22758
1026,1779,30036,22618
1041,1831,30514,23011
1023,1790,29771,22391
1034,1791,30187,22692
1026,1799,30066,22661
1040,1833,30495,23004
1024,1840,30141,22782
1026,1783,29860,22433
1033,1809,30213,22730
1033,1797,30205,22733
1025,1792,29999,22568
1026,1784,30055,22598
1033,1790,30054,22569
1026,1811,30153,22737
1041,1802,30343,22830
1024,1789,30034,22620
1028,1788,30094,22614
1034,1839,30393,22922
1025,1817,30103,22699
1036,1796,30064,22584
1025,1799,30021,22641
1036,1765,30116,22617
1028,1786,30077,22666
1029,1836,30263,22811
1030,1787,30111,22657
1024,1790,29961,22570
1039,1796,30305,22786
1035,1774,30092,22593
1030,1831,30287,22826
1025,1787,29874,22501
1029,1790,30129,22677
1028,1796,30066,22656
1036,1818,30417,22937
1034,1836,30334,22861
1025,1769,29934,22533
1036,1794,30255,22753
1025,1772,29992,22540
1028,1776,29993,22545
1043,1840,30635,23089
1028,1822,29837,22441
1043,1813,30477,22932
1023,1789,29932,22571
1033,1764,30059,22582
1025,1806,30075,22672
1038,1795,30156,22647
1026,1809,30086,22677
1040,1803,30363,22856
1029,1807,30108,22689
1029,1830,30262,22809
1024,1780,29975,22575
1037,1846,30554,23068
1024,1803,30033,22619
1038,1783,30204,22707
1023,1799,30052,22621
1040,1812,30370,22854
1025,1817,30170,22760
1037,1786,30131,22643
1022,1801,30024,22625
1033,1797,30164,22686
1027,1792,30062,22629
1027,1813,30121,22709
1025,1778,29948,22523
1033,1776,30085,22596
1034,1811,30281,22802
1021,1772,29844,22438
1032,1794,30154,22680
1038,1857,30540,23025
1025,1785,30048,22647
1042,1830,30472,22967
1021,1786,29768,22389
1035,1795,30223,22715
1027,1802,30101,22659
1034,1811,30255,22789
1025,1792,30038,22621
1041,1807,30248,22756
1027,1811,30145,22722
1043,1807,30437,22885
1026,1805,30074,22668
1037,1807,30326,22858
1032,1794,29962,22472
1030,1817,30260,22805
1023,1793,29976,22601
1041,1781,30357,22787
1032,1790,30058,22552
1038,1792,30151,22628
1025,1819,30127,22715
1023,1781,29860,22455
1029,1791,30103,22633
1036,1771,30172,22645
1024,1774,29941,22548
1029,1793,30119,22658
1041,1804,30337,22816
1021,1803,30015,22658
1030,1775,30072,22570
1038,1819,30423,22939
1025,1823,30102,22703
1030,1780,29961,22486
1041,1807,30367,22838
1029,1773,30065,22583
1040,1826,30475,22970
1027,1829,30138,22747
1023,1815,29797,22369
1026,1792,30045,22616
1042,1801,30448,22899
1024,1781,30001,22589
1034,1806,30243,22746
1041,1812,30212,22683
1040,1785,30297,22769
1030,1768,29994,22526
1041,1824,30477,22948
1025,1812,30103,22695
1031,1811,29938,22469
1043,1827,30515,22973
1024,1784,29969,22585
1038,1768,30182,22673
1027,1795,30168,22716
1039,1803,30200,22658
1032,1780,30104,22615
1030,1812,30208,22749
1023,1778,29930,22556
1030,1797,30129,22651
1038,1784,30195,22663
1033,1794,30187,22686
1038,1790,30126,22621
1023,1771,29916,22511
1023,1813,30067,22676
1033,1801,29987,22475
1035,1832,30399,22911
1027,1769,29955,22496
1033,1777,30035,22574
1034,1809,30260,22784
1023,1786,29811,22401
1036,1795,30256,22744
1024,1783,29982,22575
1039,1773,30258,22742
1033,1788,30043,22558
1025,1786,29918,22506
1036,1827,30373,22880
1025,1790,29989,22573
1033,1790,30148,22660
1034,1792,30212,22754
1025,1775,29907,22485
1036,1821,30382,22883
1031,1774,30082,22605
1030,1821,30230,22787
1026,1796,30037,22617
1039,1791,30276,22793
1025,1810,30102,22710
1025,1774,29949,22540
1035,1769,30156,22665
1024,1803,30020,22638
1027,1780,29884,22442
1040,1801,30349,22826
1024,1769,29905,22505
1028,1775,30026,22579
1031,1813,30191,22742
1026,1789,29997,22581
1039,1829,30493,22986
1032,1775,30054,22624
1024,1790,30036,22642
1034,1765,30133,22638
1033,1790,30200,22726
1026,1808,30071,22663
1025,1790,29840,22405
1031,1777,30051,22602
1030,1793,30185,22719
1026,1779,29963,22558
1042,1789,30337,22781
1027,1792,29903,22513
1036,1806,30288,22801
1036,1782,30211,22666
1024,1779,29960,22557
1044,1844,30653,23089
1022,1780,29922,22538
1033,1781,30136,22644
1037,1831,30449,22958
1024,1795,29987,22615
1029,1799,30102,22665
1035,1791,30035,22514
1024,1811,30084,22686
1035,1760,30165,22641
1027,1792,30054,22642
1042,1838,30670,23120
1024,1797,29854,22412
1039,1831,30496,22991
1024,1770,29982,22535
1034,1770,30092,22591
1027,1819,30156,22752
1040,1799,30280,22771
1039,1837,30491,22993
1024,1787,29985,22594
1025,1779,29953,22524
