1024,1767,29902,22495
1035,1822,30388,22890
1033,1788,30063,22570
1032,1791,30126,22676
1027,1813,30131,22708
1029,1778,30026,22602
1026,1809,30149,22754
1041,1782,30291,22750
1024,1775,29942,22557
1026,1785,29996,22602
1037,1805,30344,22837
1026,1811,30131,22721
1037,1789,30162,22652
1025,1793,30042,22641
1031,1808,30210,22745
1025,1789,29901,22509
1028,1814,30176,22754
1035,1807,30277,22799
1031,1776,30093,22610
1034,1809,30253,22777
1022,1786,29779,22409
1029,1799,30112,22669
1035,1784,30115,22599
1042,1815,30484,22953
1040,1839,30500,23002
1021,1792,29810,22447
1045,1821,30552,22997
1023,1784,29922,22537
1034,1769,30149,22639
1029,1802,30142,22700
1022,1787,29871,22494
1040,1797,30355,22821
1024,1790,29983,22582
1040,1829,30514,22999
1024,1803,30057,22647
1031,1796,29990,22502
1037,1781,30235,22714
1025,1782,29993,22614
1030,1806,30186,22740
1024,1799,30005,22620
1039,1785,30232,22707
1029,1808,30182,22762
1025,1767,29934,22527
1031,1788,30182,22756
1029,1809,30146,22699
1026,1779,30030,22623
1041,1858,30593,23101
1023,1770,29860,22491
1042,1803,30415,22879
1024,1784,29964,22566
1042,1823,30477,22955
1026,1804,30137,22720
1037,1824,30347,22885
1024,1785,30028,22602
1039,1766,30178,22657
1023,1797,30035,22633
1026,1812,30119,22688
1026,1807,30131,22683
1029,1809,30147,22714
1021,1784,29891,22511
1025,1784,29946,22538
1040,1801,30368,22845
1023,1800,29816,22440
1043,1787,30373,22826
1023,1780,29924,22516
1034,1775,30040,22563
1034,1807,30301,22817
1024,1770,29858,22447
1042,1844,30603,23071
1023,1787,29878,22549
1040,1794,30213,22689
1025,1813,30111,22719
1039,1806,30214,22678
1025,1811,30075,22684
1027,1783,30007,22576
1038,1835,30448,22973
1031,1787,30158,22662
1031,1785,29982,22513
1040,1809,30419,22873
1023,1796,30002,22606
1040,1821,30479,22985
1024,1782,29945,22546
1033,1784,29954,22448
1031,1814,30219,22769
1029,1799,30128,22699
1028,1793,30072,22664
1027,1795,30111,22681
1026,1777,29936,22534
1036,1830,30439,22931
1027,1776,29974,22534
1038,1829,30437,22962
1032,1767,30106,22621
1033,1784,30108,22610
1028,1814,30177,22757
1033,1803,30251,22768
1033,1768,30107,22627
1031,1817,30164,22722
1024,1777,29964,22546
1037,1827,30402,22911
1034,1784,30078,22582
1033,1807,30254,22788
1026,1789,30070,22654
1041,1813,30199,22661
1029,1792,30118,22660
1031,1785,30054,22626
1025,1784,29991,22592
1035,1799,30287,22798
1039,1788,30164,22644
1026,1826,30195,22755
1038,1809,30367,22871
1025,1793,30030,22610
1037,1775,30226,22705
1028,1795,30094,22657
1030,1825,30246,22803
1028,1775,29988,22576
1028,1802,30146,22714
1023,1803,29979,22561
1034,1791,30228,22745
1032,1799,30194,22708
1032,1794,29949,22493
1034,1811,30265,22795
1024,1777,29928,22521
1027,1777,29952,22506
1042,1818,30485,22940
1022,1796,29872,22493
1038,1788,30203,22769
1025,1775,29974,22548
1042,1796,30356,22839
1037,1796,30293,22752
1031,1783,30070,22612
1026,1781,30028,22605
1034,1785,30101,22607
1032,1795,30192,22704
1028,1798,30096,22632
1029,1789,30043,22578
1028,1808,30131,22710
1036,1833,30402,22918
1024,1782,29969,22564
1041,1788,30345,22802
1023,1791,29877,22484
1033,1793,30210,22709
1043,1797,30366,22845
1025,1765,29961,22545
1030,1804,30181,22726
1026,1781,29915,22509
1028,1821,30198,22763
1031,1787,30131,22674
1025,1790,30003,22614
1040,1786,30273,22772
1024,1797,29797,22388
1031,1795,30130,22655
1026,1774,29981,22535
1042,1794,30352,22839
1031,1772,30081,22599
1037,1814,30318,22829
1027,1807,30129,22701
1036,1813,30313,22837
1041,1787,30316,22786
1026,1797,30011,22607
1039,1798,30329,22854
1025,1817,30119,22721
1022,1779,29893,22521
1038,1774,30201,22700
1035,1800,30280,22785
1030,1791,29920,22462
1026,1798,30086,22676
1042,1794,30309,22781
1032,1772,30082,22617
1032,1812,30227,22756
1025,1772,29979,22549
1037,1833,30444,22933
1039,1808,30173,22668
1026,1794,30030,22616
1041,1802,30434,22908
1035,1788,30103,22596
1042,1844,30612,23091
1024,1781,29821,22412
1028,1792,30061,22611
1038,1772,30275,22740
1025,1791,30047,22619
1032,1820,30345,22852
1025,1770,29924,22500
1041,1804,30383,22848
1039,1777,30228,22712
1025,1792,30013,22624
1042,1810,30414,22904
1022,1767,29867,22520
1040,1777,30271,22752
1023,1777,29942,22557
1042,1788,30332,22798
1030,1797,30189,22704
1041,1781,30249,22756
1026,1775,29981,22559
1039,1830,30482,22957
1037,1756,30201,22680
1026,1810,30122,22701
1018,1770,29784,22442
1033,1812,30250,22776
1024,1777,29938,22538
1031,1784,30020,22533
1037,1836,30490,23000
1022,1777,29833,22441
1042,1808,30437,22886
1026,1770,29981,22567
1040,1834,30443,22944
1025,1788,30036,22632
1036,1804,30309,22838
1028,1793,30111,22652
1037,1832,30387,22923
1033,1773,30034,22557
1031,1796,30196,22742
1023,1777,29859,22442
1043,1823,30506,22962
1024,1777,29950,22534
1040,1829,30466,22968
1025,1795,30046,22627
1039,1810,30392,22856
1027,1814,30174,22747
1027,1802,30104,22688
1025,1796,30034,22652
1033,1818,30295,22803
1032,1779,30085,22620
1042,1811,30421,22885
1023,1777,29933,22554
1042,1784,30330,22811
1025,1792,29978,22589
1040,1827,30134,22605
1027,1816,30150,22729
1037,1827,30418,22929
1029,1780,30037,22603
1032,1817,30289,22813
1024,1772,29887,22497
1024,1806,30068,22654
1026,1788,30005,22597
1032,1799,30221,22754
1028,1813,30148,22703
1024,1773,29958,22548
1040,1796,30338,22824
1023,1770,29926,22524
1036,1820,30350,22871
1042,1811,30506,22948
1041,1787,30268,22772
1025,1811,30125,22690
1033,1773,30137,22659
1032,1776,30127,22637
1041,1838,30542,23033
1033,1771,30103,22603
1036,1819,30386,22881
1026,1773,29926,22537
1030,1769,30074,22616
1042,1795,30377,22837
1028,1769,29981,22553
1039,1813,30388,22861
1026,1781,29967,22560
1036,1816,30328,22845
1029,1780,30029,22551
1030,1767,30013,22546
1028,1809,30148,22701
1035,1787,30207,22671
1042,1788,30366,22825
1031,1785,30036,22553
1041,1785,30325,22802
1024,1802,30053,22635
1031,1795,29888,22439
1044,1805,30453,22908
1027,1772,29974,22534
1031,1778,30011,22530
1027,1788,30101,22635
1040,1800,30355,22847
1027,1812,30168,22747
1028,1785,30029,22616
1027,1787,30057,22638
1028,1812,30183,22724
1028,1768,29976,22573
1027,1822,30197,22765
1041,1786,30322,22803
1027,1777,29944,22518
1029,1790,30101,22646
1040,1799,30344,22838
1027,1815,30165,22743
1029,1789,30124,22673
1030,1794,30132,22700
1027,1797,30061,22646
1027,1791,29923,22509
1029,1819,30225,22774
1026,1794,30008,22613
1031,1795,30171,22721
1027,1806,30074,22675
1026,1792,29944,22508
1033,1826,30330,22855
1026,1792,30038,22605
1034,1815,30256,22795
1025,1771,29975,22563
1040,1809,30342,22858
1026,1802,30114,22702
1036,1807,30284,22790
1037,1777,30231,22722
1028,1788,30023,22645
1041,1793,30361,22840
1043,1813,30459,22913
1025,1780,29893,22469
1028,1777,30050,22599
1036,1768,30181,22671
1033,1802,30209,22737
1026,1800,30091,22666
1038,1785,30163,22619
1044,1832,30646,23045
1026,1794,30087,22638
1039,1813,30430,22927
1028,1801,30152,22699
1037,1797,30273,22789
1033,1835,30423,22939
1024,1793,29963,22539
1028,1785,29957,22525
1041,1804,30397,22857
1024,1773,29952,22554
1044,1814,30491,22949
1039,1779,30317,22769
1023,1783,29946,22547
1043,1842,30737,23203
1024,1785,29923,22567
1034,1811,30301,22819
1037,1782,30221,22698
1024,1779,29985,22572
1041,1828,30512,22986
1030,1781,29999,22522
1034,1774,30132,22628
1030,1799,30179,22703
1027,1798,30069,22652
1032,1815,30297,22833
1023,1767,29891,22500
1044,1818,30532,22994
1030,1793,30127,22685
1024,1793,29961,22590
1034,1822,30310,22836
1022,1781,29849,22466
1040,1788,30338,22801
1024,1778,29940,22562
1029,1773,29969,22518
1035,1782,30188,22688
1038,1795,30296,22827
1025,1809,30095,22688
1039,1781,30230,22718
1024,1799,29993,22606
1038,1834,30461,22961
1032,1802,29919,22447
1028,1813,30167,22741
1031,1801,30165,22715
1033,1804,30221,22764
1025,1790,29948,22590
1034,1785,29937,22475
1029,1818,30189,22755
1028,1790,30097,22658
1025,1795,30013,22628
1042,1804,30474,22928
1045,1819,30266,22730
1027,1796,30088,22662
1040,1824,30465,22959
1031,1792,30106,22651
1029,1796,30124,22686
1031,1784,30084,22635
1026,1814,30133,22726
1035,1815,30317,22833
1039,1833,30457,22964
1024,1792,29970,22600
1023,1794,29813,22425
1025,1811,30093,22683
1038,1790,30112,22600
1022,1807,29992,22625
1037,1808,30326,22843
1027,1773,29916,22497
1043,1816,30520,22952
1039,1805,30181,22689
1027,1784,30010,22603
1041,1832,30506,23000
1026,1787,30017,22611
1034,1830,30344,22875
1029,1789,30029,22605
1026,1796,30043,22633
1036,1820,30385,22933
1024,1781,29940,22538
1041,1797,30380,22825
1023,1784,29880,22486
1042,1783,30325,22798
1027,1773,29979,22529
1042,1790,30333,22806
1034,1797,30270,22737
1027,1779,30038,22591
1027,1799,30094,22657
1033,1792,30176,22730
1024,1768,29912,22507
1025,1817,30076,22676
1040,1794,30252,22725
1026,1785,30009,22593
1033,1787,30194,22712
1023,1777,29933,22539
1042,1824,30487,22950
1042,1794,30296,22761
1034,1781,30178,22682
1041,1820,30425,22944
1025,1780,30013,22610
1029,1826,30175,22743
1026,1778,29973,22548
1041,1846,30561,23051
1024,1777,29920,22543
1042,1811,30459,22912
1042,1796,30385,22855
1026,1801,29831,22386
1035,1803,30277,22771
1025,1789,29992,22595
1029,1793,30124,22668
1027,1812,30149,22684
1023,1764,29818,22452
1037,1817,30405,22902
1039,1781,30226,22714
1026,1795,30083,22654
1035,1802,30277,22803
1033,1782,29977,22479
1033,1820,30296,22828
1026,1778,30006,22579
1033,1803,30263,22779
1024,1797,30062,22657
1037,1808,30311,22828
1032,1767,30102,22614
1037,1815,30332,22856
1042,1780,30376,22824
1030,1769,30064,22588
1033,1789,29963,22485
1035,1825,30376,22887
1026,1778,29872,22434
1033,1778,30165,22658
1028,1788,30090,22664
1027,1784,29988,22568
1039,1833,30485,22979
1035,1785,30215,22727
1042,1809,30444,22896
1035,1780,30154,22638
1036,1797,30250,22778
1041,1815,30439,22879
1023,1767,29878,22491
1036,1752,30229,22716
1028,1817,30151,22710
1028,1800,30130,22678
1028,1829,30192,22773
1032,1775,30119,22665
1023,1805,30027,22639
1041,1808,30434,22883
1036,1775,30127,22631
1029,1825,30243,22809
1028,1790,30052,22618
1025,1800,30058,22660
1029,1799,30121,22689
1027,1781,30046,22615
1032,1827,30308,22818
1024,1779,29892,22510
1039,1828,30475,22976
1025,1774,29939,22530
1037,1784,30139,22633
1034,1828,30320,22851
1024,1773,29923,22541
1040,1771,30251,22723
1024,1789,29969,22570
1038,1824,30452,22942
1026,1805,30088,22653
1039,1813,30440,22917
1024,1807,30084,22690
1037,1784,30105,22596
1025,1768,29942,22512
1020,1804,30011,22635
1039,1811,30154,22635
1026,1819,30143,22729
1029,1786,30006,22531
1037,1821,30350,22849
1042,1819,30476,22957
1023,1785,29759,22396
1042,1791,30403,22861
1039,1792,30209,22675
1025,1822,30094,22693
1037,1779,30212,22714
1024,1791,29849,22478
1044,1823,30522,22971
1041,1780,30337,22801
1023,1801,29957,22577
1023,1788,29982,22590
1034,1799,30143,22687
1044,1816,30515,22964
1031,1773,30033,22557
1041,1794,30337,22796
1024,1803,30025,22631
1034,1779,29981,22529
1035,1826,30382,22886
1024,1792,29978,22592
1035,1791,30201,22670
1032,1809,30219,22754
1025,1783,29879,22489
1035,1832,30379,22894
1024,1780,29906,22513
1035,1784,30174,22672
1026,1792,30072,22652
1033,1783,30153,22673
1026,1799,30116,22682
1038,1801,30165,22623
1024,1803,30044,22647
1036,1776,30153,22664
1031,1791,30192,22716
1027,1832,30233,22731
1037,1794,30311,22841
1026,1798,30056,22635
1041,1828,30516,23003
1026,1790,29997,22597
1037,1825,30434,22943
1032,1777,29999,22511
1032,1803,30220,22753
1022,1793,29976,22594
1036,1774,30138,22634
1032,1833,30315,22853
1024,1770,29899,22529
1040,1838,30535,23016
1024,1803,30015,22601
1026,1776,29968,22516
1024,1813,30121,22712
1034,1785,30196,22714
1040,1788,30314,22782
1025,1777,29927,22509
1036,1831,30389,22917
1029,1807,30174,22709
1041,1802,30302,22793
1041,1805,30415,22866
1027,1784,30005,22591
1040,1827,30478,22949
1027,1815,30194,22755
1035,1806,30304,22833
1025,1804,30080,22661
1024,1766,29911,22498
1043,1785,30325,22708
1026,1799,30083,22681
1027,1784,29976,22561
1028,1818,30243,22799
1025,1792,30025,22627
1036,1796,30267,22790
1042,1801,30406,22863
1035,1807,30013,22515
1025,1814,30130,22722
1037,1784,30160,22652
1032,1798,30224,22768
1025,1800,30046,22658
1033,1786,30135,22645
1027,1800,30088,22644
1038,1796,30319,22772
1032,1782,30081,22619
1040,1831,30534,23017
1031,1803,29882,22401
1026,1809,30150,22713
1028,1794,30096,22669
1038,1831,30445,22957
1024,1798,30004,22622
1024,1781,29812,22385
1027,1808,30108,22672
1024,1772,29934,22531
1043,1797,30384,22841
1026,1774,29997,22562
1034,1780,30168,22687
1034,1785,30172,22679
1040,1786,30263,22753
1028,1784,30033,22600
1037,1837,30454,22954
1022,1778,29841,22484
1027,1790,30064,22624
1033,1764,30113,22582
1029,1802,30157,22707
1025,1796,30051,22662
1025,1781,29975,22577
1036,1834,30376,22890
1023,1788,29839,22435
1043,1819,30479,22948
1036,1808,30336,22854
1042,1790,30306,22792
1034,1786,30193,22697
1032,1775,30065,22619
1026,1804,30099,22675
1037,1832,30379,22912
1023,1779,29974,22561
1028,1811,30121,22683
1037,1804,30334,22862
1030,1779,30060,22587
1042,1800,30394,22872
1038,1828,30397,22914
1030,1795,30194,22709
1037,1829,30379,22894
1023,1792,29996,22601
1033,1768,30110,22615
1026,1790,30070,22642
1039,1849,30504,22985
1028,1770,30024,22568
1027,1804,30110,22690
1031,1791,30121,22664
1025,1777,29961,22574
1036,1822,30381,22865
1034,1782,29987,22501
1028,1811,30160,22731
1024,1790,29975,22581
1037,1786,30144,22700
1030,1816,30233,22779
1022,1775,29849,22437
1041,1790,30363,22827
1027,1772,29938,22544
1037,1770,30162,22656
1028,1812,30116,22693
1025,1772,29903,22483
1039,1845,30518,23025
1024,1778,29897,22487
1026,1799,30026,22618
1032,1796,30175,22717
1023,1791,29807,22421
1040,1841,30581,23065
1028,1784,29903,22457
1041,1798,30350,22840
1038,1780,30250,22741
1022,1796,29773,22354
1033,1798,30203,22702
1039,1774,30189,22676
1025,1803,30043,22645
1042,1817,30476,22939
1033,1791,30146,22648
1032,1809,30224,22738
1032,1785,30137,22673
1032,1785,30097,22625
1040,1845,30555,23033
1030,1761,29989,22512
1041,1846,30597,23079
1019,1778,29835,22473
1023,1782,29943,22544
1040,1818,30437,22932
1034,1796,30266,22759
1043,1812,30470,22906
1024,1756,29952,22529
1035,1815,30271,22772
1024,1784,29977,22581
1035,1782,30093,22595
1028,1805,30155,22730
1026,1769,29909,22515
1031,1797,30183,22730
1024,1781,29918,22564
1026,1775,29898,22481
1037,1796,30282,22765
1028,1781,30025,22592
1023,1786,29971,22589
1033,1797,30191,22728
1027,1783,29946,22490
1042,1811,30445,22888
1023,1782,29835,22463
1042,1799,30383,22849
1039,1782,30193,22692
1027,1796,30045,22627
1029,1826,30286,22806
1022,1778,29770,22388
1031,1772,30071,22593
1034,1810,30211,22746
1030,1787,29993,22517
1036,1811,30373,22878
1035,1799,30021,22520
1041,1847,30586,23067
1023,1787,29964,22564
1032,1789,30145,22673
1023,1796,30013,22615
1040,1779,30288,22788
1041,1812,30471,22939
1040,1777,30413,22859
1036,1811,30355,22887
1022,1796,30030,22633
1035,1784,30111,22593
1024,1797,30036,22638
1036,1773,30145,22645
1024,1781,29927,22536
1038,1836,30423,22936
1025,1797,29827,22369
1039,1795,30313,22784
1023,1773,29952,22560
1037,1833,30395,22932
1031,1773,30069,22595
1035,1815,29964,22497
1025,1800,30134,22708
1031,1767,30038,22563
1032,1781,30144,22656
1041,1813,30457,22939
1037,1796,30260,22791
1039,1844,30529,23030
1025,1779,30017,22592
1037,1833,30374,22869
1041,1795,30372,22860
1031,1757,30024,22443
1037,1847,30562,23067
1025,1763,29934,22501
1034,1818,30289,22810
1027,1809,30120,22679
1025,1785,29978,22584
1036,1828,30422,22928
1034,1782,30020,22541
1041,1785,30329,22782
1024,1797,29983,22598
1031,1796,30161,22690
1024,1812,30106,22666
1036,1793,30059,22568
1025,1787,30046,22658
1025,1803,30093,22659
1037,1822,30388,22902
1025,1795,30070,22673
1038,1795,30135,22634
1025,1783,30020,22600
1041,1792,30338,22814
1025,1768,29911,22499
1033,1792,30191,22689
1034,1785,30153,22676
1040,1784,30286,22765
1025,1771,29953,22537
1031,1787,30129,22659
1025,1803,30101,22707
1040,1804,30273,22742
1039,1779,30188,22689
1028,1783,30057,22635
1024,1789,30030,22611
1039,1840,30560,23068
1024,1774,29862,22464
1043,1828,30580,23031
1041,1804,30383,22858
1035,1796,30272,22780
1040,1796,30324,22780
1021,1786,29805,22449
1044,1837,30569,23040
1033,1789,30215,22738
1034,1782,30099,22595
1039,1830,30500,22992
1028,1762,29980,22496
1036,1784,30218,22713
1025,1853,30035,22737
1031,1790,30158,22677
1024,1801,30068,22654
1039,1802,30367,22833
1031,1819,30253,22796
1024,1770,29963,22565
1038,1787,30264,22719
1024,1790,29988,22594
1039,1799,30319,22846
1023,1810,30067,22673
1028,1774,29978,22535
1041,1775,30343,22802
1026,1783,29974,22565
1039,1803,30104,22646
1027,1795,30092,22667
1023,1767,29891,22504
1039,1773,30271,22744
1029,1805,30156,22714
1031,1789,30024,22570
1032,1820,30186,22770
1028,1800,30125,22685
1026,1799,30049,22664
1031,1807,30231,22784
1024,1777,29909,22525
1042,1803,30440,22890
1022,1791,29839,22467
1029,1777,30067,22611
1037,1773,30233,22704
1028,1774,30055,22625
1033,1817,30274,22795
1034,1786,30200,22711
1036,1774,30157,22670
1024,1772,29964,22578
1035,1797,30083,22587
1033,1817,30301,22837
1023,1791,29858,22447
1038,1779,30223,22700
1025,1790,30049,22643
1037,1801,30303,22805
1043,1816,30520,22980
1032,1780,29967,22502
1033,1807,30242,22771
1023,1785,29965,22565
1037,1825,30394,22901
1035,1803,30270,22752
1023,1792,29858,22476
1038,1829,30480,22995
1030,1775,29999,22531
1034,1791,30174,22723
1028,1802,30124,22679
1035,1801,30015,22516
1040,1826,30497,22980
1026,1788,30010,22529
1041,1808,30404,22878
1040,1796,30353,22828
1023,1788,29851,22442
1023,1799,30010,22630
1037,1817,30368,22900
1032,1776,30009,22558
1039,1835,30537,23037
1023,1788,29813,22438
1043,1824,30537,22998
1026,1774,29972,22576
1041,1822,30444,22909
1038,1838,30495,22980
1022,1784,29794,22435
1041,1842,30563,23053
1023,1784,29929,22579
1036,1781,30149,22650
1027,1807,30129,22687
1026,1773,29960,22528
1026,1820,30150,22741
1026,1791,30018,22601
1029,1808,30126,22687
1027,1804,30113,22698
1031,1778,30044,22587
1025,1812,30112,22702
1040,1794,30251,22752
1024,1765,29956,22537
1037,1778,30198,22704
1024,1771,29943,22549
1032,1821,30282,22796
1027,1789,30060,22632
1029,1817,30210,22745
1024,1784,30010,22595
1039,1807,30123,22589
1026,1810,30121,22708
1036,1828,30394,22915
1024,1788,30024,22606
1034,1775,30106,22599
1041,1807,30401,22883
1040,1843,30549,23037
1023,1774,29861,22470
1038,1774,30267,22733
1024,1793,30028,22635
1036,1823,30370,22884
1027,1803,30081,22654
1037,1814,30328,22880
1026,1774,29957,22556
1040,1786,30336,22793
1023,1775,29907,22525
1035,1799,30255,22729
1037,1807,30074,22581
1024,1803,30076,22668
1042,1781,30339,22798
1024,1775,29968,22594
1026,1816,30109,22677
1030,1775,30014,22591
1029,1796,30115,22681
1026,1778,30007,22591
1034,1803,30223,22733
1028,1808,30131,22687
1039,1800,30141,22620
1024,1784,29989,22606
1022,1766,29897,22498
1042,1805,30402,22886
1042,1848,30588,23086
1026,1793,29948,22544
1035,1811,30287,22800
1023,1778,29918,22532
1038,1789,30167,22666
1026,1810,30089,22675
1033,1781,30161,22681
1025,1795,30024,22624
1032,1797,30161,22707
1023,1796,29948,22587
1041,1837,30574,23037
1023,1781,29898,22509
1036,1798,30262,22741
1024,1792,29971,22595
1040,1819,30418,22904
1027,1801,30124,22687
1031,1788,30055,22584
1028,1810,30164,22730
1032,1794,30180,22704
1026,1780,29923,22503
1039,1774,30279,22752
1020,1771,29760,22421
1027,1792,30088,22647
1035,1782,30146,22619
1028,1799,30068,22653
1030,1810,30169,22724
1021,1784,29799,22427
1029,1791,30109,22640
1027,1771,29955,22540
1043,1802,30406,22868
1035,1772,30144,22647
1025,1790,29898,22491
1029,1812,30177,22740
1024,1782,29973,22571
1033,1813,30269,22780
1025,1777,29987,22557
1040,1795,30339,22829
1029,1815,30209,22764
1030,1787,30093,22659
1024,1792,30022,22620
1043,1799,30423,22881
1036,1793,30087,22567
1040,1848,30553,23046
1026,1788,29881,22455
1042,1828,30515,22985
1023,1798,30018,22620
1033,1792,30019,22527
1033,1822,30291,22820
1022,1768,29842,22480
1031,1768,30008,22602
1040,1796,30348,22805
1024,1777,29895,22479
1042,1815,30484,22918
1023,1788,29764,22401
1035,1769,30178,22658
1027,1805,30120,22687
1024,1774,29955,22552
1042,1803,30424,22876
1023,1794,29822,22428
1038,1838,30466,22986
1034,1782,30156,22648
1031,1794,30147,22694
1027,1814,30144,22726
1028,1792,29958,22469
1045,1793,30391,22865
1024,1784,29988,22578
1040,1778,30256,22728
1024,1804,30085,22694
1032,1775,30115,22629
1025,1796,30033,22640
1039,1825,30435,22947
1022,1773,29924,22538
1025,1806,30051,22648
1039,1804,30169,22660
1027,1788,30049,22614
1037,1772,30206,22680
1024,1771,29936,22541
1042,1805,30423,22885
1027,1791,29826,22414
1026,1804,30096,22654
1042,1802,30380,22850
1030,1781,30009,22543
1033,1819,30263,22791
1021,1788,29824,22435
1043,1826,30523,22984
1033,1795,30207,22736
1027,1771,29946,22524
1028,1767,30012,22565
1037,1805,30302,22816
1026,1792,30055,22629
1027,1773,29963,22525
1038,1817,30336,22842
1041,1826,30482,22975
1020,1782,29800,22436
1028,1791,30095,22635
1038,1797,30313,22817
1043,1811,30419,22877
1041,1838,30501,22994
1021,1805,29823,22441
1044,1824,30520,22978
1037,1780,30181,22668
1025,1806,30060,22653
1037,1829,30463,22978
1023,1781,29828,22422
1026,1804,30091,22676
1040,1800,30224,22705
1024,1780,29985,22571
1022,1790,29955,22586
1028,1778,30064,22592
1028,1818,30182,22753
1024,1779,29906,22509
1036,1812,30329,22839
1041,1803,30451,22880
1023,1783,29913,22497
1042,1801,30445,22920
1024,1757,29854,22446
1040,1832,30301,22790
1024,1791,30084,22691
1042,1786,30354,22823
1040,1811,30414,22853
1023,1787,29825,22443
1040,1831,30478,22985
1029,1764,30014,22563
1030,1781,30135,22671
1029,1803,30139,22690
1033,1774,30160,22687
1034,1769,30123,22631
1028,1786,30066,22647
1028,1797,30050,22646
1032,1822,30289,22813
1024,1780,29917,22516
1035,1804,30324,22842
1031,1775,30025,22584
1043,1794,30437,22881
1030,1803,30136,22683
1040,1799,30334,22843
1030,1782,30061,22608
1041,1787,30331,22789
1030,1779,29998,22534
1037,1817,30445,22947
1032,1779,30083,22623
1024,1801,30060,22659
1036,1799,30310,22806
1034,1783,30104,22597
1041,1798,30358,22825
1022,1788,29850,22450
1044,1823,30532,22984
1035,1778,30134,22643
1025,1784,29989,22575
1027,1809,30161,22712
1023,1783,29842,22456
1040,1847,30555,23068
1028,1777,30001,22542
1041,1784,30337,22807
1031,1772,30071,22613
1027,1786,29845,22414
1036,1819,30357,22865
1026,1772,29960,22543
1038,1832,30466,22987
1034,1772,30129,22640
1025,1782,29909,22509
1031,1815,30220,22777
1025,1795,30022,22615
1038,1813,30348,22876
1039,1835,30503,22982
1024,1780,29785,22394
1041,1809,30421,22887
1024,1782,29951,22566
1039,1780,30268,22732
1027,1805,30079,22667
1033,1778,30157,22687
1036,1798,30246,22734
1034,1796,30213,22736
1041,1805,30390,22852
1039,1785,30271,22755
1023,1771,29895,22502
1037,1828,30444,22935
1037,1793,30114,22604
1027,1799,30112,22694
1029,1787,30128,22688
1026,1781,30000,22587
1030,1823,30243,22783
1029,1774,30034,22570
1023,1810,30010,22601
1034,1808,30280,22804
1038,1788,30127,22627
1025,1807,30108,22712
1038,1822,30409,22892
1032,1775,30096,22622
1038,1828,30449,22971
1025,1767,29928,22500
1044,1817,30520,22982
1037,1790,30114,22629
1024,1795,30031,22629
1034,1793,30192,22739
1038,1781,30163,22653
1030,1823,30279,22807
1022,1782,29825,22448
1036,1836,30432,22955
1027,1779,29939,22495
1022,1776,29909,22527
1029,1820,30197,22774
1023,1782,29875,22485
1039,1839,30518,23020
1027,1779,29958,22506
1027,1770,29960,22525
1036,1790,30244,22746
1037,1797,30295,22840
1025,1809,30090,22699
1032,1783,30021,22554
1036,1801,30322,22821
1046,1800,30461,22926
1039,1799,30235,22691
1034,1824,30343,22867
1025,1771,29911,22502
1039,1790,30256,22743
1026,1782,30004,22577
1033,1792,29979,22491
1035,1821,30327,22847
1024,1783,29919,22512
1029,1768,30019,22558
1034,1773,30150,22652
1023,1777,29875,22476
1030,1817,30233,22777
1024,1778,29964,22577
1037,1812,30305,22823
1042,1799,30415,22884
1036,1806,30049,22546
1024,1811,30057,22674
1034,1773,30089,22604
1038,1834,30470,22970
1023,1790,29992,22588
1035,1807,30006,22539
1034,1817,30306,22829
1023,1776,29907,22521
1042,1785,30366,22825
1034,1777,30064,22587
1038,1798,30123,22617
1034,1823,30329,22857
1023,1787,29848,22451
1040,1828,30465,22981
1024,1799,30035,22626
1036,1796,30266,22789
1043,1823,30497,22968
1036,1797,30020,22528
1035,1795,30266,22769
1035,1790,30231,22728
1027,1782,30028,22596
1033,1831,30300,22840
1023,1768,29849,22476
1040,1794,30316,22789
1025,1780,29962,22563
1040,1818,30440,22922
1025,1811,30094,22696
1037,1796,30107,22559
1023,1790,29974,22591
1037,1801,30161,22645
1024,1782,29953,22558
1038,1841,30535,23052
1034,1779,30052,22571
1027,1797,30107,22676
1033,1788,30193,22724
1030,1780,29998,22533
1033,1834,30314,22856
1021,1771,29835,22459
1028,1774,29991,22543
1040,1773,30313,22783
1027,1802,30100,22676
1030,1837,30239,22845
1021,1790,29800,22457
1026,1800,30066,22637
1041,1806,30393,22861
1040,1849,30449,22942
1029,1813,30151,22715
1023,1773,29905,22497
1028,1814,30166,22733
1024,1774,29931,22553
1041,1794,30325,22807
1039,1792,30307,22801
1022,1792,29804,22433
1032,1794,30167,22689
1041,1783,30324,22797
1026,1776,29942,22503
1032,1771,30064,22588
1037,1801,30302,22812
1032,1785,30151,22663
1036,1808,30306,22815
1037,1781,30196,22670
1024,1795,29992,22597
1034,1778,30158,22678
1040,1854,30558,23046
1027,1772,29940,22506
1040,1819,30446,22946
1023,1794,30002,22606
1039,1802,30209,22720
1038,1797,30320,22794
1024,1781,29935,22561
1024,1787,29957,22558
1041,1781,30286,22760
1024,1788,29892,22475
1029,1823,30207,22776
1022,1774,29933,22540
1035,1824,30346,22864
1038,1776,30220,22696
1022,1788,29874,22487
1042,1812,30462,22925
1025,1791,29850,22427
1018,1784,29882,22528
1038,1780,30269,22725
1027,1785,30005,22594
1036,1827,30368,22883
1036,1805,30146,22615
1025,1781,29968,22558
1034,1775,30137,22636
1029,1777,30047,22618
1025,1817,30105,22711
1031,1779,30092,22634
1027,1783,30030,22617
1023,1763,29893,22491
1031,1783,29976,22510
1030,1826,30273,22824
1035,1790,30204,22741
1042,1796,30416,22885
1040,1790,30290,22768
1023,1768,29889,22495
1034,1826,30375,22868
1024,1792,29842,22432
1022,1780,29904,22526
1038,1835,30460,22953
1035,1784,30059,22576
1039,1849,30567,23065
1022,1782,29800,22418
1036,1772,30156,22646
1036,1824,30380,22898
1023,1770,29876,22494
1035,1786,30218,22711
1023,1784,29904,22504
1039,1841,30526,23028
1029,1776,29951,22507
1039,1815,30425,22932
1023,1796,30009,22617
1039,1799,30193,22673
1026,1801,30064,22646
1031,1783,29993,22525
1029,1798,30081,22669
1025,1796,30059,22655
1033,1776,30115,22647
1025,1799,30050,22634
1040,1795,30277,22752
1026,1777,29969,22541
1039,1779,30276,22733
1022,1772,29868,22493
1037,1823,30409,22920
1040,1830,30439,22942
1025,1783,30008,22590
1042,1810,30411,22898
1036,1801,30260,22799
1025,1792,30004,22612
1041,1796,30379,22867
1039,1781,30234,22720
1022,1791,29979,22581
1031,1805,29950,22463
1026,1813,30136,22722
1025,1793,29996,22614
1045,1828,30563,23036
1023,1786,29963,22571
1028,1786,29880,22441
1042,1829,30534,23001
1033,1778,30159,22687
1035,1779,30173,22657
1028,1799,30114,22685
1026,1776,30013,22575
1027,1816,30161,22733
1026,1773,29975,22555
1028,1805,30135,22703
1024,1792,30029,22607
1031,1785,30104,22651
1026,1814,30145,22735
1032,1784,30074,22630
1024,1808,30001,22608
1033,1811,30248,22784
1022,1770,29891,22518
1029,1791,30133,22656
1022,1773,29836,22436
1039,1790,30276,22755
1022,1785,29933,22552
1037,1788,30157,22656
1026,1817,30132,22713
1029,1785,30098,22618
1025,1785,30014,22598
1038,1835,30427,22938
1028,1776,29978,22508
1025,1800,30036,22661
1028,1783,29983,22582
1025,1797,30036,22638
1041,1813,30433,22911
1041,1792,30423,22899
1043,1840,30542,23009
1032,1779,30138,22666
1038,1771,30195,22686
1030,1787,30084,22647
1032,1797,30152,22700
1026,1793,30031,22620
1040,1810,30252,22737
1038,1795,30295,22764
1022,1783,29915,22529
1033,1778,30022,22548
1041,1831,30487,22990
1020,1775,29807,22433
1035,1787,30205,22707
1028,1779,30032,22599
1025,1789,29972,22567
1041,1806,30425,22885
1039,1815,30108,22619
1026,1792,30043,22617
1026,1775,29953,22530
1042,1794,30420,22865
1041,1799,30390,22860
1036,1802,30074,22573
1022,1801,30033,22653
1030,1767,30022,22545
1041,1777,30248,22748
1028,1803,30133,22704
1027,1786,29972,22527
1025,1810,30094,22678
1040,1826,30436,22939
1026,1789,29986,22588
1037,1814,30370,22880
1039,1817,30355,22858
1026,1795,30056,22639
1035,1803,30268,22791
1038,1783,30283,22745
1023,1783,30001,22581
1029,1786,29913,22435
1034,1798,30205,22716
1030,1782,30092,22679
1024,1797,30012,22637
1042,1800,30418,22885
1040,1795,30242,22738
1026,1801,30074,22631
1030,1792,29916,22445
1035,1810,30285,22795
1042,1789,30327,22815
1037,1791,30188,22671
1026,1794,30062,22652
1038,1813,30334,22846
1023,1788,29976,22603
1032,1769,30094,22599
1035,1781,30104,22611
1033,1831,30330,22838
1023,1782,29855,22471
1035,1803,30278,22797
1042,1801,30397,22865
1034,1825,30373,22899
1032,1807,30229,22720
1040,1800,30267,22740
1034,1770,30144,22634
1026,1796,30030,22621
1028,1783,30049,22614
1029,1821,30196,22794
1026,1776,29962,22547
1029,1806,30131,22701
1025,1781,30008,22593
1030,1788,30097,22654
1026,1800,30094,22699
1036,1811,30303,22845
1026,1791,30025,22605
1040,1784,30223,22709
1022,1769,29886,22508
1042,1806,30464,22915
1035,1810,30274,22817
1025,1801,30039,22639
1023,1768,29868,22462
1035,1784,30095,22614
1026,1799,30079,22657
1032,1778,30083,22644
1026,1796,30068,22645
1024,1774,29939,22522
1026,1771,29990,22540
1042,1824,30483,22978
1023,1788,29834,22453
1029,1817,30201,22759
1025,1792,29995,22616
1041,1783,30277,22759
1025,1781,29952,22560
1038,1811,30085,22600
1027,1814,30135,22710
1031,1789,30153,22691
1025,1790,29987,22584
1040,1829,30479,22963
1023,1802,29770,22412
1042,1844,30606,23073
1024,1778,29975,22565
1040,1832,30530,23004
1023,1796,29964,22603
1039,1804,30146,22634
1027,1803,30077,22656
1031,1780,29987,22505
1031,1808,30182,22736
1023,1795,30004,22624
1035,1784,30184,22711
1037,1796,30267,22765
1026,1771,29945,22539
1035,1811,30273,22796
1032,1778,30102,22613
1037,1815,30355,22879
1030,1799,30166,22697
1031,1787,30098,22648
1030,1768,30032,22580
1034,1805,30252,22785
1023,1772,29916,22530
1042,1818,30462,22922
1027,1775,29962,22550
1037,1768,30183,22658
1025,1789,30031,22629
1043,1826,30529,22942
1026,1811,30140,22714
1040,1803,30337,22834
1043,1812,30461,22927
1038,1837,30424,22944
1026,1767,29934,22512
1040,1810,30420,22870
1022,1771,29889,22497
1041,1818,30448,22933
1027,1791,30054,22651
1025,1773,29941,22567
1034,1822,30344,22867
1023,1783,29815,22435
1040,1775,30296,22760
1024,1775,29971,22574
1037,1832,30409,22926
1033,1779,30122,22636
1023,1781,29807,22414
1042,1840,30566,23038
1022,1769,29882,22505
1022,1774,29885,22514
1041,1822,30470,22956
1032,1772,30111,22630
1026,1804,30077,22660
1039,1788,30234,22737
1024,1784,29932,22562
1040,1794,30328,22807
1021,1792,29770,22416
1043,1843,30619,23084
1026,1775,29985,22584
1030,1807,30239,22732
1026,1787,30014,22594
1038,1804,30143,22638
1024,1800,30026,22635
1036,1782,30136,22622
1028,1790,30096,22668
1025,1790,30058,22631
1040,1802,30249,22742
1038,1850,30539,23047
1029,1778,29975,22530
1032,1808,30193,22732
1034,1815,30255,22790
1036,1794,30052,22546
1025,1810,30102,22692
1026,1794,30017,22618
1029,1808,30187,22726
1029,1809,30168,22730
1024,1778,29920,22527
1037,1871,30556,23086
1023,1771,29883,22494
1041,1791,30330,22830
1023,1793,30001,22607
1037,1794,30079,22575
1025,1804,30106,22688
1035,1785,30206,22735
1034,1776,30154,22640
1028,1806,30137,22689
1023,1790,29955,22563
1040,1805,30353,22839
1022,1768,29864,22498
1037,1831,30430,22960
1023,1787,29990,22590
1040,1814,30413,22906
1026,1820,30170,22744
1034,1785,30182,22703
1034,1774,30145,22645
1027,1810,30116,22691
1030,1792,30143,22693
1025,1826,30129,22726
1030,1781,30083,22632
1024,1783,29973,22574
1041,1814,30410,22909
1030,1786,30095,22650
1028,1826,30200,22788
1029,1772,30066,22608
1026,1789,30040,22625
1025,1772,30008,22583
1034,1799,30237,22760
1035,1778,30200,22709
1029,1772,30021,22588
1026,1801,30062,22661
1036,1805,30278,22814
1040,1822,30402,22918
1024,1790,30023,22628
1028,1780,29927,22448
1040,1797,30319,22800
1024,1784,29943,22566
1037,1777,30146,22644
1035,1815,30319,22833
1037,1800,30091,22582
1028,1804,30160,22721
1035,1801,30223,22742
1026,1775,29972,22527
1038,1790,30183,22678
1023,1786,29847,22445
1038,1824,30434,22941
1035,1801,30235,22766
1038,1788,30207,22671
1024,1781,30006,22600
1033,1788,30064,22608
1027,1790,30098,22668
1024,1780,29970,22552
1041,1809,30444,22923
1044,1799,30419,22893
1035,1802,29999,22489
1025,1809,30056,22645
1040,1835,30462,22966
1029,1774,30004,22562
1028,1782,30020,22589
1035,1801,30261,22784
1025,1802,30057,22668
1036,1770,30162,22641
1034,1811,30248,22789
1025,1789,29994,22576
1038,1817,30336,22853
1026,1805,30081,22662
1040,1806,30191,22669
1024,1796,30026,22609
1037,1846,30481,22980
1035,1770,30031,22555
1029,1821,30201,22765
1023,1767,29900,22514
1030,1776,30084,22595
1031,1779,30112,22615
1034,1787,30224,22736
1027,1808,30130,22704
1022,1777,29813,22415
1032,1781,30115,22632
1035,1807,30288,22799
1029,1762,30010,22542
1041,1847,30590,23074
1023,1775,29843,22454
1042,1793,30384,22844
1026,1768,29971,22568
1040,1805,30428,22912
1026,1820,30194,22754
1041,1789,30310,22764
1038,1791,30274,22753
1024,1774,29958,22572
1037,1818,30349,22855
1041,1849,30616,23099
1024,1780,29875,22478
1039,1828,30488,22987
1025,1786,29991,22545
1029,1793,30093,22650
1024,1810,30075,22687
1039,1775,30248,22732
1036,1798,30281,22763
1024,1777,29971,22564
1040,1788,30228,22714
1023,1816,30058,22649
1040,1817,30194,22694
1028,1795,30093,22647
1039,1785,30221,22785
1026,1774,29961,22541
1042,1822,30496,22975
1038,1822,30392,22913
1025,1802,30074,22671
1032,1805,30208,22750
1024,1771,29958,22541
1043,1823,30487,22972
1039,1804,30391,22868
1028,1824,30187,22780
1033,1801,30220,22758
1026,1797,30054,22622
1032,1807,30218,22754
1023,1783,29809,22456
1038,1794,30298,22779
1026,1805,30042,22637
1029,1792,30118,22689
1024,1797,30002,22640
1029,1801,29932,22396
1040,1802,30343,22814
1023,1783,29946,22577
1029,1786,30044,22618
1043,1823,30477,22951
1037,1810,30329,22930
1025,1821,30141,22740
1039,1780,30255,22721
1023,1801,30016,22637
1028,1786,30033,22605
1038,1828,30432,22945
1031,1802,30219,22724
1031,1789,30130,22663
1026,1793,30049,22624
1042,1787,30308,22796
1025,1796,30066,22651
1044,1852,30636,23112
1022,1777,29853,22494
1036,1783,30229,22704
1042,1794,30390,22855
1026,1775,29938,22519
1035,1795,30252,22749
1034,1788,30190,22697
1041,1783,30324,22787
1026,1774,29975,22572
1025,1776,29942,22535
1029,1813,30200,22726
1040,1788,30255,22737
1025,1797,30039,22625
1042,1828,30489,22966
1026,1781,30013,22595
1037,1838,30461,22956
1034,1785,30077,22555
1035,1816,30307,22833
1029,1778,30006,22527
1043,1779,30352,22812
1027,1813,30181,22747
1028,1780,30036,22591
1031,1811,30242,22779
1028,1811,30139,22709
1032,1792,30217,22754
1026,1815,30142,22717
1039,1812,30352,22862
1027,1827,30164,22762
1037,1802,30331,22829
1045,1782,30395,22852
1025,1801,30091,22675
1042,1797,30303,22768
1028,1818,30225,22763
1042,1796,30392,22833
1025,1792,30021,22618
1041,1862,30611,23104
1023,1774,29957,22526
1040,1807,30412,22843
1036,1811,30330,22846
1030,1800,30101,22656
1032,1823,30240,22794
1024,1780,29898,22516
1045,1842,30619,23065
1042,1848,30578,23050
1027,1815,30156,22723
1045,1820,30552,22977
1037,1807,30043,22565
1029,1822,30249,22810
1032,1823,30271,22792
1027,1791,30128,22697
1038,1840,30429,22937
1034,1807,30157,22622
1027,1830,30201,22787
1045,1836,30597,23006
1031,1825,30247,22826
1031,1822,30330,22858
1035,1808,30232,22771
1027,1812,30188,22760
1042,1788,30323,22786
1043,1848,30618,23086
1028,1827,30228,22798
1040,1803,30382,22871
1043,1859,30721,23189
1036,1793,30122,22618
1029,1820,30206,22770
1044,1829,30559,22999
1044,1813,30483,22927
1042,1817,30482,22934
1037,1806,30295,22806
1027,1815,30158,22732
1029,1807,30158,22707
1038,1786,30258,22734
1032,1836,30389,22923
1030,1814,30168,22741
1034,1825,30380,22891
1027,1817,30174,22765
1039,1818,30424,22903
1032,1841,30332,22864
1044,1815,30542,22986
1046,1818,30544,22975
1034,1801,30221,22721
1043,1797,30408,22852
1030,1834,30393,22945
1034,1813,30294,22805
1032,1821,30304,22840
1034,1828,30346,22850
1029,1813,30223,22780
1046,1867,30836,23285
1035,1785,30226,22697
1045,1852,30698,23148
1049,1829,30763,23096
1038,1836,30441,22935
1030,1831,30339,22920
1034,1797,30199,22708
1042,1830,30518,22943
1043,1840,30587,23039
1034,1811,30284,22802
1042,1806,30497,22929
1036,1822,30344,22870
1034,1841,30431,22967
1049,1865,30861,23289
1033,1829,30338,22866
1049,1874,30836,23272
1038,1787,30323,22788
1044,1836,30608,23031
1039,1850,30569,23045
1036,1848,30473,22975
1045,1857,30725,23156
1033,1803,30288,22755
1050,1839,30761,23142
1035,1844,30437,22966
1052,1847,30772,23183
1037,1855,30529,23033
1051,1832,30747,23114
1052,1853,30843,23208
1036,1843,30508,23023
1057,1877,31033,23381
1042,1852,30655,23079
1057,1857,30927,23281
1049,1858,30832,23229
1057,1878,31077,23435
1058,1871,31113,23448
1043,1843,30717,23143
1058,1895,31176,23536
1045,1873,30915,23341
1056,1881,31062,23421
1061,1871,31144,23454
1046,1867,30873,23302
1045,1873,30844,23276
1069,1904,31579,23869
1063,1908,31416,23744
1051,1887,31131,23546
1063,1885,31310,23591
1058,1892,31320,23651
1060,1848,31645,23942
1065,1912,31468,23739
1062,1879,31557,23855
1071,1882,31878,24093
1065,1890,31657,23918
1087,1896,32359,24471
1084,1886,32179,24287
1076,1888,32033,24202
1091,1883,32468,24563
1076,1871,32167,24370
1081,1876,32443,24610
1098,1894,32686,24713
1084,1893,32591,24724
1103,1945,33175,25192
1091,1920,32813,24908
1113,1975,33543,25490
1096,1943,32964,25023
1116,1976,33704,25633
1118,1962,33587,25452
1107,1976,33492,25468
1123,1992,34019,25873
1125,1979,33896,25705
1122,1991,34116,26006
1126,1988,34087,25911
1133,1988,34488,26271
1139,1959,34822,26572
1135,2005,34560,26352
1162,1983,35465,27056
1160,1990,35328,26926
1151,2001,35369,27065
1170,2053,36022,27622
1162,2021,35657,27248
1178,2049,36208,27679
1169,2068,36096,27674
1195,2096,36767,28160
1187,2086,36616,28033
1192,2099,36821,28240
1204,2106,37423,28761
1201,2095,37307,28645
1223,2115,37951,29125
1210,2077,37830,29161
1218,2104,38038,29307
1228,2124,38553,29765
1230,2136,38664,29863
1246,2172,39137,30237
1256,2158,39287,30303
1252,2184,39405,30481
1253,2209,39595,30695
1272,2245,40272,31232
1262,2228,39965,31020
1279,2209,40865,31752
1273,2244,40427,31388
1292,2243,40963,31736
1296,2242,41250,32040
1293,2224,41281,32083
1314,2247,42118,32839
1317,2233,41959,32606
1312,2286,42185,32925
1319,2277,42362,33008
1328,2314,42609,33286
1327,2332,42783,33407
1352,2333,43371,33824
1338,2339,43310,33827
1360,2353,43675,34030
1346,2364,43573,34088
1353,2378,43806,34259
1380,2389,44478,34749
1371,2397,44402,34718
1392,2407,44932,35127
1383,2395,44904,35135
1385,2371,45138,35417
1382,2393,45142,35436
1401,2379,45646,35778
1398,2397,45598,35818
1398,2369,45794,36007
1419,2417,46516,36559
1405,2395,46094,36238
1416,2437,46480,36508
1438,2426,47002,36913
1429,2436,46815,36740
1424,2476,46866,36866
1428,2492,47013,37009
1430,2510,47339,37339
1439,2502,47327,37247
1442,2529,47544,37488
1457,2515,47877,37664
1437,2521,47475,37404
1441,2526,47602,37515
1455,2522,47801,37552
1454,2544,48111,37943
1446,2547,47790,37687
1464,2556,48271,38023
1467,2559,48498,38277
1450,2515,47813,37608
1462,2532,48167,37903
1444,2527,47647,37562
1456,2535,47989,37794
1444,2516,47619,37486
1451,2489,47611,37378
1435,2505,47331,37302
1452,2513,47682,37508
1446,2462,47370,37229
1423,2464,46809,36825
1433,2402,46763,36681
1414,2455,46539,36633
1409,2409,46210,36331
1405,2382,46014,36181
1397,2373,45722,35913
1391,2390,45347,35578
1389,2363,45431,35674
1374,2391,44743,35094
1392,2392,45093,35244
1365,2392,44231,34596
1364,2374,43923,34277
1370,2372,44084,34418
1339,2359,43177,33732
1357,2350,43555,34001
1332,2316,42797,33363
1325,2285,42578,33204
1320,2298,42456,33099
1305,2221,41824,32598
1312,2232,42061,32747
1310,2225,41825,32560
1282,2230,40833,31759
1294,2229,40994,31779
1265,2235,40093,31086
1277,2235,40496,31437
1254,2211,39611,30648
1262,2187,39651,30635
1240,2182,39107,30258
1230,2105,38579,29781
1235,2135,38762,29919
1225,2093,38371,29628
1211,2093,37890,29193
1221,2080,38214,29490
1198,2117,37191,28564
1194,2108,36974,28363
1205,2125,37193,28512
1183,2088,36484,27927
1184,2087,36509,27946
1176,2061,36225,27698
1163,2031,35782,27371
1156,2002,35500,27150
1170,2017,35839,27411
1156,1983,35456,27110
1140,1996,34808,26566
1144,1980,34891,26588
1148,2004,34836,26521
1126,2003,34210,26052
1122,1991,34155,26029
1137,2001,34233,26001
1115,1985,33807,25725
1124,1980,33787,25624
1106,1965,33425,25421
1122,1985,33818,25703
1109,1968,33406,25345
1108,1933,33300,25232
1093,1915,32866,24947
1104,1945,33224,25256
1095,1899,32783,24837
1094,1869,32737,24796
1093,1885,32697,24752
1084,1871,32462,24600
1080,1860,32326,24500
1072,1869,32059,24253
1072,1907,31900,24114
1069,1865,31966,24244
1076,1891,32028,24207
1067,1875,31708,23973
1074,1897,31905,24117
1070,1893,31512,23742
1078,1900,32031,24218
1075,1896,31895,24124
1056,1878,31326,23697
1056,1892,31242,23587
1054,1884,31098,23434
1064,1885,31406,23675
1063,1873,31586,23881
1062,1876,31276,23587
1052,1882,31135,23509
1062,1876,31133,23419
1055,1883,31198,23536
1046,1876,30844,23264
1052,1873,31047,23420
1044,1876,30859,23301
1059,1867,31087,23394
1046,1878,30916,23356
1055,1863,31036,23392
1059,1877,31045,23411
1042,1861,30743,23189
1053,1869,30988,23362
1048,1858,30842,23215
1039,1849,30543,23055
1043,1862,30724,23183
1042,1863,30701,23169
1044,1851,30742,23162
1038,1864,30687,23171
1045,1823,30540,22962
1054,1873,31002,23378
1043,1851,30657,23094
1036,1838,30481,22985
1037,1849,30549,23043
1051,1857,30838,23241
1046,1853,30757,23186
1034,1833,30400,22909
1045,1812,30533,22945
1041,1856,30676,23126
1033,1818,30266,22820
1054,1858,30888,23254
1040,1822,30402,22861
1046,1853,30723,23136
1047,1864,30807,23246
1039,1817,30401,22882
1033,1843,30382,22905
1034,1810,30273,22788
1049,1835,30662,23082
1045,1822,30585,23003
1028,1807,30111,22704
1051,1845,30808,23197
1031,1809,30232,22754
1034,1814,30279,22789
1042,1809,30558,22954
1028,1801,30106,22685
1043,1852,30675,23119
1042,1796,30379,22827
1033,1826,30284,22818
1037,1837,30408,22913
1029,1789,30125,22664
1035,1846,30441,22954
1029,1808,30220,22762
1043,1870,30740,23216
1028,1818,30175,22751
1044,1817,30509,22972
1031,1838,30377,22904
1028,1815,30145,22724
1035,1824,30333,22821
1037,1832,30406,22917
1027,1785,29971,22577
1030,1816,30216,22761
1043,1817,30518,22965
1044,1811,30489,22906
1027,1793,30072,22667
1031,1786,30015,22538
1027,1813,30184,22755
1039,1832,30469,22974
1029,1796,30129,22664
1034,1797,30193,22701
1031,1803,30198,22732
1029,1830,30262,22814
1040,1827,30457,22960
1027,1798,30087,22674
1041,1792,30345,22814
1025,1790,30016,22609
1046,1841,30627,23062
1041,1804,30278,22739
1024,1806,30043,22652
1027,1787,30067,22617
1036,1801,30305,22809
1040,1803,30387,22850
1024,1779,29944,22565
1039,1845,30531,23028
1029,1781,30062,22608
1043,1799,30383,22852
1033,1815,30284,22791
1034,1776,30094,22571
1044,1817,30470,22933
1043,1787,30370,22843
1026,1783,29979,22572
1045,1815,30533,22987
1023,1786,29820,22432
1041,1794,30366,22829
1028,1780,30026,22565
1041,1786,30309,22774
1023,1838,30107,22716
1041,1808,30375,22871
1029,1821,30230,22789
1039,1790,30232,22720
1029,1800,30133,22688
1027,1830,30211,22767
1028,1789,29986,22583
1030,1823,30241,22805
1025,1788,30018,22620
1038,1827,30452,22961
1030,1791,30056,22645
1029,1784,30079,22635
1026,1806,30107,22691
1030,1791,30073,22615
1024,1767,29938,22551
1033,1823,30279,22816
1023,1793,29842,22444
1039,1811,30347,22825
1033,1802,30220,22728
1025,1807,30051,22712
1044,1802,30453,22898
1025,1795,29876,22460
1040,1793,30354,22814
1026,1798,30061,22653
1031,1808,30272,22787
1026,1797,30069,22640
1040,1805,30353,22842
1027,1811,30148,22724
1038,1823,30434,22951
1025,1794,30036,22640
1042,1785,30338,22805
1023,1781,29898,22514
1038,1840,30466,22965
1041,1787,30324,22802
1031,1797,30112,22642
1042,1818,30527,22936
1026,1761,29918,22485
1030,1802,30162,22697
1035,1770,30109,22597
1025,1806,30101,22680
1040,1833,30519,23021
1024,1770,29953,22563
1043,1819,30456,22931
1027,1756,29967,22499
1043,1820,30439,22941
1035,1775,30202,22699
1042,1825,30474,22947
1031,1810,30283,22816
1027,1769,29999,22574
1027,1805,30136,22709
1026,1799,30053,22661
1038,1830,30440,22954
1038,1800,30330,22815
1023,1770,29909,22508
1032,1792,30173,22687
1039,1826,30429,22934
1041,1791,30353,22825
1026,1822,30160,22728
1039,1782,30247,22719
1030,1782,30099,22620
1031,1795,30134,22687
1032,1795,30158,22705
1025,1813,30138,22703
1035,1787,30194,22700
1042,1788,30370,22831
1024,1791,29950,22536
1043,1788,30401,22845
1044,1842,30608,23068
1036,1811,30322,22844
1025,1814,30083,22690
1031,1774,30058,22576
1035,1798,30249,22770
1032,1770,30091,22618
1033,1789,30143,22692
1027,1813,30164,22713
1026,1775,29952,22515
1040,1791,30317,22809
1025,1801,30057,22668
1039,1797,30218,22689
1026,1801,30093,22664
1025,1777,29952,22550
1038,1784,30280,22751
1021,1823,30017,22638
1035,1795,30261,22787
1026,1799,30084,22669
1041,1814,30418,22924
1025,1802,30086,22670
1043,1828,30500,22988
1024,1792,29847,22460
1035,1822,30378,22881
1027,1792,30039,22621
1032,1817,30259,22808
1027,1811,30075,22672
1030,1777,30049,22588
1027,1818,30141,22742
1029,1807,30197,22736
1027,1814,30106,22702
1042,1830,30525,22992
1026,1768,29952,22568
1035,1825,30379,22876
1026,1765,29944,22508
1038,1847,30531,23020
1033,1783,30165,22653
1025,1785,29994,22599
1038,1826,30469,22965
1040,1789,30291,22782
1032,1772,30074,22603
1032,1768,30117,22617
1040,1839,30506,22987
1025,1804,30056,22674
1035,1797,30012,22513
1026,1806,30088,22677
1032,1802,30213,22746
1026,1794,30005,22605
1035,1834,30436,22933
1023,1783,29871,22478
1035,1809,30317,22825
1040,1790,30280,22771
1023,1780,29937,22563
1039,1801,30345,22815
1024,1775,29943,22532
1035,1812,30300,22814
1032,1771,30077,22592
1040,1826,30457,22964
1024,1788,30088,22675
1031,1773,30085,22643
1031,1796,30174,22715
1025,1792,29974,22568
1035,1773,30077,22592
1036,1818,30389,22850
1023,1784,29874,22493
1044,1817,30489,22938
1024,1778,29916,22521
1031,1796,30017,22514
1043,1818,30483,22950
1041,1788,30230,22714
1025,1805,30085,22674
1039,1774,30290,22758
1025,1788,30024,22596
1044,1815,30506,22951
1033,1782,29995,22506
1035,1817,30353,22857
1025,1785,29967,22579
1033,1769,30090,22599
1023,1792,29951,22560
1034,1792,29972,22480
1043,1849,30634,23099
1042,1826,30517,23015
1025,1792,30037,22661
1036,1817,30356,22869
1040,1793,30353,22854
1029,1832,30248,22796
1025,1807,30046,22660
1037,1849,30534,23070
1031,1789,30121,22648
1025,1771,29960,22532
1030,1829,30265,22815
1030,1803,30159,22714
1026,1815,30091,22685
1039,1783,30292,22762
1023,1783,29879,22495
1042,1840,30570,23046
1031,1788,30134,22665
1026,1804,30058,22624
1039,1847,30551,23039
1023,1783,29909,22519
1023,1801,30057,22656
1040,1784,30225,22746
1041,1811,30434,22883
1025,1794,30011,22600
1036,1782,30117,22616
1027,1815,30192,22752
1038,1801,30351,22846
1027,1805,30061,22690
1032,1807,30243,22764
1024,1781,29944,22556
1039,1855,30577,23070
1029,1781,29955,22480
1041,1796,30387,22842
1025,1773,29976,22537
1041,1816,30429,22904
1043,1825,30550,22988
1021,1783,29830,22445
1027,1790,30057,22632
1041,1814,30489,22980
1026,1795,30048,22628
1033,1821,30306,22863
1022,1779,29887,22498
1028,1787,30036,22596
1040,1780,30289,22769
1027,1798,30068,22646
1026,1808,30150,22739
1023,1778,29928,22545
1028,1807,30154,22711
1027,1781,30044,22632
1028,1799,30127,22683
1028,1805,30186,22755
1026,1803,30119,22673
1037,1828,30403,22909
1024,1769,29942,22533
1037,1776,30223,22705
1037,1808,30373,22870
1039,1807,30250,22732
1040,1801,30374,22836
1026,1768,30033,22623
1029,1803,30103,22680
1026,1786,30058,22646
1036,1821,30337,22870
1026,1801,30103,22676
1040,1786,30261,22745
1026,1796,30041,22632
1030,1804,30158,22714
1024,1792,29871,22496
1039,1857,30592,23091
1028,1764,30005,22548
1037,1781,30180,22671
1025,1802,30087,22655
1031,1782,30131,22646
1032,1810,30236,22754
1039,1829,30481,22970
1025,1802,30084,22649
1037,1774,30225,22696
1024,1774,29918,22518
1034,1829,30378,22903
1024,1775,29941,22543
1037,1827,30429,22928
1041,1821,30547,23007
1039,1828,30405,22924
1026,1815,30157,22732
1034,1801,30220,22746
1024,1789,30006,22617
1036,1783,30223,22705
1032,1800,30152,22713
1026,1817,30152,22715
1038,1793,30080,22562
1023,1808,30116,22686
1037,1773,30205,22682
1036,1803,30291,22785
1026,1812,30125,22712
1041,1792,30235,22701
1025,1788,29995,22583
1040,1781,30320,22774
1027,1794,30075,22642
1034,1813,30325,22843
1023,1761,29851,22475
1031,1769,30073,22590
1033,1759,30080,22593
1037,1830,30424,22931
1027,1812,30117,22701
1037,1792,30092,22593
1025,1807,30080,22679
1023,1769,29916,22489
1024,1788,29936,22555
1030,1806,30241,22790
1026,1783,29994,22567
1029,1804,30175,22724
1022,1784,29917,22541
1038,1776,30237,22670
1024,1813,30145,22725
1036,1840,30403,22941
1025,1814,30122,22715
1026,1766,29972,22522
1041,1831,30491,22964
1025,1818,30105,22703
1040,1792,30366,22812
1043,1838,30593,23059
1035,1843,30448,22970
1024,1805,30035,22629
1039,1809,30396,22849
1023,1772,29831,22457
1048,1827,30592,23049
1040,1785,30276,22754
1023,1799,30049,22647
1029,1777,30060,22591
1040,1791,30321,22806
1045,1848,30634,23104
1028,1791,30100,22664
1037,1810,30335,22845
1044,1801,30446,22895
1030,1792,29902,22450
1040,1849,30578,23077
1030,1774,30007,22553
1035,1773,30141,22661
1027,1807,30115,22700
1032,1793,30026,22588
1030,1822,30234,22785
1029,1797,30123,22689
1025,1801,30023,22649
1034,1778,30127,22664
1034,1783,30191,22714
1043,1811,30460,22919
1027,1783,29931,22491
1035,1786,30171,22674
1036,1817,30347,22851
1036,1781,30105,22608
1027,1811,30178,22756
1025,1783,29981,22591
1033,1808,30249,22778
1026,1795,30038,22634
1030,1786,29996,22543
1035,1824,30393,22907
1029,1781,29940,22480
1023,1792,29946,22551
1024,1777,29973,22556
1043,1807,30430,22889
1043,1855,30617,23078
1025,1787,29913,22530
1035,1810,30305,22823
1028,1776,30027,22570
1027,1773,30048,22545
1032,1803,30186,22702
1022,1773,29865,22468
1043,1815,30482,22945
1043,1791,30386,22855
1026,1831,29895,22528
1035,1799,30234,22738
1035,1794,30187,22715
1040,1787,30311,22777
1026,1773,29960,22560
1022,1770,29880,22499
1035,1789,30231,22718
1030,1784,30040,22603
1026,1803,30093,22679
1039,1794,30168,22673
1025,1775,29947,22544
1043,1820,30472,22943
1039,1801,30382,22866
1028,1813,30152,22725
1032,1794,30173,22666
1028,1792,30064,22644
1027,1809,30161,22709
1024,1788,29916,22525
1032,1823,30295,22827
1024,1792,29970,22584
1039,1784,30265,22778
1026,1789,30006,22596
1032,1780,29963,22455
1032,1814,30258,22797
1025,1780,30004,22591
1037,1811,30362,22850
1043,1804,30422,22878
1031,1793,29951,22476
1035,1824,30349,22875
1034,1773,30087,22594
1028,1801,30089,22686
1027,1800,30092,22679
1029,1786,30000,22581
1025,1801,30090,22682
1034,1783,30093,22616
1030,1810,30175,22741
1024,1805,30015,22629
1040,1807,30413,22910
1025,1815,30107,22687
1040,1822,30448,22936
1026,1806,30084,22675
1037,1817,30352,22857
1040,1798,30219,22705
1029,1799,30133,22689
1028,1793,29904,22458
1034,1776,30174,22661
1040,1795,30296,22757
1024,1784,29965,22578
1039,1844,30535,23047
1023,1784,29850,22460
1024,1833,29980,22612
1037,1772,30215,22684
1023,1781,29949,22558
1043,1814,30454,22982
1025,1791,29882,22456
1038,1774,30234,22716
1024,1784,30009,22606
1039,1835,30451,22954
1026,1817,30167,22758
1040,1785,30232,22735
1025,1784,30012,22601
1041,1783,30316,22781
1038,1821,30441,22948
1030,1801,30181,22709
1027,1798,29885,22434
1042,1784,30345,22807
1025,1779,29971,22555
1029,1798,30108,22671
1026,1812,30128,22710
1025,1789,29877,22457
1040,1783,30340,22794
1029,1800,30098,22713
1030,1803,30144,22696
1025,1809,30071,22674
1037,1813,30367,22878
1023,1837,30202,22807
1042,1833,30507,23002
1025,1806,30036,22625
1042,1836,30546,23032
1023,1781,29892,22527
1048,1841,30604,23078
1023,1808,30023,22629
1031,1787,30110,22620
1042,1827,30518,22985
1036,1793,30113,22607
1028,1825,30234,22776
1024,1807,30043,22648
1030,1811,30241,22763
1024,1815,30075,22662
1025,1772,29978,22561
1027,1824,30203,22772
1025,1802,30085,22662
1028,1809,30176,22715
1026,1811,30159,22721
1024,1781,29947,22556
1029,1831,30253,22806
1033,1818,30255,22781
1023,1792,30034,22630
1042,1816,30452,22923
1035,1803,30071,22566
1030,1823,30281,22817
1024,1804,30016,22632
1040,1835,30507,23010
1034,1774,30160,22664
1031,1791,30138,22669
1025,1813,30142,22740
1031,1791,30137,22677
1024,1801,30030,22642
1024,1788,29978,22586
1028,1767,29966,22513
1034,1834,30234,22799
1029,1788,30089,22636
1027,1805,30147,22686
1026,1806,30079,22683
1033,1803,30257,22767
1025,1803,30097,22682
1034,1774,30055,22536
1031,1811,30203,22748
1024,1800,30014,22624
1038,1832,30415,22951
1026,1816,30107,22711
1040,1807,30363,22853
1024,1792,30050,22646
1040,1833,30510,22994
1024,1764,29957,22557
1044,1848,30644,23089
1025,1783,29953,22565
1030,1803,30180,22737
1025,1779,30045,22626
1037,1802,30312,22808
1042,1825,30517,22981
1026,1777,29869,22443
1041,1789,30328,22795
1024,1784,29984,22563
1042,1796,30412,22860
1030,1783,30123,22655
1036,1817,30356,22858
1031,1784,30125,22637
1042,1790,30367,22836
1032,1785,30024,22536
1037,1850,30482,23016
1028,1787,29848,22410
1038,1782,30262,22742
1023,1774,29990,22606
1035,1789,30130,22629
1025,1814,30095,22691
1038,1778,30208,22687
1026,1810,30128,22706
1032,1778,30089,22597
1036,1775,30158,22637
1026,1799,30085,22670
1029,1787,29975,22540
1029,1827,30265,22811
1024,1795,30034,22615
1033,1807,30220,22762
1025,1790,30004,22588
1030,1796,29880,22392
1032,1824,30275,22811
1024,1798,30010,22617
1035,1790,30194,22715
1028,1806,30154,22709
1022,1763,29897,22491
1042,1841,30596,23053
1026,1805,30070,22649
1028,1806,30151,22702
1028,1811,30155,22720
1024,1779,29992,22585
1042,1836,30574,23034
1040,1799,30372,22843
1041,1808,30386,22844
1034,1786,30188,22679
1038,1813,30376,22883
1025,1810,30099,22689
1041,1790,30366,22810
1036,1796,30246,22744
1024,1802,30081,22643
1038,1826,30400,22939
1029,1782,30141,22671
1038,1832,30366,22907
1035,1756,30186,22666
1029,1811,30158,22709
1038,1815,30395,22908
1029,1797,30117,22684
1040,1770,30252,22703
1025,1795,30028,22633
1036,1818,30376,22848
1043,1793,30373,22846
1028,1807,30168,22686
1037,1792,30124,22617
1027,1799,30104,22671
1029,1803,30231,22684
1026,1814,30075,22666
1027,1826,30251,22809
1027,1784,30074,22605
1027,1813,30104,22687
1029,1813,30171,22744
1026,1789,30027,22603
1035,1832,30406,22927
1026,1773,29899,22485
1040,1845,30541,23017
1022,1783,29947,22571
1022,1776,29886,22534
1040,1842,30584,23053
1031,1782,29961,22493
1034,1817,30337,22851
1023,1769,29888,22513
1028,1765,29993,22544
1036,1787,30223,22721
1025,1778,29960,22600
1044,1820,30529,22981
1033,1766,30104,22607
1042,1789,30355,22830
1024,1797,30018,22626
1032,1789,29948,22476
1031,1818,30255,22795
1025,1784,29960,22556
1026,1781,29974,22557
1027,1777,30001,22568
1026,1778,29867,22439
1042,1810,30456,22916
1027,1764,29988,22554
1024,1802,29985,22585
1043,1815,30472,22939
1041,1792,30254,22717
1025,1806,30078,22672
1040,1787,30290,22782
1025,1808,30082,22649
1029,1792,30178,22723
1023,1782,29876,22492
1040,1846,30603,23082
1032,1768,30048,22582
1034,1807,30313,22797
1025,1782,30045,22608
1037,1790,30135,22614
1035,1819,30369,22878
1023,1767,29912,22520
1041,1789,30352,22818
1025,1794,30047,22618
1027,1777,29959,22527
1043,1854,30634,23116
1024,1772,29887,22471
1039,1818,30440,22924
1042,1837,30561,23028
1028,1797,30103,22672
1028,1819,30178,22762
1039,1834,30385,22913
1024,1802,30055,22656
1034,1772,30140,22651
1042,1781,30361,22816
1030,1828,30285,22852
1027,1780,29954,22544
1029,1809,30160,22724
1026,1786,30009,22601
1035,1811,30285,22797
1036,1804,30309,22797
1024,1780,29941,22547
1036,1805,30296,22797
1032,1771,30054,22587
1036,1803,30290,22818
1040,1817,30411,22903
1024,1776,29909,22488
1041,1786,30314,22778
1022,1788,29995,22615
1038,1781,30214,22694
1030,1825,30251,22799
1024,1779,29879,22503
1028,1821,30217,22783
1034,1804,30226,22753
1025,1778,29975,22550
1025,1786,30021,22606
1039,1806,30138,22614
1025,1814,30100,22704
1032,1767,30072,22574
1042,1790,30353,22831
1025,1792,30015,22609
1041,1809,30226,22698
1026,1804,30099,22683
1023,1778,29941,22559
1034,1814,30226,22769
1026,1793,30012,22608
1035,1774,30059,22563
1036,1829,30422,22915
1030,1790,30125,22651
1028,1814,30158,22711
1027,1801,30119,22723
1041,1802,30233,22710
1038,1805,30357,22831
1030,1791,30149,22717
1028,1819,30173,22729
1037,1841,30498,23001
1025,1792,29917,22458
1040,1797,30395,22850
1024,1794,30021,22612
1043,1812,30526,22972
1037,1772,30229,22709
1023,1774,29926,22535
1031,1824,30276,22818
1024,1783,29976,22571
1044,1809,30494,22952
1036,1783,30223,22717
1042,1814,30485,22957
1026,1814,30146,22724
1024,1772,29895,22505
1043,1828,30574,23040
1029,1812,30229,22768
1029,1777,30096,22652
1031,1830,30297,22828
1025,1785,29970,22579
1037,1815,30381,22879
1035,1778,30211,22704
1029,1792,30106,22689
1031,1835,30333,22867
1025,1775,30001,22581
1044,1823,30522,22983
1043,1795,30449,22891
1025,1799,30030,22649
1034,1825,30395,22898
1025,1766,29938,22525
1043,1842,30620,23092
1026,1793,30015,22619
1024,1806,30062,22633
1037,1815,30342,22832
1027,1778,30029,22582
1031,1812,30244,22780
1027,1803,30083,22666
1036,1783,30266,22779
1031,1806,30223,22749
1038,1795,30352,22760
1046,1837,30637,23072
1034,1812,30278,22798
1032,1798,30174,22726
1026,1819,30165,22741
1039,1823,30443,22921
1028,1823,30202,22770
1044,1831,30501,22979
1043,1798,30392,22847
1029,1808,30128,22704
1040,1801,30241,22704
1029,1820,30224,22778
1039,1791,30305,22777
1032,1813,30213,22762
1030,1830,30253,22795
1029,1778,30005,22590
1029,1830,30289,22839
1032,1806,30188,22749
1031,1811,30228,22766
1030,1821,30234,22796
1028,1779,30025,22595
1044,1849,30667,23125
1026,1792,30050,22631
1035,1797,30211,22707
1029,1802,30168,22712
1045,1814,30386,22843
1031,1808,30247,22763
1043,1809,30432,22886
1028,1820,30201,22756
1039,1841,30498,22985
1032,1778,30133,22673
1034,1840,30533,23026
1033,1786,30158,22667
1046,1822,30591,22998
1039,1795,30304,22779
1038,1823,30446,22940
1030,1827,30266,22838
1041,1832,30547,23000
1028,1821,30193,22765
1046,1818,30571,22986
1028,1797,30048,22641
1047,1831,30650,23064
1034,1774,30120,22634
1033,1826,30395,22871
1029,1789,30187,22723
1045,1834,30650,23103
1031,1848,30336,22928
1028,1782,30076,22617
1047,1834,30657,23095
1037,1794,30315,22783
1044,1865,30709,23145
1032,1838,30388,22928
1048,1821,30549,22969
1033,1813,30297,22818
1037,1836,30448,22928
1030,1820,30198,22778
1047,1881,30891,23319
1031,1801,30170,22707
1031,1819,30272,22802
1047,1850,30747,23197
1030,1818,30272,22802
1033,1838,30417,22949
1041,1800,30388,22819
1040,1846,30566,23042
1035,1836,30450,22956
1042,1847,30641,23102
1034,1852,30507,23021
1047,1831,30633,23031
1041,1862,30704,23161
1037,1855,30521,23029
1045,1848,30748,23161
1040,1849,30597,23067
1037,1825,30459,22950
1057,1882,31076,23425
1040,1852,30569,23046
1057,1861,30987,23334
1042,1868,30780,23229
1060,1876,31067,23395
1045,1871,30911,23334
1051,1844,30900,23265
1044,1868,30827,23278
1067,1891,31444,23725
1062,1894,31358,23681
1060,1879,31298,23590
1051,1883,31022,23412
1069,1887,31493,23729
1055,1893,31282,23656
1061,1875,31637,23947
1061,1901,31402,23717
1063,1876,31570,23863
1071,1874,31854,24099
1065,1884,31699,23952
1071,1903,31769,24041
1066,1857,31899,24152
1088,1901,32273,24393
1074,1868,32013,24221
1083,1871,32359,24510
1076,1876,32159,24366
1099,1882,32825,24860
1081,1874,32441,24624
1100,1933,33053,25104
1085,1907,32674,24800
1107,1909,33104,25068
1095,1941,33040,25104
1114,1924,33341,25255
1101,1966,33278,25325
1119,1973,33777,25668
1126,1980,33850,25663
1114,1982,33832,25786
1132,2015,34299,26105
1125,1981,34183,26043
1141,2001,34530,26256
1137,1983,34647,26439
1143,1963,35007,26755
1142,1973,34998,26739
1155,1998,35417,27079
1152,2009,35465,27137
1177,2062,36181,27720
1167,2067,36042,27620
1185,2041,36354,27772
1178,2097,36477,28001
1187,2107,36785,28242
1189,2094,36934,28392
1207,2091,37657,28974
1204,2102,37443,28797
1224,2101,38040,29243
1216,2109,38097,29399
1232,2083,38495,29632
1242,2148,38978,30071
1244,2164,39054,30154
1250,2205,39453,30529
1251,2216,39524,30613
1270,2240,40070,31020
1269,2230,40227,31190
1282,2231,40593,31470
1288,2224,41039,31880
1287,2237,41038,31929
1307,2233,41739,32448
1306,2236,41752,32459
1305,2220,41845,32584
1323,2279,42453,33060
1324,2296,42537,33152
1340,2318,42985,33492
1341,2339,43290,33829
1343,2363,43357,33883
1350,2371,43745,34241
1359,2382,43985,34392
1369,2382,44470,34838
1366,2390,44355,34758
1390,2406,45106,35362
1376,2376,44935,35285
1388,2405,45203,35379
1402,2377,45560,35706
1396,2367,45784,35983
1395,2405,45605,35830
1425,2436,46694,36728
1408,2425,46171,36312
1425,2448,46742,36789
1420,2441,46592,36662
1417,2447,46559,36627
1431,2489,47115,37081
1422,2463,46761,36820
1440,2491,47345,37265
1436,2487,47254,37158
1449,2482,47472,37312
1432,2507,47256,37267
1446,2482,47388,37227
1434,2513,47317,37299
1444,2520,47559,37462
1433,2507,47277,37242
1454,2549,47947,37820
1431,2491,47048,37071
1435,2490,47297,37180
1451,2521,47758,37628
1426,2475,46941,36965
1437,2485,47219,37115
1426,2473,46898,36900
1421,2473,46755,36825
1429,2465,46881,36891
1412,2425,46378,36493
1422,2428,46569,36570
1424,2415,46596,36653
1401,2392,45971,36156
1419,2371,46268,36310
1406,2383,45746,35827
1392,2367,45595,35828
1380,2349,45033,35361
1398,2399,45557,35723
1369,2388,44610,35001
1372,2394,44388,34714
1381,2397,44930,35171
1355,2380,43860,34342
1360,2368,43811,34178
1365,2377,43902,34266
1352,2330,43353,33796
1331,2335,42982,33578
1328,2303,42702,33294
1320,2310,42535,33205
1312,2247,42127,32852
1314,2239,42141,32821
1310,2226,41745,32431
1289,2235,41204,32067
1300,2223,41449,32234
1298,2261,41081,31828
1275,2222,40315,31226
1279,2230,40335,31190
1257,2211,39670,30711
1263,2217,39839,30835
1251,2171,39307,30315
1252,2181,39344,30411
1241,2168,39006,30121
1227,2111,38313,29466
1232,2114,38687,29893
1218,2082,37904,29123
1215,2111,37816,29110
1211,2120,37464,28767
1188,2102,36664,28102
1198,2114,37167,28575
1173,2067,36236,27775
1170,2060,36049,27612
1159,2034,35701,27337
1158,1978,35402,27027
1158,1982,35449,27060
1155,1973,35344,27004
1155,2003,35070,26696
1134,1986,34558,26349
1142,1995,34717,26454
1126,1984,34279,26139
1133,2006,34231,26035
1127,1998,34053,25912
1120,1976,33705,25564
1111,1963,33467,25415
1100,1947,33173,25197
1112,1914,33270,25208
1096,1920,32915,24932
1107,1927,33181,25179
1098,1927,32981,25045
1088,1874,32556,24659
1089,1874,32541,24651
1073,1876,32071,24280
1089,1913,32402,24508
1073,1894,31853,24053
1074,1870,32013,24165
1076,1893,31718,23883
1063,1883,31607,23901
1062,1891,31531,23841
1066,1888,31582,23843
1068,1855,32016,24266
1061,1881,31204,23486
1063,1891,31434,23718
1052,1898,31086,23502
1068,1904,31554,23826
1055,1887,31250,23587
1048,1881,30935,23356
1054,1885,31115,23471
1055,1881,31078,23440
1046,1880,30880,23310
1063,1880,31305,23600
1059,1871,31071,23360
1049,1870,30900,23270
1053,1867,30980,23366
1055,1854,30965,23316
1044,1872,30844,23273
1054,1867,31021,23410
1041,1873,30736,23207
1044,1841,30651,23076
1041,1855,30597,23051
1055,1867,31050,23395
1035,1833,30419,22936
1036,1863,30575,23079
1043,1853,30673,23115
1037,1849,30513,23028
1053,1879,30985,23368
1035,1817,30336,22848
1049,1870,30928,23335
1046,1851,30748,23175
1052,1855,30862,23266
1050,1847,30786,23165
1032,1795,30198,22720
1037,1841,30489,22965
1048,1833,30695,23085
1035,1838,30396,22943
1044,1852,30688,23116
1044,1787,30386,22810
1034,1847,30480,22994
1036,1830,30392,22905
1031,1830,30313,22878
1033,1861,30476,23019
1045,1845,30649,23100
1031,1841,30335,22892
1044,1800,30444,22892
1026,1838,30279,22864
1047,1856,30719,23166
1033,1816,30284,22819
1043,1858,30738,23208
1028,1784,30065,22623
1030,1813,30198,22765
1041,1806,30435,22886
1029,1815,30197,22763
1039,1847,30501,22987
1028,1801,30111,22705
1026,1817,30086,22736
1045,1817,30541,22978
1041,1788,30322,22766
1031,1832,30303,22866
1044,1795,30396,22837
1027,1813,30130,22714
1038,1794,30316,22793
1036,1822,30346,22854
1033,1814,30395,22803
1044,1801,30433,22906
1044,1812,30487,22937
1041,1813,30469,22926
1031,1816,30229,22778
1030,1828,30312,22873
1031,1801,30206,22722
1026,1802,30100,22681
1028,1765,29968,22542
1038,1775,30209,22701
1038,1832,30498,22968
1024,1781,29960,22559
1035,1776,30166,22663
1032,1802,30196,22737
1024,1787,29989,22599
1037,1794,30264,22733
1024,1771,29948,22535
1044,1837,30670,23120
1025,1776,29926,22572
1043,1805,30470,22934
1042,1800,30386,22856
1022,1778,29860,22480
1031,1798,30161,22686
1040,1820,30457,22960
1026,1798,30047,22643
1042,1839,30517,22997
1029,1771,30023,22589
1012,1840,30105,22759
1040,1839,30500,23011
1033,1768,30159,22649
1027,1816,30169,22725
1024,1769,29948,22527
1033,1828,30312,22848
1026,1794,30040,22622
1037,1817,30399,22893
1040,1774,30293,22741
1022,1784,29817,22458
1026,1798,30096,22656
1037,1770,30187,22668
1038,1792,30309,22798
1024,1795,30002,22598
1036,1791,30045,22519
1026,1811,30159,22725
1033,1808,30214,22757
1028,1801,30145,22709
1022,1803,29995,22617
1029,1780,30039,22594
1037,1828,30403,22910
1033,1778,30040,22548
1028,1808,30132,22705
1029,1806,30189,22732
1029,1784,30087,22644
1027,1816,30176,22741
1025,1772,29944,22529
1030,1805,30233,22752
1025,1808,30039,22627
1040,1831,30479,22961
1022,1805,30079,22660
1040,1810,30373,22869
1027,1791,30082,22674
1029,1797,30159,22706
1024,1810,30056,22648
1031,1816,30267,22821
1023,1786,29837,22462
1040,1826,30468,22965
1025,1781,29975,22536
1042,1808,30410,22891
1033,1800,30210,22711
1030,1798,30116,22673
1024,1780,29993,22593
1040,1797,30363,22833
1024,1773,29944,22532
1040,1855,30583,23072
1022,1779,29848,22465
1037,1769,30182,22672
1024,1783,29987,22588
1037,1804,30301,22812
1041,1807,30387,22852
1026,1772,29977,22562
1027,1810,30149,22726
1028,1795,30047,22617
1030,1793,30099,22649
1024,1809,30063,22671
1039,1796,30169,22644
1026,1808,30082,22682
1041,1785,30343,22822
1030,1771,29997,22535
1042,1801,30409,22875
1033,1789,29912,22445
1031,1818,30274,22807
1024,1776,29940,22545
1042,1819,30464,22949
1024,1796,30052,22640
1039,1788,30252,22763
1025,1811,30087,22693
1041,1824,30473,22962
1026,1788,30018,22622
1040,1788,30320,22796
1021,1791,29745,22382
1041,1803,30390,22858
1022,1774,29921,22532
1037,1830,30390,22927
1023,1801,29710,22331
1034,1810,29965,22480
1027,1831,30237,22803
1030,1804,30129,22690
1024,1790,29971,22591
1036,1822,30339,22854
1039,1796,30203,22680
1025,1800,30031,22619
1024,1783,29830,22462
1025,1795,30005,22603
1043,1812,30452,22907
1029,1774,29950,22473
1038,1827,30495,22980
1039,1806,30360,22858
1024,1816,30079,22692
1030,1792,30170,22707
1024,1784,29842,22469
1038,1840,30506,23014
1028,1783,29869,22454
1037,1838,30533,22984
1029,1770,30004,22559
1032,1763,30061,22589
1039,1807,30346,22817
1025,1785,29886,22480
1043,1810,30451,22924
1042,1805,30454,22913
1036,1828,30461,23002
1031,1790,30147,22669
1033,1783,30070,22630
1031,1772,30084,22612
1026,1793,30044,22634
1028,1781,30063,22621
1026,1819,30139,22744
1035,1787,30096,22535
1032,1806,30249,22762
1024,1777,29941,22546
1041,1749,30269,22744
1023,1815,30084,22689
1037,1800,30089,22559
1027,1796,30060,22651
1026,1785,30039,22618
1024,1775,29992,22582
1032,1821,30260,22801
1023,1786,29809,22440
1041,1799,30383,22853
1030,1783,29992,22534
1037,1796,30306,22753
1026,1790,30004,22583
1024,1789,29812,22416
1042,1836,30533,23014
1037,1821,30396,22932
1032,1792,30043,22570
1029,1807,30142,22697
1023,1783,29847,22472
1031,1816,30266,22799
1024,1779,29913,22524
1032,1791,30185,22679
1037,1843,30475,22997
1023,1779,29811,22386
1032,1792,30158,22680
1036,1776,30155,22645
1024,1798,30006,22617
1036,1808,30328,22825
1039,1795,30176,22666
1026,1795,30050,22627
1032,1785,30090,22567
1035,1807,30238,22760
1023,1787,30041,22625
1037,1804,30111,22593
1026,1813,30140,22720
1039,1833,30448,22962
1025,1792,30063,22612
1023,1798,30000,22596
1030,1784,29953,22470
1042,1833,30532,23021
1024,1783,29953,22557
1037,1831,30400,22895
1039,1834,30519,22996
1021,1777,29876,22520
1037,1883,30504,23084
1023,1777,29907,22507
1040,1807,30421,22869
1036,1788,30205,22697
1022,1774,29898,22526
1024,1794,30037,22627
1028,1771,29948,22482
1041,1808,30439,22909
1039,1786,30270,22754
1030,1781,30033,22602
1033,1824,30354,22840
1036,1795,30272,22756
1033,1768,30098,22603
1031,1792,30149,22685
1022,1788,29911,22522
1034,1800,30199,22731
1025,1783,29995,22579
1029,1805,30172,22717
1024,1790,29986,22608
1040,1800,30371,22825
1027,1806,30077,22667
1028,1771,29911,22454
1025,1780,29970,22547
1033,1773,30063,22568
1036,1812,30300,22816
1038,1838,30500,23011
1022,1783,29839,22470
1042,1794,30385,22836
1021,1794,29917,22540
1039,1794,30232,22694
1023,1792,30022,22626
1031,1781,29983,22496
1037,1823,30409,22912
1038,1766,30184,22655
1028,1781,30056,22591
1037,1781,30241,22719
1022,1765,29842,22451
1037,1826,30421,22912
1036,1778,30095,22583
1024,1782,29994,22602
1026,1797,30050,22637
1025,1792,29914,22523
1033,1828,30332,22850
1024,1772,29920,22525
1027,1780,30010,22585
1041,1791,30304,22790
1022,1798,29755,22343
1041,1850,30562,23051
1026,1771,29999,22594
1041,1829,30449,22972
1024,1787,30013,22591
1040,1806,30225,22736
1033,1819,30266,22793
1023,1780,29920,22555
1038,1775,30263,22751
1026,1807,30089,22681
1030,1795,30027,22586
1024,1824,30122,22699
1030,1798,30197,22718
1026,1790,29998,22564
1028,1779,30048,22577
1038,1820,30357,22884
1024,1802,30048,22655
1033,1767,30085,22601
1026,1805,30094,22676
1026,1817,30115,22703
1019,1769,29912,22520
1041,1795,30396,22853
1022,1798,29779,22418
1036,1776,30206,22697
1022,1795,29972,22609
1035,1816,30325,22855
1033,1799,30145,22682
1032,1789,30194,22705
1026,1795,30021,22586
1041,1816,30420,22895
1038,1814,30415,22919
1024,1803,30059,22685
1037,1794,30176,22655
1025,1777,29970,22549
1036,1782,30132,22630
1022,1805,30012,22619
1027,1803,30133,22680
1022,1789,29784,22418
1035,1811,30275,22797
1041,1797,30375,22849
1024,1764,29910,22510
1043,1824,30592,23044
1036,1791,30154,22619
1025,1781,29979,22566
1021,1766,29876,22480
1026,1769,29940,22510
1038,1801,30390,22853
1019,1771,29805,22440
1022,1800,30006,22629
1041,1819,30433,22920
1038,1821,30396,22896
1028,1788,30008,22571
1040,1786,30333,22823
1025,1807,30074,22690
1029,1784,30033,22594
1022,1784,29937,22560
1035,1775,30135,22636
1022,1781,29840,22474
1041,1799,30388,22854
1024,1773,29924,22505
1025,1773,29946,22504
1021,1793,29949,22589
1040,1801,30149,22654
1025,1798,30049,22630
1035,1772,30135,22614
1032,1798,30196,22719
1024,1775,29983,22556
1022,1794,29736,22351
1041,1838,30532,23032
1023,1774,29938,22548
1034,1766,30163,22647
1025,1796,30072,22655
1039,1777,30260,22718
1030,1793,30122,22652
1024,1774,29929,22520
1025,1780,30020,22564
1037,1792,30243,22739
1025,1780,29877,22466
1032,1825,30289,22821
1022,1776,29932,22538
1035,1808,30291,22800
1031,1770,30077,22585
1031,1786,30066,22632
1024,1806,30053,22662
1034,1800,29995,22507
1035,1834,30424,22939
1022,1792,29955,22568
1025,1773,29878,22446
1040,1802,30380,22853
1020,1788,29731,22374
1040,1793,30270,22802
1022,1791,29965,22560
1034,1795,30215,22734
1026,1805,30052,22635
1023,1786,29798,22402
1037,1835,30453,22967
1022,1771,29891,22496
1040,1790,30307,22790
1023,1822,30095,22712
1041,1783,30272,22760
1031,1771,30056,22580
1029,1830,30178,22725
1023,1776,29913,22524
1044,1837,30607,23083
1023,1782,29823,22462
1035,1804,30247,22784
1041,1810,30452,22906
1036,1823,30368,22885
1023,1799,30037,22640
1027,1762,29932,22534
1033,1769,30104,22611
1035,1803,30212,22740
1027,1774,29996,22522
1030,1792,30081,22621
1039,1792,30363,22851
1027,1799,30116,22698
1025,1785,30000,22553
1026,1787,30007,22597
1030,1815,30211,22759
1022,1806,29780,22415
1041,1819,30451,22915
1032,1778,29992,22522
1038,1836,30462,22967
1022,1801,29999,22612
1038,1810,30125,22596
1024,1814,30123,22715
1033,1756,30044,22570
1037,1830,30395,22928
1032,1766,30046,22581
1029,1769,30050,22589
1024,1840,30096,22695
1031,1756,30062,22587
1025,1779,29989,22595
1026,1802,30070,22671
1022,1793,29806,22423
1035,1822,30377,22883
1033,1763,30076,22598
1038,1836,30464,22968
1025,1780,29948,22551
1029,1794,30029,22526
1026,1804,30095,22672
1037,1831,30409,22930
1033,1790,30126,22633
1033,1813,30244,22761
1024,1794,29843,22436
1040,1802,30372,22832
1023,1783,29866,22479
1042,1813,30435,22918
1039,1826,30451,22930
1023,1773,29895,22525
1035,1814,30355,22854
1023,1779,29825,22396
1029,1781,30059,22584
1028,1773,29984,22537
1038,1817,30383,22906
1027,1809,30131,22673
1035,1801,30011,22506
1028,1835,30163,22738
1024,1794,30020,22616
1027,1789,30006,22612
1035,1817,30399,22894
1025,1762,29882,22454
1035,1766,30154,22644
1026,1792,30012,22608
1026,1780,30007,22602
1029,1844,30271,22820
1022,1783,29837,22469
1043,1809,30446,22908
1030,1765,30027,22576
1029,1789,30089,22643
1028,1824,30171,22767
1027,1784,29973,22553
1032,1838,30438,22951
1025,1782,29945,22554
1025,1777,29938,22523
1035,1789,30243,22743
1035,1797,30228,22752
1040,1804,30376,22833
1025,1799,30031,22623
1027,1791,30072,22642
1031,1826,30250,22789
1023,1783,29904,22488
1023,1804,30028,22622
1039,1835,30461,22970
1023,1786,29916,22545
1042,1809,30490,22949
1037,1794,30089,22575
1028,1820,30224,22791
1024,1784,29964,22564
1038,1829,30425,22944
1029,1781,30069,22606
1032,1779,30070,22606
1025,1811,30085,22687
1034,1792,30245,22758
1033,1771,30032,22570
1038,1828,30512,22987
1020,1786,29717,22378
1031,1789,30149,22661
1036,1777,30095,22593
1031,1796,30167,22726
1026,1792,30065,22611
1038,1799,30299,22753
1034,1823,30364,22865
1022,1795,29935,22563
1042,1791,30371,22848
1029,1781,30035,22582
1036,1784,30191,22699
1034,1797,30225,22727
1024,1802,30030,22636
1025,1804,30056,22670
1042,1816,30479,22979
1033,1783,30133,22666
1026,1805,30089,22684
1037,1796,30116,22613
1030,1804,30193,22748
1024,1796,30013,22642
1033,1777,30186,22692
1039,1795,30274,22776
1022,1777,29876,22493
1043,1801,30406,22867
1031,1780,30136,22643
1032,1769,30055,22576
1037,1826,30430,22941
1032,1780,30034,22547
1032,1816,30287,22805
1027,1783,30026,22589
1037,1784,30191,22677
1025,1819,30192,22782
1026,1794,30063,22615
1027,1810,30162,22736
1023,1799,30071,22663
1031,1804,30224,22771
1026,1822,30150,22733
1041,1785,30325,22805
1036,1765,30144,22644
1039,1823,30431,22937
1024,1769,29892,22507
1043,1810,30498,22945
1023,1796,29827,22426
1034,1776,30162,22649
1025,1792,30027,22633
1033,1789,30200,22723
1033,1792,30161,22672
1035,1786,30186,22707
1030,1804,30161,22683
1032,1762,30088,22597
1030,1804,30148,22696
1028,1814,30222,22782
1024,1778,29950,22553
1026,1815,30204,22800
1028,1809,30128,22701
1025,1785,30035,22606
1037,1839,30510,23011
1024,1763,29862,22445
1041,1810,30435,22893
1023,1788,29979,22589
1038,1786,30219,22678
1023,1802,30022,22632
1038,1777,30151,22625
1025,1814,30102,22685
1023,1790,29984,22570
1041,1822,30477,22934
1040,1827,30495,22977
1023,1783,29868,22442
1026,1801,30101,22664
1038,1785,30259,22740
1023,1787,30025,22598
1042,1844,30588,23075
1022,1792,29807,22407
1026,1800,30087,22668
1042,1813,30478,22934
1024,1790,30035,22625
1038,1841,30518,23021
1024,1778,29931,22552
1044,1821,30528,22979
1027,1780,29991,22558
1038,1836,30537,23034
1037,1772,30224,22702
1026,1790,30006,22597
1036,1821,30382,22889
1030,1780,29976,22500
1039,1834,30523,23012
1031,1786,30096,22615
1036,1822,30364,22885
1026,1823,30124,22735
1035,1809,30018,22523
1025,1810,30024,22704
1037,1770,30209,22679
1027,1783,30040,22611
1030,1809,30248,22782
1032,1802,30167,22679
1025,1776,29980,22559
1037,1855,30522,23033
1026,1764,29958,22524
1028,1811,30141,22719
1022,1778,29805,22415
1033,1781,30112,22626
1019,1794,29946,22530
1034,1770,30113,22629
1034,1829,30374,22897
1024,1771,29926,22561
1027,1790,30062,22651
1025,1814,30093,22688
1025,1786,29986,22590
1025,1832,30186,22789
1024,1779,29918,22527
1026,1792,30063,22637
1034,1798,30206,22748
1030,1782,30106,22644
1026,1808,30091,22675
1039,1818,30423,22935
1027,1804,30075,22662
1040,1788,30244,22721
1025,1813,30083,22651
1029,1818,30231,22775
1022,1789,29809,22420
1043,1817,30521,22975
1037,1794,30268,22762
1026,1774,29943,22511
1032,1785,30100,22625
1034,1792,30263,22744
1031,1803,30164,22698
1024,1798,30053,22657
1035,1827,30310,22818
1035,1768,30175,22662
1027,1779,29976,22546
1032,1786,30158,22671
1037,1825,30408,22935
1025,1778,29954,22531
1038,1777,30234,22742
1024,1789,29813,22419
1029,1828,30281,22825
1024,1792,30008,22624
1037,1812,30338,22823
1040,1826,30487,22963
1022,1801,29846,22442
1032,1802,30210,22718
1040,1815,30450,22931
1034,1808,30297,22802
1029,1772,30072,22601
1038,1828,30379,22908
1025,1803,30108,22684
1038,1825,30391,22886
1025,1800,30078,22655
1027,1814,30160,22715
1023,1774,29937,22539
1041,1830,30466,22939
1023,1779,29842,22434
1036,1778,30179,22671
1026,1805,30060,22642
1030,1817,30188,22740
1024,1810,30085,22708
1036,1809,30012,22531
1035,1868,30305,22845
1027,1783,29982,22561
1028,1762,29950,22500
1043,1841,30584,23048
1028,1769,30005,22584
1027,1799,30082,22657
1032,1811,30210,22754
1030,1786,30083,22655
1024,1814,30078,22682
1039,1788,30248,22742
1036,1789,30233,22723
1030,1793,30162,22693
1023,1778,29896,22529
1044,1828,30579,23030
1037,1825,30335,22870
1020,1781,29955,22560
1041,1813,30404,22894
1024,1775,29966,22574
1035,1826,30376,22890
1023,1788,29986,22546
1027,1806,30097,22685
1038,1833,30447,22940
1023,1768,29917,22533
1038,1793,30265,22764
1025,1777,29931,22528
1035,1820,30423,22934
1028,1785,30051,22624
1026,1792,30014,22613
1037,1853,30492,23027
1029,1785,29874,22422
1037,1821,30392,22892
1038,1817,30408,22908
1024,1793,30000,22603
1042,1796,30289,22786
1022,1799,29789,22423
1043,1826,30508,22968
1041,1791,30316,22780
1024,1777,29925,22536
1036,1775,30186,22665
1024,1784,29934,22533
1025,1804,30100,22694
1034,1799,30203,22747
1034,1776,30096,22611
1029,1812,30147,22718
1021,1766,29835,22472
1036,1833,30421,22926
1033,1771,30108,22613
1029,1821,30181,22746
1025,1801,30050,22651
1036,1791,30022,22492
1024,1813,30119,22715
1030,1802,30123,22673
1025,1807,30080,22653
1042,1830,30509,22982
1036,1786,30227,22744
1040,1848,30592,23069
1028,1760,29934,22484
1034,1821,30289,22799
1023,1787,29950,22557
1041,1814,30441,22902
1026,1810,30133,22723
1035,1780,30181,22713
1030,1798,30122,22650
1036,1823,30358,22864
1037,1783,30109,22612
1035,1822,30403,22900
1031,1783,29882,22418
1033,1815,30280,22803
1027,1798,30014,22602
1040,1800,30341,22835
1035,1811,30288,22771
1028,1801,30149,22692
1025,1789,30028,22664
1037,1822,30425,22938
1023,1769,29884,22489
1029,1799,30143,22703
1039,1814,30363,22855
1026,1777,30018,22580
1041,1810,30450,22946
1025,1782,30014,22603
1041,1853,30614,23080
1022,1771,29953,22515
1041,1793,30349,22805
1023,1779,29923,22547
1027,1772,29961,22510
1036,1787,30215,22716
1031,1781,30101,22647
1024,1788,30000,22594
1040,1782,30316,22770
1024,1772,29918,22515
1034,1804,30341,22847
1023,1789,29814,22416
1032,1827,30312,22846
1023,1777,29909,22531
1022,1769,29870,22494
1041,1813,30456,22930
1039,1803,30349,22873
1026,1810,30103,22688
1030,1775,30001,22524
1045,1798,30414,22896
1039,1779,30296,22762
1022,1783,29780,22405
1033,1781,30169,22678
1035,1801,30275,22791
1037,1762,30167,22668
1027,1792,30087,22642
1029,1782,30018,22569
1029,1820,30225,22787
1023,1787,29969,22595
1022,1773,29916,22536
1022,1791,29988,22587
1024,1798,29795,22369
1039,1798,30340,22813
1023,1791,29973,22592
1039,1838,30478,22999
1026,1796,30035,22596
1034,1782,30153,22677
1036,1800,30286,22761
1027,1792,30067,22640
1024,1797,30018,22628
1027,1802,30061,22656
1029,1794,30090,22645
1025,1809,30106,22691
1037,1821,30380,22890
1023,1794,29976,22610
1032,1769,30121,22636
1035,1833,30379,22886
1027,1787,30113,22633
1037,1789,30134,22623
1025,1769,30013,22591
1032,1811,30229,22766
1024,1785,29994,22598
1032,1834,30324,22849
1022,1776,29874,22506
1029,1804,30135,22698
1023,1789,29978,22588
1039,1784,30232,22695
1025,1808,30118,22724
1041,1799,30280,22782
1035,1773,30152,22655
1030,1805,30179,22731
1023,1767,29917,22518
1024,1805,30081,22674
1024,1770,29869,22516
1031,1811,30241,22772
1022,1790,29957,22602
1041,1829,30443,22946
1024,1806,30130,22743
1032,1785,29970,22476
1038,1840,30470,22979
1024,1774,29922,22538
1040,1780,30297,22760
1028,1800,30128,22668
1034,1835,30326,22883
1025,1793,30033,22635
1025,1779,29957,22554
1037,1770,30192,22673
1024,1794,30037,22657
1040,1795,30338,22808
1040,1814,30412,22884
1025,1779,29963,22554
1037,1774,30181,22657
1026,1807,30106,22695
1034,1807,30275,22797
1043,1832,30523,22998
1039,1799,30192,22678
1026,1777,29985,22613
1035,1830,30407,22893
1041,1800,30304,22779
1040,1846,30568,23054
1024,1794,29964,22573
1041,1818,30482,22965
1024,1795,29976,22595
1020,1786,29766,22369
1026,1798,30029,22620
1038,1758,30215,22688
1027,1796,30104,22695
1030,1823,30218,22779
1022,1774,29878,22495
1036,1795,30235,22724
1025,1788,30012,22623
1033,1809,30243,22785
1024,1794,30047,22627
1041,1790,30322,22813
1037,1826,30438,22936
1036,1825,30386,22903
1029,1790,30093,22642
1034,1765,30115,22632
1031,1805,30187,22741
1025,1804,30066,22645
1035,1782,30118,22611
1033,1812,30218,22779
1024,1795,30022,22618
1034,1804,30247,22768
1044,1818,30578,23024
1035,1784,30187,22701
1039,1812,30452,22887
1023,1795,29975,22576
1042,1787,30318,22808
1037,1809,30355,22829
1025,1781,29873,22487
1037,1824,30385,22890
1039,1836,30494,22998
1023,1785,29978,22583
1044,1802,30376,22827
1023,1774,29934,22552
1029,1818,30223,22775
1025,1791,30042,22624
1030,1813,30149,22712
1027,1822,30196,22811
1037,1760,30217,22704
1025,1797,30052,22607
1027,1771,29950,22544
1037,1785,30213,22678
1029,1830,30188,22770
1028,1781,30070,22620
1023,1806,30036,22638
1041,1773,30295,22774
1024,1784,29969,22565
1038,1839,30490,23018
1036,1789,30039,22562
1032,1818,30280,22814
1024,1779,29925,22558
1031,1800,30168,22714
1024,1804,30027,22633
1039,1800,30144,22641
1025,1811,30077,22678
1041,1815,30421,22900
1038,1825,30415,22940
1029,1776,30040,22580
1030,1776,30006,22580
1025,1815,30092,22691
1034,1806,30273,22786
1040,1768,30219,22706
1024,1786,29966,22565
1022,1786,29866,22429
1039,1804,30363,22830
1024,1780,29958,22569
1030,1800,30150,22701
1026,1789,30004,22616
1032,1769,29960,22465
1035,1822,30343,22846
1024,1768,29953,22550
1038,1817,30364,22877
1039,1783,30256,22764
1025,1777,29874,22406
1028,1793,30112,22644
1022,1771,29886,22524
1039,1842,30483,22978
1025,1808,30080,22644
1037,1796,30080,22571
1028,1819,30199,22761
1032,1817,30264,22798
1025,1802,30050,22640
1042,1834,30566,23019
1036,1784,30217,22731
1043,1816,30494,22943
1032,1788,29978,22500
1031,1816,30227,22765
1026,1793,30033,22609
1036,1807,30302,22821
1040,1816,30442,22867
1023,1788,29818,22443
1038,1842,30306,22793
1023,1803,29979,22591
1035,1775,30197,22666
1030,1823,30269,22791
1030,1777,30070,22595
1023,1796,30007,22596
1038,1782,30200,22685
1025,1788,29964,22574
1038,1826,30462,22954
1041,1806,30355,22854
1035,1812,30309,22824
1029,1776,30050,22550
1021,1767,29858,22497
1031,1804,30203,22705
1035,1799,30024,22544
1029,1796,30120,22696
1026,1780,30035,22597
1031,1796,30102,22657
1026,1805,30116,22686
1032,1781,30116,22632
1026,1785,30030,22623
1031,1788,30148,22676
1024,1792,30018,22609
1041,1789,30348,22824
1022,1789,29837,22443
1043,1795,30430,22889
1025,1771,29938,22519
1039,1788,30228,22696
1023,1798,29971,22586
1026,1793,29844,22406
1027,1808,30091,22662
1032,1775,30042,22582
1028,1796,30098,22662
1030,1810,30210,22745
1022,1793,29807,22455
1040,1847,30587,23074
1023,1783,29917,22525
1033,1780,30115,22591
1030,1803,30181,22718
1025,1777,29859,22470
1036,1824,30371,22882
1042,1795,30368,22828
1029,1777,30090,22596
1043,1796,30375,22856
1021,1799,29758,22339
1024,1804,30037,22661
1032,1774,30063,22584
1030,1801,30179,22717
1026,1797,30032,22652
1030,1778,29970,22552
1026,1803,30102,22696
1040,1807,30402,22894
1040,1825,30492,22992
1023,1795,29976,22589
1036,1790,30073,22565
1028,1814,30150,22726
1025,1813,29984,22646
1028,1800,30109,22684
1026,1790,30074,22645
1031,1805,30167,22718
1026,1820,30187,22771
1024,1777,29917,22523
1026,1802,30068,22668
1033,1811,30289,22808
1023,1777,29925,22551
1045,1848,30669,23076
1023,1777,29857,22486
1038,1841,30479,22976
1025,1773,29994,22553
1040,1773,30233,22710
1025,1793,30095,22685
1036,1793,30244,22784
1038,1834,30460,22970
1023,1769,29932,22533
1027,1819,29973,22539
1040,1811,30409,22868
1022,1771,29852,22495
1026,1788,30001,22583
1038,1827,30403,22939
1023,1784,29938,22554
1041,1805,30434,22880
1023,1766,29884,22504
1037,1823,30410,22918
1029,1788,30107,22678
1026,1788,29983,22597
1031,1815,30235,22778
1022,1781,29866,22478
1037,1821,30422,22913
1040,1782,30277,22755
1024,1769,29934,22580
1024,1800,30010,22628
1031,1790,29937,22471
1038,1849,30556,23047
1023,1777,29925,22541
1038,1832,30412,22938
1029,1783,30070,22604
1027,1777,29970,22566
1026,1828,30182,22773
1036,1822,30405,22925
1025,1777,29918,22536
1039,1789,30287,22764
1022,1778,29838,22460
1039,1800,30346,22803
1026,1801,30030,22611
1027,1810,30093,22662
1025,1812,30068,22686
1036,1814,30337,22832
1027,1786,30023,22595
1022,1775,29915,22517
1033,1812,30228,22775
1032,1816,30260,22794
1021,1793,29760,22383
1035,1795,30242,22717
1033,1770,30031,22560
1037,1783,30221,22692
1026,1789,30036,22632
1039,1799,30349,22843
1027,1813,30147,22701
1037,1775,30140,22630
1029,1806,30130,22690
1026,1817,30126,22700
1029,1776,30047,22610
1025,1808,30063,22721
1039,1813,30377,22881
1025,1808,30081,22663
1039,1845,30517,22999
1024,1767,29931,22505
1041,1802,30439,22882
1024,1785,29963,22550
1027,1784,30069,22601
1037,1815,30348,22852
1033,1766,30096,22595
1039,1826,30423,22925
1037,1814,30343,22879
1024,1800,30012,22597
1029,1779,30056,22589
1041,1788,30250,22737
1026,1825,30225,22794
1030,1792,30123,22674
1024,1802,30068,22662
1039,1783,30240,22695
1023,1801,30015,22576
1040,1849,30585,23078
1033,1772,30029,22522
1030,1808,30163,22720
1022,1762,29913,22507
1022,1774,29877,22505
1034,1796,30278,22751
1028,1776,30006,22574
1026,1807,30118,22702
1041,1802,30449,22921
1041,1821,30453,22954
1042,1844,30590,23047
1032,1769,30096,22630
1026,1787,30033,22616
1033,1771,30077,22597
1024,1786,29978,22602
1039,1849,30538,23017
1023,1765,29873,22512
1043,1837,30557,23024
1037,1823,30426,22934
1025,1763,29944,22526
1027,1777,30028,22585
1024,1783,29783,22386
1035,1791,30241,22722
1030,1794,30102,22671
1023,1772,29932,22541
1038,1799,30281,22797
1020,1785,29781,22393
1033,1808,30226,22735
1032,1790,30148,22683
1025,1781,30011,22611
1040,1844,30553,23061
1033,1789,29957,22507
1034,1816,30330,22843
1024,1789,30007,22620
1030,1770,30039,22594
1034,1813,30288,22797
1021,1776,29808,22428
1044,1814,30520,22955
1027,1773,29952,22508
1029,1778,30013,22588
1039,1839,30506,22987
1026,1796,29843,22411
1034,1790,30188,22684
1035,1787,30242,22754
1037,1800,30222,22734
1026,1803,30053,22647
1040,1802,30275,22736
1033,1797,30230,22731
1041,1792,30304,22789
1039,1782,30245,22721
1029,1806,30114,22689
1028,1771,30008,22616
1040,1855,30578,23060
1024,1773,29881,22478
1041,1839,30589,23021
1029,1780,30065,22615
1040,1820,30399,22923
1024,1799,30075,22688
1024,1778,29824,22432
1038,1785,30292,22767
1024,1779,29965,22575
1041,1791,30301,22779
1024,1802,30095,22653
1039,1790,30129,22639
1024,1794,29996,22591
1042,1799,30387,22850
1040,1789,30239,22722
1028,1807,30148,22709
1029,1796,30117,22630
1019,1800,29969,22558
1039,1785,30273,22757
1024,1770,29907,22519
1043,1828,30541,22987
1024,1768,29872,22456
1030,1775,30068,22602
1027,1791,30069,22638
1027,1787,30072,22645
1030,1815,30197,22753
1022,1787,29865,22493
1040,1791,30295,22776
1024,1783,29951,22563
1038,1828,30441,22940
1036,1780,30220,22714
1025,1798,29854,22472
1036,1821,30379,22886
1027,1780,29910,22484
1037,1781,30215,22687
1027,1820,30112,22708
1025,1768,29957,22551
1030,1817,30215,22781
1025,1780,29969,22580
1036,1798,30310,22817
1040,1813,30435,22923
1039,1784,30214,22702
1034,1791,30205,22722
1027,1783,30057,22637
1028,1785,30104,22671
1028,1801,30159,22706
