114,114,114,114,114,114,114,114,114,114,114,114,114,114,114,114,114,114,168,652,520,115,114,259,562,464,132,152,473,453,229,135,367,462,354,183,278,457,271,247,288,410,363,261,266,325,395,225,311,380,
114,114,114,114,114,114,114,114,114,114,114,114,114,114,114,114,114,114,226,715,469,116,117,405,593,250,118,251,519,406,156,199,445,432,222,209,361,421,347,160,328,447,333,241,224,419,390,228,281,312,
114,114,114,114,114,114,114,114,114,114,114,114,114,114,114,114,114,114,177,698,545,117,114,139,608,520,120,118,376,560,276,157,323,384,361,221,322,402,313,221,348,362,332,274,270,414,371,180,316,421,
114,114,114,114,114,114,112,114,114,114,114,114,114,114,114,114,114,114,243,714,341,117,116,421,548,262,139,301,513,367,185,247,393,421,197,218,387,423,280,229,362,406,334,213,356,386,344,217,330,348,
114,114,114,114,114,114,114,114,114,114,114,114,114,114,114,114,114,114,184,702,478,120,115,348,605,286,126,219,543,413,151,149,458,499,258,138,298,506,320,198,288,372,410,256,191,403,427,179,249,329,
114,114,114,114,114,114,114,114,114,114,114,114,114,114,114,114,114,114,231,660,508,116,114,242,598,429,118,149,444,423,287,159,368,483,279,193,275,445,303,272,292,380,382,223,269,335,405,258,301,377,
114,114,113,114,114,114,114,114,114,114,114,114,114,114,114,114,114,114,187,702,462,119,114,267,641,303,125,225,479,426,199,173,390,460,250,178,367,426,293,222,302,401,315,271,253,391,325,239,347,301,
114,113,114,114,114,114,114,114,114,114,114,114,114,114,114,114,114,114,156,638,538,118,115,239,577,445,122,159,459,494,245,130,342,458,358,151,307,474,308,227,229,452,362,234,272,389,378,212,280,310,
114,114,114,114,114,114,114,114,114,114,114,114,114,114,114,114,114,114,230,706,398,117,114,370,601,331,127,186,537,394,169,157,463,475,197,198,379,387,343,226,303,428,302,251,251,398,345,325,284,279,
113,114,114,114,114,114,114,114,114,114,114,114,114,114,114,114,114,114,179,704,468,121,115,346,520,354,124,222,491,476,177,145,436,419,280,160,370,481,271,205,266,438,329,260,280,415,367,165,286,422,
114,114,114,114,114,114,114,114,114,114,114,114,114,114,114,114,114,114,186,669,544,118,114,246,557,432,124,172,453,495,246,122,339,525,290,168,335,447,328,159,321,380,386,275,260,363,338,313,241,359,
114,114,114,114,114,114,114,114,114,114,114,114,114,114,114,114,114,114,253,621,452,116,117,351,632,318,119,220,436,464,185,199,412,436,223,196,386,425,293,211,297,428,344,198,290,408,300,267,344,280,
114,114,114,114,114,114,114,114,114,114,114,114,114,114,114,114,114,114,184,624,518,117,115,246,621,424,122,155,378,531,273,124,289,541,295,181,231,445,393,269,229,335,426,214,274,358,386,287,270,342,
114,114,114,114,114,114,114,114,114,114,114,114,114,114,114,114,114,114,199,734,374,117,116,402,614,265,120,193,548,399,189,176,405,497,199,172,342,491,290,216,311,445,281,240,271,444,354,242,292,320,
114,114,114,114,114,114,114,114,114,114,114,114,114,114,114,114,114,114,168,716,473,116,115,267,628,355,119,163,478,500,201,171,391,424,298,141,348,444,362,226,221,432,335,269,261,378,362,296,288,227,
114,114,114,114,114,114,114,114,114,114,114,113,114,114,114,114,114,114,265,716,394,117,115,401,583,319,124,244,506,360,202,162,445,461,252,194,327,438,320,148,302,407,395,199,294,421,353,266,178,395,
114,114,114,114,114,114,114,114,114,114,114,114,114,114,114,114,114,114,177,735,388,116,116,388,602,289,125,262,454,405,153,238,426,453,219,190,410,437,257,183,346,444,290,219,318,381,340,257,285,381,
114,114,114,114,114,114,114,114,114,114,114,114,114,114,114,114,114,114,164,702,499,117,114,225,645,361,133,167,449,498,223,169,386,475,277,214,245,426,340,216,304,346,354,231,261,402,303,293,255,316,
114,114,114,114,114,114,114,114,114,114,114,114,114,113,114,114,114,114,214,719,420,118,116,326,615,327,127,203,474,447,191,241,407,382,286,157,383,422,298,226,344,402,247,285,287,413,344,264,296,367,
114,114,114,114,114,114,114,114,114,114,114,114,114,114,114,114,114,114,167,681,503,114,114,245,643,429,122,123,436,578,223,133,341,476,385,159,242,481,371,202,188,435,395,301,237,299,428,267,246,303,
114,114,114,114,114,114,114,114,114,114,114,114,114,114,114,114,114,114,193,733,413,118,118,357,597,270,129,209,549,413,169,224,365,446,234,228,341,463,306,177,360,350,320,263,309,388,277,274,293,402,
114,114,114,114,114,114,114,114,114,114,114,114,114,114,114,114,114,114,191,686,481,115,115,284,650,349,122,171,427,489,179,155,317,525,285,200,303,432,374,164,306,366,375,281,240,337,396,284,239,350,
114,114,114,114,114,114,114,114,114,114,114,114,114,114,114,114,114,114,170,675,517,118,114,250,612,486,121,124,413,570,256,149,270,534,353,130,280,491,358,215,254,335,402,216,298,352,385,309,234,350,
114,114,114,114,114,114,114,114,114,114,114,114,114,114,114,114,114,114,170,720,442,121,116,324,629,271,121,196,507,462,152,178,381,494,236,215,360,385,333,168,328,416,353,238,287,406,307,263,240,422,
114,114,114,114,114,114,114,114,114,114,114,114,114,114,114,114,114,114,166,645,524,115,114,209,612,464,122,124,419,576,256,121,322,493,322,220,220,455,346,225,226,439,392,258,253,272,424,301,252,317,
114,114,114,114,114,114,114,114,114,114,114,114,114,114,114,114,114,114,193,735,441,116,114,339,610,320,130,144,511,472,197,151,369,485,241,209,284,467,363,205,283,363,375,227,305,353,399,287,267,332,
114,114,114,114,114,114,114,114,114,114,114,114,114,114,114,114,114,114,207,663,521,117,114,290,547,396,121,186,457,518,222,126,388,447,299,149,346,453,368,200,220,454,321,243,271,404,383,302,227,335,
114,114,114,114,114,114,114,114,114,114,114,114,114,114,114,114,114,114,213,699,443,116,114,387,558,319,116,231,424,473,150,164,370,475,272,192,345,438,352,197,322,421,378,239,288,358,402,287,292,334,
114,114,114,114,114,114,114,114,114,114,114,114,114,114,114,114,114,114,208,716,478,116,114,245,626,374,135,147,459,511,171,176,366,498,320,146,279,409,405,192,288,412,351,283,222,362,354,320,257,363,
114,114,114,114,114,114,114,114,114,114,114,114,114,114,114,114,114,114,262,649,471,116,116,377,565,303,116,242,485,398,223,143,425,463,262,186,340,470,309,158,326,411,377,146,289,391,408,256,184,401,
114,114,114,114,114,114,114,114,114,114,114,114,114,114,114,114,114,114,207,714,470,116,115,304,632,381,119,155,490,488,186,165,326,483,275,200,317,405,359,197,305,399,372,263,212,397,335,310,268,365,
114,114,114,114,114,114,114,114,114,114,114,114,114,114,114,114,114,114,180,694,489,115,114,239,635,431,128,123,367,574,208,149,330,424,371,170,279,433,416,223,218,427,342,267,307,353,342,241,313,322,
114,114,114,114,114,114,114,114,114,114,114,114,114,114,114,114,114,114,204,707,454,117,115,333,614,333,116,128,542,454,210,145,371,507,292,161,245,501,329,223,294,393,383,204,266,355,420,255,241,393,
114,114,114,114,114,114,114,114,114,114,114,114,114,114,114,114,114,114,165,709,489,119,114,227,638,343,133,157,460,492,238,155,297,500,270,226,318,371,323,308,209,366,358,314,296,325,347,269,313,271,
114,114,114,114,114,114,114,114,114,114,114,114,114,114,114,114,114,114,233,664,470,120,114,314,603,407,132,144,506,431,206,160,400,479,278,193,287,453,287,232,312,451,332,267,277,402,331,290,249,352,
114,114,114,114,114,114,114,114,114,114,114,114,114,114,114,114,114,114,175,717,431,116,114,313,610,415,122,121,491,475,253,142,344,477,319,205,304,390,347,194,323,369,390,266,235,390,309,303,274,354,
114,114,114,114,114,114,114,114,114,114,114,114,113,114,114,114,114,114,206,631,514,116,114,253,630,405,121,155,393,543,219,156,377,458,310,144,319,437,381,185,274,461,312,235,297,284,363,302,308,304,
114,114,114,114,114,114,114,114,114,114,114,114,114,114,114,114,114,114,221,688,464,115,114,254,602,421,127,144,461,476,209,133,376,520,338,139,314,460,383,210,223,404,403,290,249,308,416,335,270,295,
114,114,114,114,114,114,114,114,114,114,114,114,114,114,114,114,114,114,182,634,527,115,114,249,626,409,126,157,394,527,200,167,398,466,292,147,327,419,368,200,318,425,307,285,267,407,364,233,332,357,
114,114,114,114,114,114,114,114,114,114,114,114,114,114,114,114,114,114,224,639,504,115,114,235,616,441,142,124,398,498,297,127,300,492,409,174,201,457,368,259,206,405,418,255,255,267,394,336,295,284,
114,114,114,114,114,114,114,114,114,114,114,113,114,114,114,114,114,114,139,708,476,118,114,272,608,385,137,125,465,508,242,139,342,502,270,205,247,457,401,165,259,467,400,213,201,431,361,293,241,356,
114,114,114,114,114,114,114,114,114,114,114,114,114,114,114,114,114,114,167,640,532,115,114,217,553,474,122,129,407,574,248,136,334,417,377,158,293,449,367,220,232,405,325,304,249,386,391,226,271,396,
114,114,114,114,114,114,114,114,114,114,114,114,114,114,114,114,114,114,175,654,519,116,115,311,618,337,119,181,490,441,202,182,386,469,268,160,287,502,342,144,316,385,395,244,264,391,370,268,191,388,
114,114,114,114,114,114,114,114,114,114,114,114,114,114,114,114,114,114,155,719,484,114,114,137,646,433,129,116,390,513,301,140,274,506,377,211,230,441,405,264,219,384,399,318,210,359,402,274,294,342,
114,114,114,114,114,114,114,114,114,114,114,114,114,114,114,114,114,114,161,650,561,116,114,205,545,489,120,129,407,552,278,168,290,454,359,211,210,448,356,288,266,341,399,255,266,314,413,286,289,361,
114,114,114,114,114,114,114,114,114,114,114,114,114,114,114,114,114,114,145,719,477,115,116,299,630,363,124,148,436,509,155,186,381,470,303,186,302,370,395,198,296,409,352,251,283,399,316,308,307,292,
114,114,114,114,114,114,114,114,114,114,114,114,114,114,114,114,114,114,197,700,466,114,115,290,625,378,135,160,498,455,169,142,461,412,273,203,354,430,295,230,228,448,360,246,286,378,354,227,308,307,
114,114,114,114,114,114,114,114,113,114,114,114,114,114,114,114,114,114,182,726,401,117,115,367,588,359,124,234,508,391,153,231,444,396,233,218,374,427,266,208,358,323,324,301,295,350,292,313,267,377,
114,114,114,114,114,114,114,114,114,114,114,114,114,114,114,114,114,114,213,745,425,117,116,307,643,343,115,123,490,552,230,118,307,507,402,139,237,492,363,217,182,414,432,298,203,330,437,244,264,294,
114,114,114,114,114,114,114,114,114,114,114,114,114,114,114,114,114,114,162,722,424,119,115,375,530,332,117,216,446,457,210,154,411,478,288,182,359,447,283,232,336,442,263,260,297,396,274,287,277,408,
114,114,114,114,114,114,114,114,114,114,114,114,114,114,114,114,114,114,225,706,379,120,122,416,602,252,117,294,474,411,172,234,444,405,227,223,386,419,283,271,314,426,313,274,319,391,309,310,285,326,
114,114,114,114,114,114,114,114,114,114,114,114,114,114,114,114,114,114,262,662,464,118,114,320,629,302,131,159,503,479,209,150,347,487,294,181,276,473,307,212,267,453,350,237,297,311,391,261,282,361,
114,114,114,114,114,114,114,114,114,114,114,114,114,114,114,114,114,114,168,725,476,120,115,283,615,352,125,136,480,480,253,150,397,463,241,190,346,429,320,198,291,437,340,212,293,385,276,297,305,379,
114,114,114,114,114,114,114,114,114,114,114,114,114,114,114,114,114,114,223,713,459,117,115,271,651,322,130,212,484,470,213,127,364,459,349,153,308,479,362,195,226,427,345,276,254,410,385,221,296,302,
114,114,114,114,114,114,114,114,114,114,114,114,114,114,114,114,114,114,214,694,465,118,114,320,576,393,133,186,498,400,196,163,417,439,306,203,286,452,268,258,293,410,363,212,284,425,336,254,225,389,
114,114,114,114,114,114,114,114,114,114,114,114,114,114,114,114,114,114,223,728,409,117,115,356,642,259,120,243,417,455,190,208,404,476,251,209,363,442,311,248,308,447,306,262,301,400,336,307,246,387,
114,114,114,114,114,114,114,114,114,114,114,114,114,114,114,114,114,114,237,656,453,117,115,334,616,313,117,167,548,433,167,131,336,549,248,175,298,473,375,226,229,413,405,197,265,318,422,313,262,334,
114,114,114,114,114,114,114,114,114,114,114,114,114,114,114,114,114,114,144,706,473,118,114,253,612,379,146,142,449,505,230,161,291,486,302,206,309,459,325,202,269,426,365,199,268,415,359,254,257,341,
114,114,114,114,114,114,114,114,114,114,114,114,114,114,114,114,114,114,223,683,463,114,115,299,641,367,127,190,416,495,171,153,381,546,275,169,246,480,355,228,230,437,414,183,258,331,434,278,258,366,
114,114,114,114,114,114,114,114,114,114,114,114,114,114,114,114,114,114,248,680,495,117,114,191,638,458,126,131,455,552,212,162,350,503,322,122,275,467,373,203,255,420,397,280,232,403,371,308,234,347,
114,114,114,114,114,114,114,114,114,114,114,114,114,114,114,114,114,114,192,701,454,122,116,294,625,283,124,221,531,400,157,240,440,335,258,200,390,397,302,222,358,412,211,279,325,389,316,291,337,345,
114,114,114,114,114,114,114,114,114,114,114,114,114,114,114,114,114,114,242,676,492,116,115,287,647,293,129,157,515,393,190,155,425,446,252,137,335,510,261,184,281,463,355,253,207,397,342,298,242,361,
114,114,114,114,114,114,114,114,114,114,114,114,114,114,114,114,114,114,175,722,427,116,114,326,592,395,130,138,511,480,128,137,356,544,265,152,322,476,341,151,296,411,396,219,241,374,391,288,227,311,
114,114,114,114,114,114,114,114,114,114,114,114,114,114,114,114,114,114,200,631,527,116,114,223,617,456,118,126,381,576,274,141,304,479,354,127,296,454,379,223,306,301,385,255,290,350,377,301,248,343,
114,114,114,114,114,114,114,114,114,114,114,114,114,114,114,114,114,114,204,709,424,118,114,300,616,387,126,166,506,435,232,174,355,493,215,186,347,479,292,182,349,385,368,251,261,414,298,244,266,425,
114,114,114,114,114,114,114,114,114,114,114,114,114,114,114,114,114,114,192,726,485,115,114,219,640,401,136,135,429,542,173,145,340,518,301,200,297,455,283,228,265,458,371,205,290,343,384,253,283,338,
114,114,114,114,114,114,114,114,114,114,114,114,114,114,114,114,114,114,198,699,509,116,114,287,604,420,122,147,481,447,220,132,378,494,336,165,271,461,280,244,288,423,350,224,298,331,382,254,310,339,
114,114,114,114,114,114,114,114,114,113,114,114,114,114,114,114,114,114,163,733,443,115,114,253,638,409,119,149,475,535,193,134,396,429,336,140,253,417,442,185,256,413,383,285,195,342,365,366,252,274,
114,114,114,114,114,114,114,114,114,114,114,114,114,114,114,114,114,114,158,697,514,114,114,191,562,509,122,120,340,613,330,118,213,452,447,168,242,410,432,274,149,351,427,343,178,339,437,280,264,356,
114,114,114,114,114,114,114,114,114,113,114,114,114,114,114,114,114,114,200,722,406,118,115,372,623,272,122,186,529,412,212,189,333,503,251,190,355,464,295,174,346,358,363,238,311,402,309,287,243,370,
114,114,114,114,114,114,114,114,114,114,114,114,114,114,114,114,114,114,155,636,548,116,114,169,625,464,134,135,338,526,264,170,279,502,380,141,270,392,401,240,274,379,427,235,208,358,430,234,251,314,
114,114,114,114,114,114,114,114,114,114,114,114,114,114,114,114,114,114,243,668,494,116,114,316,556,396,120,175,490,406,213,201,415,448,290,186,367,439,318,236,337,400,365,222,327,398,358,251,311,341,
114,114,114,114,114,114,114,114,114,114,114,114,114,114,114,114,114,114,188,679,482,115,115,285,646,373,126,158,431,496,172,188,367,489,311,148,307,417,372,189,283,416,294,290,252,398,356,280,299,295,
114,114,114,114,114,114,114,114,114,114,114,114,114,114,114,114,114,114,176,709,486,116,114,289,585,386,117,148,480,534,208,117,348,514,340,149,300,459,313,250,218,397,400,298,226,328,421,218,276,351,
114,113,114,114,114,114,114,114,114,114,114,114,114,114,114,114,114,114,211,693,386,120,115,393,592,309,130,201,503,384,208,177,435,461,209,224,380,297,317,247,343,360,327,286,301,349,269,322,291,368,
114,114,114,114,114,114,114,114,114,114,114,114,114,114,114,114,114,114,163,653,556,116,114,218,594,467,119,125,380,568,280,149,292,452,368,141,282,419,426,239,213,409,333,282,245,369,385,340,165,326,
114,114,114,114,114,114,114,114,114,114,114,114,114,114,114,114,114,114,234,698,495,116,114,346,554,391,120,160,498,475,209,132,385,472,221,208,327,479,301,213,333,335,365,228,303,388,368,285,238,343,
114,114,114,114,114,114,114,114,114,114,114,114,114,114,114,114,114,114,205,722,466,115,114,248,646,384,124,131,406,551,226,158,326,493,356,129,287,425,397,234,262,372,352,315,209,362,377,269,302,262,
113,114,114,114,114,114,114,114,114,114,114,114,114,114,114,114,114,114,261,694,430,116,114,335,609,325,126,211,475,451,197,127,412,513,297,175,268,447,312,262,249,413,396,222,257,342,405,241,301,354,
114,114,114,114,114,114,114,114,114,114,114,114,114,114,114,114,114,114,197,729,471,115,115,301,625,377,128,134,468,439,246,155,397,478,258,201,283,432,306,268,299,435,268,211,276,444,319,267,286,391,
114,114,114,114,114,114,114,114,114,114,114,114,114,114,114,114,114,114,202,707,479,116,115,258,657,343,124,192,490,418,227,132,393,495,298,169,294,459,285,248,261,434,385,221,286,328,359,252,329,346,
114,114,114,114,114,114,114,114,114,114,114,114,114,114,114,114,114,114,188,689,489,118,114,250,594,447,133,154,467,453,232,125,374,501,316,186,254,459,387,160,248,461,410,201,175,443,365,279,255,357,
114,114,114,114,114,114,114,114,114,114,114,114,114,114,114,114,114,114,192,719,425,118,115,374,604,280,138,297,430,411,154,247,436,443,258,174,362,391,323,197,354,410,334,265,208,388,377,298,251,391,
114,114,114,114,114,114,114,114,114,114,114,114,114,114,114,114,114,114,174,635,534,117,114,295,595,346,130,205,476,449,177,166,422,456,221,197,331,436,335,256,266,387,394,185,298,359,375,293,285,318,
114,114,114,114,113,114,114,114,114,114,114,114,114,114,114,114,114,114,256,704,474,114,114,184,660,456,123,124,345,575,251,135,286,535,371,152,236,419,429,246,224,400,390,318,228,356,390,330,273,346,
114,114,114,114,114,114,114,114,114,114,114,114,114,114,114,114,114,114,199,631,508,115,114,197,643,405,121,132,456,539,226,156,348,466,363,206,301,394,413,239,276,374,353,261,313,301,384,312,291,339,
114,114,114,114,114,114,114,114,114,114,114,114,114,114,114,114,114,114,233,722,375,117,115,382,608,317,125,188,523,374,197,199,375,464,222,218,341,475,324,150,330,400,345,218,283,406,294,280,260,415,
114,114,114,114,114,114,114,114,114,114,114,114,114,114,114,114,114,114,181,673,486,115,115,261,639,401,122,143,397,541,244,147,299,468,375,162,292,451,318,258,215,378,392,321,253,317,375,235,322,315,
114,114,114,114,114,114,114,114,114,114,114,114,114,114,114,114,114,114,172,662,515,119,114,255,617,462,126,121,395,535,293,142,266,488,371,178,241,421,394,235,240,363,403,252,278,288,370,324,272,330,
114,114,114,114,114,114,114,114,114,114,114,114,114,114,114,114,114,114,177,707,421,120,114,336,614,362,116,151,421,551,218,136,349,492,312,137,325,422,392,212,252,430,326,250,242,401,346,312,285,293,
114,114,114,114,114,114,114,114,114,114,114,114,114,114,114,114,114,114,171,697,520,118,114,300,556,409,121,179,481,445,221,143,383,444,276,200,262,471,275,226,326,431,320,224,315,300,381,275,220,395,
114,114,114,114,114,114,114,114,114,114,114,114,114,114,114,114,114,114,204,679,523,118,115,314,616,298,127,187,515,434,228,181,345,497,229,186,341,486,292,214,349,330,350,255,315,371,379,272,289,296,
114,114,114,114,114,114,114,114,114,114,114,114,114,114,114,114,114,114,144,735,414,116,115,334,607,348,134,161,494,367,226,168,397,418,268,200,378,363,336,173,344,344,328,200,319,382,337,228,296,370,
114,114,114,114,114,114,114,114,114,114,114,114,114,114,114,114,114,114,194,721,430,115,114,311,603,409,128,169,487,437,210,128,402,501,257,171,328,427,343,217,269,415,360,219,282,401,342,265,277,398,
114,114,114,114,114,114,114,114,114,114,114,114,114,114,114,114,114,114,191,756,409,115,114,308,633,347,127,127,491,507,239,158,322,499,368,146,250,408,430,220,276,378,351,315,208,341,373,345,255,337,
114,114,114,114,114,114,114,114,114,114,114,114,114,114,114,114,114,114,194,697,513,116,114,290,557,418,118,157,457,512,247,129,351,455,330,156,327,448,325,245,208,412,415,163,262,404,406,264,244,346,
114,114,114,114,114,114,114,114,114,114,114,114,114,114,114,114,114,114,212,726,438,117,116,335,653,338,118,188,509,430,190,211,327,479,256,233,342,404,332,203,315,363,367,252,328,360,281,327,258,338,
114,114,114,114,114,114,114,114,114,114,114,114,114,114,114,114,114,114,165,656,527,115,114,202,638,457,123,122,350,561,257,152,285,520,365,130,268,419,408,229,165,407,454,283,191,318,451,266,226,306,
114,114,114,114,114,114,114,114,114,114,114,114,114,114,114,114,114,114,153,740,417,117,115,343,622,364,119,134,514,479,168,185,388,503,258,172,357,456,309,173,303,448,318,215,302,390,358,255,253,383,
114,114,114,114,114,114,114,114,114,114,114,114,114,114,114,114,114,114,166,711,496,117,114,191,633,401,135,129,449,516,210,168,283,493,335,207,270,398,404,274,243,342,306,349,245,347,375,311,304,256,
114,114,114,114,114,114,114,114,114,114,114,114,114,114,114,114,114,114,223,657,493,118,114,337,566,373,119,200,503,429,213,147,398,442,311,167,338,484,255,197,298,456,317,263,301,323,386,307,158,359,
114,114,114,114,114,114,114,114,114,114,114,114,114,114,114,114,114,114,141,716,498,118,114,226,636,434,125,121,358,576,227,151,298,501,366,191,227,372,449,236,193,424,373,278,281,338,369,250,287,292,
114,114,114,114,114,114,114,114,114,114,114,114,114,114,114,114,114,114,253,603,450,115,116,313,624,316,120,217,517,480,157,176,436,495,228,204,329,482,268,224,278,426,279,269,304,284,347,249,340,253,
114,114,114,114,114,114,114,114,114,114,114,114,114,114,114,114,114,114,232,724,483,115,114,313,569,409,120,179,502,508,194,118,332,533,371,163,233,458,351,234,218,419,406,314,221,326,397,288,247,328,
114,114,114,114,114,114,114,114,114,114,114,114,114,114,114,114,114,114,176,686,509,118,116,324,552,372,124,216,473,462,216,138,414,457,238,227,290,411,300,285,287,410,319,264,293,406,341,208,322,364,
114,114,114,114,114,114,114,114,114,114,114,114,114,114,114,114,114,114,183,641,524,115,114,232,606,436,152,133,417,470,274,131,346,466,364,208,210,451,339,238,267,418,366,251,271,304,398,267,281,350,
114,114,114,114,114,114,114,114,114,114,114,114,114,114,114,114,114,114,195,709,466,123,115,352,578,356,119,215,419,492,166,172,346,492,202,203,286,451,359,154,307,432,386,200,276,345,426,195,264,309,
114,114,114,114,114,113,114,114,114,114,114,114,114,114,114,114,114,114,192,709,496,115,114,270,522,432,127,169,439,525,233,147,369,383,336,208,316,424,347,233,238,410,317,305,281,357,375,239,298,376,
114,113,114,114,114,114,114,114,114,114,114,114,114,114,114,114,113,114,156,725,447,117,115,336,611,315,126,139,507,460,225,180,328,491,247,179,335,447,324,170,320,358,390,267,283,376,294,309,327,295,
114,114,114,114,114,114,114,114,114,114,114,114,114,114,114,114,114,114,216,688,446,117,115,292,668,371,118,144,417,515,196,182,354,506,317,134,302,438,378,173,310,427,341,266,202,394,415,174,247,404,
114,114,114,114,114,114,114,114,114,114,114,114,114,114,114,114,114,114,148,737,449,116,114,274,619,359,138,136,472,494,240,153,382,461,226,237,293,414,332,280,274,345,396,203,277,373,398,268,278,355,
114,114,114,114,112,114,114,114,114,114,114,114,114,114,114,114,114,114,191,708,473,120,115,241,651,331,121,154,498,491,201,156,288,527,305,173,305,455,340,170,312,359,405,269,176,402,427,289,249,275,
114,114,114,114,114,114,114,114,114,114,114,114,114,114,114,114,114,114,224,664,500,118,115,339,544,341,133,247,492,383,189,153,454,415,264,224,340,438,250,221,286,456,343,261,286,293,402,266,268,341,
114,114,114,114,114,114,114,114,114,114,114,114,114,114,114,114,114,114,179,706,438,118,114,302,603,396,137,140,471,452,234,154,397,467,244,229,267,417,343,279,276,359,292,342,260,308,349,368,301,265,
114,114,114,114,114,114,114,114,114,114,114,114,114,114,114,114,114,114,217,701,468,115,114,272,619,376,126,144,433,562,210,140,370,453,321,146,303,447,397,194,256,440,303,271,246,389,395,281,234,311,
114,114,114,113,114,114,114,114,114,114,114,114,114,114,114,114,114,114,152,727,473,117,115,277,612,321,135,160,505,486,170,155,341,501,266,200,304,495,346,155,255,402,416,188,283,404,372,279,210,360,
114,114,113,114,114,114,114,113,114,114,114,114,114,114,114,114,114,114,221,667,476,119,115,236,648,329,133,146,524,392,174,213,406,363,319,235,354,418,251,270,282,399,336,287,297,341,366,243,301,296,
114,114,114,114,114,114,114,114,114,114,114,114,114,114,114,114,114,114,168,623,530,116,115,286,598,415,118,140,422,538,224,170,351,504,300,149,260,499,308,220,253,455,397,185,257,341,424,257,240,358,
114,114,114,114,114,114,114,114,114,114,114,114,114,114,114,114,114,114,188,700,425,122,120,406,588,196,126,252,546,403,165,177,394,478,204,201,336,487,312,159,333,383,347,218,312,361,350,253,301,311,
114,114,114,114,114,114,114,114,114,113,114,114,114,114,114,114,114,114,240,698,446,115,114,312,609,376,123,145,483,493,179,154,380,477,349,141,296,492,335,206,209,426,385,280,237,388,402,191,276,350,
114,113,114,114,114,114,114,114,114,114,114,114,114,114,114,114,114,114,149,739,454,115,114,260,633,383,130,119,422,554,281,126,259,530,307,198,242,461,406,192,248,348,402,280,275,341,334,318,224,363,
114,114,114,114,114,113,114,114,114,114,114,114,114,114,114,114,114,114,188,740,424,116,115,351,619,289,122,202,423,464,196,223,389,468,275,140,363,415,322,218,345,404,317,254,223,423,342,270,303,370,
114,114,114,114,114,114,114,114,114,114,114,114,114,114,114,114,114,114,188,672,544,116,114,251,535,447,122,142,453,552,210,128,381,421,337,179,305,456,402,175,200,412,439,198,238,325,439,339,223,303,
114,114,114,114,114,114,114,114,114,114,114,114,114,114,114,114,114,114,230,735,407,115,114,342,639,335,118,160,441,498,172,179,401,508,259,142,368,393,337,207,344,426,283,248,278,396,306,304,302,380,
114,114,114,114,114,114,114,114,114,114,114,114,114,114,114,114,114,114,190,611,525,122,114,272,577,384,135,167,456,477,191,161,397,447,262,208,328,409,305,271,260,400,329,301,306,298,372,237,316,350,
114,114,114,114,114,114,114,114,114,114,114,114,114,114,114,114,114,114,172,661,548,121,114,168,573,531,125,120,320,592,256,145,199,528,346,174,199,436,391,246,257,367,416,280,283,343,410,292,262,310,
114,114,114,114,114,114,114,114,114,114,114,114,114,114,114,114,114,114,151,696,510,121,115,308,614,402,121,127,448,528,285,125,318,456,352,168,266,382,398,228,256,380,407,285,208,390,406,308,249,289,
114,114,114,113,114,114,114,114,114,114,114,114,114,114,114,114,114,114,193,735,405,116,114,326,622,379,121,130,507,450,228,141,385,517,240,181,277,466,339,228,255,415,411,163,265,413,394,272,177,383,
114,114,114,114,114,114,114,114,114,114,114,114,114,114,114,114,114,114,195,745,392,115,114,338,606,353,127,138,525,491,124,150,411,530,270,148,309,443,371,138,293,468,395,217,196,428,379,258,185,414,
114,114,114,114,114,114,114,114,114,114,114,114,114,114,114,114,114,114,231,697,434,119,115,301,612,338,144,229,480,421,193,178,394,464,251,179,371,436,268,223,335,388,315,237,331,335,343,248,354,365,
114,114,114,114,114,114,114,114,114,114,114,114,114,114,114,114,114,114,191,698,504,117,114,297,583,422,125,124,376,569,223,142,242,522,304,182,230,445,391,230,258,382,425,267,269,337,409,287,278,296,
114,114,114,114,114,114,114,114,114,114,114,114,114,114,114,114,114,114,229,709,481,116,115,309,645,331,127,170,505,393,215,133,421,405,279,152,347,470,244,202,323,476,272,239,231,425,334,256,194,414,
114,114,114,114,114,114,114,114,114,114,114,114,114,114,114,114,114,114,174,659,511,116,115,323,580,390,122,162,519,405,214,150,406,478,261,201,288,441,300,253,306,421,321,191,340,342,331,277,351,356,
114,114,114,114,114,114,114,114,114,114,114,114,114,114,114,114,114,114,194,699,462,116,116,311,642,295,122,225,473,421,148,219,383,486,260,148,393,388,303,228,265,425,324,262,255,409,395,210,286,316,
114,114,114,114,114,114,114,114,114,114,114,114,114,114,114,114,114,114,169,711,487,116,114,316,624,404,119,143,495,455,226,133,383,508,273,150,306,469,351,192,279,438,362,217,259,402,375,221,276,423,
114,114,114,114,114,114,114,114,114,114,114,114,114,114,114,114,114,114,235,724,470,115,115,307,661,334,122,158,507,416,233,177,288,492,261,224,217,420,355,244,266,386,381,291,287,326,414,304,274,331,
114,114,114,114,114,114,114,114,114,114,114,114,114,114,114,114,114,114,167,720,477,118,115,301,604,415,117,148,411,539,175,138,295,532,311,163,303,383,393,184,286,426,386,226,247,337,431,226,234,360,
114,114,114,114,114,114,114,114,114,114,114,114,114,114,114,114,114,114,210,681,523,115,114,281,545,404,122,180,499,412,197,186,438,436,211,224,324,460,263,238,360,380,329,185,344,380,329,246,342,386,
114,114,114,114,114,114,114,114,114,114,114,114,114,114,114,114,114,114,160,702,503,118,114,185,630,405,133,125,444,538,209,150,275,512,337,185,236,448,422,223,168,393,409,305,158,358,453,321,226,241,
114,114,114,114,114,114,114,114,114,114,114,114,114,114,114,113,114,114,210,672,526,116,114,289,550,394,131,199,489,435,199,141,415,439,314,194,319,448,356,214,241,390,398,237,231,388,382,279,265,319,
114,114,114,114,114,114,114,114,114,114,114,114,114,114,114,114,114,114,168,728,410,119,115,368,611,286,125,187,521,413,206,165,415,486,185,193,392,396,329,258,274,387,311,283,257,405,353,263,314,305,
114,114,114,114,114,114,114,114,114,114,114,114,114,114,114,114,114,114,265,673,420,114,116,373,563,368,120,182,527,447,167,135,441,450,298,178,304,485,295,197,262,461,337,254,305,320,372,255,295,348,
114,113,114,114,114,114,114,114,114,114,114,114,114,114,114,114,114,114,222,722,470,116,114,336,575,392,119,173,511,435,209,135,396,503,208,184,382,493,263,174,367,358,338,248,325,381,354,272,238,395,
114,114,114,114,114,114,114,114,114,114,114,114,114,114,114,114,114,114,164,695,498,115,115,268,614,395,135,153,420,494,169,200,364,476,307,177,320,385,342,205,340,383,346,289,302,278,369,303,337,314,
114,114,114,114,114,114,114,114,114,114,114,114,114,114,114,114,114,114,174,700,506,120,114,273,605,458,123,141,443,537,245,131,264,484,411,131,246,423,461,238,180,393,464,244,193,358,408,315,234,283,
114,112,114,114,114,114,114,114,114,114,114,114,114,114,114,114,114,114,144,725,475,118,114,284,639,328,125,142,492,495,223,149,319,503,263,195,308,478,342,181,285,424,346,256,196,388,425,245,245,288,
114,114,114,114,114,114,114,114,114,114,114,114,113,114,114,114,114,114,203,695,477,117,114,297,619,428,121,154,456,535,214,162,340,516,289,195,267,464,303,236,223,432,303,264,218,380,350,285,280,352,
114,114,114,114,114,114,114,114,114,114,114,114,114,114,114,114,114,114,154,721,455,119,115,317,616,292,129,175,519,442,202,184,348,478,210,206,306,442,329,148,307,369,372,173,279,396,372,263,256,385,
114,114,114,114,114,114,114,114,114,114,114,114,114,114,114,114,114,114,202,666,517,117,114,223,623,424,140,141,452,496,268,145,354,457,354,157,299,384,384,168,288,330,388,218,266,355,378,305,262,375,
114,114,114,114,114,114,114,114,114,114,114,114,114,114,114,114,114,114,174,726,423,116,115,338,624,302,126,163,512,447,214,186,351,464,282,236,267,431,339,268,302,334,367,228,306,348,375,293,316,333,
114,114,114,114,114,114,114,114,114,114,114,114,114,114,114,114,114,114,209,698,460,116,114,221,662,383,123,132,461,530,188,145,305,532,318,182,296,419,375,159,286,399,411,240,247,406,407,186,261,388,
114,114,114,114,114,114,114,114,114,114,114,114,114,114,114,114,114,114,176,641,516,115,114,263,630,398,123,158,462,531,223,130,366,473,344,176,286,465,304,235,236,423,373,271,279,325,386,234,288,346,
114,114,114,114,114,114,114,114,114,114,114,114,114,114,114,114,114,114,192,735,402,116,115,364,611,303,126,172,524,416,202,188,403,456,211,212,320,462,309,234,324,365,351,254,197,390,354,309,240,365,
114,114,114,114,114,114,114,114,114,114,114,114,114,114,114,114,114,114,193,710,458,117,115,284,628,311,126,185,517,451,159,196,453,401,242,156,394,445,326,199,274,438,297,266,265,403,364,256,290,301,
114,114,114,114,114,114,114,114,114,114,114,114,114,114,114,114,114,114,172,624,520,117,114,251,618,450,123,154,464,486,201,176,303,490,296,218,316,408,346,181,320,336,362,256,314,359,343,297,238,355,
114,114,114,114,114,114,114,114,114,114,114,114,114,114,114,114,114,114,196,702,469,116,114,304,603,365,122,144,438,537,166,143,353,541,306,143,296,410,396,188,282,416,391,248,190,409,358,296,246,369,
114,114,114,114,114,114,114,114,114,114,114,114,114,114,114,114,114,114,191,694,518,117,114,292,566,425,125,175,480,449,219,132,389,464,320,181,304,448,325,243,277,412,372,214,283,324,400,280,282,345,
114,114,114,114,114,114,114,114,114,114,114,114,114,114,114,114,114,114,255,716,446,115,115,351,601,336,126,237,503,463,179,210,410,479,233,218,361,459,260,233,284,437,261,260,320,340,377,261,307,328,
114,114,114,114,114,114,114,114,114,114,114,114,114,114,114,114,114,114,180,634,524,116,115,287,589,401,117,157,438,528,219,159,374,439,311,170,336,447,321,225,221,427,358,283,259,366,382,219,291,319,
114,114,114,114,114,114,114,114,114,114,114,114,114,114,114,114,114,114,222,707,416,119,115,356,598,357,125,163,525,404,187,159,424,482,254,200,284,444,297,198,342,351,333,234,346,388,274,288,285,381,
114,114,114,114,114,114,114,114,114,114,114,114,114,114,114,114,114,114,272,707,406,115,115,346,621,333,119,170,501,470,181,154,348,505,325,132,299,436,404,202,276,419,335,275,207,392,370,311,264,309,
114,114,114,114,114,114,114,114,114,114,114,114,114,114,114,114,114,114,183,679,532,118,114,302,539,397,122,193,482,482,194,136,413,431,303,173,347,447,294,236,247,423,362,159,300,421,390,233,238,403,
114,114,114,114,114,114,114,114,114,114,114,114,114,114,114,114,114,114,167,682,518,115,114,237,593,431,118,144,451,504,197,170,312,490,291,146,347,466,343,208,221,430,336,273,266,395,382,225,288,306,
114,114,114,114,114,114,114,114,114,114,114,114,114,114,114,114,114,114,226,692,498,116,115,327,554,379,119,181,488,497,204,137,407,423,305,184,357,428,291,234,301,436,336,256,292,324,376,248,307,350,
114,114,114,114,114,114,114,114,114,114,114,114,114,114,114,114,114,114,204,714,431,117,114,313,605,355,128,139,485,450,238,168,372,487,237,200,282,462,338,234,291,351,384,210,292,368,389,279,242,369,
114,114,114,114,114,114,114,114,114,114,114,114,114,114,114,114,114,114,189,733,444,117,115,371,603,293,120,210,507,436,171,184,415,447,253,191,349,372,347,268,254,387,302,302,285,365,354,279,300,286,
114,114,114,114,114,114,114,114,114,114,113,114,114,114,114,114,114,114,166,628,532,120,114,197,608,462,134,120,429,499,291,141,317,503,298,193,223,463,380,242,255,352,399,215,269,348,413,300,210,351,
114,114,114,114,114,114,114,114,114,114,114,114,114,114,114,114,114,114,191,717,477,118,114,306,606,407,120,160,461,534,169,160,334,513,290,197,313,482,337,226,254,435,344,276,221,384,314,302,210,358,
114,114,114,114,114,114,114,114,114,114,114,114,114,114,114,114,114,114,251,631,459,118,114,333,549,377,117,178,421,499,174,144,327,522,296,158,312,462,385,198,160,437,400,271,213,337,425,342,172,320,
114,114,114,114,114,114,114,114,114,114,114,114,114,114,114,114,114,114,228,722,465,116,114,320,581,393,122,172,494,518,170,125,345,574,316,140,278,419,411,169,258,422,416,245,191,400,353,280,279,292,
114,114,114,114,114,114,114,114,114,114,114,114,114,114,114,114,114,114,211,671,493,115,114,256,595,421,117,141,468,494,210,153,350,477,306,183,311,428,332,213,288,410,274,287,315,395,308,291,284,397,
114,114,114,114,114,114,114,114,114,113,114,114,114,114,114,114,114,114,171,709,474,120,115,323,525,394,124,200,472,471,209,140,413,420,299,200,356,423,273,244,267,418,327,276,293,363,363,220,309,320,
114,114,114,114,114,114,114,114,114,114,114,114,114,114,114,114,114,114,198,654,522,115,114,178,638,379,127,127,473,495,217,163,365,511,298,190,299,479,347,168,303,427,398,189,284,370,402,202,274,305,
114,114,114,114,114,114,114,114,114,114,114,114,113,114,114,114,114,114,233,701,456,114,115,327,523,379,125,229,484,460,196,142,421,418,269,220,349,457,300,210,335,350,356,210,317,393,361,267,226,390,
114,114,114,114,114,114,114,114,114,114,114,114,114,114,114,114,114,114,188,725,435,117,114,348,540,370,117,178,442,488,214,152,384,473,324,182,263,477,377,233,230,423,371,288,194,378,343,318,194,343,
114,114,114,114,114,114,114,114,114,114,114,114,114,114,114,114,114,114,193,684,498,117,116,321,610,362,118,184,446,489,193,192,404,491,252,159,339,459,311,190,302,423,342,229,277,392,356,183,309,411,
114,114,114,114,114,114,114,114,114,114,114,114,114,114,114,114,114,114,181,684,535,117,114,298,544,413,121,167,475,491,223,169,294,497,308,214,308,401,362,172,304,381,379,266,279,375,304,306,245,357,
114,114,114,114,114,114,114,114,114,114,114,113,114,114,114,114,114,114,159,706,507,118,115,220,635,372,130,154,480,491,170,165,323,506,293,197,313,419,361,161,291,395,409,235,232,339,431,231,250,341,
114,114,114,114,114,114,114,114,114,114,114,114,114,114,114,114,114,114,211,644,484,115,115,296,644,386,119,149,487,411,226,146,411,437,303,210,304,435,268,250,294,423,348,262,292,303,379,265,308,337,
114,114,114,114,114,114,114,114,114,114,114,114,114,114,114,114,114,114,146,712,435,120,114,361,529,346,120,192,448,475,192,150,395,487,319,161,331,446,377,196,301,415,391,230,209,407,371,292,265,348,
114,114,114,114,114,114,114,114,114,114,114,114,114,114,114,114,114,114,190,642,514,115,114,250,619,416,119,166,446,524,223,153,375,423,325,165,335,429,365,221,255,392,380,250,251,364,381,290,247,332,
114,114,114,114,114,114,114,114,114,114,114,114,114,114,114,114,114,114,194,701,482,117,114,325,575,394,124,193,497,415,205,133,406,473,309,174,347,440,303,187,351,368,340,225,321,392,369,241,312,369,
114,114,114,114,114,114,114,114,114,114,114,114,114,114,114,114,114,114,192,720,474,117,114,265,646,381,127,158,427,499,174,170,371,510,293,167,319,389,361,200,313,405,376,240,210,404,347,302,266,274,
114,114,114,114,114,114,114,114,114,114,114,114,114,114,114,114,114,114,187,707,509,116,115,292,636,365,129,166,492,451,224,150,398,418,315,174,351,433,247,229,298,440,280,252,330,396,332,209,322,327,
114,114,114,114,114,114,114,114,114,114,114,114,114,114,114,114,114,114,222,735,418,114,116,338,649,326,123,188,454,480,150,188,399,500,270,175,352,384,334,186,333,424,356,248,234,406,362,287,278,314,
114,114,114,114,114,114,114,114,114,114,114,114,114,114,114,114,114,114,177,683,503,115,114,213,640,434,129,128,363,556,283,120,237,450,458,161,212,425,452,256,150,378,411,321,215,291,399,354,246,267,
114,114,114,114,114,114,114,114,114,114,114,114,114,114,114,114,114,114,164,719,455,117,114,288,613,425,125,136,499,445,233,147,391,485,269,193,267,476,325,236,291,432,281,257,257,413,343,294,289,333,
114,114,114,114,114,114,114,114,114,114,114,114,114,114,114,114,114,114,168,728,450,118,115,292,633,297,128,220,476,463,204,153,424,406,280,186,375,440,280,231,258,435,315,267,306,381,351,204,314,387,
114,114,114,114,114,114,114,114,114,114,114,114,114,114,114,114,114,114,193,712,409,117,115,313,623,292,130,187,513,448,147,215,396,462,258,202,368,362,322,229,301,348,369,216,301,372,386,278,228,373,
114,114,114,114,114,114,114,114,114,114,114,114,114,114,114,114,114,114,230,718,393,116,115,384,598,297,123,276,455,411,157,236,435,442,247,159,388,390,313,221,356,413,270,265,271,406,328,287,304,343,
114,114,114,114,114,114,114,112,114,114,114,114,114,114,114,114,114,114,199,635,504,115,114,267,625,413,118,146,412,531,226,173,362,453,307,202,235,437,322,261,262,413,366,245,290,303,383,266,304,350,
114,114,114,114,114,114,114,114,114,114,114,114,114,114,114,114,114,114,203,700,465,116,114,271,644,384,124,121,464,520,270,132,291,534,286,170,253,487,386,209,255,351,416,223,256,363,431,238,228,300,
114,114,114,114,114,114,114,114,114,114,114,114,114,114,114,114,114,114,190,720,484,116,114,235,639,372,128,153,454,502,176,170,391,366,306,195,355,421,334,243,251,398,307,291,293,388,345,247,305,297,
114,113,114,114,114,114,114,114,114,114,113,114,114,114,114,114,114,114,253,716,428,116,114,368,586,353,122,206,519,408,189,144,428,467,285,184,321,464,257,224,297,455,348,263,277,355,369,311,203,357,
114,114,114,114,114,114,114,114,114,114,114,114,114,114,114,114,114,114,225,710,432,117,114,337,598,381,122,165,502,501,135,150,421,543,239,157,332,519,321,189,262,471,327,231,217,430,322,265,194,389,
114,114,114,114,114,114,114,114,114,114,114,114,114,114,114,114,114,114,206,718,452,115,115,360,640,314,115,147,514,491,227,157,340,514,297,189,270,479,304,233,297,325,389,263,306,283,369,263,304,250,
114,114,114,114,114,114,114,114,114,114,114,114,114,114,114,114,114,114,182,698,491,117,114,246,608,410,126,121,460,504,264,122,331,435,370,137,267,455,337,193,294,403,322,291,241,374,372,304,276,341,
114,114,114,114,114,114,114,114,114,114,114,114,114,114,114,114,114,114,220,654,495,116,115,317,573,381,118,186,474,495,197,164,411,416,284,157,351,452,285,233,249,417,345,282,289,349,367,232,300,331,
114,114,114,114,114,114,114,114,114,114,114,114,114,114,113,114,114,114,219,710,493,115,114,270,626,317,127,144,511,402,199,141,407,470,273,202,333,456,318,244,303,369,294,319,332,345,329,237,339,357,
114,114,114,114,113,114,114,114,114,114,114,114,114,114,114,114,114,114,178,672,506,115,114,236,645,420,116,132,430,567,250,136,320,436,364,141,273,426,418,224,239,397,342,295,218,371,381,321,260,273,
114,114,114,114,114,114,114,114,114,114,114,114,114,114,114,114,114,114,219,731,361,116,114,387,603,340,121,165,539,406,187,160,425,477,258,190,279,464,297,238,299,419,359,201,303,333,384,287,245,352,
114,114,114,114,114,114,114,114,114,114,114,114,114,114,114,114,114,114,210,697,458,116,114,300,620,376,119,140,459,506,221,139,282,525,318,191,215,465,321,234,191,413,341,267,224,370,404,285,280,331,
114,114,114,114,114,114,114,114,114,114,114,114,114,114,114,114,114,114,189,689,523,117,115,305,545,400,120,173,473,506,210,129,387,451,309,189,249,458,313,247,276,423,371,251,278,309,393,258,289,340,
114,114,114,114,114,114,114,114,114,114,114,114,114,114,114,114,114,114,178,710,485,119,115,307,601,417,119,146,476,466,252,145,378,439,327,141,316,377,367,176,278,382,380,272,257,378,373,328,262,351,
114,114,114,114,114,114,114,114,114,114,114,114,114,114,114,114,114,114,205,640,496,115,115,281,630,393,119,162,417,523,204,168,383,467,301,138,334,429,311,240,230,407,314,288,281,390,357,243,286,303,
114,114,114,114,114,114,114,114,114,114,114,114,114,114,114,114,114,114,210,646,490,115,114,292,647,309,119,134,532,463,197,148,373,508,238,183,295,476,337,219,288,371,383,203,290,371,402,280,241,354,
114,114,114,114,114,114,114,114,114,114,114,114,114,114,114,114,114,114,197,699,506,117,114,308,629,358,120,145,466,491,206,157,370,471,287,174,320,408,347,244,326,377,322,286,253,381,309,300,306,366,
114,114,114,114,114,114,114,114,114,114,114,114,114,114,114,114,114,114,230,726,443,118,114,343,578,378,124,201,507,413,194,141,421,466,299,177,300,470,283,235,273,427,360,241,291,322,381,250,293,369,
114,114,114,114,114,114,114,114,114,114,114,114,114,114,114,114,114,114,214,705,433,116,114,310,595,412,127,157,489,420,208,142,407,480,231,210,361,441,308,165,345,385,354,235,328,409,286,260,254,402,
114,114,114,114,114,114,114,114,114,114,114,114,114,114,114,114,114,114,231,653,444,115,116,352,631,316,126,202,431,475,158,194,405,489,260,153,364,392,336,195,328,422,335,247,307,310,353,247,323,322,
114,114,114,114,114,114,114,114,114,114,114,114,114,114,114,114,114,114,252,722,425,116,114,347,588,374,124,182,509,404,199,175,418,471,225,204,302,458,311,240,311,393,348,189,308,367,383,268,288,353,
114,114,114,114,114,114,114,114,114,114,114,114,114,114,114,114,114,114,210,731,441,116,115,298,634,287,125,189,525,461,166,148,402,474,267,166,335,455,313,205,300,416,332,239,306,428,316,269,318,343,
114,114,114,114,114,114,114,114,114,114,114,114,114,114,114,114,114,114,197,682,466,117,117,319,612,297,132,247,481,415,205,160,425,406,277,202,367,441,245,242,285,426,320,265,305,354,359,221,307,343,
114,114,114,114,114,114,114,114,114,114,114,114,114,114,114,114,114,114,217,728,394,116,115,355,604,308,133,219,466,467,195,199,421,389,277,167,366,432,342,164,322,414,373,237,259,409,301,285,264,384,
114,114,114,114,114,114,114,114,114,114,114,114,114,114,114,114,114,114,173,674,501,115,114,234,631,425,117,132,396,562,237,150,332,452,340,141,306,438,400,220,235,412,321,284,228,386,383,302,273,373,
114,114,114,113,114,114,114,114,114,114,114,114,114,114,114,114,114,114,196,728,394,117,115,376,612,318,124,158,532,420,192,176,420,466,256,228,330,372,357,183,305,400,382,266,234,380,313,311,273,357,
114,114,114,114,114,114,114,114,114,114,114,114,114,114,114,114,114,114,167,711,505,114,114,175,625,487,121,121,336,588,288,140,262,522,380,155,223,445,418,214,208,388,417,268,214,336,412,304,236,306,
114,114,114,114,114,114,114,114,114,114,114,114,114,114,114,114,114,114,208,643,499,116,114,254,621,447,122,146,455,549,213,151,370,460,335,173,325,413,374,187,298,342,389,191,282,332,377,261,267,358,
114,114,114,114,114,114,114,114,114,114,114,114,114,114,114,114,114,114,190,701,502,115,114,207,634,498,121,124,414,602,253,115,197,494,469,181,148,416,480,309,137,292,449,373,170,284,344,387,223,255,
114,114,114,114,114,114,114,114,114,114,114,114,114,114,114,114,114,114,167,734,418,116,115,332,622,341,133,181,506,451,167,210,439,468,229,218,381,381,303,208,356,430,346,214,256,431,335,248,295,338,
114,114,114,114,114,114,114,114,114,114,114,114,114,114,114,114,114,114,164,727,433,117,115,339,620,314,125,155,524,445,205,156,372,493,223,195,309,477,326,217,310,388,386,221,286,397,332,282,223,383,
114,114,114,114,114,114,114,114,114,114,114,114,114,114,114,114,114,114,136,711,473,119,115,304,613,402,116,135,456,568,229,130,336,452,368,151,291,454,406,217,221,391,411,264,233,354,398,302,242,317,
114,114,114,114,114,114,114,114,114,114,114,114,114,114,114,114,114,114,223,678,494,116,115,324,546,379,118,186,480,500,201,154,412,411,296,170,365,437,302,184,336,360,357,244,326,373,323,296,234,372,
114,114,114,114,114,114,114,114,114,114,114,114,114,114,114,114,114,114,205,716,458,116,115,287,621,294,128,212,524,440,154,192,361,471,242,216,365,434,299,164,336,388,361,232,308,404,303,279,301,320,
114,114,114,114,114,114,114,114,114,114,114,114,114,114,114,114,114,114,140,643,555,116,114,196,612,446,133,141,372,538,232,160,332,514,279,175,249,490,336,230,273,414,391,189,281,351,417,276,278,361,
114,114,114,114,114,114,114,114,114,114,114,114,114,114,114,114,114,114,255,724,417,117,116,337,614,254,128,235,533,417,156,191,370,480,230,217,364,442,295,171,357,375,342,243,338,380,291,310,282,370,
114,114,114,114,114,114,114,114,114,114,114,114,114,114,114,114,114,114,200,736,448,117,114,269,637,313,127,176,506,473,220,159,296,518,319,195,296,421,367,166,290,389,411,253,281,361,345,280,287,340,
114,114,114,114,114,114,114,114,114,114,114,114,114,114,114,114,114,114,150,692,494,122,114,254,602,450,130,126,468,453,254,149,370,488,285,190,249,460,339,244,279,395,376,244,291,353,385,300,234,348,
114,114,114,114,114,114,114,113,114,114,114,114,114,114,114,114,114,114,163,711,489,118,114,227,634,362,130,144,436,517,174,158,340,508,304,190,314,386,363,187,304,393,388,265,225,379,322,311,261,361,
114,114,114,114,114,114,114,114,114,114,114,114,114,114,114,114,114,114,226,660,485,115,114,284,620,395,117,156,435,538,211,164,379,445,313,138,328,449,381,214,205,437,405,277,194,388,366,327,175,340,
114,114,114,114,114,114,114,114,114,114,114,114,114,114,114,114,114,114,190,713,405,117,115,369,603,280,128,191,522,434,199,182,357,466,217,223,345,463,311,190,320,361,368,221,303,393,367,270,230,370,
114,114,114,114,114,114,114,114,114,114,114,114,114,114,114,114,114,114,187,709,487,115,115,255,647,368,125,148,432,523,170,159,349,512,306,203,234,449,326,252,250,406,383,255,276,293,392,287,298,328,
114,114,114,114,114,114,114,114,114,114,114,114,114,114,114,114,114,114,149,688,501,116,114,222,615,486,125,123,427,481,284,127,316,493,372,191,203,454,348,251,254,400,394,245,263,295,414,322,228,331,
114,114,114,114,114,114,114,114,114,114,114,114,114,114,114,114,114,114,198,714,473,116,115,259,640,354,130,174,464,482,150,177,364,500,288,141,346,405,353,208,318,413,316,253,226,414,361,281,258,355,
114,114,114,114,114,114,114,114,114,114,114,114,114,114,114,114,114,114,303,682,427,115,116,385,540,329,117,223,504,478,190,153,431,404,279,186,296,473,269,226,308,446,345,207,298,395,383,253,267,389,
114,114,114,114,114,114,114,114,114,114,114,114,114,114,114,114,114,114,164,720,438,118,115,354,621,265,127,187,533,433,143,195,363,479,261,229,350,405,312,166,334,400,373,232,282,397,309,284,240,377,
114,114,114,114,114,114,114,114,114,114,114,114,114,114,114,114,114,114,177,730,420,116,115,350,612,325,136,239,462,464,205,157,417,464,313,165,299,475,344,239,277,430,344,272,263,403,364,222,272,424,
114,114,114,114,114,114,114,114,114,114,114,114,114,114,114,114,114,114,194,691,475,117,115,311,602,354,122,162,498,482,236,138,358,502,265,189,258,474,348,237,283,374,379,201,276,355,401,288,270,351,
114,114,114,114,114,114,114,114,114,113,114,114,114,114,114,114,114,114,207,736,432,116,115,287,634,305,128,196,515,456,157,178,356,490,255,200,353,485,220,192,293,477,318,225,309,390,360,187,308,378,
114,114,114,114,114,114,114,114,114,114,114,114,114,114,114,114,114,114,165,633,521,115,114,289,549,428,127,170,475,457,224,135,388,451,320,187,312,446,281,243,269,430,349,255,287,331,375,239,302,361,
114,114,113,114,113,114,114,114,114,114,114,114,114,114,114,114,114,114,208,734,392,117,115,393,607,306,123,161,537,416,195,182,426,469,278,130,355,461,357,194,275,448,297,241,260,426,369,282,270,309,
114,114,114,114,114,114,114,114,114,114,114,114,114,114,114,114,114,114,199,644,512,115,114,220,635,434,119,142,437,528,247,126,354,497,361,151,290,472,351,216,193,430,378,208,277,328,402,276,275,341,
114,114,114,114,114,114,114,114,114,114,114,114,114,114,114,114,114,114,238,717,432,115,114,303,612,370,123,160,488,476,192,152,378,487,274,224,282,447,359,226,292,330,391,245,289,364,368,290,229,367,
114,114,114,114,114,114,114,114,114,114,114,114,114,114,114,114,114,114,183,638,517,116,114,271,614,409,118,145,421,541,224,154,354,454,331,139,311,439,393,205,245,427,327,266,256,384,391,220,283,314,
114,114,114,114,114,114,114,114,114,114,114,114,114,114,114,114,114,114,173,628,539,117,114,268,588,417,118,151,458,469,265,173,315,473,314,223,311,367,368,195,307,367,381,287,263,365,297,311,269,365,
114,114,114,114,114,114,114,114,114,114,114,114,113,114,114,114,114,114,192,740,422,116,115,327,639,292,124,187,458,508,175,171,410,460,286,140,349,439,362,201,309,411,334,258,222,406,351,293,274,353,
114,114,114,114,114,114,114,114,114,114,114,114,114,114,114,114,114,114,222,696,498,116,114,322,611,413,116,134,447,559,241,124,341,453,359,157,296,457,368,221,198,424,369,287,248,371,390,234,284,301,
114,114,114,114,114,114,114,114,114,114,114,114,114,114,114,114,114,114,218,664,496,116,115,302,632,357,119,151,478,498,189,145,376,493,297,162,305,448,337,192,331,364,365,259,313,369,297,290,254,393,
114,114,114,114,114,114,114,114,114,114,114,114,114,114,114,114,114,114,148,713,477,119,115,304,537,391,120,188,474,496,202,138,407,419,299,173,351,452,307,225,238,423,373,213,283,328,389,251,288,350,
114,114,114,114,114,114,114,114,114,114,114,114,114,114,114,114,114,114,193,673,517,117,115,297,544,400,119,176,469,505,221,137,388,491,231,207,359,445,308,170,345,374,342,245,324,378,299,288,253,387,
114,114,114,114,114,114,114,114,114,114,114,114,114,114,114,114,114,114,211,741,431,115,115,341,645,335,120,188,438,500,170,177,397,488,287,138,342,426,354,201,311,427,320,247,231,411,379,249,269,372,
114,114,114,114,114,114,114,114,114,114,114,114,114,114,114,114,114,114,173,634,520,115,114,252,626,412,123,145,388,535,253,117,294,511,407,165,219,453,356,239,198,411,414,295,233,296,408,269,278,318,
114,114,114,114,114,114,114,114,114,114,114,114,114,114,114,114,114,114,208,719,452,117,115,292,626,298,128,208,534,436,150,156,424,476,241,166,344,457,310,196,306,417,341,212,268,449,294,253,293,340,
114,114,114,114,114,114,114,114,114,114,114,114,114,114,114,114,114,114,164,713,480,118,114,239,642,340,128,184,474,467,218,133,392,447,318,182,332,446,283,232,248,437,353,266,278,342,388,221,287,346,
114,114,114,114,114,114,114,114,114,114,114,114,114,114,114,114,114,114,205,706,511,116,114,286,579,425,121,148,471,483,228,125,364,478,348,172,300,450,377,161,251,448,435,220,193,413,364,284,224,376,
114,114,114,114,114,114,114,114,114,114,114,114,114,114,114,114,114,114,157,732,439,117,114,301,580,381,119,194,452,482,199,198,403,404,285,207,356,432,255,243,279,434,329,267,304,335,356,220,320,361,
114,114,114,114,114,114,114,114,114,114,114,114,114,114,114,114,114,114,246,655,459,115,115,332,593,364,117,180,466,506,209,167,388,420,300,197,284,472,357,182,319,385,376,263,257,381,305,313,267,368,
114,114,114,114,114,114,114,114,114,114,114,114,114,114,114,114,114,114,176,723,409,117,114,311,628,309,127,163,502,453,206,164,341,499,312,151,279,455,362,209,246,397,392,254,242,350,389,289,201,373,
114,114,114,114,114,114,114,114,114,114,114,114,114,114,114,114,114,114,244,702,430,116,118,338,610,277,129,248,504,422,141,216,446,358,257,233,399,400,267,255,282,420,296,280,304,381,353,214,309,330,
114,114,114,114,114,114,114,114,114,114,114,114,114,114,114,114,114,114,186,708,434,118,114,340,597,383,125,154,512,413,206,157,414,483,252,175,281,481,305,223,294,443,350,253,202,404,388,294,241,345,
114,114,113,114,114,114,114,114,114,114,114,114,114,114,114,114,114,114,185,729,432,117,115,325,621,280,127,185,532,440,155,166,464,390,242,182,407,440,248,252,320,425,329,227,319,320,366,255,315,361,
114,114,114,114,114,114,114,114,114,114,114,114,114,114,114,114,114,115,213,690,459,118,115,335,600,397,119,160,468,538,179,149,315,533,246,179,241,480,293,208,303,356,357,268,285,321,409,221,275,354,
114,114,114,114,114,114,114,114,114,114,114,114,114,114,114,114,114,114,178,734,428,116,114,323,633,307,124,178,510,469,162,168,345,513,268,190,331,430,340,234,272,386,357,265,271,358,364,289,274,338,
114,114,114,114,114,114,114,114,114,114,114,114,114,114,114,114,114,114,138,716,483,119,115,255,642,378,119,165,494,394,215,198,356,474,226,226,276,433,265,246,244,411,284,265,272,381,324,282,322,332,
114,114,114,114,114,114,114,114,114,114,114,114,114,114,114,114,114,114,241,731,409,116,114,322,625,357,126,136,508,461,214,147,380,500,244,182,278,482,346,220,273,376,389,204,276,363,413,280,283,326,
114,114,114,114,114,114,114,114,114,114,114,114,114,114,114,114,114,114,193,721,463,117,115,259,639,336,129,172,498,480,161,170,337,511,291,127,320,482,380,190,232,452,316,242,251,428,375,244,276,306,
114,114,114,114,114,114,114,114,114,114,114,114,114,114,114,114,114,114,244,696,460,117,115,378,560,331,123,242,519,389,173,156,455,445,273,192,335,454,242,238,297,438,333,245,308,407,270,284,314,404,
114,114,114,114,114,114,114,114,114,114,114,114,114,114,114,114,114,114,151,708,501,119,115,240,636,343,126,156,484,490,188,163,358,474,237,206,299,473,342,217,281,359,389,212,298,386,339,243,287,372,
114,114,114,114,114,114,114,114,114,114,114,114,114,114,114,114,114,114,197,653,507,116,114,238,624,438,125,159,466,537,200,157,369,521,274,183,291,484,287,223,229,434,384,191,299,394,388,214,306,340,
114,114,114,114,114,114,114,114,114,114,114,114,114,114,114,114,114,114,169,729,417,117,114,330,618,359,124,136,503,485,220,155,332,503,242,190,318,477,334,176,305,368,381,223,296,383,373,277,219,373,
114,114,114,114,114,114,114,114,114,114,114,114,114,114,114,114,114,114,200,655,508,116,114,281,594,404,118,165,439,516,210,170,379,422,316,150,340,430,366,228,237,428,341,274,277,370,374,215,300,340,
114,114,114,114,114,114,114,114,114,114,114,114,114,114,114,114,114,114,208,702,485,117,114,328,556,382,131,184,508,388,194,166,437,459,256,187,297,463,281,236,309,433,346,191,308,355,381,242,295,376,
114,114,114,114,114,114,114,114,114,114,114,114,114,114,114,114,114,114,154,718,467,118,114,266,625,332,127,146,490,484,171,182,368,485,288,190,331,418,360,209,300,414,315,260,234,401,359,304,275,378,
114,113,114,114,114,114,114,114,114,114,114,114,114,114,114,114,114,114,235,708,441,116,115,322,558,398,118,158,490,521,213,123,375,466,340,165,301,458,333,231,220,423,376,275,256,353,396,315,176,354,
114,114,114,114,114,114,114,114,114,114,114,114,114,114,114,114,114,114,207,721,414,116,114,309,617,406,124,137,498,443,223,149,384,451,288,158,359,392,336,230,321,401,297,272,248,388,344,309,287,330,
