2222,5000
3017
3000
2995
3026
2991
3016
3001
2994
3019
2987
3021
3001
3005
3018
2979
3014
2999
3001
3021
2993
3013
3002
2998
3018
2993
3017
2996
3000
3015
2988
3024
2996
3004
3011
2982
3021
2994
3003
3015
2991
3023
2990
3000
3009
2991
3027
2990
3005
3004
2998
3022
2992
3011
3002
2991
3028
2985
3011
3002
2995
3026
2987
3011
3004
3001
3022
2987
3014
3006
2996
3020
2989
3020
2999
2997
3017
2985
3016
3000
3002
3019
2985
3016
3002
3001
3023
2982
3020
2996
2999
3016
2988
3025
2993
3000
3007
2990
3028
2996
3002
3012
2990
3024
2995
3001
3009
2986
3022
2995
3008
3008
2993
3028
2992
3006
3001
2992
3027
2994
3007
3006
2997
3018
2990
3013
3007
2992
3021
2989
3019
3008
2998
3025
2982
3019
2994
3001
3020
2985
3020
3002
2999
3021
2983
3023
3000
3000
3019
2983
3022
2995
3002
3019
2982
3034
2993
3004
3012
2989
3023
2996
3001
3010
2988
3031
2988
3003
3005
2989
3024
2994
3013
3002
2991
3020
2987
3007
3006
2997
3030
2985
3014
2998
3003
3033
2983
3015
2995
2995
3019
2987
3017
3007
2993
3018
2983
3020
3004
2997
3022
2988
3014
2998
3004
3021
2990
3016
2996
2999
3017
2988
3020
2996
2996
3008
2987
3022
2996
3009
3010
2988
3026
2989
3002
3008
2997
3016
2994
3010
3001
2990
3030
2995
3003
3002
2989
3026
2992
3011
3003
2992
3027
2988
3014
3009
2993
3021
2986
3013
3000
2998
3021
2987
3013
2999
2994
3022
2983
3018
3002
3003
3016
2982
3023
2996
3007
3012
2984
3019
3001
3003
3021
2988
3021
2994
2992
3014
2988
3024
2996
3000
3018
2982
3025
2990
3005
3004
2986
3025
2993
3009
3004
2991
3024
2994
3000
3002
2993
3024
2993
3004
3006
2990
3025
2992
3015
2999
2991
3023
2985
3015
3008
2995
3022
2980
3016
2996
3000
3026
2983
3019
2999
2998
3019
2986
3022
2993
3003
3012
2986
3018
2998
3006
3018
2979
3027
2989
3003
3012
2988
3023
2991
3001
3010
2991
3024
2987
3003
3008
2992
3023
2993
3007
3002
2989
3023
2998
3003
3002
2991
3024
2988
3008
3005
2994
3023
2986
3009
3002
2997
3025
2988
3016
3000
3000
3022
2985
3016
3002
2997
3020
2986
3015
3001
3005
3021
2982
3016
2998
3002
3018
2992
3027
2998
2994
3018
2980
3023
2998
3000
3015
2988
3022
2994
3004
3011
2988
3023
2989
3003
3006
2991
3027
2988
3005
3000
2993
3027
2991
3008
3001
2994
3025
2990
3010
3003
2991
3028
2981
3014
3008
2997
3025
2984
3011
3000
3000
3020
2986
3019
3003
3000
3017
2989
3013
3003
3003
3014
2985
3018
2994
3002
3021
2981
3025
2989
3000
3021
2983
3021
2995
3001
3009
2995
3026
2997
2996
3005
2994
3021
2990
3010
3004
2991
3019
2992
3005
3006
2992
3029
2987
3010
3000
2993
3028
2992
3009
3002
2991
3024
2989
3019
3001
2993
3018
2983
3017
3002
2999
3020
2987
3016
2996
2999
3019
2987
3016
2996
3003
3017
2985
3025
3004
3001
3018
2982
3020
2997
2999
3014
2995
3028
2990
3004
3015
2989
3023
2990
3007
3006
2990
3026
2994
3003
3007
2986
3028
2993
3006
3006
2996
3024
2985
3012
3005
2995
3024
2988
3013
3009
2993
3024
2989
3010
3001
2994
3023
2986
3016
3001
3002
3019
2985
3019
3003
3002
3018
2983
3016
2999
3005
3016
2990
3014
2996
3000
3020
2986
3021
2997
3002
3014
2984
3023
3004
2999
3011
2987
3022
2992
3005
3016
2985
3024
2987
3001
3004
2993
3030
2992
3021
2999
2995
3026
2991
3013
3002
3001
3032
2982
3013
3006
2997
3025
2981
3014
3002
2998
3026
2992
3015
3006
2998
3025
2984
3022
3004
2994
3021
2984
3015
2999
3004
3014
2977
3018
2996
3008
3011
2988
3024
2995
3001
3016
2993
3023
2992
3003
3009
2988
3023
2993
3007
3004
2987
3024
2991
3007
3012
2990
3026
2991
3006
3007
2991
3029
2992
3005
3003
2993
3024
2991
3013
3001
2991
3019
2984
3019
3002
3000
3024
2986
3015
3003
3000
3022
2980
3014
2999
2999
3020
2988
3021
3000
3005
3009
2988
3019
2998
3006
3020
2984
3022
2996
3004
3013
2984
3021
2993
3004
3004
2991
3026
2990
3004
3000
2992
3027
2996
3007
3006
2992
3022
2993
3011
3005
2992
3021
2990
3007
3005
2995
3026
2985
3013
3001
2996
3027
2988
3015
3005
2998
3018
2991
3014
3002
2996
3017
2985
3015
3001
3003
3019
2990
3022
2992
3001
3019
2993
3016
3002
2996
3015
2986
3023
2997
2999
3012
2986
3025
2998
3002
3011
2986
3020
2987
3002
3008
2994
3024
2995
3006
3003
2995
3034
2989
3007
3000
2998
3022
2986
3012
3009
2992
3019
2984
3013
3004
2999
3023
2988
3017
3003
3000
3020
2989
3016
2995
3000
3017
2989
3012
3000
3000
3014
2983
3020
3005
3005
3016
2990
3016
2997
2999
3018
2990
3015
2993
3002
3007
2992
3025
2995
3001
3010
2988
3034
2991
3006
3006
2993
3026
2997
3006
3006
2993
3023
2990
3007
3004
2991
3023
2990
3007
3005
2992
3026
2989
3019
3001
2998
3021
2984
3017
3004
3001
3018
2990
3013
3001
2998
3021
2986
3013
2997
3000
3020
2987
3019
3000
3009
3010
2991
3027
2996
3005
3011
2989
3019
2993
3001
3011
2989
3020
2990
3007
3004
2994
3024
2999
3001
3006
2991
3029
2993
3007
3001
2988
3024
2993
3015
3001
2999
3018
2986
3010
3004
3002
3025
2988
3015
3004
2995
3028
2984
3018
3000
2996
3019
2985
3018
3002
3001
3018
2980
3015
2998
3002
3020
2986
3022
2996
3001
3022
2988
3025
2996
2998
3014
2992
3022
2994
3002
3009
2986
3020
2994
3005
3006
2990
3027
2995
3008
3002
2993
3027
2990
3008
2999
2990
3026
2992
3009
3009
2986
3023
2987
3010
3006
2994
3025
2988
3014
3003
2997
3023
2986
3013
3002
2997
3021
2988
3017
3001
2993
3017
2987
3018
2997
3004
3021
2983
3019
3004
2998
3018
2987
3016
2996
3001
3012
2989
3031
2988
2998
3008
2994
3024
2997
3001
3013
2994
3020
2992
3007
3007
2990
3022
2994
3005
3001
2995
3032
2986
3009
3004
2995
3026
2990
3015
3006
2990
3022
2986
3013
3007
2989
3019
2986
3016
3002
2998
3023
2985
3010
2998
3001
3021
2984
3019
2999
3002
3015
2987
3022
3000
2998
3013
2989
3017
2996
3004
3014
2987
3026
2986
3003
3012
2992
3031
2990
3006
3007
2988
3027
2993
3003
3007
2993
3020
2993
3010
3004
2994
3017
2987
3009
3004
2994
3028
2991
3017
3000
2995
3024
2988
3010
3001
2997
3018
2988
3015
3004
2998
3015
2984
3016
2999
3001
3027
2981
3019
3004
2999
3018
2987
3021
2995
3002
3018
2982
3029
2991
2999
3009
2984
3024
2993
3002
3011
2988
3027
2991
3003
3008
2991
3029
2991
3006
3006
2995
3029
2999
3003
3000
2996
3024
2993
3015
3007
2994
3032
2988
3012
3006
2998
3020
2989
3017
3000
2996
3025
2988
3016
3003
3001
3022
2989
3019
2998
2999
3017
2981
3024
2996
3005
3021
2979
3018
2994
2999
3018
2989
3023
2990
3000
3009
2988
3024
2993
3002
3011
2988
3025
2993
3002
3004
2987
3025
2989
3007
3007
2990
3023
2991
3003
3003
2994
3024
2994
3008
3003
2993
3025
2992
3010
3002
2988
3025
2987
3016
3006
2996
3019
2985
3009
2996
3000
3021
2985
3016
2999
3002
3018
2986
3017
2997
3000
3015
2984
3020
2997
3003
3011
2984
3017
2997
3002
3013
2988
3023
2993
2999
3013
2987
3029
2990
3000
3008
2988
3025
2993
3006
3003
2987
3020
2992
3009
3004
2993
3025
2988
3007
3005
2995
3031
2983
3008
3006
2990
3031
2984
3024
2994
2998
3015
2987
3015
3001
3000
3020
2987
3015
3000
3001
3020
2982
3013
2998
3004
3018
2986
3020
2995
3001
3011
2985
3025
2995
3001
3018
2993
3020
2999
2999
3009
2988
3025
2987
3005
3008
2996
3026
2990
3002
3002
2991
3027
2998
3006
3004
2990
3024
2990
3018
3001
2993
3019
2988
3014
3007
2997
3024
2983
3011
2997
2996
3023
2989
3015
3001
2998
3018
2985
3021
2997
3001
3013
2986
3016
2997
3007
3023
2981
3020
2992
2998
3016
2987
3022
2999
3001
3013
2988
3027
2999
2999
3009
2987
3024
2992
3006
3011
2988
3025
2989
3006
3006
2993
3029
2993
3011
2999
2994
3029
2991
3008
2999
2995
3023
2986
3012
3005
2993
3022
2981
3014
3004
2998
3028
2986
3015
2999
2998
3023
2988
3021
2993
3009
3016
2986
3020
2999
3002
3028
2978
3024
2997
3002
3016
2990
3021
2993
3005
3011
2992
3025
2988
3001
3015
2989
3026
2990
3004
3005
2991
3029
2995
3005
3006
2992
3030
2988
3007
3009
2993
3026
2987
3006
3005
2991
3026
2990
3011
3000
2992
3023
2987
3014
3004
2997
3022
2986
3017
3007
2998
3018
2981
3015
3001
3005
3019
2987
3016
2995
3000
3015
2988
3022
3001
3001
3016
2984
3022
2996
3003
3009
2988
3029
2986
3005
3008
2992
3021
2987
3003
3009
2993
3032
2990
3005
3005
2991
3024
2992
3007
3002
2991
3028
2991
3012
3004
2997
3021
2987
3013
3002
2995
3026
2988
3015
3000
2998
3021
2988
3019
2997
2997
3016
2987
3013
3008
3002
3014
2982
3017
3002
3009
3017
2987
3020
3002
2996
3016
2990
3028
2988
3000
3011
2990
3023
2992
3007
3003
2988
3021
2991
3007
3005
2992
3027
2999
2999
3007
2992
3028
2987
3006
3003
2992
3023
2992
3009
2999
2988
3022
2987
3011
3004
3000
3026
2990
3013
3003
2997
3023
2983
3018
2999
2998
3018
2987
3019
2993
2998
3014
2987
3013
3001
3009
3016
2985
3017
2998
3004
3017
2989
3015
2996
3002
3016
2988
3024
2996
2993
3009
2986
3024
2990
3007
3007
2992
3022
2996
3008
3014
2987
3024
2992
3006
3002
2996
3022
2989
3002
3003
2994
3027
2987
3013
3006
3002
3020
2991
3013
3004
2994
3019
2986
3015
3000
2999
3021
2984
3010
3000
3001
3018
2986
3021
3000
3005
3015
2984
3023
2997
2998
3013
2986
3023
2996
3003
3015
2987
3020
2988
3005
3009
2989
3024
2993
3002
3006
2991
3025
2996
3007
3008
2991
3025
2994
3006
3005
2990
3022
2986
3007
3006
2996
3028
2990
3014
3005
3002
3021
2993
3007
3000
2999
3022
2984
3018
3006
2999
3014
2982
3015
3000
2999
3021
2986
3020
2993
3004
3018
2986
3015
2994
2997
3020
2983
3024
3000
2999
3009
2986
3022
2995
3001
3012
2991
3026
2989
3008
3010
2992
3030
2984
3005
3008
2994
3025
2995
3003
3006
2983
3028
2986
3011
3008
2998
3021
2991
3010
3007
2996
3019
2986
3014
3001
2994
3023
2988
3015
2999
2998
3015
2987
3020
2997
3005
3020
2985
3016
2999
3005
3020
2978
3021
2995
3001
3021
2993
3015
2992
2998
3015
2984
3027
2991
3005
3013
2987
3025
2994
3011
3001
2986
3025
2995
3000
3008
2992
3025
2990
3008
3002
2991
3025
2991
3011
2998
2993
3025
2992
3012
3002
2993
3028
2981
3013
3003
2996
3021
2987
3015
3000
3000
3024
2985
3017
3000
3002
3017
2988
3018
2997
3001
3016
2985
3019
3001
3003
3012
2982
3023
2991
3007
3009
2992
3025
2993
3002
3010
2995
3021
2991
3008
3005
2991
3025
2993
3008
3003
2992
3019
2992
3009
3003
2993
3025
2989
3009
3004
2997
3025
2985
3006
3003
2996
3023
2989
3015
2999
2994
3016
2986
3019
3005
2998
3018
2986
3018
3003
3001
3022
2978
3017
2998
3003
3016
2986
3022
2993
2996
3010
2989
3025
2998
3001
3011
2988
3022
2992
3003
3009
2987
3020
2993
3002
3006
2990
3027
2989
3008
2995
2992
3031
2988
3008
3002
2994
3022
2988
3014
3003
2994
3027
2986
3009
3004
2995
3023
2984
3008
3002
2995
3027
2980
3016
2999
2997
3021
2986
3017
3003
2995
3017
2984
3022
2994
3008
3013
2984
3016
2993
3005
3012
2986
3024
2992
3002
3011
2987
3022
2996
3001
3007
2992
3020
2995
3002
3010
2986
3024
2985
3003
3005
2994
3025
2992
3005
3002
2992
3027
2989
3004
3002
2996
3028
2989
3011
3005
2992
3018
2984
3011
3004
3002
3026
2981
3015
3000
2999
3021
2985
3013
2999
3004
3015
2985
3018
3001
2997
3013
2979
3020
2996
3002
3014
2989
3023
2999
2997
3016
2984
3023
2990
3003
3006
2992
3025
2993
2999
3006
2987
3024
2992
3006
3010
2991
3027
2997
3004
3006
2993
3021
2988
3010
3002
2991
3024
2990
3013
2999
2996
3020
2986
3015
3003
3001
3022
2984
3017
3003
2999
3017
2980
3015
3000
3000
3019
2987
3017
2996
3000
3018
2990
3026
2992
3002
3018
2980
3028
2992
3005
3009
2986
3030
2987
3006
3008
2992
3025
2985
3003
3008
2993
3030
2992
3008
3003
2988
3026
2991
3007
3000
2989
3029
2987
3010
3008
2993
3023
2985
3012
3003
2997
3023
2987
3015
2998
2996
3024
2987
3019
3003
2997
3021
2987
3013
3003
3003
3021
2976
3017
2995
3001
3016
2988
3021
2996
3000
3016
2988
3028
2988
2999
3014
2990
3023
2993
3006
3008
2985
3021
2992
3008
3004
2993
3028
2987
3005
3005
2993
3029
2986
3004
3003
2995
3020
2992
3011
3002
2990
3021
2987
3012
3009
2990
3023
2987
3013
3004
3006
3019
2986
3012
3000
3002
3019
2984
3019
2994
3000
3020
2988
3018
2997
3001
3019
2987
3020
2998
3000
3022
2979
3021
2993
3004
3011
2989
3026
2994
2998
3007
2992
3023
2993
3007
3009
2991
3030
2989
3005
3006
2990
3023
2988
3009
3004
2999
3024
2987
3013
2997
2996
3022
2992
3017
3001
2994
3019
2986
3017
3002
2998
3022
2990
3014
3002
3003
3021
2980
3014
2993
3001
3021
2983
3020
2997
2999
3017
2982
3015
3000
2998
3011
2989
3024
2996
3000
3013
2988
3026
2986
3009
3005
2992
3025
2992
3007
3003
2996
3035
2999
3008
3004
2997
3030
3002
3015
3015
2995
3032
2995
3023
3012
3007
3032
3002
3032
3010
3011
3031
3001
3026
3015
3016
3037
3003
3036
3021
3017
3033
3000
3033
3019
3023
3036
3003
3036
3016
3021
3035
3010
3043
3015
3023
3036
3014
3052
3022
3024
3030
3011
3047
3012
3027
3030
3017
3042
3008
3027
3020
3010
3039
3009
3025
3013
3003
3040
3004
3023
3005
3001
3026
3000
3019
3011
3002
3028
3006
3016
3011
3003
3025
2986
3020
3004
3002
3028
2994
3023
3004
3002
3025
2986
3022
3003
3012
3019
2992
3024
3002
3005
3016
2985
3024
3001
3002
3020
2997
3023
2993
3003
3016
2994
3031
3000
3007
3015
2989
3029
2997
3013
3006
2993
3028
2992
3014
3007
2997
3027
2989
3009
3004
2997
3033
2987
3017
3004
2999
3025
2989
3020
3001
2998
3021
2989
3023
3006
3004
3018
2988
3011
3003
3005
3021
2987
3023
3001
3003
3020
2989
3025
2995
3002
3015
2987
3023
2995
3007
3010
2990
3028
2998
3006
3010
2992
3025
2993
3005
3008
2995
3028
2994
3004
3006
2995
3025
2992
3011
3009
2990
3025
2990
3012
3007
2994
3025
2989
3012
3007
2998
3026
2985
3013
3003
2997
3023
2992
3015
3001
2995
3019
2987
3022
2999
3005
3021
2987
3020
2998
3004
3021
2984
3019
2998
3000
3017
2988
3027
