2250,10000
864,713
867,722
861,703
865,724
869,712
859,688
862,695
872,699
863,694
873,701
872,694
870,705
875,702
869,704
866,712
868,710
865,716
872,713
860,719
867,722
857,709
861,730
872,721
861,706
864,701
864,712
860,715
862,702
868,688
858,694
866,702
861,692
863,690
868,700
864,694
863,696
862,707
867,711
869,709
863,716
869,712
867,719
867,718
862,714
867,732
865,718
857,705
859,711
862,713
860,711
873,699
862,695
869,695
859,694
864,693
859,690
867,700
858,700
867,695
858,710
863,711
864,706
866,729
860,708
860,715
866,716
854,710
854,735
854,719
854,702
870,714
861,713
870,714
877,714
862,686
866,714
860,697
870,699
867,679
865,693
860,709
860,700
865,713
866,710
863,708
866,733
869,721
860,718
868,723
870,714
865,740
869,708
858,697
859,710
860,712
860,704
861,697
861,687
860,695
861,698
863,691
869,689
867,696
861,709
863,713
869,715
862,703
866,715
864,734
870,719
862,707
864,719
871,718
862,732
863,712
867,697
868,712
867,719
866,701
867,693
873,694
861,697
867,698
862,692
862,689
863,705
861,711
864,701
861,709
866,712
866,721
859,730
863,713
873,708
855,721
860,718
864,728
866,708
860,701
861,711
861,700
866,694
865,698
866,711
867,688
863,689
867,696
864,693
864,708
859,713
866,703
871,714
863,714
867,718
865,736
859,710
862,721
864,720
855,712
870,722
856,710
858,696
863,705
862,698
862,691
863,694
867,696
865,691
864,690
857,699
864,700
867,712
859,715
858,703
867,709
863,721
870,717
870,733
862,687
866,711
860,721
864,715
864,718
864,704
866,693
855,703
857,690
863,693
860,693
862,696
868,693
860,690
866,692
858,700
861,716
860,712
859,699
862,712
862,719
860,720
858,727
861,708
867,707
870,723
859,710
864,717
861,708
864,694
868,705
870,684
862,699
868,691
860,683
869,694
867,690
857,703
861,704
863,708
862,720
861,698
861,721
857,708
863,717
863,731
859,723
861,714
871,723
863,704
867,722
861,709
863,690
869,694
861,694
863,700
865,698
861,683
860,693
866,692
866,708
860,704
858,707
864,716
863,706
862,722
864,720
860,710
867,735
865,703
852,716
866,717
859,707
870,721
867,705
858,694
865,699
861,694
869,699
860,692
865,690
865,698
863,699
863,701
864,707
856,713
860,721
871,717
864,720
866,714
863,707
861,718
866,719
859,695
863,720
864,707
861,720
866,707
870,687
869,697
869,697
866,696
861,698
865,699
868,695
863,690
858,708
863,711
862,707
862,712
867,720
865,724
865,715
860,706
864,734
859,720
853,701
869,712
868,715
864,712
857,699
865,685
863,709
864,698
864,690
863,690
865,697
861,696
859,697
866,710
859,709
859,704
863,725
859,717
860,719
861,710
862,709
864,730
859,715
868,703
861,711
862,707
864,702
858,696
862,687
856,692
865,693
859,693
859,701
859,683
862,694
859,697
864,720
871,705
856,702
865,730
862,715
853,720
865,719
867,711
861,736
859,702
864,705
859,712
869,702
869,705
856,693
863,690
867,703
865,696
864,691
864,691
872,697
868,708
873,705
868,705
863,708
859,710
859,734
863,715
865,711
867,723
873,716
861,735
865,711
860,697
864,717
850,705
864,697
866,697
863,699
859,694
863,691
860,690
867,694
860,697
861,702
865,708
865,697
864,707
868,712
868,716
866,722
865,706
861,718
859,712
862,732
865,713
858,691
862,709
859,707
859,697
860,688
866,689
858,712
866,690
862,697
867,695
865,704
865,711
867,710
863,715
865,718
859,717
860,733
862,716
865,716
856,704
861,711
872,732
874,712
859,697
861,703
863,699
863,694
865,695
861,693
859,691
857,687
855,695
858,717
864,705
863,713
861,708
867,711
856,712
863,715
862,736
863,711
862,710
861,719
865,716
857,728
866,714
868,692
866,705
856,699
857,697
863,692
865,689
863,695
863,689
863,695
861,696
861,704
859,716
861,707
864,707
863,721
858,718
865,733
863,711
855,709
865,724
867,711
861,717
862,710
862,688
864,710
871,695
871,694
868,697
857,695
860,692
866,689
867,703
857,705
864,719
853,715
852,715
860,712
860,710
865,716
863,720
861,712
861,706
862,728
857,715
854,718
860,708
862,691
861,699
858,699
862,691
871,693
867,690
861,712
860,689
869,701
866,702
871,713
856,718
866,703
868,718
872,721
864,719
861,726
862,712
861,710
861,695
862,704
856,718
861,706
867,690
864,695
863,695
861,689
858,690
872,696
861,694
859,690
864,701
870,701
860,709
861,709
864,705
862,718
862,727
858,712
862,727
862,714
863,709
852,712
865,709
863,714
855,705
864,682
863,694
861,694
865,694
863,696
870,702
863,695
872,689
872,707
866,705
864,710
862,714
859,712
866,713
862,720
861,712
862,730
868,713
863,712
865,714
868,714
862,715
857,701
862,686
856,693
859,703
853,693
860,691
857,697
874,693
866,694
865,714
865,715
859,705
859,718
860,715
860,703
865,719
859,728
861,720
864,705
865,701
866,719
867,710
863,712
860,701
864,683
864,699
857,694
857,693
865,690
867,702
864,705
856,702
859,710
861,706
866,700
863,726
860,713
861,718
857,713
862,709
863,736
863,716
866,698
865,704
856,709
858,710
860,694
865,685
869,694
865,697
863,695
865,687
867,692
866,700
859,697
862,714
861,708
861,705
862,732
860,716
865,715
866,711
868,717
863,739
863,711
867,692
871,717
867,707
859,704
862,693
860,687
859,697
861,693
861,690
869,695
863,691
864,706
863,699
863,710
862,705
861,708
858,730
859,696
860,719
867,723
865,719
862,731
862,710
862,694
862,714
863,706
855,699
862,690
859,689
864,697
859,672
864,692
857,692
859,700
868,711
859,701
859,707
868,704
862,711
865,735
866,712
860,707
866,720
861,720
863,731
865,704
865,702
863,715
858,702
861,692
866,716
866,689
863,717
858,689
869,721
854,692
860,708
861,711
867,700
860,705
862,710
860,714
859,733
870,714
869,713
866,726
863,715
857,726
865,713
865,695
859,704
869,694
866,692
859,689
860,689
865,692
857,694
859,697
865,688
860,706
860,717
855,702
861,706
864,709
863,718
860,735
863,709
862,706
854,725
863,719
863,719
867,709
867,701
866,708
866,700
864,689
853,695
872,684
867,690
864,688
863,696
865,701
868,713
868,718
865,699
861,708
863,717
852,717
857,735
859,708
857,709
863,721
856,713
876,724
863,712
863,699
863,711
869,695
866,693
864,694
868,693
867,693
867,691
868,695
867,703
864,707
867,719
864,693
864,707
862,721
859,719
865,727
860,713
859,710
859,722
870,705
867,718
859,713
857,691
860,696
859,696
858,690
863,697
864,697
858,691
860,720
856,703
869,697
870,699
857,705
861,702
861,716
860,723
861,715
859,724
862,714
864,706
869,723
870,712
864,719
861,712
868,696
861,700
863,693
859,694
860,695
860,694
864,689
862,691
863,701
863,711
861,705
859,709
861,705
859,717
862,711
866,718
860,731
870,717
858,709
860,718
867,703
859,713
859,707
860,684
853,695
869,695
861,701
862,704
862,693
866,692
872,689
863,702
858,707
865,712
854,712
860,707
869,717
864,721
869,707
864,722
865,709
863,711
860,714
871,709
858,715
862,706
857,685
862,692
860,695
861,692
864,700
862,696
869,691
866,699
863,705
868,715
860,708
863,715
864,710
868,719
869,726
862,716
868,732
862,715
860,704
863,727
859,717
862,719
865,698
862,684
864,695
859,696
865,698
857,691
861,694
864,694
868,691
861,719
863,717
857,694
863,711
862,686
866,721
870,710
859,708
862,721
861,718
860,704
858,711
856,711
865,709
864,723
863,692
854,707
862,690
861,691
863,690
866,702
860,700
859,697
863,711
861,708
861,707
861,726
862,716
866,710
858,708
862,712
863,735
859,720
870,696
860,709
863,710
859,705
865,699
865,688
862,694
857,698
860,686
863,705
860,694
866,699
869,705
865,713
866,712
866,706
857,729
863,718
861,710
859,723
865,720
869,740
862,708
872,697
865,711
870,709
867,713
864,693
860,687
864,700
870,698
868,698
865,697
864,698
865,698
867,709
872,712
861,702
860,713
865,732
859,714
860,710
861,723
866,720
864,734
860,711
869,695
866,698
858,721
859,706
866,695
863,687
860,694
863,694
862,701
857,695
868,699
862,710
865,706
856,709
860,713
865,718
859,729
867,718
864,709
863,720
864,707
866,728
861,692
862,697
864,698
863,703
859,701
862,696
864,703
860,710
864,695
869,696
864,695
860,702
869,715
866,706
858,704
861,712
861,714
857,738
864,717
859,717
868,710
863,720
854,721
860,710
865,698
863,709
865,701
859,689
861,693
866,693
867,695
862,703
856,686
873,708
862,708
863,720
867,702
869,704
867,712
861,720
859,737
862,708
858,707
864,719
864,718
861,725
859,704
859,693
866,708
859,697
865,701
866,694
860,690
865,699
867,691
866,701
867,696
863,704
864,720
866,709
862,710
866,720
866,723
864,737
866,713
860,715
866,723
864,713
865,724
868,711
867,693
864,707
857,687
863,699
865,698
870,694
869,696
856,689
867,695
865,708
861,708
856,719
865,697
863,716
864,722
860,715
865,722
866,713
863,711
859,725
860,705
861,720
863,712
871,694
871,701
873,693
863,692
866,709
867,688
867,711
860,694
864,699
863,706
859,706
860,714
861,702
857,714
859,722
861,715
862,729
861,699
871,712
858,710
869,712
859,723
862,711
864,693
868,694
861,694
860,692
862,696
853,688
863,699
865,697
864,702
864,710
864,707
865,715
865,705
860,719
864,721
865,711
863,731
856,722
858,707
868,717
861,719
868,717
868,703
861,689
857,697
864,695
863,697
863,695
866,692
868,696
867,692
867,713
867,709
859,707
862,707
863,723
859,712
865,723
867,710
869,732
871,728
862,707
862,718
867,711
866,714
859,710
868,697
857,686
864,696
862,700
864,696
868,693
862,697
864,693
861,706
865,713
857,700
859,715
866,710
862,726
855,720
863,716
860,733
851,713
861,702
861,711
858,710
865,722
868,702
863,682
862,695
861,702
864,696
864,687
860,700
867,707
861,697
852,716
864,707
866,706
856,736
857,714
860,712
856,715
857,694
860,734
862,715
860,711
862,706
865,703
859,713
863,699
866,687
864,693
862,692
864,695
870,691
864,697
863,696
862,708
853,712
860,712
865,704
862,725
862,716
865,719
866,717
865,713
866,734
863,723
871,699
873,710
861,709
858,709
860,697
859,677
859,694
861,694
860,693
870,702
863,695
867,702
858,700
865,712
867,712
868,714
858,735
865,708
862,709
865,718
857,712
860,733
862,713
862,694
868,717
862,710
868,709
862,693
869,678
866,698
864,689
860,699
866,695
862,694
860,707
860,707
870,722
861,702
861,708
857,729
861,715
857,719
866,716
859,716
859,728
863,714
857,693
864,708
855,707
864,697
865,696
862,688
862,697
861,695
861,694
861,688
860,694
858,713
866,702
862,709
876,704
856,711
869,734
861,688
854,709
867,692
860,714
856,713
865,707
861,681
869,707
863,708
862,694
859,692
864,698
869,698
873,693
862,689
857,688
862,705
859,722
865,713
859,713
855,710
863,717
859,735
862,714
862,707
859,721
865,712
860,722
865,710
862,696
856,716
865,699
861,691
859,701
863,694
866,693
863,687
863,692
866,695
861,704
861,714
859,700
866,706
865,721
857,712
863,738
858,708
862,706
861,719
864,713
864,727
863,708
862,695
862,703
867,700
864,695
861,692
860,682
862,693
858,689
861,698
863,695
854,705
857,715
862,701
862,710
864,716
867,717
863,732
858,709
865,718
863,721
872,710
863,720
867,717
860,700
863,699
859,695
862,694
858,699
865,697
863,691
858,688
862,694
864,699
862,708
858,708
859,697
867,712
859,717
864,720
864,729
863,714
864,712
861,722
860,709
864,706
864,732
860,690
860,705
858,695
869,719
870,695
868,709
857,699
862,694
868,708
867,705
867,713
866,712
861,698
862,723
857,708
860,718
863,732
862,713
856,704
868,720
864,708
860,719
860,706
863,695
865,709
862,690
863,693
866,698
859,692
870,702
865,685
861,700
861,706
861,706
864,714
873,703
864,721
867,726
871,713
866,728
864,706
859,710
865,718
869,708
861,720
863,708
863,694
862,700
857,697
870,696
866,700
856,679
860,700
868,699
865,707
864,708
865,708
867,712
861,718
861,719
867,728
866,707
864,731
862,734
860,696
860,718
865,709
860,719
865,710
857,686
862,697
861,703
866,692
858,691
860,690
863,694
857,700
859,705
862,706
865,707
862,710
857,712
860,718
850,718
858,710
852,734
860,715
861,704
859,712
863,719
863,712
854,700
860,687
863,707
864,701
865,691
858,690
863,693
864,717
859,701
862,699
861,708
859,690
859,722
859,694
862,716
867,708
862,709
861,731
871,720
870,700
868,715
870,708
873,710
867,704
867,685
865,696
866,696
865,694
860,704
863,696
867,699
872,706
868,714
870,710
865,703
859,727
866,717
857,715
863,710
866,713
866,733
857,707
861,698
866,715
865,707
863,705
871,701
863,684
859,697
865,692
861,690
857,677
864,695
865,703
868,702
859,707
865,705
862,707
866,736
861,714
860,709
862,715
858,712
862,736
866,718
863,697
867,710
863,707
862,711
868,698
861,688
858,693
864,692
862,698
866,690
860,698
865,703
859,712
864,715
861,702
870,711
880,727
864,716
861,708
861,716
862,713
860,735
854,708
864,704
860,716
866,707
866,692
872,694
869,694
867,708
867,691
863,697
864,692
862,702
863,708
867,709
858,712
859,691
859,727
857,724
862,710
864,691
860,706
859,719
858,731
861,709
870,699
863,709
866,704
867,687
865,690
867,706
869,698
861,695
860,696
860,706
865,703
862,713
861,713
863,706
864,711
863,719
861,738
868,717
872,706
864,723
859,717
862,721
858,708
862,701
861,708
858,703
863,693
859,699
862,692
862,692
855,694
862,694
864,686
862,706
868,715
862,712
858,700
863,715
862,718
865,737
865,714
856,709
859,720
858,716
864,720
855,708
859,692
864,706
861,697
862,703
863,700
864,695
860,696
863,691
863,696
868,702
862,709
859,719
865,703
864,719
857,720
862,722
862,727
869,715
863,709
862,722
861,715
868,717
870,715
864,693
864,703
865,687
860,693
863,696
859,695
861,708
864,686
858,695
865,707
859,708
865,718
859,699
865,713
861,721
868,726
862,735
861,715
857,715
858,710
876,711
860,702
858,713
860,703
869,702
865,694
871,692
870,692
865,691
860,706
861,687
861,714
868,718
863,712
863,717
870,700
861,719
870,727
868,715
869,733
872,719
869,717
864,725
855,705
864,715
869,698
866,699
870,697
865,693
864,692
864,694
870,693
877,700
866,694
865,707
875,712
873,713
870,717
869,710
868,715
861,728
864,715
865,739
873,718
865,710
877,721
864,711
863,725
856,700
868,679
864,701
865,690
862,698
864,692
859,696
863,699
865,692
860,711
868,709
862,704
862,717
859,714
859,717
867,721
861,709
861,729
861,722
874,703
868,714
860,711
867,713
861,699
860,682
865,698
867,682
867,691
863,691
865,694
861,701
873,698
864,714
863,713
864,702
863,723
866,720
865,718
868,723
866,711
869,735
868,722
873,700
868,707
864,709
861,708
861,701
868,690
866,706
868,700
865,723
866,695
870,686
859,701
869,703
871,713
855,707
863,708
861,731
862,723
864,713
864,717
867,720
863,740
863,716
866,713
865,714
871,714
863,711
863,706
865,687
859,691
863,697
867,694
863,693
859,692
862,705
855,703
861,705
861,700
863,718
856,734
867,716
866,707
863,715
867,722
862,740
865,718
865,702
859,712
870,714
860,694
864,694
868,687
862,699
861,696
868,699
863,692
860,697
866,708
863,707
865,708
873,709
871,714
866,734
867,725
868,714
863,718
857,715
859,727
874,715
868,699
867,707
863,705
874,695
862,696
863,689
858,694
868,692
864,694
862,700
865,701
859,708
861,705
862,708
861,707
863,716
865,735
873,718
870,709
853,729
864,719
866,727
862,709
864,698
865,705
862,702
865,696
868,696
866,692
858,695
866,694
862,695
862,710
868,699
873,693
867,705
862,709
864,714
861,716
860,734
866,712
864,707
860,722
859,717
866,724
865,715
863,700
860,706
862,693
864,696
873,698
873,697
867,697
859,692
863,694
859,698
866,707
864,720
866,697
858,704
861,725
865,717
863,733
867,707
861,711
869,725
864,713
860,721
862,709
859,694
861,703
860,697
863,697
869,694
865,694
872,699
864,700
858,700
869,704
860,711
871,722
863,698
860,722
866,722
867,714
862,736
871,716
864,712
864,725
856,710
861,722
861,710
862,690
874,696
861,695
862,696
860,692
863,689
860,691
860,692
866,707
862,702
868,711
871,716
867,701
864,716
859,721
861,716
857,732
861,713
864,706
855,701
860,705
864,722
859,705
863,684
865,708
857,697
863,695
859,693
869,694
867,696
862,689
861,709
863,713
865,716
861,725
865,711
859,719
863,708
858,710
863,726
863,722
862,698
861,714
862,714
863,719
861,724
861,693
863,717
860,700
869,701
866,705
863,704
862,696
867,694
863,713
858,711
862,710
858,713
861,708
862,725
859,721
862,711
867,731
866,700
862,711
858,712
870,713
864,715
860,701
860,689
866,694
863,711
858,686
867,693
865,699
866,700
866,708
865,707
865,707
864,710
866,722
856,717
875,721
869,723
865,721
862,735
867,717
873,702
861,709
865,711
861,716
861,703
863,684
865,691
865,694
864,692
862,695
862,696
857,697
867,695
861,708
860,711
863,703
861,716
866,717
869,716
861,716
862,709
867,733
864,723
865,697
860,709
859,703
861,706
862,697
864,684
862,710
860,692
861,690
866,692
862,698
863,703
864,702
860,709
857,703
865,705
865,736
863,717
860,714
860,711
874,715
864,732
864,720
863,699
866,713
862,708
865,702
866,694
865,680
865,698
866,696
862,690
868,708
865,693
865,702
864,702
866,713
868,707
861,708
862,735
862,703
859,707
864,719
858,712
866,733
866,705
861,696
863,715
863,706
865,707
864,695
862,696
863,702
867,690
857,693
865,689
864,699
860,709
863,703
864,708
864,707
863,721
863,739
866,712
863,709
864,718
857,719
868,739
862,709
868,697
858,714
854,704
865,703
868,692
863,693
863,697
857,691
866,692
868,692
863,696
862,716
859,711
869,710
863,711
859,717
863,736
864,713
866,713
871,725
872,716
866,731
863,709
866,696
866,710
861,705
866,692
860,697
866,693
861,707
863,686
859,694
864,696
862,703
862,714
864,703
859,709
861,718
865,722
863,741
863,709
870,709
866,711
865,726
864,729
865,708
858,694
859,709
861,699
855,695
862,687
864,694
871,697
867,692
864,696
862,705
867,685
865,719
862,700
866,708
857,693
863,721
862,736
869,716
872,702
861,723
858,683
860,720
859,705
874,695
862,707
858,697
865,697
863,693
864,695
864,694
864,695
873,700
868,701
871,706
857,719
860,711
863,710
860,718
855,717
864,734
859,710
863,712
868,721
866,712
866,729
864,708
873,697
865,701
859,695
865,703
865,694
860,694
862,696
862,690
863,699
857,705
860,713
859,717
864,700
866,717
864,720
860,717
873,722
865,714
866,710
866,722
861,710
867,717
862,709
862,701
860,695
866,688
867,699
869,695
876,697
861,707
861,686
861,700
860,706
867,713
863,713
859,705
865,718
862,722
862,715
859,729
858,715
868,712
862,708
860,711
863,716
860,705
856,692
862,699
869,695
865,697
860,695
863,688
866,693
861,688
856,703
865,711
866,714
863,714
865,707
857,718
865,720
863,694
863,717
866,713
864,708
860,709
861,709
866,711
866,704
869,694
863,695
872,703
867,698
863,699
866,696
867,705
869,693
862,714
864,715
866,711
867,723
866,714
859,716
870,727
865,713
865,738
865,714
859,707
861,728
863,709
871,716
861,703
862,683
875,700
868,695
861,706
860,689
866,693
861,699
869,699
867,716
864,712
868,696
869,722
861,717
864,720
866,716
863,709
868,735
862,722
872,702
862,709
861,710
864,716
863,701
863,685
860,698
863,695
863,697
862,691
858,694
866,706
866,697
855,716
860,710
863,704
857,728
857,717
861,722
866,720
862,723
865,738
859,718
861,696
865,709
858,711
862,712
862,696
867,687
857,699
864,697
865,696
865,692
865,701
868,702
865,704
865,717
866,714
868,704
858,731
861,719
866,724
869,718
863,711
862,716
862,720
861,706
862,712
860,735
863,715
863,706
864,695
862,712
864,698
865,696
867,692
863,701
866,691
868,701
857,714
859,694
865,721
869,737
864,710
867,709
860,718
863,717
860,736
866,716
869,698
866,717
866,705
865,706
862,694
871,690
865,698
871,701
876,698
868,694
867,699
865,711
869,707
866,716
867,710
866,716
854,740
865,718
869,706
863,718
866,716
866,729
864,716
869,697
863,711
866,708
857,700
867,704
868,674
871,701
865,698
856,699
866,696
864,702
866,710
873,708
874,708
862,711
862,715
870,738
865,732
867,705
867,721
865,715
866,730
864,718
867,702
866,707
864,706
865,695
866,697
869,694
860,699
862,699
865,696
871,695
866,705
862,714
867,705
857,709
861,717
863,717
861,738
864,714
858,710
872,726
870,716
866,728
872,719
867,701
865,709
862,704
871,698
870,704
870,693
867,695
870,689
869,696
870,718
869,710
874,713
866,715
865,716
859,726
866,712
867,737
864,711
871,712
867,726
866,718
865,720
868,717
862,695
867,702
864,703
867,696
864,698
865,695
868,695
864,703
862,698
860,701
867,716
870,720
864,703
864,710
862,712
863,724
862,734
868,712
874,712
865,726
869,715
875,717
856,711
868,699
868,700
868,700
861,694
862,681
864,697
870,695
868,693
867,703
863,704
874,716
862,715
869,702
864,721
866,722
867,721
865,728
862,720
872,722
872,726
866,716
871,727
865,714
867,692
866,708
861,701
862,695
864,695
877,696
872,697
859,705
868,704
862,709
866,715
863,716
876,713
865,727
858,710
874,721
864,733
864,720
866,712
866,719
869,713
863,717
859,712
869,690
865,697
865,700
862,700
872,703
865,700
865,701
864,695
861,708
865,708
863,718
862,715
868,711
865,720
863,709
883,715
865,738
868,707
863,711
867,716
862,711
864,717
862,706
868,703
860,704
862,698
864,696
860,692
862,695
861,696
867,703
863,703
863,707
866,711
864,715
865,714
864,723
866,728
868,712
875,736
869,723
873,707
860,712
873,709
860,717
880,702
859,688
872,696
856,695
864,692
859,691
861,695
863,694
863,702
868,713
858,710
858,702
866,716
855,715
859,726
864,715
866,705
866,736
862,714
861,703
864,715
865,709
878,719
869,702
867,693
867,709
862,699
870,701
867,696
864,694
860,702
861,705
869,718
861,709
858,706
863,733
861,716
867,717
864,706
863,711
856,737
865,723
867,697
868,712
869,702
862,703
863,698
863,683
866,697
866,693
864,694
868,706
859,699
864,708
867,701
872,713
862,708
863,708
869,733
864,727
867,719
863,712
865,714
863,733
855,706
855,694
862,709
863,711
860,713
868,696
864,695
866,697
858,695
863,690
867,713
862,696
864,699
862,705
863,706
861,702
860,715
863,735
862,716
865,717
864,715
866,724
867,731
865,705
862,697
861,709
863,706
860,704
859,690
860,697
859,694
863,694
869,692
866,691
866,700
862,708
864,701
863,714
866,706
864,713
864,731
862,714
858,709
861,718
864,713
866,738
870,713
867,695
868,707
859,697
870,704
860,694
863,688
864,712
867,691
863,697
863,692
857,702
870,714
869,707
866,712
861,709
860,715
861,740
873,717
867,711
868,712
868,717
860,732
865,712
862,694
865,708
860,692
862,693
858,688
865,690
867,695
861,694
858,694
863,712
868,707
868,719
860,702
866,704
864,716
859,717
860,733
860,709
861,707
864,722
864,716
864,722
862,702
857,696
859,707
861,697
863,691
856,692
865,688
869,712
864,690
862,694
862,698
855,709
862,718
869,697
856,705
866,719
858,718
862,733
867,710
861,722
862,725
869,708
860,715
864,712
860,694
861,698
863,699
871,703
863,695
870,697
872,697
871,698
867,682
863,701
867,714
864,717
868,700
867,713
865,718
866,719
865,721
867,721
871,711
865,725
863,711
862,697
866,709
866,696
858,699
864,698
862,692
865,694
865,698
864,707
862,692
861,706
869,707
868,713
865,712
864,708
867,725
863,724
858,716
858,735
864,717
858,712
866,709
865,709
860,720
860,707
862,693
869,706
874,701
862,693
862,695
863,698
862,699
871,697
865,717
867,715
873,722
870,717
867,714
863,726
869,732
872,721
876,737
871,720
866,716
867,720
875,716
867,725
863,701
876,692
866,700
875,704
864,695
860,708
874,692
866,699
861,695
869,709
868,709
869,715
863,723
864,716
863,712
866,721
862,711
866,732
861,721
863,714
861,713
867,715
858,719
864,704
867,692
864,695
862,697
860,699
863,688
861,699
865,694
865,696
862,715
866,710
872,707
864,716
868,713
863,716
856,716
863,712
861,732
861,721
863,699
865,717
872,713
863,707
863,700
857,687
861,694
864,699
865,696
864,693
861,695
858,698
865,699
870,708
861,712
855,702
870,720
860,719
866,718
857,717
856,709
866,731
861,718
866,697
864,709
859,710
860,709
866,700
864,685
871,685
864,692
860,693
868,695
864,695
862,697
868,700
860,712
853,713
862,701
861,726
866,724
863,719
865,702
861,712
871,735
863,720
870,698
866,711
870,713
867,705
862,699
860,690
859,695
860,698
860,688
860,694
861,689
861,704
864,711
867,712
868,703
863,708
861,731
861,709
861,704
862,715
857,720
865,717
866,721
862,693
867,712
866,720
862,699
861,694
862,692
864,709
856,698
864,698
866,691
866,705
860,706
858,701
868,716
865,702
863,713
870,736
866,717
867,707
863,716
865,717
863,729
869,710
868,701
862,707
861,715
864,693
859,690
869,689
862,694
859,695
871,697
866,690
868,709
862,710
856,704
862,712
864,707
866,730
869,735
861,718
862,704
864,731
861,715
857,731
863,712
863,697
860,706
862,705
861,697
855,697
863,693
864,690
859,693
863,694
857,695
864,703
860,711
868,703
858,707
861,713
863,714
865,734
869,712
864,706
862,712
871,713
869,724
869,713
869,700
861,699
865,699
864,693
864,701
864,693
861,692
871,695
869,696
863,689
860,705
864,715
863,703
860,709
864,721
867,721
861,739
861,711
862,702
864,722
863,711
862,718
861,707
866,690
864,701
863,701
866,711
863,695