2250,10000
862,691
861,677
865,686
861,679
868,684
866,677
868,673
872,680
869,675
869,677
868,671
875,685
871,697
854,683
866,683
865,694
864,695
859,721
866,690
874,684
864,696
870,698
871,709
866,693
861,679
869,689
861,683
861,674
864,673
860,674
856,678
860,673
864,670
864,672
864,678
861,691
863,670
860,682
861,688
864,690
855,709
865,692
873,686
872,702
864,693
862,700
860,691
861,676
859,687
862,671
872,678
868,687
868,679
868,681
869,679
865,679
868,672
863,678
860,689
859,682
858,686
865,692
862,697
860,710
865,691
861,701
873,708
866,696
863,700
870,699
868,682
868,693
869,683
867,675
863,676
859,662
862,671
862,676
864,673
859,669
863,678
867,691
864,682
871,685
862,691
860,696
869,711
860,687
866,697
869,699
860,700
866,699
862,686
867,678
863,686
863,680
860,673
867,673
867,677
859,677
866,672
862,675
863,681
872,689
867,690
865,680
865,686
863,694
865,694
871,713
868,685
868,691
869,699
863,698
866,682
865,687
866,671
865,688
871,672
863,675
865,673
867,677
861,679
870,675
865,673
864,674
865,679
865,690
860,682
860,687
866,688
859,689
867,708
869,691
857,686
868,701
865,693
862,704
871,695
862,679
863,687
864,676
866,682
865,685
864,680
871,675
866,681
863,675
866,675
858,680
862,692
860,682
862,688
862,693
861,698
863,709
859,693
867,692
863,707
872,700
869,700
861,695
876,678
861,685
864,678
862,673
862,676
861,666
859,671
864,673
864,675
861,671
864,680
864,690
866,680
860,692
857,694
868,698
866,713
864,687
865,683
867,701
866,696
866,700
866,687
864,681
864,687
864,682
862,676
861,674
862,673
868,672
863,676
861,674
862,672
864,678
862,692
863,681
862,687
863,693
860,691
863,709
866,688
858,688
865,700
865,682
866,701
862,691
864,680
873,684
864,677
863,678
866,674
853,677
863,672
866,673
867,677
855,676
863,684
861,680
862,678
864,688
862,693
863,696
865,710
858,687
864,688
865,700
857,696
862,696
866,687
865,677
861,693
864,672
858,674
867,679
864,676
865,672
862,671
868,674
862,674
864,679
861,699
865,678
863,686
864,710
862,700
864,710
866,690
867,693
870,702
863,695
867,696
858,694
868,679
870,687
867,678
865,674
860,677
863,678
867,673
862,680
871,676
866,680
877,687
865,697
864,685
855,686
860,697
871,690
862,706
866,700
861,698
871,703
869,690
864,693
862,692
864,672
867,683
861,675
861,674
864,676
863,674
866,682
865,672
868,666
872,678
868,684
866,690
872,680
864,687
865,696
861,700
866,714
872,695
872,692
865,702
864,694
866,686
862,687
860,670
861,686
855,691
858,677
868,672
863,671
863,691
862,673
856,697
864,677
857,679
866,681
863,669
864,694
865,687
868,692
863,701
858,690
864,692
864,700
859,691
866,695
857,687
860,686
871,680
867,673
862,675
866,678
862,675
861,669
858,674
860,676
860,676
866,684
860,692
867,679
865,700
867,705
869,697
870,702
862,686
863,692
863,700
863,690
863,696
861,688
867,675
866,678
864,676
867,673
863,676
864,665
867,672
862,676
860,678
860,675
863,682
862,691
859,680
863,694
865,696
861,693
863,706
861,694
859,687
869,703
873,690
860,694
864,689
859,676
862,680
865,673
864,676
862,676
859,675
860,672
866,685
859,680
862,682
864,679
856,686
862,687
865,693
865,704
867,697
866,708
869,696
863,688
862,697
870,703
867,702
864,689
868,672
866,691
878,678
862,672
856,674
872,673
861,673
861,682
864,679
852,679
868,691
859,704
861,682
864,697
864,684
862,693
865,701
867,692
865,695
862,697
862,689
863,696
861,688
870,675
873,672
865,677
872,678
862,677
865,672
866,674
863,676
864,680
865,679
864,683
869,693
864,679
858,692
863,697
867,694
865,712
866,684
867,690
861,705
869,690
860,695
868,687
856,672
856,679
865,675
866,674
867,677
866,677
862,673
864,681
862,679
870,683
861,682
863,691
869,685
862,697
871,699
869,691
865,703
859,694
863,696
864,699
868,692
863,695
861,690
858,672
860,676
872,678
865,676
867,679
873,673
861,672
867,674
862,679
863,680
861,684
861,686
860,684
867,696
862,696
864,693
863,704
871,695
866,691
862,698
864,695
867,693
864,688
863,677
876,691
867,677
868,677
861,673
866,676
870,673
861,673
858,679
859,679
866,685
867,687
864,689
860,697
853,684
863,689
871,706
859,693
862,688
864,696
861,696
868,703
866,693
865,679
861,679
867,670
865,673
864,680
863,673
867,677
863,671
860,677
863,681
861,684
865,692
865,692
866,703
859,700
862,692
871,706
863,694
866,689
863,701
870,690
869,697
866,691
862,680
864,685
863,675
861,681
866,675
863,665
862,676
861,681
863,684
861,683
859,684
871,692
875,684
866,699
864,701
871,689
865,710
870,706
868,693
864,698
869,688
861,703
866,693
862,670
861,676
864,678
862,680
864,677
866,671
868,675
868,673
863,683
865,683
864,682
865,682
875,697
868,700
867,700
876,688
872,709
867,699
868,688
860,696
863,694
869,700
864,684
869,680
864,687
861,680
868,683
867,673
866,675
866,675
860,675
865,686
861,684
865,682
866,686
860,690
864,703
866,684
861,686
866,711
864,685
865,691
861,687
864,688
858,684
874,688
866,689
873,677
872,690
858,676
868,683
871,674
857,675
868,671
864,682
868,685
866,680
863,690
863,689
862,703
856,703
862,688
874,708
867,695
866,691
863,694
858,690
873,699
862,688
865,670
861,674
867,680
864,675
863,678
867,680
859,680
866,684
864,683
865,680
861,681
864,689
866,695
866,694
863,694
868,688
859,703
858,698
866,692
862,693
867,693
863,692
866,683
864,675
864,676
864,679
867,674
863,672
870,674
860,680
869,669
866,691
869,684
867,680
863,687
861,692
866,697
861,695
867,685
871,708
862,698
863,688
864,699
870,688
875,698
870,685
872,667
874,688
873,678
863,679
860,669
864,674
864,679
863,683
865,688
861,681
861,678
866,694
872,693
864,701
866,690
868,690
868,713
868,701
869,689
864,696
867,688
855,691
865,703
860,676
857,681
862,673
853,688
864,690
860,671
865,672
861,676
869,690
871,692
867,687
863,692
866,692
867,700
857,695
866,684
864,709
864,685
863,687
860,697
861,688
863,690
865,683
863,668
863,678
861,675
864,668
865,671
863,668
863,673
865,682
865,683
863,695
871,683
876,703
864,695
868,699
866,698
865,686
870,689
863,701
862,687
868,695
863,688
866,700
867,691
873,672
872,685
868,681
865,679
867,676
867,676
859,677
865,681
868,690
873,690
875,682
870,695
866,697
862,697
862,694
865,687
861,713
864,704
863,683
863,695
868,693
854,690
858,683
876,669
868,687
877,685
864,679
874,671
872,682
871,679
867,679
869,687
862,688
859,689
867,703
865,695
863,698
866,687
864,694
867,711
865,702
863,685
863,690
871,690
861,693
862,697
870,669
871,678
872,681
866,683
867,690
869,683
866,696
874,680
870,681
863,686
864,698
865,699
862,686
865,704
862,696
858,691
864,709
867,687
868,691
868,690
859,690
869,692
860,679
865,670
866,678
864,678
863,676
863,674
865,673
868,677
872,688
874,686
864,684
866,678
860,704
863,696
866,696
871,691
869,692
861,714
868,697
867,677
864,693
863,690
865,698
867,685
872,668
867,680
861,676
869,675
864,677
860,674
875,681
866,687
867,689
860,683
862,678
861,702
874,704
872,696
861,690
866,693
862,714
861,700
867,678
864,684
873,692
868,690
867,678
871,671
865,690
869,679
868,679
867,675
869,680
868,684
860,679
858,691
863,670
863,680
867,705
859,693
862,696
863,685
860,688
866,713
866,698
873,683
867,689
869,688
861,691
862,686
870,660
863,674
863,676
865,674
861,682
861,670
862,676
854,682
868,690
859,680
860,686
859,701
863,705
868,681
867,691
869,684
872,717
868,690
865,682
870,692
868,686
867,692
862,675
864,668
864,678
869,681
868,672
868,676
868,675
867,685
868,685
865,689
873,687
867,690
862,704
866,694
861,692
868,693
865,702
865,710
864,700
867,682
864,688
864,685
854,692
865,679
861,662
865,674
866,678
869,673
866,674
865,679
866,682
864,684
865,687
863,679
861,680
866,707
871,699
859,696
865,694
874,698
869,714
871,702
864,680
867,698
866,691
862,687
861,675
861,670
865,691
871,680
868,674
870,672
860,672
865,686
866,684
862,687
864,681
863,682
863,706
866,695
863,691
862,684
865,699
867,713
863,698
864,682
870,690
863,687
861,688
864,673
866,667
869,677
864,681
867,677
872,685
864,669
866,678
862,685
859,688
873,683
868,687
867,716
864,688
866,695
862,691
863,691
868,699
860,686
864,678
858,693
863,687
862,685
863,675
866,671
862,693
862,676
868,671
865,675
862,671
862,688
863,681
864,691
860,683
866,679
858,706
865,698
853,688
866,698
871,699
864,712
864,697
864,679
864,693
862,688
863,691
873,680
865,670
863,676
866,677
862,673
864,676
862,671
868,678
870,683
862,690
863,680
871,684
870,705
866,704
864,689
862,693
870,692
866,713
867,700
860,682
861,688
863,680
874,688
866,682
871,671
864,683
866,676
873,671
866,671
867,669
861,680
860,686
864,701
868,683
866,689
858,710
868,695
868,687
860,685
862,695
860,710
862,694
864,685
862,687
862,686
866,686
862,673
869,663
863,676
867,676
865,676
859,683
867,671
864,686
866,682
862,691
858,686
865,683
862,712
860,696
860,689
861,691
866,690
862,714
871,690
860,680
865,688
870,688
870,701
860,675
868,670
863,677
868,670
866,674
864,674
863,672
863,689
874,689
864,694
866,687
861,683
862,708
860,697
866,688
861,692
865,693
862,713
865,697
861,677
859,688
868,688
860,696
862,674
867,669
866,676
867,676
867,675
870,673
872,671
870,687
869,689
865,687
867,677
866,682
862,709
867,695
864,685
867,689
865,694
864,721
866,697
861,677
868,690
867,687
866,688
858,673
867,673
863,685
874,679
861,675
870,671
865,671
864,682
861,685
867,685
865,678
860,692
866,718
864,696
863,684
867,686
868,696
863,714
863,693
864,676
867,694
858,687
865,684
863,673
864,675
867,675
860,676
865,671
870,683
863,671
858,684
864,682
862,687
869,682
864,686
863,699
865,697
862,699
865,694
868,700
867,723
862,691
866,681
865,695
869,689
875,687
867,685
871,673
864,677
860,675
857,674
864,672
866,682
865,683
863,689
861,688
866,689
873,693
870,715
863,700
873,687
868,706
868,712
858,711
863,690
865,675
858,691
866,689
867,682
854,672
870,673
865,678
865,679
874,679
870,677
867,681
871,690
869,687
875,691
867,685
868,693
870,707
861,696
865,683
859,692
868,698
856,710
862,693
869,685
862,689
865,688
856,678
860,671
865,674
859,686
866,676
867,674
867,671
864,681
860,683
863,686
864,681
862,677
869,693
867,710
859,694
863,686
864,685
867,699
861,710
863,693
869,681
868,689
862,689
870,671
866,674
869,668
863,676
863,673
864,673
866,685
873,674
863,690
866,689
870,694
867,685
871,692
864,705
863,695
865,687
863,692
864,696
866,717
866,686
861,677
864,696
872,690
863,687
865,682
862,672
866,671
874,679
866,682
874,669
870,677
876,691
871,688
867,687
874,683
867,697
862,715
866,699
866,689
871,687
869,698
870,703
871,698
863,679
867,692
863,693
872,689
864,677
871,676
864,677
863,677
864,676
863,677
861,670
866,693
868,686
872,690
868,690
868,694
863,707
863,694
864,685
867,696
867,695
863,710
865,691
863,684
865,689
863,687
868,677
858,673
869,677
867,690
860,676
867,678
868,675
868,678
861,689
871,699
861,690
865,682
868,692
864,715
860,692
863,684
870,686
865,696
862,706
865,693
862,681
862,689
861,693
864,680
864,674
863,678
860,675
863,680
867,679
866,692
862,679
865,689
871,687
864,686
863,677
860,690
858,708
869,694
870,684
861,695
868,699
869,713
866,690
861,682
862,687
860,685
864,677
863,674
868,676
861,671
869,672
865,673
872,671
866,676
862,685
865,684
864,681
861,681
867,695
868,712
864,694
857,683
863,694
868,685
864,708
868,691
868,680
861,700
866,690
870,682
865,676
864,680
866,674
866,674
861,673
856,673
862,677
861,686
868,688
864,687
864,687
863,694
864,709
862,693
867,689
877,700
864,700
866,711
869,682
871,681
872,691
874,690
867,675
861,673
865,677
860,687
859,673
866,678
869,679
864,686
868,690
865,681
859,685
872,690
877,699
866,716
868,696
863,685
872,686
873,704
865,708
865,690
864,678
862,688
863,694
862,672
863,672
867,675
869,676
868,675
868,672
871,685
862,675
870,689
868,687
858,687
856,685
856,697
867,712
873,696
865,684
868,701
869,703
874,709
863,691
876,685
874,687
855,686
870,675
862,675
870,685
863,673
860,672
866,673
866,672
865,680
874,692
872,688
866,682
868,694
870,695
860,711
855,691
870,701
860,695
869,696
867,707
865,697
867,697
869,692
866,688
863,683
869,681
864,678
867,675
861,672
871,677
864,671
859,676
862,698
866,686
867,687
862,686
860,693
864,711
862,691
860,688
865,699
866,698
865,707
862,690
859,678
862,693
859,681
870,685
866,675
863,675
865,687
861,673
859,677
870,668
859,678
865,690
866,686
863,689
866,690
866,698
862,712
864,686
861,684
866,688
863,699
863,704
859,692
865,676
863,693
863,680
857,674
871,679
868,672
861,675
861,672
861,674
862,687
865,680
865,697
869,687
873,689
875,697
870,703
873,715
863,696
872,696
871,705
868,698
867,712
866,692
871,680
865,686
864,684
872,678
865,678
870,669
862,675
858,673
867,673
863,673
866,683
874,694
863,691
875,685
862,697
862,700
872,718
867,694
873,707
869,706
859,696
876,706
873,691
873,680
872,691
858,680
862,679
862,677
867,707
873,680
873,696
867,682
876,680
872,687
866,682
871,682
867,680
862,693
863,679
862,703
857,692
866,687
866,702
867,698
867,694
861,689
866,673
875,692
872,687
877,679
864,677
859,678
867,688
863,672
866,673
866,677
865,684
865,697
867,681
865,695
869,696
863,700
866,706
863,690
872,690
871,686
866,699
863,704
867,688
876,684
870,690
862,671
864,675
864,676
865,677
855,673
866,674
869,679
863,685
868,684
873,693
869,686
872,691
873,696
859,697
859,709
869,699
864,689
868,701
860,695
866,707
876,685
865,677
877,683
869,683
864,684
865,677
864,681
869,676
864,675
870,675
869,680
866,690
870,699
870,695
862,685
867,696
868,698
865,709
868,689
866,704
869,710
871,698
861,701
871,693
864,675
866,693
863,681
867,684
879,679
870,676
867,678
862,678
867,671
867,679
865,671
857,693
869,686
866,690
865,695
863,691
862,700
861,693
870,687
862,700
865,690
860,675
866,691
865,674
855,682
871,678
871,682
865,677
862,672
865,684
868,669
869,675
864,685
870,685
868,698
875,677
863,703
864,703
865,692
864,703
857,692
870,689
872,685
876,696
867,699
869,694
865,675
860,687
874,675
862,677
872,680
868,674
869,671
865,671
863,676
863,685
862,679
864,691
861,676
865,688
863,696
867,693
861,703
862,692
866,688
863,700
862,688
859,695
864,684
863,672
870,680
868,674
865,673
865,692
862,674
871,672
861,674
863,676
863,683
864,686
863,690
866,689
862,685
856,695
859,694
863,703
865,700
866,697
864,706
857,689
865,695
863,688
860,674
863,675
862,674
862,680
861,670
860,669
860,674
862,672
856,672
857,675
861,679
863,689
864,675
856,688
861,696
858,690
863,700
862,684
871,687
860,698
869,687
864,685
863,687
864,670
870,677
865,692
864,675
860,671
864,668
862,683
864,668
868,674
861,674
858,680
858,686
859,675
860,687
860,693
860,690
861,708
859,690
857,690
859,682
861,690
863,696
862,686
866,667
860,667
864,668
857,674
862,671
859,670
869,674
867,668
860,672
866,688
862,678
857,689
861,677
861,689
862,690
865,692
862,706
866,696
863,694
867,700
869,688
862,692
864,684
861,674
857,673
860,674
861,670
862,677
866,657
859,669
862,671
862,676
867,682
863,681
865,690
863,692
865,686
863,694
861,697
861,705
867,699
861,686
863,697
861,689
865,694
855,687
866,677
864,677
859,673
865,679
860,671
866,672
864,668
860,669
856,679
867,677
856,682
865,686
858,679
866,693
860,692
860,688
870,705
865,691
866,688
860,698
860,698
863,696
859,696
861,677
864,683
869,680
868,677
867,677
867,701
866,690
865,668
862,678
866,681
861,691
867,697
871,685
857,691
868,706
861,689
860,702
862,694
868,696
867,685
863,690
864,692
861,689
861,673
861,680
865,681
864,674
859,675
861,667
861,672
864,670
863,679
859,688
865,679
860,687
866,683
858,693
858,689
862,692
863,701
862,695
854,688
856,695
863,690
860,693
864,683
869,673
864,675
861,678
872,678
864,670
866,676
866,676
869,674
860,680
863,678
864,680
861,688
866,692
862,690
863,696
863,687
862,704
857,690
861,696
864,705
864,697
867,699
866,694
864,673
863,673
860,675
864,680
865,675
859,681
865,680
868,666
866,677
858,679
867,686
861,687
859,681
873,692
860,699
866,689
860,707
861,696
876,690
863,700
869,687
863,694
869,681
866,669
868,674
861,676
858,673
865,680
864,675
863,684
863,669
861,678
860,681
864,682
859,687
862,685
866,693
864,698
863,695
867,705
860,698
861,688
860,683
867,692
864,694
864,685
868,668
862,674
863,677
866,673
862,672
868,672
869,673
861,676
863,678
860,686
864,681
864,685
860,684
863,698
866,695
865,690
862,702
863,695
861,689
861,693
865,692
870,692
861,678
860,673
863,672
858,678
866,671
863,670
864,663
863,673
857,671
871,683
867,685
863,692
859,696
876,688
869,692
865,696
866,686
858,702
862,692
862,693
862,695
864,688
862,692
865,684
859,675
859,673
865,673
864,679
862,673
864,672
867,670
861,670
870,685
863,680
862,691
861,690
857,686
867,701
868,698
871,687
867,703
866,695
860,688
862,695
864,680
864,696
858,684
861,669
862,673
860,674
858,677
858,673
864,668
862,681
866,670
867,679
863,667
859,672
861,701
867,688
862,687
863,693
863,690
861,704
863,691
865,689
861,681
867,691
869,701
866,683
862,676
865,675
862,675
862,674
864,672
862,668
861,671
856,671
865,680
861,683
862,682
862,688
857,686
862,697
859,696
863,687
863,713
863,700
861,688
861,692
861,688
864,696
865,674
864,675
864,674
857,675
860,678
857,675
869,672
865,673
866,670
861,679
865,682
857,681
862,690
859,689
863,688
863,700
872,685
865,696
866,696
864,702
859,695
857,685
858,693
859,687
864,671
862,672
861,676
860,677
863,675
862,669
856,669
865,667
869,682
860,681
860,681
858,687
863,687
859,693
869,696
865,683
861,705
864,700
865,685
862,704
861,690
866,694
862,688
862,667
867,673
869,687
873,677
870,676
865,670
861,679
858,669
859,682
861,688
861,686
861,691
860,687
864,694
862,675
863,688
862,708
865,699
862,664
867,688
863,696
873,694
861,685
862,673
861,672
862,672
864,681
858,672
862,670
861,672
868,670
863,682
861,684
866,678
863,687
862,686
864,688
866,696
866,683
865,708
865,695
864,686
864,697
872,693
863,693
861,679
861,676
862,675
869,678
867,672
863,673
864,659
860,672
858,671
865,681
860,681
868,677
856,688
862,693
865,692
860,697
871,690
861,716
867,701
868,685
870,692
865,693
866,699
866,689
867,668
857,670
858,675
860,680
863,670
860,670
865,665
864,669
859,685
867,682
869,682
861,688
863,683
865,694
864,697
859,682
865,703
864,704
860,692
861,692
859,690
865,694
863,685
865,665
864,673
865,679
859,672
860,676
864,673
863,675
863,668
864,681
866,685
870,680
872,688
862,689
864,696
859,694
861,681
865,709
865,701
864,686
860,686
859,687
863,692
865,684
868,663
868,674
860,674
862,670
861,694
863,671
865,690
865,671
865,677
855,690
874,680
869,693
867,703
862,700
860,694
860,684
864,707
864,701
862,683
863,694
866,696
873,689
857,679
870,677
867,674
864,688
861,669
863,671
866,674
865,671
861,676
869,682
857,679
865,677
863,691
867,689
858,693
870,699
865,687
869,705
871,698
869,692
867,698
872,690
860,693
869,686
868,666
872,677
862,683
861,683
877,677
863,673
875,669
857,675
867,688
864,689
866,682
860,702
871,701
865,702
868,702
872,694
862,710
873,705
865,695
871,700
866,687
873,695
867,691
870,670
866,681
872,684
869,680
864,676
863,679
865,684
867,681
867,690
863,692
877,685
866,700
863,702
865,710
868,701
872,696
869,723
870,713
876,701
873,696
874,700
863,701
859,681
861,667
873,692
875,693
875,688
875,686
873,701
877,687
874,690
870,698
876,697
870,696
872,713
874,692
876,708
862,717
875,699
875,725
886,716
884,702
880,708
881,700
873,703
869,697
873,681
872,688
886,702
884,690
884,696
876,697
872,689
876,693
876,706
879,703
877,696
875,716
874,709
874,709
880,710
880,709
873,731
874,718
873,699
874,709
871,711
874,709
878,697
878,683
875,693
876,699
870,696
880,686
880,699
876,686
877,696
870,703
882,703
880,702
875,717
877,712
878,718
866,712
880,708
879,729
874,718
867,714
877,702
869,707
882,710
874,700
872,682
878,696
877,693
880,692
879,690
878,696
872,701
881,696
880,712
881,706
880,704
875,725
881,721
886,718
893,716
879,709
885,735
879,721
879,705
877,708
874,708
874,706
874,694
878,687
880,695
882,695
878,691
890,694
876,693
878,694
875,695
879,694
879,711
879,698
876,718
870,719
881,723
871,704
878,708
874,704
877,723
872,702
881,706
871,705
880,703
877,698
873,685
873,691
873,691
873,686
870,685
878,693
880,690
872,692
877,705
877,704
874,696
871,716
872,700
871,708
871,710
874,706
872,724
869,710
876,700
884,702
873,701
881,706
864,688
867,675
878,685
870,685
871,695
870,682
867,677
870,689
872,689
858,699
874,693
870,687
876,715
869,702
865,701
868,698
870,698
869,720
867,712
874,692
873,701
871,690
867,698
881,683
871,675
866,687
870,683
875,683
873,685
868,685
868,693
876,688
868,696
869,688
865,685
868,710
864,699
859,700
866,693
867,693
859,719
871,702
869,679
869,687
863,694
864,691
861,675
861,668
874,685
870,684
867,682
867,672
862,671
863,675
866,682
865,688
862,694
866,682
870,710
864,697
865,700
864,694
864,683
863,711
862,687
862,675
860,664
859,687
875,674
861,681
860,665
866,681
860,667
861,668
855,664
862,665
862,671
862,675
858,680
858,671
859,671
862,698
858,681
860,683
862,685
859,686
858,705
863,692
860,674
861,687
857,682
860,678
866,672
862,663
863,671
865,670
857,667
862,663
860,664
856,671
856,672
854,678
862,672
859,671
850,695
865,689
860,686
860,683
859,680
857,701
857,695
857,686
857,683
858,683
858,677
861,676
863,666
855,671
863,676
863,665
864,664
859,664
865,675
861,678
855,675
851,679
863,681
861,696
858,690
857,687
862,689
859,688
860,711
862,693
869,669
855,676
855,684
858,662
859,669
857,661
858,669
864,673
859,664
856,663
861,661
855,669
862,675
858,675
860,679
860,675
855,691
861,689
857,689
866,685
866,691
860,703
858,688
859,672
860,684
861,680
854,678
868,677
874,670
861,682
868,674
865,661
859,669
866,666
858,673
856,676
856,679
860,671
862,672
863,700
857,685
858,679
864,683
858,690
861,703
855,696
861,670
859,683
861,684
859,680
863,668
860,663
860,669
865,674
860,668
851,674
861,662
870,676
859,678
856,676
861,673
861,680
855,701
858,690
861,681
860,684
861,691
859,703
853,700
865,684
855,683
853,684
862,681
856,667
856,667
857,667
858,668
859,664
859,663
859,665
854,675
862,674
866,681
859,669
868,675
851,702
866,690
860,680
860,684
860,673
867,706
855,690
866,675
864,680
862,685
855,670
859,666
860,664
857,671
860,674
862,666
860,666
859,661
863,681
861,687
862,680
862,680
863,673
859,698
862,699
866,680
861,683
858,692
865,706
862,692
863,675
870,687
868,682
862,678
864,677
864,668
865,663
864,674
859,669
860,672
865,664
858,675
858,676
867,685
858,671
860,665
858,701
859,676
863,679
863,679
859,689
863,706
858,689
860,673
867,693
867,680
863,677
864,669
862,668
862,673
858,670
857,670
869,669
864,669
862,676
863,674
863,680
856,672
861,679
865,702
861,688
857,681
865,688
857,690
854,703
856,695
858,671
863,684
856,682
858,681
862,669
854,664
859,671
862,677
854,669
861,661
865,661
862,679
860,686
866,692
864,675
861,686
859,710
864,695
858,681
861,685
863,687
865,711
857,690
865,672
862,678
859,687
860,675
858,669
863,666
858,668
861,672
868,666
860,664
857,672
865,681
861,679
870,686
865,680
862,691
861,710
863,693
864,681
859,685
856,692
865,705
861,688
862,677
857,684
861,680
859,674
859,675
869,671
858,671
859,669
864,668
860,666
857,665
859,677
861,660
861,680
856,673
855,680
860,698
858,682
859,687
853,683
867,694
866,711
859,688
867,678
856,683
855,681
861,674
857,667
856,667
862,669
860,678
864,671
854,656
859,665
860,677
861,676
854,678
860,670
864,680
856,703
862,695
858,675
858,685
861,697
859,709
865,692
861,677
864,682
862,682
857,678
859,669
858,664
860,671
861,672
862,665
859,660
863,664
860,682
860,672
856,682
859,674
865,681
859,704
862,693
863,680
870,688
857,691
862,705
859,692
860,673
862,679
858,684
863,672
859,666
862,659
861,675
863,676
867,668
859,662
861,665
861,678
859,678
860,679
859,679
858,685
860,704
860,692
863,679
861,691
867,693
863,704
862,690
856,669
856,683
864,683
863,672
859,676
852,660
860,669
860,671
859,668
860,662
860,667
861,679
869,683
862,682
858,671
858,683
859,704
863,683
856,685
859,693
872,694
862,680
865,695
859,678
863,684
857,693
862,676
868,671
866,668
860,667
861,672
862,675
863,667
866,669
860,683
865,684
870,685
857,673
856,682
859,702
860,693
861,678
861,689
863,689
865,705
854,691
861,671
856,684
857,680
859,675
862,672
858,670
861,667
858,669
865,666
850,664
862,666
868,679
863,681
860,680
856,674
861,686
862,702
862,692
858,677
858,688
859,691
862,704
861,688
859,671
860,679
864,679
859,672
859,669
864,664
858,670
859,672
861,665
863,660
857,664
856,679
858,682
852,680
865,679
867,683
866,708
861,693
856,678
864,692
863,696
862,707
860,696
868,669
863,681
863,680
849,676
860,677
863,664
863,668
862,669
853,668
860,663
858,671
857,678
860,678
858,679
860,675
870,682
861,704
863,681
857,685
862,691
863,690
855,702
866,687
859,674
865,686
867,681
859,680
869,666
854,676
868,671
862,669
863,672
863,658
859,664
862,681
861,678
854,680
853,677
862,692
861,705
864,689
858,677
860,690
854,688
864,699
860,692
867,672
865,686
862,678
858,669
861,669
858,669
860,670
871,674
868,672
863,668
864,677
868,684
853,673
857,682
857,683
864,693
857,709
866,692
864,681
863,694
858,700
862,707
866,688
863,682
858,694
866,686
860,676
856,674
864,675
862,674
863,673
867,668
858,663
869,671
864,686
859,678
861,681
860,692
859,691
860,705
865,687
861,680
863,688
857,690
863,705
860,683
864,672
860,685
859,678
861,670
857,672
860,665
856,672