2778,10000
817,1549,19915,16179
821,1533,20043,16303
812,1568,19783,16043
817,1545,19950,16184
817,1566,19829,16046
814,1567,19833,16064
815,1564,19829,16075
812,1565,19764,16037
812,1561,19829,16097
810,1562,19695,15975
814,1545,19861,16130
819,1561,19935,16143
814,1566,19799,16042
816,1536,19923,16191
813,1567,19805,16060
819,1551,19892,16142
813,1570,19819,16063
813,1566,19854,16096
814,1558,19876,16092
809,1569,19702,15941
824,1545,20224,16260
824,1559,20183,16195
821,1555,20106,16147
819,1538,20041,16176
817,1572,19906,15999
815,1550,19909,16168
825,1557,20257,16254
819,1567,19928,16155
828,1566,20224,16195
820,1557,20011,16038
824,1552,20223,16270
823,1555,20219,16206
823,1561,20155,16175
818,1556,20015,16133
817,1569,19947,16047
818,1547,19917,16155
815,1546,19870,16097
813,1558,19792,16036
826,1568,20289,16233
823,1567,20140,16095
825,1556,20233,16239
821,1566,20096,16121
823,1552,20204,16242
829,1567,20287,16229
823,1558,20186,16171
825,1552,20238,16278
822,1555,20105,16124
823,1568,20167,16187
831,1576,20314,16282
823,1551,20167,16201
830,1553,20347,16330
828,1537,20212,16163
824,1555,20204,16212
827,1548,20320,16311
831,1578,20242,16233
825,1548,20234,16278
822,1558,20087,16094
823,1557,20181,16152
825,1558,20257,16205
825,1558,20218,16176
839,1555,20554,16495
836,1550,20480,16480
834,1574,20363,16339
833,1549,20444,16413
824,1566,20218,16197
825,1551,20239,16263
824,1552,20218,16215
825,1540,20276,16280
829,1560,20260,16263
831,1579,20284,16235
831,1564,20314,16283
828,1562,20205,16162
831,1558,20334,16297
828,1547,20291,16304
837,1552,20545,16524
826,1550,20229,16233
819,1561,20070,16091
828,1562,20280,16251
839,1566,20577,16463
829,1549,20384,16311
826,1544,20293,16300
832,1573,20311,16313
828,1541,20349,16362
840,1556,20661,16585
825,1560,20223,16166
834,1589,20411,16371
835,1554,20487,16443
825,1550,20291,16299
835,1566,20437,16405
831,1546,20367,16383
826,1560,20222,16227
821,1564,20071,16035
825,1549,20266,16271
830,1562,20287,16254
830,1560,20268,16238
832,1566,20336,16344
836,1572,20473,16417
837,1541,20563,16507
823,1559,20209,16185
825,1557,20299,16249
833,1554,20444,16431
822,1570,20137,16169
829,1556,20283,16301
836,1545,20542,16477
824,1563,20189,16160
831,1568,20323,16289
827,1553,20194,16177
830,1551,20325,16311
821,1574,20034,16074
822,1550,20152,16206
825,1559,20193,16213
827,1571,20217,16161
826,1536,20302,16291
822,1572,20094,16118
824,1545,20253,16256
827,1552,20225,16224
832,1577,20328,16275
826,1546,20320,16303
824,1557,20186,16144
824,1551,20229,16196
824,1558,20197,16217
822,1567,20135,16187
833,1550,20370,16315
822,1572,20150,16133
828,1560,20276,16223
823,1562,20187,16206
824,1572,20178,16137
824,1552,20241,16265
824,1570,20114,16107
822,1555,20163,16220
821,1552,20139,16195
824,1575,20154,16120
824,1533,20245,16260
824,1565,20096,16117
825,1554,20217,16227
830,1569,20277,16282
830,1569,20271,16222
827,1551,20254,16236
825,1576,20128,16078
828,1542,20314,16262
827,1573,20237,16195
823,1563,20177,16205
825,1557,20218,16235
822,1576,20075,16053
827,1556,20343,16298
828,1553,20263,16252
823,1546,20184,16205
824,1558,20185,16203
829,1577,20166,16153
832,1564,20349,16307
824,1558,20185,16198
839,1544,20604,16536
825,1550,20227,16228
821,1576,20073,16092
825,1544,20246,16260
821,1546,20125,16159
823,1561,20174,16167
824,1555,20223,16222
823,1568,20156,16124
842,1546,20675,16581
827,1549,20269,16281
829,1543,20368,16392
828,1552,20326,16314
833,1562,20445,16373
827,1537,20343,16315
826,1564,20177,16152
825,1561,20190,16162
826,1552,20232,16233
825,1565,20122,16138
832,1548,20349,16343
824,1561,20107,16126
825,1564,20229,16173
825,1553,20232,16221
826,1569,20202,16200
828,1554,20313,16301
829,1579,20181,16190
828,1562,20229,16203
830,1562,20296,16248
826,1561,20200,16147
828,1568,20392,16347
832,1587,20310,16267
835,1572,20411,16401
836,1555,20557,16533
821,1570,20143,16132
826,1541,20304,16272
822,1573,20125,16120
825,1559,20217,16210
823,1558,20174,16200
822,1565,20115,16130
823,1557,20196,16239
821,1561,20059,16110
824,1551,20248,16215
825,1557,20201,16188
826,1572,20127,16123
829,1549,20284,16276
822,1574,20037,16068
825,1550,20268,16269
825,1547,20201,16189
823,1551,20223,16183
827,1565,20293,16229
821,1584,20051,16074
824,1557,20206,16232
823,1558,20142,16196
824,1560,20209,16182
831,1568,20330,16258
828,1576,20135,16139
828,1555,20299,16270
824,1557,20183,16186
821,1548,20105,16164
823,1544,20155,16217
820,1577,20004,16050
826,1550,20322,16277
826,1557,20229,16229
822,1547,20139,16185
824,1555,20195,16220
823,1580,20073,16089
826,1553,20300,16272
824,1553,20163,16160
829,1560,20302,16259
825,1550,20260,16200
823,1576,20128,16127
825,1544,20228,16247
820,1566,20080,16110
825,1568,20188,16149
825,1564,20266,16218
824,1555,20156,16174
828,1538,20325,16279
822,1573,20095,16099
823,1560,20141,16176
824,1550,20201,16239
820,1569,20080,16124
829,1555,20351,16292
824,1577,20140,16155
832,1574,20322,16291
832,1558,20330,16298
827,1561,20156,16180
829,1540,20320,16311
821,1567,20119,16109
824,1563,20223,16199
827,1553,20267,16182
822,1554,20126,16157
823,1560,20229,16255
820,1563,20067,16100
830,1571,20272,16207
825,1544,20229,16237
823,1567,20127,16148
826,1546,20293,16266
821,1556,20066,16114
827,1561,20228,16245
823,1570,20138,16177
823,1578,20100,16134
828,1549,20307,16252
820,1561,20102,16135
824,1545,20242,16261
825,1562,20203,16202
821,1558,20079,16115
824,1543,20235,16220
820,1569,20067,16104
839,1564,20563,16453
839,1543,20640,16553
825,1543,20251,16259
836,1555,20485,16466
823,1557,20136,16181
835,1541,20524,16447
824,1552,20245,16232
822,1553,20168,16193
830,1561,20289,16265
824,1573,20074,16091
823,1549,20214,16259
823,1549,20160,16192
820,1539,20107,16184
826,1566,20247,16210
822,1564,20054,16053
826,1547,20254,16262
826,1565,20201,16195
834,1579,20361,16347
831,1532,20423,16411
827,1556,20269,16257
838,1537,20617,16526
824,1562,20194,16156
828,1555,20282,16255
823,1556,20170,16187
821,1573,20099,16147
828,1532,20292,16273
829,1573,20235,16168
826,1555,20236,16269
831,1543,20444,16409
822,1547,20124,16139
828,1539,20360,16390
830,1566,20311,16308
823,1563,20186,16209
840,1540,20644,16544
823,1546,20169,16182
826,1552,20235,16288
821,1571,20044,16090
824,1560,20125,16182
826,1557,20222,16203
821,1555,20120,16131
822,1531,20258,16260
823,1563,20141,16120
820,1559,20082,16134
821,1548,20100,16167
821,1564,20064,16139
825,1526,20291,16270
829,1547,20318,16306
821,1549,20131,16174
820,1549,20130,16183
821,1560,20139,16201
822,1556,20162,16216
821,1567,20037,16083
822,1543,20165,16237
825,1553,20191,16185
825,1557,20144,16183
822,1540,20188,16254
818,1564,20006,16052
823,1546,20135,16205
821,1554,20158,16198
821,1560,20118,16165
825,1547,20217,16201
821,1558,20087,16121
824,1556,20191,16210
820,1553,20129,16191
822,1561,20069,16151
823,1545,20209,16245
819,1559,20024,16055
822,1549,20157,16194
822,1538,20195,16245
824,1553,20146,16193
830,1557,20272,16315
830,1588,20238,16261
832,1542,20417,16448
827,1554,20228,16210
830,1554,20344,16346
827,1535,20277,16330
830,1587,20202,16203
833,1548,20356,16400
835,1554,20502,16502
828,1567,20209,16227
824,1553,20233,16222
825,1558,20151,16131
823,1543,20239,16293
825,1567,20105,16162
820,1507,20073,16150
828,1551,20243,16220
821,1560,20105,16135
823,1542,20217,16263
823,1556,20135,16164
823,1559,20107,16158
820,1532,20109,16213
819,1551,20029,16100
824,1537,20199,16272
833,1592,20225,16208
820,1548,20104,16160
819,1554,20094,16169
826,1570,20124,16170
828,1550,20260,16299
819,1553,20049,16102
825,1556,20168,16185
825,1549,20206,16191
824,1571,20139,16107
826,1525,20306,16355
828,1583,20181,16225
835,1559,20459,16458
822,1552,20172,16217
829,1578,20237,16194
828,1543,20281,16276
822,1563,20074,16086
822,1545,20156,16224
819,1548,20057,16164
835,1553,20412,16426
829,1532,20337,16377
822,1554,20124,16148
827,1560,20219,16220
820,1554,20110,16177
820,1563,20062,16137
820,1537,20137,16232
822,1562,20028,16068
824,1549,20223,16247
829,1552,20306,16262
823,1559,20185,16175
823,1532,20173,16246
821,1561,19995,16044
824,1554,20180,16211
822,1547,20173,16173
821,1548,20153,16185
825,1544,20174,16215
825,1573,20067,16096
822,1539,20182,16241
821,1559,20105,16162
821,1555,20136,16190
828,1570,20222,16249
827,1573,20155,16110
831,1551,20320,16305
822,1553,20115,16166
822,1566,20116,16166
830,1567,20251,16267
825,1568,20122,16135
836,1548,20469,16435
833,1565,20374,16325
837,1552,20591,16542
829,1553,20240,16266
821,1557,20026,16079
824,1550,20203,16247
830,1551,20221,16218
826,1561,20208,16173
821,1542,20113,16197
820,1553,20097,16145
823,1538,20229,16274
819,1566,20041,16092
821,1561,20102,16139
824,1550,20179,16215
822,1561,20144,16140
824,1537,20295,16316
820,1559,20079,16133
822,1558,20076,16131
821,1550,20133,16225
821,1568,20072,16112
826,1560,20243,16242
821,1554,20138,16153
827,1559,20210,16196
821,1535,20117,16193
820,1560,20053,16120
823,1525,20170,16241
826,1583,20126,16131
828,1554,20232,16215
826,1548,20260,16316
834,1544,20469,16472
822,1546,20162,16208
816,1565,19952,16041
821,1537,20127,16231
820,1563,20070,16138
822,1548,20213,16224
828,1560,20237,16253
820,1566,20008,16053
823,1547,20185,16248
834,1550,20479,16519
825,1562,20145,16164
822,1540,20155,16202
821,1556,20032,16062
825,1544,20295,16305
828,1557,20294,16310
833,1573,20361,16364
831,1541,20398,16419
819,1564,20021,16072
831,1556,20324,16278
826,1556,20189,16203
830,1567,20258,16242
835,1555,20441,16431
832,1579,20303,16325
830,1535,20372,16401
825,1529,20233,16294
834,1568,20408,16354
837,1559,20586,16567
835,1574,20415,16405
822,1538,20181,16240
819,1550,20019,16124
823,1558,20165,16194
823,1551,20167,16184
820,1554,20070,16078
828,1544,20287,16251
826,1565,20133,16155
821,1550,20069,16155
825,1572,20158,16182
820,1552,20067,16100
835,1553,20423,16384
825,1554,20097,16158
821,1555,20118,16165
828,1554,20220,16269
827,1564,20147,16202
822,1542,20197,16248
818,1555,19976,16066
822,1547,20133,16143
826,1558,20180,16183
819,1564,20048,16096
823,1541,20185,16254
818,1567,19996,16083
821,1546,20116,16146
827,1559,20185,16181
827,1555,20171,16174
833,1548,20445,16389
827,1572,20130,16171
822,1551,20052,16128
829,1558,20219,16279
831,1576,20294,16258
835,1547,20475,16451
834,1545,20412,16427
821,1544,20136,16191
821,1567,20102,16170
819,1562,20055,16147
821,1538,20115,16197
831,1574,20259,16276
838,1555,20606,16564
823,1544,20138,16175
820,1564,20046,16089
821,1530,20138,16220
817,1561,19934,16033
825,1545,20263,16283
826,1558,20215,16222
828,1555,20322,16289
832,1554,20527,16508
816,1568,19955,16027
821,1548,20149,16214
820,1545,20108,16169
822,1542,20160,16215
827,1553,20250,16220
823,1582,20050,16068
823,1542,20220,16245
822,1541,20161,16219
822,1553,20081,16125
820,1557,20099,16189
815,1565,19903,16017
824,1548,20269,16265
830,1573,20282,16271
821,1561,20115,16180
830,1537,20355,16374
820,1558,20035,16129
823,1542,20223,16268
820,1547,20087,16153
821,1550,20134,16166
822,1544,20221,16235
818,1563,20016,16073
821,1543,20176,16244
824,1563,20105,16151
821,1555,20138,16155
828,1562,20266,16237
830,1553,20215,16238
835,1563,20444,16412
827,1575,20148,16175
826,1564,20157,16195
821,1545,20102,16170
820,1558,20039,16116
831,1543,20341,16316
821,1561,20073,16102
831,1563,20288,16289
832,1569,20340,16326
820,1556,20045,16153
831,1538,20358,16374
818,1556,20012,16061
823,1545,20152,16156
825,1560,20200,16202
819,1559,20044,16122
833,1548,20379,16365
829,1575,20214,16265
837,1555,20501,16476
821,1545,20148,16174
820,1551,20124,16170
833,1560,20419,16390
833,1540,20435,16455
824,1547,20215,16298
835,1556,20422,16403
834,1541,20475,16491
824,1538,20261,16297
828,1569,20157,16198
829,1559,20268,16269
832,1571,20324,16318
826,1570,20120,16186
827,1557,20224,16215
818,1576,20013,16059
823,1542,20238,16238
824,1540,20181,16178
820,1563,20072,16132
822,1542,20118,16202
823,1574,20030,16079
823,1544,20232,16244
835,1557,20405,16355
835,1544,20482,16512
829,1570,20276,16249
828,1571,20197,16226
832,1536,20414,16445
823,1543,20193,16273
830,1564,20256,16267
830,1561,20312,16279
822,1569,19995,16035
822,1542,20170,16237
825,1550,20143,16199
824,1567,20114,16140
823,1550,20196,16226
824,1565,20083,16104
824,1545,20248,16265
821,1559,20153,16165
819,1539,20071,16163
821,1543,20116,16196
817,1560,19977,16068
822,1544,20207,16253
821,1561,20107,16133
826,1562,20174,16193
822,1539,20179,16238
821,1550,20037,16095
825,1535,20202,16260
819,1562,20049,16124
819,1552,20053,16144
823,1548,20223,16227
820,1561,20073,16136
829,1552,20301,16292
817,1567,20007,16085
819,1555,20056,16153
824,1564,20176,16196
822,1566,20158,16175
838,1566,20540,16451
836,1564,20471,16414
822,1544,20126,16192
828,1551,20187,16246
824,1562,20067,16125
835,1530,20479,16446
835,1557,20495,16443
834,1574,20346,16346
832,1565,20300,16278
821,1567,20021,16121
821,1545,20137,16201
818,1568,20006,16082
824,1553,20154,16207
822,1535,20162,16195
816,1545,20018,16140
822,1547,20182,16241
825,1567,20085,16149
822,1549,20126,16198
832,1549,20230,16239
821,1550,20116,16149
829,1559,20294,16264
823,1562,20205,16184
830,1536,20364,16383
824,1536,20146,16252
835,1545,20436,16459
823,1542,20205,16234
833,1587,20348,16303
832,1528,20425,16443
822,1548,20161,16212
820,1543,20083,16164
834,1571,20358,16371
832,1549,20347,16411
821,1536,20146,16234
825,1543,20251,16244
833,1579,20352,16342
836,1549,20484,16498
817,1557,19991,16084
826,1553,20197,16256
826,1562,20171,16182
824,1556,20155,16172
824,1552,20203,16205
822,1565,20105,16088
823,1552,20186,16227
821,1557,20081,16157
830,1552,20249,16302
836,1534,20469,16463
824,1557,20211,16213
836,1553,20483,16484
828,1543,20258,16282
823,1542,20202,16264
835,1558,20510,16541
819,1553,20049,16145
828,1548,20238,16299
832,1565,20300,16256
826,1559,20145,16202
823,1545,20112,16177
820,1552,20033,16124
824,1561,20249,16284
821,1552,20073,16106
822,1556,20121,16142
828,1569,20231,16227
822,1552,20146,16167
827,1539,20278,16305
821,1560,20027,16091
820,1563,20049,16131
823,1559,20143,16146
823,1553,20148,16150
828,1538,20241,16286
821,1563,20102,16152
823,1558,20134,16182
822,1554,20133,16178
821,1564,20084,16154
822,1526,20173,16242
821,1571,20074,16097
828,1557,20242,16247
821,1545,20104,16164
821,1550,20095,16178
835,1562,20511,16562
829,1564,20206,16206
831,1567,20335,16305
827,1559,20214,16204
822,1547,20168,16168
822,1548,20128,16193
817,1561,19969,16054
822,1524,20209,16295
825,1559,20170,16176
821,1552,20110,16130
821,1557,20155,16193
822,1573,20043,16055
823,1537,20214,16258
821,1553,20127,16204
821,1542,20082,16157
823,1546,20175,16212
825,1566,20101,16118
822,1541,20163,16233
822,1544,20134,16199
824,1569,20143,16179
823,1537,20189,16267
832,1566,20327,16306
831,1536,20417,16405
828,1548,20328,16322
832,1549,20429,16377
826,1547,20294,16306
833,1548,20430,16467
824,1524,20218,16284
831,1576,20304,16265
837,1557,20468,16413
831,1550,20421,16458
820,1562,20073,16122
830,1556,20292,16291
820,1571,20036,16106
825,1548,20215,16255
834,1559,20510,16536
821,1566,20136,16150
829,1544,20301,16310
824,1564,20100,16145
825,1556,20114,16162
827,1563,20183,16214
821,1563,20083,16115
823,1541,20215,16261
825,1561,20131,16139
821,1553,20131,16135
826,1565,20156,16193
829,1558,20174,16239
830,1552,20317,16326
821,1544,20057,16103
821,1556,20133,16175
829,1564,20228,16253
831,1555,20283,16342
837,1570,20590,16589
818,1556,19981,16080
821,1557,20108,16167
819,1545,20083,16179
821,1555,20110,16143
829,1547,20281,16300
820,1556,20073,16158
833,1561,20344,16362
834,1557,20473,16488
821,1549,20120,16167
823,1546,20156,16177
820,1571,20069,16078
824,1548,20279,16275
825,1562,20159,16203
820,1556,20045,16122
821,1555,20104,16180
819,1565,20052,16112
824,1541,20217,16227
824,1553,20126,16179
821,1540,20101,16163
822,1552,20101,16172
815,1555,19918,16042
821,1544,20129,16211
824,1551,20208,16298
837,1554,20511,16444
824,1541,20234,16302
831,1578,20237,16248
833,1552,20373,16398
834,1540,20442,16481
823,1557,20189,16225
823,1552,20143,16168
820,1570,20089,16112
823,1551,20239,16234
818,1562,20041,16104
821,1548,20083,16152
821,1555,20121,16171
821,1564,20069,16078
824,1543,20261,16292
821,1568,20031,16063
821,1554,20144,16187
823,1537,20178,16256
825,1572,20087,16113
823,1547,20222,16285
823,1566,20052,16112
823,1549,20160,16175
820,1556,20122,16192
819,1561,20045,16134
823,1546,20190,16264
818,1546,20000,16097
824,1555,20129,16147
822,1546,20145,16196
826,1569,20169,16153
825,1528,20304,16299
821,1566,20043,16082
824,1553,20169,16242
834,1554,20490,16504
821,1592,20109,16146
825,1521,20283,16311
823,1562,20058,16101
822,1564,20146,16173
820,1545,20080,16180
821,1556,20099,16172
829,1554,20259,16285
824,1565,20085,16132
825,1561,20221,16215
823,1553,20135,16169
827,1565,20154,16212
822,1521,20121,16176
822,1572,20022,16067
823,1546,20187,16215
823,1555,20145,16170
822,1559,20146,16144
827,1556,20264,16249
822,1569,20027,16083
833,1555,20373,16389
833,1552,20377,16417
831,1546,20366,16378
825,1538,20284,16310
826,1567,20120,16137
831,1546,20340,16345
827,1558,20179,16226
820,1562,20071,16131
821,1547,20134,16203
816,1549,19948,16071
829,1546,20324,16302
827,1550,20199,16235
824,1564,20148,16186
821,1542,20105,16182
821,1564,19952,16041
823,1539,20217,16249
827,1564,20224,16243
824,1557,20169,16179
823,1546,20231,16223
831,1578,20262,16293
837,1564,20583,16583
819,1559,20054,16132
830,1562,20258,16241
828,1559,20247,16243
823,1558,20050,16102
828,1553,20253,16274
823,1568,20075,16120
820,1558,20080,16153
822,1548,20095,16179
827,1571,20143,16172
828,1542,20290,16279
820,1574,20082,16133
823,1558,20099,16132
822,1547,20165,16220
822,1559,20041,16097
824,1540,20268,16316
822,1551,20119,16156
834,1561,20413,16374
832,1546,20431,16400
824,1552,20106,16160
826,1543,20240,16255
826,1569,20118,16159
823,1561,20118,16155
826,1547,20210,16211
827,1564,20138,16178
826,1526,20214,16239
820,1569,20014,16072
822,1562,20083,16145
830,1574,20280,16287
825,1557,20094,16178
832,1562,20354,16306
824,1575,20107,16118
822,1548,20156,16219
822,1539,20109,16173
823,1553,20075,16127
823,1544,20198,16266
817,1551,19995,16075
824,1537,20243,16251
829,1543,20292,16283
820,1566,20051,16109
822,1554,20164,16230
821,1570,19972,16057
824,1540,20244,16260
826,1556,20190,16209
818,1559,19994,16064
822,1561,20156,16179
817,1564,19980,16047
821,1516,20157,16272
820,1551,20088,16179
819,1557,20068,16142
822,1546,20196,16199
819,1553,20006,16078
823,1535,20177,16255
823,1556,20124,16163
819,1563,20068,16163
822,1544,20149,16197
818,1558,20028,16076
829,1551,20299,16274
829,1564,20278,16247
833,1549,20475,16505
836,1537,20512,16520
828,1583,20174,16218
839,1554,20625,16587
821,1564,20120,16126
820,1546,20111,16180
822,1551,20155,16212
819,1556,20034,16128
824,1540,20165,16237
817,1551,19966,16088
819,1557,20078,16148
826,1559,20225,16201
822,1567,20086,16118
823,1542,20222,16284
819,1567,20040,16099
818,1553,20044,16139
829,1563,20259,16258
821,1562,20057,16093
824,1541,20259,16271
831,1560,20283,16259
833,1570,20310,16322
835,1569,20453,16447
824,1540,20206,16259
839,1558,20638,16588
820,1567,20104,16132
828,1567,20182,16200
823,1545,20185,16215
817,1557,19997,16110
823,1531,20219,16305
833,1552,20382,16419
821,1545,20125,16215
817,1561,20081,16137
820,1545,20076,16159
824,1544,20158,16220
818,1568,19993,16096
833,1568,20338,16360
835,1553,20517,16525
821,1559,20125,16145
824,1551,20264,16267
829,1584,20226,16160
825,1538,20212,16238
821,1535,20092,16164
825,1556,20108,16168
830,1574,20296,16277
822,1560,20121,16108
833,1567,20368,16356
833,1551,20495,16478
826,1557,20235,16263
819,1552,20086,16160
817,1567,19951,16027
828,1556,20224,16259
824,1552,20192,16174
820,1556,20093,16140
823,1553,20136,16201
817,1558,19933,16008
825,1543,20177,16235
833,1569,20380,16361
830,1570,20270,16260
834,1567,20408,16353
835,1550,20466,16443
824,1549,20170,16213
819,1559,20055,16119
819,1539,20076,16165
827,1539,20231,16230
819,1560,20058,16087
828,1548,20248,16263
819,1562,20038,16093
820,1554,20102,16156
820,1545,20098,16188
820,1564,20010,16075
826,1538,20174,16229
821,1570,20087,16108
822,1548,20162,16211
836,1546,20501,16495
820,1568,20071,16131
830,1561,20283,16302
830,1561,20237,16259
828,1543,20304,16336
826,1541,20284,16291
836,1558,20493,16459
823,1527,20213,16294
821,1552,20038,16107
819,1548,20028,16096
822,1549,20170,16208
820,1554,20072,16114
823,1545,20233,16260
820,1573,20033,16073
819,1555,20061,16126
819,1536,20052,16142
817,1552,19999,16113
822,1535,20172,16247
819,1549,20040,16074
821,1549,20163,16214
823,1549,20087,16117
818,1554,20028,16125
821,1549,20098,16173
818,1559,20029,16105
824,1552,20185,16203
821,1566,20119,16154
824,1564,20181,16170
822,1553,20127,16198
817,1569,19935,16017
821,1536,20160,16242
821,1551,20122,16147
821,1564,20116,16129
825,1566,20148,16185
822,1561,20124,16171
836,1540,20505,16526
825,1552,20182,16192
821,1545,20081,16167
831,1561,20311,16341
834,1565,20433,16406
822,1529,20162,16226
827,1552,20179,16236
830,1570,20268,16271
822,1556,20091,16151
815,1564,19941,16051
823,1545,20199,16241
829,1565,20284,16250
823,1567,20180,16155
822,1542,20121,16171
818,1563,19988,16076
832,1533,20398,16429
821,1553,20123,16146
824,1532,20207,16247
823,1553,20129,16164
819,1558,20044,16109
823,1551,20190,16221
818,1558,20013,16094
821,1541,20083,16158
822,1540,20122,16217
823,1573,20109,16094
825,1556,20217,16228
818,1566,20017,16099
820,1549,20070,16132
822,1548,20155,16238
825,1567,20128,16148
824,1544,20274,16284
832,1566,20279,16269
837,1544,20505,16464
823,1550,20190,16269
831,1539,20396,16454
822,1534,20177,16248
825,1564,20107,16115
831,1568,20293,16265
835,1551,20501,16520
822,1562,20144,16161
839,1567,20613,16618
818,1561,19991,16087
826,1563,20138,16176
823,1553,20088,16139
830,1570,20265,16242
828,1557,20248,16251
823,1576,20048,16080
824,1547,20156,16205
817,1533,20086,16157
820,1552,20079,16119
825,1541,20285,16327
833,1558,20456,16422
824,1536,20271,16276
823,1552,20130,16170
824,1577,20099,16160
820,1551,20095,16185
818,1567,20025,16071
823,1536,20187,16215
823,1552,20115,16164
822,1560,20105,16129
821,1557,20122,16175
820,1569,19986,16037
821,1542,20125,16194
821,1543,20101,16186
821,1560,20133,16178
821,1545,20140,16179
817,1571,19962,16034
826,1549,20203,16263
824,1548,20129,16187
820,1546,20097,16147
821,1547,20149,16199
818,1567,19982,16026
825,1548,20281,16264
820,1559,20096,16148
820,1555,20086,16169
823,1553,20127,16170
819,1557,20038,16106
823,1547,20231,16240
820,1555,20049,16104
823,1550,20143,16173
819,1548,20094,16170
819,1558,20031,16101
821,1543,20136,16212
818,1556,20004,16086
821,1545,20174,16213
825,1558,20171,16189
819,1567,20038,16103
833,1539,20436,16463
818,1551,20003,16133
824,1550,20123,16165
820,1542,20142,16204
821,1561,20137,16171
830,1548,20361,16315
825,1568,20105,16147
819,1544,20024,16130
820,1556,20124,16204
825,1580,20142,16123
825,1531,20269,16276
832,1568,20301,16328
828,1546,20286,16315
828,1541,20293,16321
821,1555,20111,16178
826,1548,20215,16255
819,1555,20007,16091
825,1557,20242,16237
834,1583,20370,16331
835,1546,20486,16511
821,1532,20165,16239
828,1573,20168,16222
838,1549,20571,16545
821,1550,20116,16190
828,1555,20212,16198
826,1548,20257,16220
823,1569,20080,16114
822,1552,20096,16166
820,1547,20070,16164
821,1546,20119,16144
824,1544,20213,16208
824,1579,20075,16114
826,1549,20222,16253
822,1530,20085,16165
821,1567,20049,16132
823,1560,20132,16178
821,1570,20026,16053
836,1561,20477,16418
835,1555,20518,16544
821,1541,20098,16173
821,1542,20113,16199
817,1571,19932,16020
825,1552,20207,16221
823,1557,20155,16182
824,1555,20190,16181
823,1540,20209,16224
823,1572,20045,16076
825,1547,20200,16251
820,1549,20107,16177
823,1555,20147,16135
823,1546,20187,16191
819,1558,20027,16088
825,1548,20221,16254
824,1565,20084,16119
820,1546,20079,16159
828,1551,20232,16273
825,1575,20098,16145
825,1554,20260,16231
818,1552,20045,16094
822,1552,20099,16144
830,1564,20251,16259
829,1562,20191,16237
830,1550,20327,16327
826,1568,20151,16135
823,1558,20165,16158
827,1549,20263,16233
824,1575,20086,16119
824,1527,20207,16274
825,1562,20103,16168
827,1558,20186,16199
824,1564,20184,16178
817,1549,20053,16158
829,1546,20316,16290
823,1568,20064,16090
819,1561,20048,16142
825,1551,20108,16187
820,1539,20049,16144
824,1547,20271,16281
818,1571,19989,16070
821,1555,20132,16206
821,1554,20059,16103
819,1559,20041,16129
823,1543,20196,16230
827,1584,20156,16159
826,1551,20234,16206
823,1556,20189,16188
825,1558,20136,16167
823,1549,20155,16212
817,1576,19985,16066
822,1525,20217,16273
821,1554,20155,16178
821,1558,20067,16131
828,1560,20253,16228
817,1557,19957,16056
823,1543,20155,16218
824,1547,20111,16167
821,1556,20111,16174
837,1541,20581,16544
817,1567,19996,16067
823,1548,20173,16224
825,1563,20156,16198
819,1544,20034,16131
821,1548,20160,16197
818,1559,19971,16052
823,1550,20222,16236
824,1549,20239,16212
826,1560,20165,16189
825,1538,20196,16216
817,1565,19967,16058
824,1556,20215,16218
830,1570,20276,16233
820,1558,20089,16159
822,1537,20175,16224
819,1569,20056,16119
825,1550,20180,16231
830,1569,20273,16295
834,1555,20376,16381
837,1558,20596,16551
820,1563,20043,16106
826,1548,20212,16230
819,1555,20042,16118
821,1561,20067,16121
828,1555,20219,16236
823,1570,20105,16109
829,1548,20320,16303
827,1577,20181,16138
820,1554,20041,16094
820,1549,20077,16173
823,1551,20057,16098
829,1543,20296,16298
826,1566,20144,16130
828,1560,20223,16246
837,1555,20544,16530
820,1536,20082,16163
823,1521,20191,16268
825,1568,20081,16141
823,1554,20071,16156
824,1558,20159,16144
820,1560,20070,16101
824,1537,20179,16232
818,1572,20016,16091
829,1569,20208,16262
830,1569,20237,16206
826,1560,20158,16181
828,1541,20275,16254
823,1567,20119,16098
823,1532,20206,16257
823,1543,20116,16178
826,1565,20137,16178
829,1521,20350,16363
830,1560,20361,16327
822,1541,20201,16279
821,1546,20139,16201
821,1564,20046,16107
822,1548,20138,16206
820,1568,19988,16057
822,1537,20141,16223
823,1565,20168,16181
827,1553,20180,16199
823,1553,20148,16208
819,1556,19948,16006
826,1543,20183,16249
822,1563,20152,16184
820,1558,20119,16162
822,1542,20184,16206
818,1557,20045,16080
823,1549,20183,16228
820,1553,20118,16188
820,1555,20081,16167
821,1546,20146,16167
818,1569,20015,16063
822,1550,20164,16222
822,1562,20120,16148
820,1545,20104,16167
823,1539,20196,16269
831,1574,20256,16276
829,1550,20248,16288
825,1559,20167,16163
826,1557,20175,16209
828,1551,20220,16272
826,1577,20142,16184
829,1564,20256,16301
819,1548,20046,16090
821,1555,20151,16188
823,1561,20216,16206
822,1549,20111,16115
823,1534,20220,16270
820,1565,20015,16064
819,1552,20056,16157
826,1543,20284,16317
835,1556,20515,16457
824,1534,20222,16273
826,1565,20133,16161
820,1561,20073,16142
832,1557,20353,16369
834,1571,20393,16418
826,1548,20329,16396
834,1548,20474,16451
832,1583,20328,16320
833,1552,20397,16407
822,1545,20163,16232
834,1535,20375,16427
834,1550,20410,16417
824,1554,20220,16244
830,1558,20283,16259
820,1559,20058,16073
821,1540,20139,16208
823,1563,20048,16124
825,1551,20147,16189
821,1553,20138,16150
823,1553,20184,16220
825,1562,20186,16209
825,1573,20121,16125
832,1559,20332,16338
830,1541,20332,16392
819,1550,20041,16140
824,1542,20171,16193
825,1574,20173,16131
824,1528,20245,16289
829,1565,20229,16272
825,1565,20142,16180
820,1548,20100,16204
818,1553,20034,16063
821,1547,20164,16222
823,1544,20210,16228
823,1559,20153,16153
823,1546,20128,16176
816,1555,19915,16026
822,1538,20152,16248
834,1564,20417,16381
836,1538,20557,16527
822,1567,20204,16272
820,1562,19993,16053
823,1546,20191,16244
821,1549,20054,16139
819,1555,20063,16153
820,1548,20111,16200
825,1569,20112,16101
829,1554,20265,16257
823,1556,20100,16119
824,1545,20118,16177
828,1557,20205,16270
828,1566,20202,16193
830,1562,20312,16306
822,1548,20083,16101
822,1539,20159,16180
822,1565,20147,16183
820,1559,20037,16109
823,1525,20183,16243
820,1544,20039,16094
821,1555,20124,16149
821,1553,20101,16174
821,1552,20117,16133
822,1527,20186,16261
818,1559,20015,16092
819,1568,20044,16117
819,1561,20079,16137
821,1552,20132,16148
825,1538,20242,16281
819,1543,20024,16119
819,1570,20037,16091
820,1543,20046,16137
818,1559,20033,16105
823,1543,20207,16251
821,1572,20116,16107
825,1556,20233,16208
820,1543,20099,16176
819,1556,20021,16105
821,1545,20147,16202
819,1576,20062,16085
831,1548,20327,16318
818,1554,20044,16116
820,1554,20068,16112
827,1552,20241,16264
821,1567,20035,16081
821,1551,20136,16210
825,1567,20143,16199
827,1559,20207,16183
830,1561,20294,16302
817,1580,19992,16062
822,1546,20176,16235
820,1547,20070,16169
822,1562,20119,16137
822,1549,20155,16182
820,1569,20055,16073
823,1545,20228,16234
821,1545,20130,16181
828,1569,20186,16239
832,1561,20288,16298
820,1553,20092,16108
834,1551,20414,16376
828,1556,20211,16260
823,1539,20191,16225
825,1564,20145,16194
827,1577,20122,16165
827,1554,20206,16237
819,1560,20059,16143
826,1560,20219,16195
821,1548,20145,16211
821,1565,20027,16088
822,1535,20168,16244
820,1551,20021,16116
825,1555,20173,16175
827,1550,20243,16242
823,1558,20115,16109
826,1549,20295,16252
818,1558,20009,16061
820,1551,20065,16124
827,1558,20185,16231
821,1563,20089,16113
825,1549,20270,16255
819,1552,20047,16146
829,1575,20231,16221
830,1561,20254,16284
820,1568,20092,16170
827,1531,20237,16287
823,1573,20066,16119
823,1567,20157,16147
825,1529,20252,16273
828,1556,20196,16228
833,1557,20375,16381
831,1563,20296,16361
825,1541,20220,16252
831,1549,20380,16365
822,1557,20155,16179
833,1548,20412,16365
832,1577,20308,16340
830,1547,20338,16371
825,1529,20233,16301
827,1553,20268,16279
838,1562,20623,16564
821,1551,20157,16194
828,1551,20233,16222
830,1563,20281,16323
831,1558,20277,16308
836,1560,20451,16466
823,1550,20202,16253
838,1550,20601,16557
821,1556,20112,16160
820,1573,20071,16118
830,1560,20300,16335
825,1577,20046,16101
824,1539,20170,16214
827,1567,20202,16210
821,1567,20144,16130
823,1541,20226,16231
816,1563,19928,16031
822,1546,20163,16229
821,1543,20129,16209
821,1554,20100,16142
823,1531,20213,16252
818,1566,19992,16050
824,1538,20201,16243
826,1562,20165,16214
819,1542,20078,16164
821,1550,20099,16168
815,1568,19899,16015
823,1549,20234,16262
828,1562,20199,16209
821,1556,20088,16152
821,1554,20112,16173
818,1565,19983,16080
827,1528,20321,16337
822,1553,20071,16119
822,1546,20149,16170
825,1566,20217,16192
821,1561,20018,16078
824,1531,20231,16306
823,1542,20066,16139
827,1555,20193,16195
830,1556,20249,16220
821,1557,20058,16117
828,1535,20294,16293
821,1566,20043,16084
819,1554,20063,16134
833,1559,20405,16434
829,1548,20297,16319
825,1524,20294,16299
827,1573,20155,16185
830,1567,20249,16251
833,1569,20360,16375
820,1552,20075,16157
834,1547,20406,16415
831,1579,20246,16229
827,1575,20172,16131
833,1550,20527,16529
832,1563,20316,16332
828,1534,20314,16368
825,1556,20187,16255
831,1535,20417,16400
823,1542,20224,16254
825,1569,20126,16155
821,1553,20177,16216
819,1556,20005,16082
821,1537,20152,16207
823,1543,20111,16149
829,1576,20211,16252
824,1548,20245,16244
826,1582,20113,16133
830,1555,20285,16321
833,1550,20333,16365
827,1562,20244,16294
824,1542,20233,16243
830,1581,20244,16255
838,1570,20631,16601
824,1538,20252,16270
828,1574,20170,16188
826,1561,20164,16188
817,1569,19954,16009
824,1552,20236,16237
827,1565,20221,16230
819,1550,20086,16168
831,1567,20322,16310
831,1581,20267,16277
826,1547,20268,16322
824,1542,20218,16270
835,1553,20521,16517
831,1557,20281,16269
821,1560,20003,16062
821,1549,20153,16208
819,1564,20036,16115
820,1552,20072,16152
831,1560,20283,16279
831,1567,20275,16267
838,1550,20600,16547
821,1551,20132,16121
821,1559,20073,16135
821,1557,20101,16173
820,1563,20009,16074
825,1547,20270,16272
825,1567,20142,16118
821,1557,20075,16142
822,1537,20179,16236
819,1575,20046,16091
827,1549,20241,16284
829,1570,20218,16262
832,1569,20309,16339
827,1559,20243,16200
819,1552,20062,16145
822,1523,20190,16276
825,1580,20114,16147
820,1562,20041,16121
821,1547,20120,16192
823,1567,20099,16119
825,1548,20305,16284
820,1560,20078,16097
819,1557,20070,16144
819,1536,20054,16148
818,1545,20013,16111
824,1542,20227,16263
820,1556,20087,16126
823,1548,20204,16243
827,1560,20200,16207
818,1554,20009,16093
820,1540,20107,16201
823,1581,20023,16080
821,1546,20101,16189
822,1548,20146,16168
820,1553,20101,16163
821,1553,20152,16213
826,1572,20061,16093
821,1539,20128,16212
823,1564,20125,16144
820,1553,20057,16101
822,1549,20171,16176
818,1566,20037,16051
823,1540,20188,16248
819,1547,20073,16149
819,1559,20046,16136
822,1538,20232,16239
820,1560,20036,16056
825,1550,20196,16233
822,1556,20135,16169
822,1553,20153,16196
824,1549,20143,16207
815,1568,19901,16012
823,1556,20159,16227
827,1551,20249,16238
819,1540,20066,16183
833,1556,20340,16373
820,1567,20038,16102
824,1554,20150,16202
824,1559,20137,16132
820,1545,20102,16123
823,1546,20198,16233
826,1560,20157,16126
822,1550,20175,16223
831,1571,20246,16268
825,1564,20120,16178
827,1545,20220,16210
822,1566,20116,16111
822,1536,20176,16244
820,1569,20085,16110
832,1577,20307,16322
834,1561,20376,16399
832,1545,20334,16366
822,1534,20171,16267
821,1550,20095,16131
828,1564,20205,16219
827,1559,20200,16228
824,1551,20098,16161
824,1540,20204,16271
825,1560,20106,16142
821,1552,20096,16139
832,1569,20353,16325
830,1577,20275,16221
827,1539,20264,16297
819,1563,19997,16060
821,1540,20156,16215
834,1573,20415,16372
836,1553,20492,16462
823,1537,20189,16267
829,1572,20209,16212
825,1544,20158,16196
830,1558,20217,16262
831,1584,20291,16313
835,1553,20523,16548
823,1570,20144,16137
822,1538,20168,16241
822,1553,20105,16171
821,1566,20065,16127
832,1559,20324,16341
829,1570,20205,16207
827,1538,20234,16249
827,1566,20228,16230
822,1567,20137,16140
819,1531,20119,16191
819,1562,19947,16046
822,1547,20177,16259
823,1554,20155,16184
823,1561,20197,16217
826,1559,20182,16196
818,1565,19995,16057
824,1553,20178,16202
821,1559,20118,16197
830,1544,20291,16324
825,1534,20147,16218
828,1561,20298,16266
824,1547,20277,16308
830,1565,20264,16296
824,1563,20168,16183
822,1553,20150,16230
826,1567,20132,16135
823,1547,20202,16223
821,1557,20152,16170
826,1557,20213,16184
820,1552,20105,16176
820,1566,20007,16075
822,1542,20193,16247
828,1564,20217,16208
825,1550,20190,16203
822,1562,20145,16201
826,1561,20147,16156
832,1533,20430,16464
821,1562,20129,16181
835,1550,20485,16482
819,1546,20085,16182
820,1554,20096,16133
831,1557,20348,16356
825,1576,20109,16122
820,1557,20089,16152
819,1550,20088,16171
821,1547,20088,16118
826,1550,20286,16300
821,1566,20076,16085
823,1553,20139,16133
822,1599,20159,16230
829,1559,20199,16252
829,1551,20265,16297
825,1564,20155,16160
824,1560,20175,16164
827,1559,20176,16213
818,1559,20056,16122
822,1544,20183,16230
820,1559,20026,16137
822,1549,20118,16196
831,1557,20256,16286
832,1561,20304,16291
837,1549,20522,16530
819,1563,20046,16121
826,1548,20205,16252
833,1562,20360,16393
836,1546,20537,16505
824,1551,20212,16206
825,1565,20103,16122
834,1565,20433,16378
830,1545,20344,16362
823,1551,20170,16235
823,1528,20264,16335
825,1549,20205,16210
825,1543,20274,16292
824,1559,20150,16196
825,1552,20165,16203
828,1564,20245,16265
821,1574,19964,16039
824,1540,20175,16222
827,1567,20208,16242
831,1535,20458,16436
822,1534,20211,16254
822,1570,19966,16044
828,1554,20239,16267
821,1543,20115,16202
822,1558,20118,16148
822,1551,20162,16205
823,1568,20076,16084
825,1551,20255,16231
820,1552,20074,16141
825,1560,20138,16209
828,1575,20209,16225
826,1568,20143,16131
831,1532,20316,16296
826,1564,20118,16164
822,1555,20109,16141
820,1545,20099,16186
818,1560,19988,16070
822,1536,20160,16254
818,1564,20007,16107
823,1558,20164,16179
821,1547,20143,16205
820,1547,20055,16126
827,1528,20253,16284
829,1571,20225,16270
831,1572,20311,16311
835,1551,20518,16535
822,1548,20155,16182
826,1529,20300,16300
819,1563,20057,16115
819,1554,20080,16130
820,1551,20101,16183
821,1549,20102,16125
824,1535,20298,16309
817,1570,19988,16074
822,1556,20149,16171
824,1563,20112,16150
819,1556,20060,16159
822,1550,20182,16222
818,1562,19990,16079
825,1533,20290,16282
821,1538,20114,16187
825,1549,20220,16265
832,1540,20436,16420
820,1553,20067,16173
828,1551,20247,16248
822,1550,20157,16206
823,1558,20183,16185
825,1549,20245,16206
822,1562,20033,16065
836,1547,20485,16514
822,1553,20153,16214
825,1563,20151,16162
825,1523,20304,16331
823,1558,20031,16074
824,1538,20235,16276
830,1570,20266,16295
832,1584,20273,16209
822,1545,20167,16241
821,1563,19971,16049
827,1552,20277,16245
826,1546,20199,16204
825,1566,20109,16139
820,1547,20130,16208
817,1571,19947,16055
824,1532,20226,16258
833,1569,20372,16355
832,1564,20328,16293
828,1560,20252,16238
819,1564,20016,16089
824,1537,20184,16234
819,1547,20069,16154
824,1553,20164,16179
823,1546,20166,16207
822,1559,20055,16087
825,1545,20213,16230
818,1551,20055,16136
819,1554,20059,16137
822,1554,20174,16247
818,1556,20025,16121
825,1538,20312,16321
830,1564,20218,16228
827,1572,20172,16203
833,1558,20346,16362
834,1546,20466,16486
831,1555,20344,16314
824,1560,20103,16120
833,1573,20374,16332
836,1551,20487,16441
835,1563,20439,16430
822,1546,20209,16291
824,1551,20085,16128
824,1556,20167,16171
833,1571,20397,16338
830,1543,20413,16432
825,1546,20282,16287
822,1541,20107,16149
829,1569,20237,16269
832,1569,20282,16311
829,1564,20200,16249
835,1562,20442,16389
830,1567,20231,16234
834,1550,20402,16404
833,1539,20402,16412
821,1553,20108,16194
830,1550,20308,16289
833,1576,20352,16327
829,1530,20365,16378
837,1554,20592,16538
835,1555,20421,16436
825,1528,20271,16326
821,1562,20103,16184
838,1548,20548,16514
827,1553,20333,16305
832,1541,20438,16439
821,1550,20142,16211
818,1566,19962,16058
825,1551,20173,16226
821,1550,20130,16192
823,1574,20082,16128
823,1538,20233,16275
824,1583,20041,16088
824,1548,20185,16241
821,1550,20109,16171
819,1542,20057,16174
826,1568,20198,16219
819,1559,19971,16037
823,1537,20238,16254
822,1537,20177,16165
819,1545,20085,16177
822,1558,20143,16196
818,1562,19996,16083
825,1538,20278,16297
832,1573,20322,16332
832,1575,20313,16332
833,1566,20349,16316
825,1572,20096,16155
820,1527,20107,16224
820,1553,19994,16099
827,1562,20177,16223
833,1572,20362,16333
834,1564,20344,16360
835,1548,20485,16521
818,1554,20014,16114
825,1557,20114,16167
825,1543,20187,16210
822,1557,20078,16127
824,1543,20272,16281
826,1575,20175,16164
820,1557,20092,16145
822,1548,20144,16214
819,1551,20042,16162
828,1557,20267,16297
818,1567,20060,16098
819,1553,20072,16150
833,1563,20379,16360
825,1558,20202,16267
830,1528,20399,16444
822,1557,20094,16194
829,1540,20298,16341
831,1555,20483,16492
820,1554,20080,16145
830,1557,20308,16332
823,1567,20064,16128
824,1555,20129,16183
821,1557,20144,16178
832,1569,20299,16312
830,1537,20312,16324
820,1553,20053,16065
822,1547,20167,16228
824,1555,20140,16186
820,1559,20059,16151
833,1558,20370,16362
830,1577,20239,16244
827,1546,20210,16242
833,1568,20349,16330
832,1544,20409,16424
821,1537,20148,16242
819,1558,19961,16059
822,1553,20163,16230
825,1548,20206,16213
824,1562,20149,16193
821,1558,20132,16211
822,1571,20032,16074
822,1539,20159,16238
825,1570,20139,16160
824,1542,20135,16182
830,1558,20284,16263
832,1584,20289,16254
836,1560,20563,16578
835,1551,20461,16486
821,1538,20148,16242
822,1542,20164,16219
820,1565,20092,16094
826,1546,20214,16244
819,1553,20069,16159
822,1556,20090,16141
820,1543,20105,16194
819,1560,20031,16097
822,1532,20165,16253
820,1569,20090,16133
822,1555,20097,16151
823,1542,20148,16208
819,1562,20034,16098
824,1540,20190,16257
820,1574,20078,16107
820,1546,20126,16194
825,1545,20212,16205
821,1553,20117,16141
830,1543,20322,16351
821,1555,20028,16098
820,1550,20100,16180
823,1556,20152,16193
821,1557,20086,16102
825,1530,20246,16323
825,1572,20122,16109
820,1543,20078,16154
824,1549,20130,16201
821,1563,20123,16206
836,1555,20463,16489
829,1534,20290,16271
828,1544,20298,16321
834,1548,20470,16491
820,1567,20074,16128
822,1551,20179,16242
827,1567,20124,16134
823,1549,20180,16212
823,1535,20207,16228
829,1575,20229,16189
822,1541,20113,16183
820,1568,20024,16073
828,1558,20229,16286
831,1568,20304,16284
824,1578,20102,16106
837,1556,20548,16552
828,1580,20188,16208
837,1554,20543,16550
821,1538,20113,16187
832,1563,20328,16368
836,1564,20551,16587
819,1574,20041,16066
824,1553,20195,16220
827,1551,20204,16256
820,1549,20079,16175
826,1562,20153,16208
827,1579,20164,16168
830,1552,20310,16318
830,1570,20283,16267
827,1553,20213,16211
827,1562,20180,16228
820,1576,19999,16083
829,1545,20253,16280
830,1558,20276,16274
827,1566,20222,16196
828,1570,20227,16253
824,1561,20103,16126
824,1553,20173,16220
820,1543,20046,16149
821,1551,20072,16161
828,1555,20222,16253
827,1577,20194,16190
826,1549,20207,16240
823,1566,20067,16090
820,1552,20086,16178
823,1560,20091,16178
820,1555,20063,16129
835,1556,20419,16404
833,1577,20349,16297
836,1559,20446,16394
836,1547,20502,16523
819,1551,20017,16121
823,1539,20176,16251
819,1567,20076,16113
822,1550,20151,16179
823,1559,20153,16185
821,1567,20071,16136
824,1536,20218,16271
818,1561,19994,16102
819,1553,20072,16163
820,1544,20054,16169
824,1560,20156,16142
825,1517,20254,16283
820,1561,20020,16078
821,1548,20090,16168
819,1544,20063,16178
820,1552,20068,16135
827,1554,20229,16236
820,1558,20085,16098
837,1565,20515,16464
836,1563,20447,16443
825,1545,20212,16293
835,1556,20504,16534
819,1557,20035,16099
827,1553,20239,16234
821,1561,20097,16182
819,1555,20068,16128
820,1550,20128,16206
831,1581,20274,16297
836,1551,20510,16519
830,1549,20415,16449
821,1535,20147,16211
821,1544,20133,16197
817,1577,19979,16062
826,1552,20199,16237
826,1558,20146,16208
821,1543,20091,16164
822,1545,20159,16220
819,1551,20014,16062
827,1544,20279,16265
823,1584,20205,16275
823,1559,20170,16227
837,1551,20529,16530
833,1552,20438,16420
837,1551,20523,16494
833,1562,20491,16532
822,1558,20131,16195
829,1551,20242,16286
818,1566,19986,16083
824,1536,20174,16252
819,1566,20020,16120
823,1547,20194,16210
829,1559,20253,16254
821,1554,20040,16111
838,1564,20598,16598
819,1567,19999,16084
822,1552,20172,16226
830,1542,20293,16291
820,1540,20068,16108
826,1551,20303,16276
831,1584,20252,16274
835,1546,20476,16496
828,1565,20208,16259
826,1557,20131,16144
825,1532,20273,16290
823,1578,20077,16146
823,1550,20208,16240
830,1565,20259,16274
832,1570,20303,16347
837,1549,20510,16524
828,1560,20263,16294
823,1547,20191,16208
836,1545,20477,16489
824,1560,20217,16242
832,1582,20542,16556
818,1563,20003,16110
824,1560,20136,16163
833,1563,20329,16339
835,1577,20407,16358
837,1557,20613,16578
833,1538,20405,16441
821,1547,20133,16222
821,1566,20104,16153
820,1566,20075,16114
834,1548,20401,16359
822,1567,20040,16092
822,1550,20174,16228
821,1559,20092,16160
821,1539,20115,16190
826,1552,20188,16247
819,1576,19970,16040
825,1550,20270,16271
831,1556,20304,16296
830,1549,20236,16267
835,1561,20440,16451
827,1554,20252,16302
823,1538,20193,16242
822,1554,20163,16209
821,1551,20112,16150
823,1537,20184,16209
815,1593,19938,16034
820,1526,20150,16249
823,1567,20115,16159
822,1565,20141,16161
824,1554,20219,16223
820,1569,19993,16065
823,1541,20205,16235
830,1557,20266,16310
824,1554,20110,16167
828,1569,20215,16238
817,1556,19966,16055
824,1540,20230,16235
819,1555,20071,16133
820,1557,20068,16151
825,1549,20153,16202
818,1557,20012,16114
824,1547,20213,16253
820,1567,20054,16116
822,1553,20178,16189
823,1553,20205,16204
819,1560,20042,16125
823,1550,20183,16250
817,1554,20007,16095
835,1561,20445,16424
833,1530,20455,16440
821,1552,20098,16179
826,1548,20252,16274
834,1545,20446,16450
834,1563,20387,16394
830,1537,20349,16397
821,1557,20103,16201
826,1539,20302,16294
819,1546,20030,16097
821,1541,20117,16213
820,1557,20082,16181
824,1548,20170,16256
837,1536,20537,16526
833,1556,20419,16426
823,1553,20169,16211
823,1551,20215,16211
830,1576,20265,16286
835,1553,20425,16441
833,1540,20391,16448
825,1538,20257,16297
834,1569,20378,16358
835,1552,20523,16536
833,1561,20386,16382
827,1547,20215,16257
823,1553,20172,16238
820,1554,20087,16161
818,1551,20001,16086
823,1543,20206,16250
821,1570,20084,16130
832,1550,20333,16355
837,1549,20531,16526
822,1567,20115,16174
824,1561,20151,16196
823,1567,20075,16079
827,1562,20249,16262
834,1570,20373,16317
824,1552,20124,16171
822,1548,20139,16225
830,1566,20226,16267
838,1560,20630,16589
823,1534,20239,16267
835,1541,20486,16498
823,1557,20163,16209
822,1580,19991,16060
821,1534,20153,16240
829,1559,20225,16285
825,1573,20137,16198
823,1549,20203,16222
819,1561,20033,16104
834,1547,20401,16408
829,1550,20326,16377
821,1557,20118,16204
830,1568,20316,16286
829,1573,20216,16202
826,1547,20253,16263
823,1558,20136,16121
822,1549,20102,16158
820,1535,20111,16210
819,1561,20040,16127
825,1537,20238,16264
822,1570,20107,16099
820,1551,20098,16180
822,1536,20172,16228
819,1560,20051,16124
829,1556,20276,16289
818,1554,20011,16123
820,1545,20073,16145
833,1544,20485,16465
819,1566,20076,16171
829,1558,20271,16305
828,1574,20174,16192
822,1555,20083,16171
825,1549,20172,16207
823,1571,20120,16131
832,1535,20417,16392
822,1570,20121,16100
820,1544,20108,16178
823,1556,20111,16165
820,1559,20063,16156
824,1525,20254,16305
824,1566,20115,16113
822,1547,20137,16194
824,1564,20222,16223
820,1561,20049,16115
822,1545,20175,16262
820,1548,19993,16085
822,1557,20166,16236
832,1545,20431,16401
820,1551,20095,16140
833,1559,20366,16386
825,1569,20095,16178
826,1543,20189,16257
823,1552,20165,16237
825,1565,20121,16142
824,1545,20181,16210
827,1577,20175,16136
824,1546,20162,16209
826,1549,20165,16234
821,1558,20056,16146
823,1550,20167,16213
824,1559,20049,16077
826,1541,20217,16272
822,1537,20159,16225
830,1579,20263,16264
832,1549,20390,16405
818,1565,19957,16038
821,1540,20125,16225
826,1562,20211,16204
820,1547,20099,16167
821,1546,20145,16206
820,1555,20018,16076
821,1535,20128,16231
820,1563,20065,16118
822,1543,20130,16170
833,1566,20389,16331
835,1561,20434,16381
827,1540,20343,16363
834,1570,20416,16431
823,1554,20185,16252
837,1539,20557,16544
836,1557,20510,16450
823,1547,20187,16257
823,1571,20104,16132
821,1548,20062,16129
821,1556,20128,16200
819,1558,20005,16105
823,1544,20193,16271
828,1580,20197,16177
826,1546,20173,16205
822,1546,20110,16190
823,1550,20100,16165
824,1528,20237,16306
821,1560,20056,16099
821,1554,20105,16154
822,1551,20161,16186
822,1559,20155,16162
823,1539,20241,16302
817,1547,19980,16106
822,1552,20099,16196
831,1571,20326,16317
832,1573,20313,16282
834,1549,20435,16442
831,1543,20339,16353
822,1555,20163,16232
822,1549,20099,16174
820,1561,20027,16107
821,1555,20141,16203
820,1565,20105,16149
822,1548,20177,16245
824,1547,20155,16208
820,1541,20072,16156
820,1554,20081,16186
819,1561,19988,16049
823,1547,20194,16250
833,1552,20383,16367
828,1562,20231,16208
824,1538,20158,16218
818,1557,19979,16060
825,1543,20191,16235
829,1545,20276,16260
837,1570,20499,16462
832,1536,20393,16431
817,1569,19968,16059
825,1550,20158,16197
820,1555,20083,16180
819,1554,20066,16181
819,1547,20079,16190
818,1561,20024,16053
822,1539,20187,16252
820,1540,20119,16212
820,1545,20090,16172
821,1551,20111,16216
832,1581,20287,16268
830,1539,20405,16435
827,1545,20303,16310
826,1545,20284,16276
836,1555,20477,16486
823,1561,20130,16213
834,1576,20535,16577
835,1569,20401,16368
838,1556,20595,16564
836,1534,20496,16515
820,1558,20054,16103
824,1548,20234,16270
818,1565,20001,16090
819,1555,20071,16170
821,1537,20122,16218
824,1562,20128,16150
824,1529,20231,16298
818,1570,20025,16123
825,1544,20138,16203
829,1556,20247,16284
830,1570,20237,16254
832,1564,20346,16356
826,1559,20130,16139
823,1551,20172,16177
823,1559,20134,16179
822,1561,20030,16089
824,1535,20242,16320
827,1573,20169,16184
831,1573,20267,16232
830,1585,20253,16281
825,1554,20169,16189
836,1550,20483,16509
831,1532,20373,16434
825,1542,20151,16206
829,1558,20220,16276
825,1576,20142,16145
824,1554,20162,16206
817,1563,19994,16081
830,1554,20268,16300
824,1567,20084,16147
819,1547,20068,16145
821,1541,20158,16228
819,1562,20063,16110
832,1567,20369,16310
828,1562,20203,16221
819,1558,20030,16126
823,1540,20131,16185
818,1570,20012,16073
823,1567,20189,16191
821,1533,20130,16212
822,1559,20097,16121
821,1550,20125,16200
816,1577,19924,16025
826,1541,20169,16256
820,1543,20068,16163
822,1531,20122,16186
822,1564,20139,16202
812,1569,19913,16041
825,1546,20179,16218
819,1535,20049,16176
819,1548,20098,16165
826,1566,20203,16219
819,1550,20038,16052
824,1540,20253,16260
822,1546,20084,16138
821,1563,20103,16175
826,1546,20184,16246
829,1571,20214,16213
828,1554,20278,16281
819,1562,20053,16132
822,1547,20128,16170
821,1547,20122,16201
819,1547,20054,16157
828,1552,20252,16292
819,1566,20021,16113
823,1545,20152,16172
823,1542,20171,16241
820,1561,20035,16108
828,1522,20245,16301
818,1563,20012,16113
822,1553,20117,16162
823,1524,20192,16269
829,1558,20245,16210
839,1562,20699,16621
819,1561,20015,16085
818,1576,20052,16158
822,1565,20112,16183
822,1543,20102,16170
825,1539,20315,16328
822,1557,20054,16114
820,1556,20108,16167
822,1554,20116,16166
820,1561,20082,16126
823,1543,20185,16256
820,1567,19998,16084
823,1557,20201,16224
824,1552,20125,16192
822,1553,20115,16178
830,1558,20279,16298
821,1562,19987,16099
827,1560,20230,16240
831,1579,20211,16230
827,1558,20193,16183
830,1547,20283,16253
825,1556,20106,16153
835,1560,20418,16432
835,1549,20476,16518
821,1554,20114,16137
823,1564,20177,16206
818,1558,19994,16056
826,1557,20210,16214
821,1550,20104,16160
823,1547,20064,16160
826,1542,20155,16217
820,1566,20010,16094
823,1544,20222,16249
821,1556,20096,16168
821,1554,20080,16165
831,1559,20292,16325
821,1559,20020,16111
822,1545,20175,16225
821,1537,20139,16220
823,1557,20181,16212
824,1543,20240,16236
823,1573,20046,16088
823,1542,20181,16268
832,1562,20296,16334
830,1564,20265,16276
822,1548,20198,16205
818,1544,20010,16093
828,1546,20270,16299
831,1572,20279,16307
824,1554,20108,16184
827,1561,20180,16227
818,1556,19990,16091
826,1540,20304,16309
835,1563,20483,16472
835,1541,20478,16496
822,1531,20159,16253
819,1563,20023,16103
829,1535,20371,16363
835,1535,20488,16464
827,1543,20296,16304
832,1541,20430,16428
824,1545,20161,16221
829,1528,20337,16396
828,1539,20257,16331
821,1552,20134,16189
830,1559,20270,16275
821,1576,20037,16142
829,1534,20315,16328
819,1563,20016,16083
818,1559,20004,16116
817,1534,20098,16187
819,1559,20027,16114
824,1522,20261,16284
832,1566,20299,16325
836,1545,20516,16529
824,1571,20138,16170
825,1551,20103,16191
824,1544,20212,16232
820,1574,20018,16085
823,1534,20244,16259
823,1535,20212,16224
823,1558,20162,16216
821,1545,20107,16184
818,1570,19995,16074
828,1565,20244,16234
833,1567,20381,16363
829,1563,20205,16253
824,1558,20185,16201
829,1570,20161,16186
822,1539,20192,16246
820,1544,20101,16193
822,1567,20057,16111
823,1554,20190,16197
820,1567,19984,16027
824,1548,20177,16218
820,1538,20102,16177
822,1556,20065,16150
823,1558,20180,16219
818,1577,20009,16033
832,1559,20359,16322
828,1553,20258,16231
822,1566,20074,16142
832,1561,20340,16372
831,1578,20245,16269
834,1559,20527,16522
823,1552,20159,16175
821,1556,20094,16147
824,1542,20213,16251
821,1560,20010,16091
822,1548,20173,16251
820,1558,20047,16122
822,1565,20096,16159
823,1542,20203,16232
826,1566,20133,16178
832,1563,20338,16336
820,1570,20045,16103
820,1549,20073,16165
824,1556,20177,16219
833,1571,20307,16303
833,1539,20482,16427
828,1549,20287,16281
834,1541,20467,16508
822,1535,20148,16267
821,1557,20012,16106
824,1531,20247,16297
821,1553,20146,16186
823,1555,20100,16167
821,1544,20147,16190
820,1552,20082,16184
828,1537,20223,16278
818,1552,19962,16059
820,1549,20097,16178
828,1569,20264,16248
824,1561,20114,16137
824,1537,20215,16283
824,1560,20062,16120
820,1550,20070,16163
821,1552,20118,16140
828,1568,20225,16218
823,1537,20223,16252
820,1573,20073,16081
822,1550,20182,16236
819,1547,20064,16160
818,1560,19989,16098
824,1550,20225,16243
835,1556,20356,16325
835,1538,20522,16484
821,1560,20154,16211
819,1542,20068,16168
831,1561,20287,16329
831,1551,20283,16340
836,1564,20547,16585
837,1547,20494,16453
830,1547,20408,16421
821,1542,20117,16204
816,1566,19955,16008
822,1542,20113,16198
822,1534,20135,16202
837,1560,20476,16463
822,1546,20184,16197
819,1562,20045,16043
822,1543,20171,16242
832,1560,20327,16364
833,1564,20353,16394
837,1550,20585,16560
823,1549,20146,16163
838,1569,20583,16593
822,1550,20137,16185
821,1558,20112,16178
830,1556,20244,16286
828,1572,20160,16212
837,1555,20532,16559
821,1561,20122,16156
822,1553,20103,16166
821,1558,20138,16205
819,1550,20028,16125
829,1562,20236,16298
819,1557,20056,16105
822,1548,20174,16228
834,1531,20470,16447
821,1561,20095,16124
827,1540,20251,16310
819,1561,20044,16125
820,1547,20080,16183
836,1545,20486,16469
822,1550,20170,16199
835,1551,20465,16466
826,1553,20241,16282
832,1538,20376,16404
818,1560,20051,16143
818,1566,20009,16130
823,1535,20209,16283
821,1569,20095,16120
820,1557,20072,16138
825,1560,20172,16191
819,1550,20035,16131
821,1527,20167,16279
818,1565,20034,16084
821,1553,20131,16193
826,1554,20205,16203
827,1569,20211,16193
829,1558,20309,16323
820,1554,19987,16057
822,1544,20129,16223
822,1545,20148,16172
820,1552,20110,16156
828,1538,20342,16371
823,1552,20137,16191
829,1563,20245,16274
823,1558,20124,16173
820,1553,20080,16180
824,1546,20142,16205
821,1574,20093,16110
833,1535,20436,16444
822,1538,20152,16244
821,1563,20036,16110
820,1552,20089,16193
817,1561,19927,16025
822,1524,20168,16238
823,1548,20188,16220
827,1557,20210,16188
821,1561,20105,16150
816,1564,19926,16045
823,1537,20195,16285
830,1571,20269,16249
822,1570,20159,16163
822,1544,20157,16225
818,1552,19969,16054
822,1543,20164,16240
823,1549,20189,16275
829,1565,20204,16251
828,1559,20219,16261
820,1570,20059,16086
826,1547,20218,16245
831,1581,20267,16298
828,1564,20220,16223
821,1539,20084,16186
825,1564,20113,16134
822,1541,20179,16255
821,1557,20128,16128
829,1568,20238,16224
827,1555,20203,16225
825,1576,20112,16159
826,1551,20241,16286
820,1543,20057,16119
824,1548,20164,16176
822,1541,20121,16206
820,1564,20078,16131
823,1528,20193,16276
823,1559,20047,16110
821,1549,20106,16185
829,1567,20214,16261
828,1576,20206,16194
832,1559,20358,16343
828,1572,20162,16171
821,1564,20065,16125
824,1570,20115,16177
823,1570,20100,16121
828,1554,20296,16307
821,1554,20088,16124
822,1562,20122,16132
825,1559,20150,16203
825,1568,20095,16170
824,1544,20170,16246
819,1565,20034,16093
824,1537,20225,16205
823,1550,20106,16179
820,1547,20089,16155
822,1552,20155,16237
817,1566,19995,16113
821,1553,20092,16202
819,1555,20086,16165
821,1558,20139,16170
823,1555,20192,16221
816,1562,19896,16043
827,1553,20178,16280
818,1555,19992,16131
819,1570,20052,16131
820,1552,20095,16189
822,1575,20004,16053
823,1539,20199,16258
823,1568,20094,16187
820,1549,20043,16167
820,1560,20026,16148
815,1565,19925,16025
822,1544,20179,16237
822,1553,20084,16172
831,1560,20258,16303
825,1530,20208,16303
829,1560,20277,16354
822,1530,20178,16313
833,1559,20448,16515
821,1548,20141,16209
834,1551,20486,16528
816,1568,19918,16059
822,1547,20161,16278
818,1563,19984,16107
820,1559,20076,16168
820,1549,20086,16190
818,1561,19996,16082
824,1550,20181,16243
829,1570,20189,16285
829,1564,20219,16306
828,1537,20287,16383
822,1565,20131,16216
827,1528,20310,16364
831,1539,20326,16423
820,1550,20033,16124
833,1560,20323,16393
827,1563,20217,16308
821,1529,20152,16288
828,1568,20132,16236
828,1563,20189,16215
830,1581,20252,16288
831,1570,20329,16369
836,1561,20536,16588
817,1568,19924,16095
830,1575,20232,16299
835,1555,20403,16453
834,1544,20469,16484
824,1547,20230,16277
826,1570,20087,16203
825,1566,20073,16192
831,1566,20290,16358
826,1555,20241,16302
821,1547,20176,16242
820,1572,19969,16078
822,1563,20091,16158
819,1561,20050,16153
830,1563,20242,16342
825,1537,20236,16354
821,1558,20093,16209
825,1539,20258,16325
829,1543,20355,16425
819,1564,19996,16099
823,1551,20096,16191
815,1561,19860,16037
820,1547,20101,16216
818,1565,20032,16124
819,1550,20020,16117
820,1560,20115,16198
816,1556,19866,16016
819,1548,20091,16220
820,1553,20008,16161
820,1550,20052,16148
825,1557,20176,16216
822,1569,19984,16079
821,1544,20099,16190
819,1542,20023,16164
817,1555,19986,16122
818,1548,20054,16190
820,1572,19925,16045
828,1562,20228,16256
820,1550,20070,16177
826,1576,20116,16202
827,1548,20162,16259
819,1569,19898,16045
822,1553,20140,16225
819,1558,20048,16156
820,1533,20109,16208
826,1560,20212,16237
819,1572,19955,16059
821,1541,20103,16232
817,1566,19949,16079
819,1551,20076,16181
823,1545,20098,16167
824,1578,20072,16145
825,1550,20180,16259
816,1567,19957,16095
818,1554,20002,16130
821,1547,20058,16200
816,1559,19941,16112
822,1535,20192,16294
833,1562,20313,16387
824,1550,20158,16271
824,1545,20196,16298
832,1550,20332,16441
822,1537,20189,16264
819,1566,19993,16088
820,1560,20034,16120
825,1549,20166,16220
817,1561,19977,16101
820,1542,20102,16237
816,1569,19952,16086
823,1561,20063,16174
819,1551,20106,16206
823,1562,20054,16130
821,1525,20157,16266
816,1566,19932,16083
820,1561,20014,16145
817,1563,19969,16116
821,1567,19979,16106
821,1550,20133,16201
810,1562,19876,16047
819,1544,20091,16231
820,1556,20012,16149
818,1564,19986,16130
822,1547,20092,16184
817,1573,19951,16055
821,1540,20150,16235
823,1557,20111,16176
817,1557,19982,16135
818,1533,20047,16223
820,1563,19936,16053
833,1554,20376,16394
827,1577,20181,16236
823,1579,20039,16111
820,1561,20028,16137
815,1561,19888,16032
825,1560,20101,16212
820,1555,20038,16151
818,1559,19961,16105
820,1552,20098,16204
815,1560,19857,15993
825,1561,20140,16219
819,1550,20056,16171
817,1549,19972,16117
820,1548,20080,16165
817,1559,19882,16008
829,1564,20271,16316
833,1564,20365,16361
833,1547,20457,16511
819,1543,20052,16207
816,1567,19892,16045
829,1560,20263,16308
821,1568,20074,16142
824,1566,20084,16182
830,1548,20250,16318
829,1577,20187,16240
833,1562,20395,16446
825,1554,20175,16267
822,1550,20117,16259
829,1543,20298,16349
821,1551,20089,16209
835,1555,20497,16591
817,1571,19950,16077
825,1567,20086,16193
820,1548,20061,16155
818,1562,20010,16102
831,1543,20305,16329
828,1581,20154,16188
820,1554,20030,16149
834,1564,20452,16538
830,1568,20216,16334
836,1561,20567,16584
833,1544,20411,16447
823,1552,20149,16276
826,1540,20259,16343
832,1546,20353,16433
821,1550,20152,16282
816,1573,19955,16090
821,1568,20010,16105
819,1543,20073,16141
818,1551,19983,16113
821,1538,20109,16228
819,1570,20005,16052
819,1547,20017,16166
819,1550,20037,16164
818,1560,19997,16126
820,1549,20098,16205
815,1569,19935,16029
819,1551,20078,16205
817,1551,19990,16152
816,1573,19975,16122
820,1542,20100,16194
832,1555,20330,16377
821,1534,20114,16262
827,1572,20177,16230
824,1567,20057,16175
828,1562,20180,16291
816,1568,19929,16079
822,1549,20085,16210
825,1569,20144,16176
818,1562,20019,16146
819,1539,20028,16175
815,1564,19907,16056
819,1554,20040,16176
823,1555,20094,16184
821,1560,20023,16139
821,1566,20111,16173
821,1568,19987,16040
822,1541,20146,16270
830,1567,20264,16343
831,1548,20387,16482
820,1552,20073,16175
822,1560,20008,16070
819,1549,20085,16202
819,1554,20063,16164
821,1560,20041,16146
833,1563,20314,16375
828,1564,20128,16239
820,1532,20102,16235
819,1562,20009,16101
821,1565,20096,16209
822,1550,20071,16168
816,1572,19920,16038
820,1548,20081,16218
819,1554,19966,16090
823,1531,20206,16284
831,1546,20367,16390
819,1561,20045,16112
820,1538,20086,16244
815,1562,19871,16068
818,1546,19999,16180
826,1556,20165,16233
821,1560,20051,16144
825,1555,20162,16262
825,1579,20110,16114
823,1558,20124,16219
834,1555,20448,16527
817,1561,19957,16103
825,1559,20158,16248
819,1537,20036,16132
819,1562,20017,16132
829,1540,20189,16295
833,1542,20377,16465
820,1554,20075,16210
816,1562,19918,16057
822,1552,20075,16165
826,1571,20159,16216
822,1570,20051,16114
819,1534,20070,16209
816,1565,19925,16053
825,1561,20116,16213
823,1560,20085,16175
821,1567,20049,16104
819,1555,20042,16176
816,1562,19950,16046
831,1550,20286,16352
823,1549,20143,16263
831,1562,20292,16389
827,1529,20241,16333
825,1553,20175,16235
822,1536,20177,16303
827,1565,20176,16249
829,1565,20192,16273
830,1550,20240,16361
832,1557,20308,16391
821,1545,20118,16209
821,1549,20125,16175
820,1550,20064,16131
819,1549,20046,16194
823,1582,19990,16094
823,1558,20103,16213
830,1563,20262,16315
820,1563,20077,16140
819,1547,20052,16199
822,1581,19982,16055
820,1551,20094,16209
817,1535,20005,16159
828,1572,20175,16266
827,1541,20265,16367
818,1560,19985,16078
821,1542,20127,16250
824,1561,20044,16131
817,1556,19984,16121
819,1566,20017,16143
819,1563,19976,16066
825,1549,20173,16247
819,1570,19989,16085
821,1563,20091,16160
825,1555,20127,16233
824,1565,20037,16156
828,1546,20190,16273
823,1554,20095,16144
826,1565,20174,16192
828,1559,20227,16292
814,1564,19822,16068
824,1546,20200,16254
821,1589,20024,16051
814,1564,19797,16057
824,1564,20169,16196
814,1562,19866,16088
815,1532,19906,16173
820,1559,20074,16112
814,1566,19802,16084
820,1548,19945,16151
815,1552,19899,16168
819,1555,20002,16228
812,1565,19774,15985
825,1557,20258,16218
816,1556,19847,16079
814,1564,19781,16047
829,1577,20226,16205
826,1575,20096,16190
825,1556,20081,16261
823,1570,19979,16209
830,1572,20276,16215
816,1551,19895,16131
829,1580,20229,16213
826,1553,20215,16245
825,1565,20218,16223
824,1579,20173,16126
820,1551,20064,16210
814,1562,19795,16017
832,1545,20373,16334
833,1567,20320,16372
828,1556,20209,16226
835,1557,20421,16369
826,1581,20132,16116
823,1552,20211,16226
813,1559,19799,16086
819,1540,20058,16180
829,1557,20196,16309
830,1565,20281,16353
830,1539,20351,16387
821,1561,20114,16232
832,1562,20308,16354
832,1574,20285,16367
831,1558,20275,16393
820,1540,20091,16236
819,1550,20030,16163
820,1548,20064,16170
821,1558,20114,16220
816,1572,19926,16047
831,1559,20311,16383
832,1557,20298,16382
834,1562,20428,16477
821,1558,20115,16208
824,1572,20086,16119
825,1548,20216,16245
825,1562,20092,16184
821,1551,20070,16208
834,1536,20425,16498
820,1563,20006,16110
820,1550,20134,16234
817,1609,19958,16120
820,1555,20058,16154
820,1549,20061,16180
821,1559,19987,16128
829,1561,20246,16314
830,1568,20204,16296
832,1565,20310,16353
833,1560,20471,16542
818,1576,19983,16114
833,1560,20357,16413
829,1572,20155,16248
829,1568,20249,16322
833,1564,20328,16382
835,1560,20418,16449
825,1530,20277,16333
818,1554,19971,16107
823,1561,20056,16157
819,1575,20005,16142
814,1570,19844,16038
827,1591,20251,16293
824,1560,20094,16141
825,1542,20232,16271
813,1556,19806,16068
810,1575,19704,15986
823,1579,20106,16083
812,1561,19774,16044
819,1537,20033,16262
822,1574,20015,16211
819,1577,19887,16073
817,1552,19868,16123
811,1568,19722,16009
817,1540,19985,16232
823,1561,20168,16248
814,1566,19912,16117
816,1542,19970,16188
814,1571,19764,16011
816,1549,19945,16201
830,1567,20298,16505
826,1552,20257,16262
817,1547,20020,16201
812,1557,19758,16049
815,1539,19946,16194
815,1546,19892,16164
814,1547,19816,16096
823,1528,20211,16295
824,1560,20149,16161
818,1528,20059,16283
819,1546,19991,16206
821,1543,20148,16243
826,1536,20209,16258
822,1568,20142,16185
831,1541,20394,16355
823,1540,20240,16269
827,1537,20340,16334
827,1537,20321,16297
822,1546,20142,16210
824,1540,20157,16280
822,1554,20152,16222
826,1538,20321,16337
829,1533,20404,16376
828,1560,20232,16245
829,1530,20355,16354
822,1550,20124,16194
823,1544,20205,16265
827,1534,20251,16295
825,1547,20165,16214
827,1535,20360,16392
837,1573,20355,16347
825,1537,20214,16244
826,1539,20267,16311
824,1549,20187,16257
833,1526,20390,16432
823,1554,20163,16238
826,1541,20310,16315
828,1557,20186,16311
831,1550,20302,16308
834,1545,20477,16508
829,1571,20235,16289
822,1555,20046,16191
835,1543,20449,16411
825,1543,20240,16258
833,1527,20453,16422
824,1558,20082,16217
829,1550,20259,16310
826,1547,20166,16294
826,1562,20089,16272
831,1526,20437,16421
829,1556,20273,16288
826,1547,20226,16349
829,1536,20260,16357
824,1536,20228,16335
828,1535,20336,16387
826,1552,20222,16272
832,1538,20432,16434
834,1549,20392,16421
826,1537,20225,16326
828,1529,20272,16362
822,1556,20084,16245
828,1545,20370,16429
832,1552,20515,16472
835,1538,20446,16465
834,1545,20534,16488
827,1575,20135,16319
839,1586,20565,16715
835,1547,20385,16542
847,1576,20784,16711
844,1591,20819,16788
846,1575,20793,16709
835,1557,20359,16531
838,1559,20442,16590
845,1606,20801,16786
830,1560,20418,16501
823,1530,20104,16332
834,1557,20499,16539
843,1564,20659,16632
840,1533,20540,16596
844,1583,20664,16738
840,1572,20634,16663
837,1584,20669,16660
838,1545,20573,16575
831,1549,20407,16500
834,1575,20537,16580
838,1545,20514,16522
832,1566,20425,16561
831,1538,20341,16447
831,1563,20428,16511
834,1567,20549,16566
838,1550,20555,16540
829,1581,20351,16562
841,1549,20619,16568
841,1548,20631,16591
846,1577,20750,16679
836,1541,20554,16501
835,1570,20546,16608
836,1533,20467,16483
835,1556,20529,16521
834,1562,20530,16554
834,1555,20503,16521
838,1563,20646,16593
833,1550,20543,16496
833,1556,20490,16500
833,1552,20522,16492
824,1556,20170,16404
831,1555,20321,16510
833,1558,20281,16483
837,1575,20447,16621
824,1551,20225,16414
824,1535,20133,16350
824,1561,20197,16428
828,1551,20238,16324
831,1543,20452,16468
831,1533,20472,16448
830,1535,20373,16382
832,1550,20520,16489
824,1553,20167,16268
826,1540,20280,16391
828,1533,20340,16364
825,1542,20252,16316
828,1540,20409,16420
838,1568,20545,16475
841,1580,20717,16716
831,1538,20360,16361
825,1550,20267,16324
825,1529,20267,16327
821,1542,20114,16216
824,1535,20215,16351
827,1552,20321,16306
825,1554,20237,16291
823,1548,20171,16269
825,1550,20218,16269
835,1537,20445,16478
828,1555,20215,16304
826,1563,20092,16272
839,1550,20546,16464
834,1562,20425,16389
831,1544,20266,16408
820,1533,20041,16291
817,1559,19911,16144
816,1552,19958,16190
822,1550,19989,16142
819,1545,20013,16262
834,1572,20419,16355
828,1580,20165,16315
828,1548,20159,16387
834,1584,20266,16214
817,1533,19961,16235
829,1571,20235,16258
825,1543,20268,16294
825,1569,20224,16222
823,1564,20169,16193
817,1549,19993,16284
834,1563,20420,16361
834,1545,20385,16518
817,1545,19980,16208
830,1578,20297,16214
829,1535,20373,16386
828,1577,20194,16180
825,1545,20173,16210
831,1554,20350,16302
823,1559,20210,16215
826,1521,20287,16331
828,1567,20200,16193
822,1554,20118,16205
830,1569,20264,16313
822,1553,20083,16173
826,1545,20185,16291
818,1565,19928,16103
822,1551,20128,16217
822,1538,20137,16241
822,1549,20083,16165
823,1528,20137,16264
818,1556,19999,16136
821,1561,20119,16182
822,1546,20194,16250
827,1551,20189,16222
822,1548,20099,16242
827,1579,20130,16228
835,1564,20506,16558
834,1555,20416,16481
821,1560,20112,16211
833,1559,20341,16381
836,1558,20466,16442
816,1540,19955,16204
833,1576,20342,16371
831,1564,20276,16427
819,1542,20025,16234
825,1569,20153,16129
829,1559,20287,16236
826,1545,20266,16274
820,1549,20013,16156
822,1570,19982,16183
821,1586,19952,16103
837,1560,20486,16409
841,1576,20573,16455
833,1571,20388,16307
826,1549,20152,16236
815,1571,19861,16003
821,1553,20126,16225
825,1567,20181,16172
827,1554,20331,16305
835,1551,20437,16446
830,1560,20362,16401
825,1557,20156,16241
823,1559,20135,16202
818,1545,20028,16164
820,1539,20095,16197
820,1564,20026,16088
831,1571,20272,16302
832,1543,20443,16464
814,1568,19858,16092
819,1542,19938,16197
833,1592,20299,16219
834,1566,20441,16359
819,1552,20032,16220
821,1563,20044,16232
828,1567,20163,16382
821,1543,20061,16250
835,1537,20435,16493
825,1560,20209,16244
825,1545,20215,16297
819,1549,20038,16265
831,1551,20299,16341
833,1559,20246,16403
819,1584,19992,16022
825,1558,20203,16189
817,1540,19939,16166
825,1564,20140,16191
828,1556,20260,16248
820,1569,19976,16015
821,1577,20045,16065
821,1573,20058,16054
825,1573,20152,16118
827,1558,20265,16265
821,1571,20073,16054
826,1581,20176,16107
824,1556,20167,16157
825,1578,20084,16074
825,1570,20156,16152
824,1581,20135,16076
837,1563,20513,16412
823,1551,20146,16194
822,1583,20087,16095
823,1567,20123,16129
818,1577,20005,16025
824,1561,20150,16148
823,1576,20084,16092
823,1565,20112,16098
833,1579,20334,16282
823,1583,20041,16020
825,1561,20185,16214
828,1560,20215,16270
826,1569,20170,16181
825,1565,20208,16148
824,1588,20090,16035
827,1570,20250,16154
822,1554,20122,16187
828,1581,20195,16185
824,1565,20190,16200
820,1586,20055,16022
839,1579,20501,16397
838,1556,20525,16460
831,1574,20247,16196
825,1565,20153,16153
818,1570,19951,15991
826,1568,20207,16196
830,1531,20229,16186
827,1570,20223,16151
824,1562,20180,16156
821,1580,20034,16059
825,1558,20224,16213
822,1568,20098,16114
826,1577,20240,16184
830,1569,20282,16241
834,1588,20314,16222
842,1589,20503,16347
836,1584,20374,16301
836,1564,20403,16370
835,1575,20397,16362
836,1581,20376,16305
842,1552,20737,16623
822,1567,20118,16115
824,1551,20189,16187
832,1576,20282,16267
832,1634,20267,16231
838,1564,20496,16448
834,1573,20298,16262
835,1561,20414,16383
829,1543,20319,16453
