2535,5000
3000
3038
3003
3015
3010
3007
3033
2996
3016
3019
3001
3035
2995
3016
3010
3007
3041
3003
3019
3016
3003
3032
2999
3024
3008
2999
3032
2992
3025
3015
3014
3030
2990
3030
3001
3012
3034
2991
3040
3003
3011
3031
2999
3034
3010
2998
3026
2992
3033
3009
3017
3020
2990
3040
2996
3012
3024
3004
3038
3010
3006
3022
2998
3046
3000
3008
3015
3001
3041
3001
3019
3006
2998
3030
2997
3022
3014
3004
3035
2998
3028
3010
3010
3033
2993
3015
3013
3002
3034
3000
3029
3007
3004
3023
2996
3036
3005
3015
3033
2994
3040
3001
3019
3026
2992
3035
2997
3012
3019
3000
3036
3003
3007
3017
2996
3046
3001
3014
3020
3000
3040
3006
3016
3020
2992
3041
2995
3015
3010
3009
3044
2992
3013
3008
3006
3041
2996
3021
3016
2999
3036
2991
3030
3013
3012
3022
2995
3025
3012
3011
3040
2990
3021
3006
3009
3030
2998
3040
3007
3011
3027
2997
3042
3010
3008
3021
2997
3034
3007
3019
3019
2998
3032
2996
3011
3022
2999
3036
3002
3022
3010
2999
3037
3008
3016
3009
3002
3036
3005
3016
3018
2999
3033
2990
3022
3010
3008
3033
2997
3026
3010
3009
3032
2996
3024
3009
3009
3034
3002
3028
3012
3012
3029
2990
3029
3006
3019
3021
2998
3031
3004
3015
3026
3001
3025
3004
3008
3024
3004
3031
3005
3007
3020
2992
3036
3002
3017
3022
2997
3039
2997
3018
3020
3001
3033
2994
3024
3015
3004
3037
3002
3018
3007
3006
3028
3001
3034
3010
3007
3042
3001
3019
3015
3015
3032
2990
3030
3010
3015
3032
3002
3031
2998
3012
3024
2995
3040
3001
3017
3022
2999
3028
3009
3010
3020
2998
3035
3005
3012
3026
2996
3038
3000
3015
3009
2999
3039
3003
3017
3012
3000
3039
3010
3014
3009
2997
3037
3000
3021
3015
3008
3033
2992
3030
3004
3015
3026
2996
3023
3010
3005
3034
2995
3038
3003
3005
3033
2988
3039
3003
3018
3029
2990
3026
3009
3011
3029
2994
3034
3005
3008
3033
2991
3038
2998
3008
3024
2996
3034
3013
3022
3010
2995
3029
3003
3010
3018
2993
3041
3000
3011
3014
3003
3040
2993
3019
3007
3010
3043
2995
3025
3007
3002
3036
2991
3028
3028
3000
3034
2994
3027
3007
3014
3033
2992
3024
3017
3005
3034
3000
3031
3004
3007
3019
2993
3036
3013
3004
3027
3001
3040
3002
3017
3024
2996
3044
2996
3013
3017
3002
3044
2996
3008
3012
2999
3037
3001
3025
3012
3001
3037
3001
3029
3013
2997
3045
2990
3032
3013
3008
3039
2988
3020
3007
3008
3037
3002
3025
3017
3004
3034
3003
3025
3014
3011
3025
2996
3030
3012
3017
3038
2987
3031
3005
3010
3026
3007
3032
3009
3009
3031
2994
3038
3003
3009
3016
3002
3033
3004
3016
3019
2998
3030
2994
3012
3017
3000
3048
3002
3022
3020
3001
3042
3000
3015
3012
3014
3030
3004
3021
3019
3000
3026
2995
3020
3018
3010
3035
3000
3025
3008
3020
3027
3004
3026
3005
3012
3030
2994
3034
3011
3005
3023
2992
3035
3010
3007
3030
3008
3031
3000
3020
3018
3002
3033
3000
3008
3020
3001
3036
3005
3007
3013
2995
3041
3007
3011
3027
3006
3038
2995
3026
3013
3007
3037
2995
3023
3014
3012
3029
2999
3020
3006
3008
3034
2995
3035
3007
3017
3037
2989
3042
3007
3013
3023
2992
3030
3006
3009
3031
3006
3024
3002
3000
3022
3000
3035
3002
3015
3018
2997
3037
3008
3021
3017
2991
3038
3001
3022
3011
3013
3028
2993
3008
3016
3006
3044
3002
3027
3017
2994
3046
2991
3025
3016
2996
3037
2994
3032
3022
3005
3034
2984
3023
3011
3011
3031
2997
3029
3009
3009
3033
2997
3035
3001
3008
3026
2996
3034
3015
3009
3029
2985
3031
3007
3021
3018
3002
3039
3000
3012
3027
3001
3046
2999
3012
3021
3000
3038
3002
3020
3010
2992
3034
3001
3027
3017
3002
3039
2997
3020
3013
3009
3046
2989
3023
3009
3010
3033
2994
3031
3006
3007
3026
2991
3033
3014
3011
3030
2995
3031
3011
3008
3030
2995
3026
3005
3016
3025
2999
3040
3007
3003
3011
3006
3028
3001
3018
3019
2990
3042
2991
3017
3023
2989
3032
2995
3010
3006
2997
3036
2989
3012
3009
2993
3034
2995
3015
3012
2996
3028
2993
3019
3013
3001
3016
2993
3017
3005
3003
3027
2982
3023
2992
3001
3026
2986
3022
3003
3008
3016
2988
3027
3003
2997
3016
2986
3013
2992
2997
3009
2982
3013
2982
3000
3007
2993
3031
2996
3002
3007
2995
3025
2998
3006
2999
2992
3027
2992
3016
3014
2990
3032
2980
3016
3014
2992
3029
2992
3010
3007
2997
3027
2988
3013
3002
2998
3023
2989
3020
3001
3009
3009
2985
3018
3006
3010
3021
2992
3031
2995
3013
3030
2992
3032
2995
3011
3024
2995
3039
3006
3018
3008
2995
3039
3002
3017
3017
3000
3036
2997
3014
3019
3008
3037
2995
3016
3010
3003
3037
3003
3012
3011
2998
3039
3005
3034
3008
3011
3035
2994
3027
3015
3014
3025
2999
3021
3010
3010
3032
3002
3029
3001
3011
3023
2996
3039
3003
3015
3033
2992
3039
3005
3022
3015
2995
3033
3004
3012
3025
3014
3025
3000
3017
3010
3003
3042
2998
3016
3012
2999
3044
2998
3017
3007
3007
3032
3001
3015
3018
3007
3033
2995
3011
3013
3008
3036
2996
3033
3005
3012
3039
3001
3030
3005
3007
3028
2996
3024
3016
3018
3028
2988
3027
3009
3016
3024
3012
3032
3007
3004
3027
3004
3037
3002
3018
3016
3002
3029
3007
3012
3017
2996
3033
3000
3024
3012
3004
3033
3002
3012
3010
3006
3043
2991
3015
3019
2997
3041
3007
3018
3014
3000
3032
2999
3020
3015
3006
3041
2993
3026
3012
3011
3038
2987
3028
3003
3013
3032
2996
3033
3006
3015
3018
2995
3034
3005
3019
3036
2989
3036
3008
3021
3027
2998
3029
3004
3012
3011
3007
3035
3001
3008
3009
3001
3037
3006
3015
3017
3005
3036
2999
3025
3014
2999
3034
2997
3025
3007
3009
3043
2993
3018
3007
3005
3035
2997
3036
3004
3010
3030
2993
3034
3017
3005
3027
2994
3031
3012
3025
3028
2994
3031
2997
3014
3031
2999
3045
2999
3010
3025
3001
3042
3005
3008
3015
3010
3029
3000
3025
3012
2997
3038
2995
3019
3016
3006
3042
3000
3024
3004
3007
3037
3001
3017
3014
2999
3037
2994
3024
3020
3001
3035
2996
3019
3016
3006
3034
2995
3034
3006
3014
3037
3003
3021
3006
3010
3037
2988
3039
3006
3020
3019
2998
3031
3011
3008
3032
2995
3036
3002
3013
3025
3000
3031
3003
3019
3018
2996
3046
3013
3008
3017
2992
3040
3004
3018
3020
3004
3042
3004
3014
3015
3006
3031
2996
3017
3014
3005
3044
3008
3013
3009
3001
3035
3004
3027
3013
3014
3035
2990
3031
3010
3022
3021
2996
3032
3008
3021
3025
3001
3024
3000
3005
3026
2997
3037
3005
3021
3022
2999
3046
2999
3020
3015
3000
3044
2997
3025
3012
3003
3040
3000
3013
3009
3002
3042
2999
3021
3011
3010
3036
3000
3028
3009
3000
3036
2994
3020
3020
3007
3030
2988
3020
3012
3008
3033
2997
3031
3013
3016
3025
2998
3034
3006
3009
3037
2991
3036
3015
3017
3019
2992
3035
3011
3010
3027
3000
3037
3011
3004
3024
3000
3039
2998
3013
3023
3002
3038
3004
3017
3009
2995
3037
2995
3020
3012
3002
3043
2999
3018
3020
3014
3046
2989
3021
3031
3012
3028
3000
3020
3008
3007
3027
2996
3032
3013
3009
3034
2993
3026
3010
3018
3038
2988
3031
3014
3004
3035
2994
3044
2996
3006
3031
2992
3037
3004
3013
3022
2999
3036
3005
3010
3029
2993
3034
3002
3024
3011
3016
3051
2992
3011
3003
3000
3043
3005
3016
3014
3005
3035
2995
3027
3010
3001
3032
2997
3022
3010
3014
3032
2994
3020
3007
3009
3032
2995
3027
3011
3018
3024
3000
3029
3012
3009
3020
2998
3034
3008
3012
3027
2991
3034
2993
3017
3024
3008
3029
3006
3007
3021
2995
3044
2998
3022
3005
3000
3037
3001
3022
3013
3012
3042
2985
3024
3012
3001
3039
2996
3017
3011
3005
3037
3000
3030
3006
3012
3034
2996
3030
3016
3001
3030
2985
3030
3014
3007
3034
2992
3033
3002
3016
3030
2997
3037
3000
3012
3027
3000
3036
3008
3008
3018
2995
3032
3005
3020
3017
3004
3038
2995
3017
3019
3003
3043
2993
3012
3013
3002
3039
3001
3016
3007
3001
3038
3000
3018
3015
3008
3037
3001
3032
3010
3013
3038
2987
3027
3007
3010
3035
2999
3027
3006
3015
3023
2997
3031
3014
3011
3029
2997
3030
3012
3019
3018
2999
3027
3008
3012
3025
3000
3035
2999
3013
3022
3003
3034
3007
3016
3020
3007
3032
3008
3019
3017
3005
3031
2999
3017
3015
3014
3032
3011
3019
3011
3011
3031
3004
3026
3011
3004
3038
3001
3035
3014
3000
3037
2993
3027
3012
3013
3032
2987
3023
3011
3008
3030
2996
3034
3007
3011
3037
2994
3039
3007
3007
3022
2998
3045
2999
3030
3028
2985
3036
3004
3008
3025
2994
3043
3003
3008
3020
3008
3039
2993
3015
3006
3002
3038
3002
3028
3017
2991
3034
2995
3023
3012
3009
3035
2996
3024
3022
3003
3042
2987
3023
3008
3007
3030
2993
3033
3009
3006
3024
2995
3028
3012
3012
3030
2995
3039
3008
3013
3029
2998
3033
3004
3011
3024
2997
3044
3008
3002
3020
2996
3039
3004
3010
3016
3003
3033
3004
3026
3009
2997
3036
2992
3018
3010
3003
3040
2998
3011
3011
2998
3046
2987
3025
3013
3011
3028
2994
3030
3011
3011
3021
2993
3026
3009
3012
3030
2986
3024
3003
3017
3026
3002
3035
3007
3015
3020
2997
3045
2998
3009
3017
2996
3036
3004
3013
3020
2995
3031
2996
3009
3019
3005
3039
2999
3014
3008
3003
3041
3002
3016
3017
3006
3034
2994
3021
3014
3002
3030
2992
3024
3019
3007
3039
2997
3028
3005
3011
3038
2994
3024
3005
3013
3023
2995
3033
3009
3010
3031
2983
3039
3000
3014
3027
2996
3045
2996
3018
3025
3001
3038
2997
3015
3023
3001
3045
3001
3012
3013
3000
3030
3004
3016
3017
3001
3046
2994
3023
3014
3007
3032
2997
3021
3014
3003
3039
3002
3017
3004
3002
3030
3000
3020
3011
3006
3031
2990
3027
3016
3009
3038
2983
3031
3008
3017
3024
2999
3027
3004
3007
3031
2991
3038
3008
3010
3024
2992
3041
3007
3017
3012
2998
3032
3002
3016
3019
3003
3034
2995
3006
3014
3005
3039
3003
3017
3009
2999
3036
3001
3019
3009
3002
3036
3001
3014
3019
3002
3033
2995
3020
3012
3005
3032
2997
3026
3016
3007
3035
2995
3028
3006
3010
3040
2989
3034
3012
3017
3024
2990
3026
3006
3014
3022
3004
3031
3003
3009
3024
3003
3038
3005
3001
3021
2993
3038
3003
3017
3009
2994
3030
2997
3016
3017
3004
3041
2997
3016
3014
3007
3042
3000
3011
3010
3010
3033
3001
3026
3007
3001
3026
2992
3025
3018
3003
3034
2995
3020
3012
3019
3025
2992
3035
3005
3017
3024
2994
3034
3007
3009
3022
2993
3041
3000
3016
3024
3002
3028
3007
3011
3023
2997
3034
2999
3013
3019
3006
3034
2995
3009
3009
3002
3041
2998
3019
3018
3010
3031
2998
3023
3022
3008
3024
2999
3013
3013
3005
3036
2995
3020
3006
3008
3033
3002
3022
3010
3013
3026
2993
3035
3011
3013
3026
2993
3046
2999
3019
3020
2993
3035
3000
3009
3026
3000
3028
3006
3005
3018
3008
3037
3003
3007
3013
2996
3037
3004
3018
3017
2995
3033
2993
3016
3015
3001
3041
2993
3020
3010
3007
3037
3000
3021
3013
3004
3035
2994
3038
3024
3002
3032
2992
3029
3012
3015
3027
2995
3036
2999
3012
3031
2996
3027
3004
3008
3023
2995
3043
3017
3003
3019
2987
3034
3001
3012
3020
3006
3028
2999
3018
3018
2999
3037
3004
3005
3016
3007
3033
3003
3019
3002
2994
3036
2997
3023
3016
3002
3037
3000
3013
3013
3009
3034
2990
3026
3010
3005
3029
2998
3026
3001
3012
3027
2991
3028
3012
3013
3030
2996
3029
3011
3017
3025
2993
3032
3002
3009
3028
2997
3036
2995
3013
3017
2998
3043
3002
3012
3016
2996
3039
3003
3018
3011
2998
3034
2999
3015
3014
3006
3029
2992
3015
3012
3001
3038
2995
3030
3002
3004
3040
3005
3020
3005
3000
3032
2994
3026
3017
3009
3027
2992
3020
3007
3015
3027
2993
3028
3012
3001
3032
2991
3035
3010
3000
3028
2990
3043
2998
3003
3018
2988
3032
3006
3013
3018
3007
3032
3001
3009
3023
2996
3041
2997
3011
3012
2997
3038
3004
3011
3007
3004
3027
2995
3020
3011
3005
3029
2998
3011
3020
2998
3040
2990
3017
3007
3009
3029
2998
3023
3010
2997
3026
2994
3030
3007
3012
3033
2986
3028
3012
3007
3026
2993
3031
3001
3010
3024
2998
3037
3004
2999
3021
2987
3035
2999
3019
3008
3000
3034
2994
3017
3007
2994
3034
2995
3015
3009
3001
3037
2997
3011
3002
2998
3031
2991
3016
3014
2999
3028
2990
3022
3014
2992
3029
2988
3022
3005
3012
3027
2992
3016
2996
3005
3033
2986
3031
3000
3006
3016
2993
3042
2996
3010
3007
2991
3030
2999
3008
3024
2993
3021
2980
3008
3009
2996
3030
2994
3007
3006
3006
3026
3006
3003
3007
2994
3040
2988
3018
3010
2997
3034
2986
3015
3005
3003
3027
2994
3025
3000
3006
3033
2989
3023
3000
3007
3019
2985
3025
3004
3004
3013
2986
3015
3006
3004
3024
2988
3025
2998
3008
3020
3002
3039
2994
3004
3019
2988
3032
2998
3000
3007
2992
3037
2989
3010
3017
2993
3036
2992
3009
3007
3001
3024
2999
3013
3005
2997
3039
2999
3012
3003
2991
3031
2990
3018
3010
3000
3034
2986
3023
3011
3006
3023
2987
3021
3008
3013
3021
2995
3022
2998
3005
3018
2995
3035
3010
3000
3022
3000
3024
3006
3007
3018
2988
3038
2994
3009
3015
2997
3028
2994
3005
3013
3001
3035
3002
3016
3012
2998
3032
2996
3016
3008
2990
3034
2994
3018
3020
3007
3027
2984
3015
3012
2998
3032
3005
3014
3006
3011
3026
2995
3028
3007
3009
3021
2992
3019
3014
3005
3024
2989
3019
3002
3012
3017
2995
3031
3002
3006
3022
2995
3035
2997
3002
3017
2995
3031
2998
3012
3007
2992
3025
3002
3017
3013
2997
3044
2989
3012
3006
3002
3040
2989
3008
3009
3002
3038
2997
3019
3008
2996
3025
2994
3018
3011
3014
3023
2992
3022
3007
3009
3027
2987
3019
3005
3011
3023
2994
3032
3000
3003
3018
2993
3026
3004
3012
3019
2998
3021
3000
3013
3017
2990
3032
2990
3011
3016
2994
3034
2993
3002
3004
2997
3030
2996
3013
3012
3003
3023
2993
3014
3013
2995
3030
2986
3016
2999
3001
3032
2982
3016
2999
2998
3025
2987
3017
3005
2994
3022
2983
3018
3003
2998
3016
2981
3017
2993
3004
3014
2975
3012
2984
3004
3005
2989
3013
2992
3004
3001
2988
3014
2991
2988
3006
2977
3024
2985
3004
3005
2987
3024
2981
3002
3003
2989
3023
2988
3009
2990
2995
3034
2985
3005
3001
3002
3018
2990
3014
3010
2988
3022
2980
3017
3007
3006
3021
2997
3021
3009
3012
3024
2994
3025
3012
3006
3031
2989
3039
3008
3010
3023
2992
3033
3005
3012
3024
2999
3039
2996
3017
3032
2995
3038
2992
3011
3019
2997
3044
3003
3014
3008
2997
3039
3003
3019
3013
3001
3037
2997
3019
3016
3004
3037
2991
3019
3014
3006
3034
2998
3017
3003
3009
3023
3010
3043
3014
3009
3032
2998
3027
3006
3020
3034
2983
3036
3004
3010
3030
2995
3025
2999
3001
3019
3000
3030
3003
3010
3019
2997
3040
2998
3020
3017
2988
3043
2989
3019
3008
3001
3028
2989
3009
3025
3006
3030
2995
3013
3009
3005
3037
2988
3032
2996
3002
3026
2988
3020
3006
3006
3030
2982
3013
3002
3004
3027
2992
3017
3005
3010
3022
2989
3030
3000
3001
3020
2985
3030
3000
3004
3011
2983
3018
2997
3004
3020
2987
3028
2991
3003
3009
2996
3031
2989
2995
3010
2984
3036
2982
3010
3004
2979
3019
2983
3009
3010
2989
3025
2991
3002
3005
2989
3024
2986
3001
2999
2993
3015
2983
3021
2984
2992
3010
2981
3010
2996
2998
3026
2972
3014
2993
3000
3018
2975
3019
2991
2996
3012
2985
3022
2988
2995
3002
2985
3028
2997
2997
3009
2983
3029
2986
3006
3010
2985
3021
2991
3008
3002
3003
3026
2988
3000
2998
2993
3031
2993
3015
3008
2999
3018
2994
3017
3007
3002
3017
2993
3015
3002
3009
3026
2990
3018
2997
3005
3033
2993
3021
3016
3019
3016
2994
3029
3010
2997
3017
2992
3028
3001
3015
3015
2990
3036
2992
3007
3019
3000
3031
2998
3010
3010
3004
3034
3008
3003
3008
2997
3034
2997
3014
3014
2990
3030
2993
3013
3015
3003
3036
2993
3024
3004
3011
3033
3001
3030
3002
3010
3038
2989
3031
3017
3004
3027
2996
3024
3009
3013
3034
2995
3030
3006
3011
3029
3003
3028
2999
3012
3023
3002
3038
3006
3016
3016
2992
3040
3005
3014
3024
3002
3040
3008
3007
3022
2999
3038
2996
3015
3011
3002
3044
3001
3015
3009
2998
3046
2994
3027
3010
3006
3034
2993
3026
3015
3010
3031
2991
3028
3011
3009
3033
2996
3026
3004
3016
3024
2998
3034
3012
3009
3028
2994
3035
3010
3024
3016
2994
3036
3008
3010
3026
3003
3031
2997
3009
3018
3000
3045
3000
3016
3018
2998
3042
3003
3028
3005
2989
3042
2996
3016
3018
3006
3037
2996
3024
3012
3008
3039
3000
3034
3014
3007
3037
2997
3030
3007
3019
3038
2992
3035
3021
3006
3035
2994
3027
3009
3015
3031
