2255,5000
2961
2972
2952
2993
2953
2981
2968
2953
2989
2946
2974
2971
2956
2995
2946
2978
2968
2961
2993
2949
2981
2958
2959
2989
2949
2983
2974
2954
2987
2946
2982
2971
2967
2989
2944
2988
2966
2963
2991
2943
2990
2954
2968
2982
2948
2994
2960
2962
2978
2942
2993
2959
2970
2980
2951
2996
2950
2978
2973
2954
2994
2951
2969
2971
2958
2998
2955
2970
2971
2948
3000
2955
2975
2974
2965
3002
2942
2982
2976
2959
2988
2947
2982
2971
2961
2991
2950
2987
2955
2963
2988
2948
2985
2966
2968
2990
2941
2991
2965
2970
2985
2942
2996
2953
2968
2986
2952
2994
2951
2965
2987
2949
2995
2959
2974
2972
2951
3000
2951
2974
2972
2956
2990
2955
2971
2974
2955
2989
2949
2969
2970
2957
2998
2952
2975
2972
2956
2997
2957
2977
2967
2955
2995
2948
2987
2969
2964
2988
2941
2979
2964
2966
2990
2949
2989
2961
2967
2989
2950
2986
2960
2967
2988
2943
2992
2964
2972
2987
2934
2987
2959
2971
2982
2950
2994
2959
2970
2978
2955
2996
2950
2968
2975
2952
2998
2957
2974
2968
2948
2990
2953
2974
2968
2958
2994
2951
2976
2972
2958
2995
2943
2977
2970
2963
2991
2946
2986
2962
2957
2985
2948
2987
2970
2965
2993
2943
2983
2967
2969
2988
2946
2987
2962
2968
2982
2952
2990
2962
2963
2976
2946
2992
2959
2971
2981
2951
2989
2958
2975
2979
2950
2991
2958
2968
2975
2956
2997
2958
2963
2967
2954
2996
2955
2976
2971
2957
2993
2951
2978
2971
2955
2992
2947
2979
2969
2963
2993
2947
2975
2963
2962
2994
2947
2984
2968
2966
2988
2953
2993
2966
2963
2983
2942
2990
2963
2972
2985
2944
2986
2956
2968
2983
2950
2996
2961
2965
2980
2950
2991
2960
2968
2976
2949
2995
2955
2979
2971
2952
2987
2952
2969
2973
2958
2992
2956
2974
2971
2961
3000
2962
2971
2965
2960
2995
2945
2985
2967
2960
2982
2947
2980
2969
2961
2993
2946
2986
2969
2960
2993
2949
2983
2961
2965
2989
2948
2990
2963
2961
2979
2941
2988
2962
2968
2982
2953
2986
2957
2976
2978
2952
2992
2951
2970
2973
2956
2996
2956
2969
2979
2940
2995
2955
2975
2973
2957
2997
2949
2984
2968
2957
2995
2951
2974
2972
2957
3002
2946
2977
2962
2956
2992
2948
2986
2969
2967
2994
2948
2983
2969
2970
2987
2943
2985
2967
2963
2992
2952
2989
2957
2960
2985
2948
3001
2956
2970
2981
2945
2990
2961
2971
2981
2946
2991
2960
2965
2981
2953
2990
2949
2967
2974
2955
2996
2954
2973
2974
2945
2995
2956
2979
2969
2955
2991
2952
2980
2974
2962
2989
2941
2974
2967
2963
2993
2952
2982
2968
2964
2985
2951
2988
2963
2960
2991
2945
2988
2963
2971
2983
2941
2989
2967
2967
2984
2948
3000
2960
2964
2985
2951
2994
2957
2966
2982
2947
2994
2956
2971
2975
2946
2991
2961
2967
2976
2958
2993
2954
2971
2974
2951
3000
2944
2972
2974
2956
2994
2952
2984
2971
2952
2990
2951
2983
2970
2965
2990
2948
2979
2971
2959
2998
2937
2984
2967
2967
2983
2952
2988
2961
2966
2985
2941
2990
2962
2971
2993
2941
2993
2956
2969
2982
2943
2989
2960
2966
2979
2956
2995
2948
2970
2968
2954
2994
2954
2972
2975
2953
2992
2953
2975
2971
2958
2994
2951
2977
2971
2958
2996
2950
2968
2967
2956
2993
2948
2985
2968
2962
2986
2950
2983
2970
2961
2985
2945
2987
2966
2977
2984
2942
2982
2961
2969
2988
2944
2993
2967
2966
2983
2948
2993
2962
2964
2976
2952
2991
2960
2969
2978
2950
2986
2952
2972
2971
2960
2990
2959
2973
2969
2956
2996
2956
2976
2965
2955
2994
2947
2979
2973
2955
2996
2941
2977
2971
2962
2997
2942
2986
2964
2964
2989
2949
2983
2965
2966
2991
2951
2982
2968
2972
2977
2943
2987
2964
2969
2988
2949
2991
2964
2964
2991
2951
2987
2958
2967
2982
2951
2996
2961
2969
2968
2954
2989
2957
2975
2971
2957
3001
2945
2977
2974
2958
2992
2949
2975
2968
2957
2996
2955
2973
2970
2956
2990
2952
2979
2970
2962
2993
2953
2983
2971
2964
2986
2946
2984
2967
2964
2992
2958
2978
2961
2962
2987
2947
2991
2962
2972
2985
2945
2997
2962
2969
2982
2949
2988
2959
2964
2984
2955
2994
2945
2968
2977
2953
2993
2957
2971
2976
2949
2998
2957
2974
2969
2949
2995
2950
2974
2970
2958
2991
2948
2976
2969
2960
2998
2950
2981
2969
2955
2991
2951
2989
2961
2965
2991
2945
2984
2969
2968
2988
2942
2986
2966
2969
2986
2946
2988
2964
2965
2989
2954
2987
2965
2959
2986
2949
2995
2964
2972
2977
2946
2991
2952
2972
2979
2953
2997
2954
2967
2982
2948
2997
2954
2965
2974
2950
2997
2956
2979
2967
2951
2995
2946
2978
2973
2961
2996
2947
2974
2974
2959
2995
2945
2980
2966
2965
2991
2950
2996
2957
2967
2983
2956
2985
2965
2971
2985
2944
2988
2965
2970
2986
2945
2990
2959
2970
2984
2956
2994
2955
2965
2973
2951
2993
2961
2971
2981
2948
2995
2958
2975
2973
2950
2994
2952
2975
2970
2958
2999
2957
2968
2965
2955
2993
2951
2979
2973
2959
2994
2951
2984
2973
2958
2990
2949
2983
2969
2966
2991
2939
2984
2962
2964
2990
2949
2992
2960
2971
2983
2945
2991
2966
2964
2981
2949
2989
2961
2970
2984
2945
2986
2957
2965
2980
2952
2996
2960
2970
2981
2947
2998
2957
2968
2971
2954
2996
2954
2976
2973
2954
2985
2949
2970
2972
2957
2995
2952
2984
2964
2961
2995
2949
2974
2966
2959
2993
2943
2990
2965
2962
2982
2943
2986
2966
2970
2988
2947
2987
2966
2969
2988
2947
2985
2958
2969
2986
2949
2999
2959
2963
2978
2941
2994
2959
2972
2976
2959
2988
2958
2968
2979
2954
2990
2952
2969
2970
2954
2998
2955
2971
2967
2956
2994
2954
2977
2974
2958
2996
2947
2980
2972
2960
2990
2951
2979
2967
2960
2994
2948
2982
2963
2960
2990
2947
2990
2965
2966
2988
2944
2991
2965
2972
2983
2942
2988
2960
2970
2984
2953
2985
2957
2961
2982
2949
2996
2956
2971
2980
2950
2998
2960
2969
2977
2949
2991
2960
2968
2978
2952
2993
2953
2965
2970
2954
2996
2954
2978
2971
2954
2992
2951
2979
2969
2948
2994
2948
2982
2971
2966
2987
2940
2978
2964
2963
2989
2945
2988
2964
2962
2993
2943
2990
2958
2965
2985
2946
2995
2956
2970
2977
2942
2987
2960
2966
2980
2949
3000
2948
2968
2978
2955
2994
2949
2965
2978
2950
2994
2958
2973
2972
2950
2990
2953
2977
2971
2957
2995
2952
2974
2967
2962
2997
2946
2974
2972
2960
2990
2954
2984
2962
2955
2986
2944
2985
2966
2965
2998
2939
2984
2964
2970
2987
2943
2983
2963
2967
2986
2952
2991
2957
2962
2978
2951
2997
2956
2975
2980
2950
2989
2958
2974
2978
2949
2989
2954
2972
2973
2954
2994
2952
2972
2966
2954
2994
2953
2980
2966
2959
2995
2946
2978
2974
2951
2991
2957
2978
2966
2966
2998
2945
2974
2962
2960
2988
2949
2988
2971
2959
2990
2944
2987
2965
2966
2982
2942
2988
2962
2970
2982
2942
2986
2954
2966
2983
2944
2994
2960
2962
2975
2952
2994
2957
2966
2969
2952
2993
2951
2973
2974
2950
2986
2947
2971
2968
2953
2994
2952
2974
2969
2957
2998
2953
2973
2965
2960
2987
2956
2979
2972
2956
2984
2942
2982
2970
2964
2991
2947
2984
2964
2968
2990
2951
2979
2961
2966
2988
2943
2993
2962
2961
2976
2940
2989
2963
2965
2983
2952
2999
2947
2967
2978
2952
2989
2957
2971
2976
2959
2990
2957
2968
2968
2948
2995
2966
2983
2967
2958
2999
2946
2978
2973
2963
2989
2946
2981
2972
2954
2998
2949
2978
2965
2953
2990
2949
2983
2970
2966
2987
2946
2990
2971
2966
2983
2942
2989
2959
2973
2988
2951
2994
2949
2965
2981
2949
2991
2961
2970
2976
2952
2988
2959
2971
2974
2950
2996
2949
2973
2972
2962
2987
2951
2970
2973
2956
2994
2955
2978
2972
2962
2989
2955
2979
2968
2953
2994
2949
2979
2973
2959
2990
2940
2980
2969
2963
2989
2948
2986
2966
2965
2987
2948
2987
2959
2965
2985
2948
2989
2968
2969
2988
2943
2992
2954
2973
2981
2951
2995
2957
2968
2984
2950
2996
2952
2966
2979
2950
2996
2957
2975
2972
2946
2992
2953
2973
2968
2957
2999
2945
2976
2974
2960
2997
2948
2977
2970
2962
2996
2943
2987
2961
2958
2989
2944
2985
2971
2965
2993
2941
2984
2967
2968
2990
2944
2988
2964
2971
2982
2965
2992
2957
2963
2977
2955
2987
2962
2970
2981
2948
2993
2955
2972
2982
2950
2990
2959
2967
2976
2953
2998
2951
2966
2973
2949
2996
2952
2972
2975
2956
3000
2946
2979
2972
2959
2987
2949
2979
2968
2962
2993
2946
2982
2956
2961
2992
2946
2988
2965
2965
2985
2947
2989
2968
2962
2986
2948
2987
2961
2970
2988
2944
2986
2955
2973
2984
2948
2992
2960
2968
2976
2966
2990
2961
2970
2972
2953
2993
2957
2972
2975
2951
2988
2950
2975
2967
2955
2998
2947
2979
2967
2957
3003
2948
2975
2971
2956
2995
2948
2982
2973
2958
2995
2937
2985
2963
2966
2988
2951
2981
2965
2966
2990
2952
2982
2960
2966
2987
2948
2992
2965
2967
2982
2947
2990
2963
2972
2985
2946
2990
2956
2968
2982
2951
2990
2953
2968
2979
2954
2998
2960
2964
2973
2941
2996
2960
2971
2973
2954
2994
2949
2977
2973
2961
2993
2947
2977
2970
2959
2995
2953
2979
2966
2958
2992
2953
2982
2966
2964
2989
2947
2989
2967
2966
2987
2944
2987
2963
2967
2986
2951
2986
2955
2962
2987
2948
2995
2959
2967
2980
2948
3001
2954
2972
2977
2947
2998
2956
2969
2979
2956
2994
2948
2968
2972
2956
3002
2951
2976
2971
2955
3000
2955
2976
2968
2954
2995
2949
2977
2972
2961
2991
2947
2972
2971
2959
2991
2953
2981
2969
2962
2998
2944
2991
2961
2961
2988
2950
2988
2964
2973
2984
2942
2987
2964
2969
2987
2949
2990
2963
2969
2978
2955
2989
2959
2961
2979
2949
2993
2960
2976
2980
2940
2996
2949
2974
2973
2958
2997
2952
2979
2964
2961
2996
2949
2976
2972
2957
2994
2953
2984
2966
2954
2987
2947
2984
2968
2963
2990
2948
2984
2971
2970
2988
2944
2984
2968
2967
2990
2952
2993
2959
2966
2982
2951
2988
2967
2967
2987
2942
2991
2962
2970
2981
2949
2993
2956
2970
2979
2954
2994
2954
2964
2977
2948
2997
2957
2973
2972
2956
2992
2962
2972
2975
2956
2992
2949
2979
2972
2960
3000
2940
2979
2966
2966
2992
2951
2981
2971
2959
2991
2942
2988
2969
2962
2988
2946
2983
2966
2970
2990
2940
2988
2955
2970
2989
2950
2991
2962
2970
2980
2949
3000
2959
2966
2977
2950
2991
2955
2974
2979
2948
2990
2948
2975
2972
2957
2997
2953
2972
2967
2957
3002
2953
2972
2969
2956
2994
2949
2979
2975
2956
2991
2944
2979
2970
2961
2994
2951
2983
2964
2967
2990
2949
2987
2961
2966
2992
2948
2990
2965
2966
2980
2943
2989
2963
2969
2984
2948
2996
2967
2964
2984
2949
2989
2958
2965
2980
2949
2994
2959
2967
2976
2952
2992
2956
2972
2972
2958
2990
2955
2970
2974
2952
2993
2947
2979
2970
2957
2995
2952
2974
2964
2958
2986
2951
2984
2968
2963
2989
2946
2986
2966
2969
2988
2942
2987
2968
2964
2993
2952
2984
2958
2964
2990
2951
2988
2963
2971
2984
2948
2997
2968
2973
2980
2951
2994
2961
2966
2980
2953
2990
2953
2966
2973
2955
2992
2956
2974
2971
2952
3001
2951
2980
2964
2957
2995
2953
2973
2974
2961
2984
2944
2976
2965
2966
2988
2955
2982
2970
2956
2991
2950
2987
2963
2961
2990
2943
2986
2967
2969
2981
2942
2984
2963
2965
2990
2943
2994
2961
2969
2985
2951
2996
2957
2962
2979
2947
2991
2963
2968
2978
2942
2989
2956
2970
2976
2956
2994
2952
2971
2971
2965
2992
2951
2972
2974
2955
2994
2951
2981
2967
2954
2989
2947
2980
2967
2962
2991
2947
2982
2971
2963
2991
2943
2983
2963
2969
2986
2956
2984
2960
2964
2982
2947
2992
2969
2963
2983
2950
2988
2959
2971
2982
2949
2987
2961
2968
2978
2955
2996
2955
2973
2970
2949
2995
2953
2973
2974
2954
2992
2957
2972
2976
2955
2988
2955
2973
2973
2961
2996
2945
2974
2966
2960
2994
2949
2982
2967
2962
2989
2948
2988
2971
2955
2989
2946
2986
2972
2971
2989
2941
2984
2966
2965
2987
2947
2989
2959
2967
2979
2952
2992
2966
2961
2979
2950
2990
2956
2970
2986
2943
2991
2947
2973
2978
2959
2993
2962
2966
2976
2949
2997
2955
2972
2965
2958
2995
2951
2982
2978
2953
2989
2943
2980
2973
2959
2994
2950
2981
2965
2968
2988
2953
2978
2963
2962
2990
2949
2988
2970
2967
2978
2944
2986
2966
2966
2988
2953
2987
2958
2968
2983
2952
2988
2958
2964
2981
2945
3000
2954
2969
2970
2947
2991
2957
2972
2971
2957
2992
2955
2975
2969
2958
2989
2945
2977
2974
2953
3006
2950
2978
2968
2953
2990
2952
2983
2972
2964
2991
2946
2986
2969
2965
2987
2946
2986
2972
2959
2991
2950
2985
2956
2966
2983
2948
2994
2960
2972
2980
2946
2990
2963
2969
2977
2947
2989
2957
2970
2979
2953
2988
2950
2965
2978
2952
2996
2955
2972
2976
2950
2999
2949
2977
2964
2951
2992
2953
2979
2970
2962
2990
2947
2976
2967
2962
2993
2949
2985
2972
2952
2989
2957
2980
2963
2961
2985
2949
2984
2968
2971
2983
2939
2982
2964
2976
2986
2943
2992
2959
2964
2981
2951
2992
2957
2965
2979
2949
2992
2958
2974
2967
2944
2987
2957
2970
2973
2955
2993
2952
2970
2973
2950
2994
2945
2972
2965
2962
2987
2957
2974
2972
2950
2988
2946
2981
2971
2960
2989
2955
2988
2966
2960
2987
2939
2978
2962
2970
2987
2947
2987
2957
2959
2975
2947
2983
2965
2966
2982
2941
2988
2959
2967
2979
2945
2985
2953
2974
2969
2955
2990
2951
2962
2973
2949
2995
2952
2969
2973
2950
2993
2945
2973
2967
2949
2988
2946
2975
2966
2960
2988
2947
2966
2965
2950
2992
2946
2979
2971
2950
2985
2945
2981
2962
2957
2986
2933
2984
2959
2965
2981
2937
2980
2949
2963
2980
2944
2985
2957
2960
2977
2947
2986
2955
2955
2976
2942
2987
2949
2968
2977
2940
2985
2946
2964
2972
2948
2996
2942
2966
2963
2949
2988
2952
2962
2963
2954
2990
2942
2974
2974
2943
2984
2943
2977
2971
2956
2994
2943
2978
2964
2961
2992
2940
2981
2962
2961
2991
2940
2988
2965
2963
2979
2941
2984
2968
2963
2986
2946
2988
2960
2963
2986
2944
2990
2950
2966
2979
2946
2990
2958
2964
2974
2946
2993
2955
2972
2972
2953
2995
2947
2973
2971
2956
2989
2954
2972
2969
2957
2992
2956
2973
2964
2956
2993
2951
2980
2973
2957
2990
2944
2980
2972
2962
2988
2945
2985
2967
2966
2992
2947
2987
2960
2965
2986
2954
2993
2967
2967
2982
2946
2991
2960
2972
2979
2948
2991
2962
2969
2981
2955
2992
2951
2961
2979
2955
2996
2956
2973
2974
2953
2998
2957
2976
2966
2955
2989
2953
2977
2974
2958
2989
2952
2974
2970
2963
2993
2955
2981
2973
2962
2993
2951
2987
2967
2961
2987
2948
2985
2969
2968
2986
2944
2985
2966
2970
2987
2948
2991
2966
2962
2989
2952
2994
2955
2966
2982
2952
2992
2961
2971
2973
2950
2990
2954
2979
2972
2956
2998
2956
