2147,5000
2968
2971
2993
2957
2997
2964
2970
2985
2954
2996
2970
2970
2991
2955
2996
2965
2975
2986
2953
2995
2965
2975
2983
2960
3002
2953
2976
2975
2962
3000
2963
2979
2983
2953
3000
2959
2985
2976
2962
2996
2956
2982
2977
2968
2999
2952
2987
2971
2968
2998
2958
2990
2981
2965
2996
2954
2992
2971
2974
2991
2954
2993
2979
2970
2995
2951
2992
2962
2977
2992
2956
2994
2971
2972
2988
2956
3001
2968
2974
2979
2960
2994
2965
2978
2985
2956
3000
2956
2980
2979
2962
2999
2963
2981
2972
2969
3007
2962
2979
2975
2963
2998
2955
2988
2986
2958
2996
2951
2987
2974
2969
2997
2957
2991
2975
2964
3001
2953
2992
2967
2971
2993
2961
2993
2972
2976
2984
2953
2993
2967
2975
2988
2957
2997
2965
2982
2986
2957
2996
2964
2974
2987
2965
2997
2965
2978
2974
2956
2999
2965
2979
2983
2954
3004
2951
2983
2978
2963
3000
2957
2981
2979
2964
3002
2958
2984
2970
2958
3002
2956
2992
2974
2969
2996
2953
2997
2974
2970
2990
2952
2993
2972
2968
2997
2956
2996
2965
2970
2992
2956
2993
2971
2968
2990
2954
3005
2966
2972
2988
2950
2997
2964
2979
2991
2960
2995
2958
2974
2980
2960
3001
2961
2978
2978
2957
2999
2961
2981
2975
2962
3002
2960
2976
2978
2966
2996
2953
2981
2978
2961
3002
2956
2990
2973
2967
2996
2959
2993
2972
2968
3001
2950
2992
2973
2971
2992
2947
2986
2973
2979
2988
2955
2995
2966
2977
2989
2957
3001
2962
2971
2989
2965
3011
2974
2976
2979
2953
2995
2963
2985
2977
2960
3001
2960
2973
2979
2964
3004
2957
2977
2975
2959
2999
2959
2984
2975
2957
2997
2963
2979
2978
2971
2996
2956
2985
2975
2972
3000
2951
2987
2975
2968
2994
2958
2995
2966
2965
2991
2950
2995
2972
2975
2991
2951
2996
2971
2971
2997
2947
2998
2964
2973
2992
2954
3002
2960
2967
2988
2958
3001
2964
2983
2977
2962
2998
2962
2982
2981
2956
3003
2955
2980
2975
2962
3004
2952
2986
2965
2963
3001
2957
2987
2976
2967
2998
2953
2987
2980
2969
2998
2951
2991
2972
2973
2996
2948
2989
2971
2967
2997
2950
2994
2967
2977
2986
2954
2999
2974
2966
2989
2950
2999
2966
2973
2989
2959
2994
2962
2974
2983
2961
3002
2961
2977
2981
2959
3002
2962
2974
2971
2962
3002
2961
2981
2979
2959
2999
2948
2984
2978
2967
3001
2960
2980
2977
2965
3003
2957
2986
2969
2970
2998
2956
2998
2972
2970
2989
2953
2993
2972
2974
2999
2954
2995
2969
2976
2994
2957
2994
2973
2967
2989
2955
3001
2970
2973
2981
2954
2999
2967
2974
2983
2960
2997
2963
2976
2983
2963
2999
2958
2983
2981
2958
3007
2959
2979
2972
2959
3000
2963
2981
2977
2966
3000
2953
2988
2980
2977
2989
2953
2991
2977
2966
2997
2954
2988
2968
2964
2994
2956
2995
2971
2975
2992
2954
2996
2970
2976
2987
2953
2996
2966
2975
2992
2955
2996
2960
2969
2994
2953
3001
2965
2974
2986
2951
3003
2962
2981
2981
2960
3007
2959
2978
2979
2966
2999
2958
2974
2978
2959
3002
2960
2984
2975
2966
3003
2960
2989
2972
2965
2998
2958
2988
2978
2971
2992
2951
2992
2970
2975
2994
2956
2993
2971
2979
2988
2957
2994
2970
2965
2991
2953
2998
2974
2974
2989
2947
3000
2962
2979
2983
2960
2998
2965
2976
2991
2955
3006
2962
2973
2981
2961
3000
2966
2980
2974
2965
2993
2955
2982
2978
2966
3009
2954
2985
2975
2968
2998
2951
2985
2972
2970
2996
2955
2995
2971
2969
2996
2956
2991
2972
2970
2995
2959
2991
2975
2973
2998
2949
2991
2969
2974
2989
2958
2999
2964
2968
2983
2954
3001
2964
2974
2987
2957
2997
2966
2980
2984
2955
2996
2961
2978
2980
2968
2999
2958
2972
2972
2962
3005
2966
2977
2978
2967
2993
2959
2987
2980
2960
2997
2957
2986
2977
2966
2999
2951
2987
2971
2969
2997
2957
2994
2976
2973
2990
2953
2995
2971
2971
2987
2957
3000
2969
2977
2993
2952
2993
2964
2975
2992
2954
3005
2960
2975
2983
2958
3002
2965
2973
2979
2959
3000
2959
2981
2986
2957
2996
2958
2978
2978
2967
3000
2963
2976
2976
2963
3004
2964
2977
2977
2962
3001
2956
2987
2978
2968
2994
2948
2989
2982
2963
2999
2961
2985
2973
2970
2999
2963
2991
2965
2975
2993
2954
2996
2975
2970
2985
2949
2995
2969
2975
2990
2959
2998
2963
2975
2986
2962
2995
2963
2973
2983
2960
3009
2959
2980
2972
2960
3001
2961
2981
2984
2958
3004
2954
2981
2980
2965
2997
2953
2986
2980
2963
3002
2962
2990
2971
2964
2996
2956
2987
2981
2964
3004
2966
3005
2982
2988
2998
2944
2997
2970
2975
2995
2961
2990
2965
2969
2989
2953
2997
2969
2973
2988
2955
3001
2967
2976
2980
2958
2999
2966
2977
2986
2965
2994
2961
2971
2982
2961
3000
2961
2985
2974
2960
3002
2960
2983
2972
2963
3001
2960
2985
2979
2973
2996
2951
2984
2974
2970
2998
2958
2997
2968
2967
2994
2958
2995
2971
2966
2995
2954
2999
2970
2979
2990
2950
2989
2972
2974
2989
2959
2994
2967
2970
2988
2960
3001
2978
2978
2981
2957
3004
2968
2979
2983
2953
2996
2963
2988
2973
2962
3001
2958
2978
2978
2962
3003
2956
2983
2977
2962
3001
2959
2987
2975
2961
2994
2954
2990
2975
2975
2992
2954
2988
2973
2973
3000
2957
2989
2977
2967
2993
2958
2995
2965
2971
2988
2951
2997
2973
2973
2995
2952
2996
2968
2974
2990
2956
2991
2969
2970
2985
2962
3000
2960
2973
2976
2958
3003
2960
2978
2980
2960
2999
2962
2983
2975
2962
2998
2966
2979
2979
2963
3006
2953
2980
2971
2967
2998
2956
2990
2974
2968
2997
2955
2992
2976
2967
2993
2953
2992
2969
2975
2995
2951
2992
2964
2977
2993
2957
3000
2976
2969
2990
2959
2999
2969
2970
2983
2955
2997
2961
2977
2988
2958
2993
2957
2972
2986
2955
3003
2963
2978
2978
2960
3002
2962
2977
2980
2956
2999
2959
2986
2980
2959
2998
2949
2986
2979
2969
2995
2957
2988
2973
2969
2999
2958
2988
2975
2973
2991
2955
2997
2973
2968
2990
2952
2993
2970
2980
2997
2958
2997
2966
2976
2991
2960
3001
2959
2974
2985
2959
2998
2968
2973
2983
2954
2997
2964
2980
2978
2962
3005
2958
2980
2980
2963
3000
2956
2982
2975
2962
3003
2962
2982
2972
2959
3001
2956
2987
2974
2967
2996
2957
2988
2979
2970
2994
2959
2992
2972
2969
2998
2958
2992
2969
2972
2988
2957
2994
2969
2978
2990
2953
2998
2970
2982
2980
2955
3000
2969
2971
2992
2963
2993
2962
2968
2984
2967
2997
2965
2976
2981
2957
3003
2964
2983
2974
2963
2999
2959
2980
2980
2967
3000
2963
2995
2986
2964
2999
2959
2988
2975
2962
3002
2953
2994
2973
2967
2995
2955
2993
2974
2977
2992
2949
2995
2967
2974
2997
2955
2998
2973
2970
2998
2952
3008
2980
2980
2998
2947
3000
2973
2973
2985
2956
3000
2965
2976
2986
2961
3002
2964
2976
2980
2963
3001
2959
2975
2976
2961
2998
2963
2986
2975
2965
2993
2962
2988
2984
2962
3001
2959
2984
2979
2966
3001
2958
2980
2976
2971
2998
2957
2996
2970
2966
2992
2952
2998
2968
2977
2994
2959
2994
2969
2979
2999
2953
3000
2964
2973
2987
2958
3004
2960
2979
2976
2962
2996
2964
2977
2984
2967
2993
2966
2979
2985
2955
2998
2961
2980
2977
2964
3000
2958
2980
2980
2961
3007
2958
2988
2977
2961
2998
2960
2990
2977
2964
2994
2954
2988
2973
2972
2998
2960
2985
2969
2972
3000
2949
2995
2971
2977
2992
2962
2999
2971
2975
2985
2955
2998
2967
2974
2992
2955
2997
2956
2975
2988
2959
2999
2967
2982
2978
2962
3002
2969
2973
2978
2961
2999
2959
2990
2973
2962
2997
2956
2988
2978
2965
3000
2959
2985
2977
2970
2997
2961
2986
2976
2963
2997
2953
2993
2976
2967
2992
2947
2993
2973
2974
2994
2956
2991
2970
2977
3000
2957
2996
2963
2975
2990
2954
3000
2974
2966
2986
2954
2996
2969
2978
2987
2962
3001
2963
2985
2981
2965
2993
2961
2978
2979
2964
3004
2962
2978
2978
2957
3003
2959
2982
2978
2968
2998
2964
2981
2981
2964
2999
2954
2986
2976
2966
2999
2959
2985
2976
2959
3000
2952
2997
2971
2972
2993
2961
2992
2975
2978
2991
2956
2992
2972
2973
2994
2959
3001
2956
2972
2987
2959
3006
2967
2978
2985
2958
3001
2970
2976
2981
2957
2999
2963
2980
2982
2965
2999
2955
2974
2978
2963
3002
2962
2985
2976
2964
3001
2960
2987
2977
2964
3001
2959
2989
2977
2971
2998
2956
2988
2973
2973
2999
2958
2993
2973
2974
2994
2957
2995
2972
2973
2993
2957
3001
2964
2976
2988
2950
2997
2963
2977
2989
2959
3003
2968
2970
2989
2962
3005
2961
2977
2982
2961
3000
2972
2993
2985
2960
3001
2957
2986
2975
2968
2996
2960
2982
2981
2967
3005
2952
2984
2977
2973
2996
2961
2987
2976
2964
2992
2958
2991
2976
2972
2998
2954
2991
2976
2975
3005
2947
2994
2969
2976
2992
2958
2999
2973
2966
2987
2957
3004
2963
2979
2986
2959
2997
2966
2977
2989
2955
2995
2966
2972
2987
2957
3004
2956
2975
2973
2962
3000
2964
2984
2985
2957
3000
2959
2985
2979
2962
2997
2955
2986
2977
2967
3003
2955
2984
2972
2968
3001
2959
2994
2980
2964
2997
2959
2994
2976
2966
2994
2956
2994
2976
2974
2995
2950
2991
2962
2974
2989
2969
3005
2962
2977
2986
2957
2999
2968
2980
2982
2956
3006
2956
2980
2988
2960
3000
2963
2975
2985
2963
3004
2961
2989
2973
2972
2999
2963
2981
2978
2966
2999
2960
2983
2986
2961
2993
2954
2989
2976
2970
3004
2951
2992
2975
2973
2998
2956
2990
2973
2972
2995
2955
2997
2976
2970
2991
2951
2999
2968
2978
2997
2957
3002
2962
2976
2994
2960
2998
2965
2972
2992
2957
3004
2964
2975
2976
2953
3001
2968
2977
2985
2964
3001
2957
2984
2978
2967
3000
2957
2982
2979
2971
3001
2960
2981
2975
2960
3000
2958
2992
2981
2970
2995
2954
2993
2976
2973
2997
2953
2994
2970
2976
2995
2959
2992
2965
2973
2991
2956
2997
2978
2971
2991
2956
2998
2971
2976
2985
2951
3001
2963
2975
2988
2962
2996
2957
2970
2983
2972
3005
2962
2981
2978
2961
3006
2962
2986
2973
2961
3001
2966
2978
2982
2970
2997
2956
2979
2982
2964
3004
2963
2987
2975
2968
2998
2958
2995
2970
2966
2999
2953
2992
2972
2977
2992
2950
2996
2970
2980
2994
2956
2998
2969
2975
2992
2961
3001
2962
2974
2987
2966
2995
2968
2977
2982
2957
3003
2964
2980
2982
2967
3002
2965
2976
2978
2966
3004
2957
2979
2976
2963
3002
2963
2987
2976
2963
2994
2959
2995
2973
2972
3001
2958
2987
2979
2972
2999
2957
2984
2974
2968
2996
2959
2993
2971
2971
2989
2957
2997
2978
2969
2993
2961
2992
2969
2977
2991
2949
2997
2965
2974
2988
2961
3005
2960
2973
2980
2959
3001
2963
2978
2982
2962
3000
2966
2984
2979
2958
3000
2963
2981
2981
2960
3003
2951
2981
2975
2963
3000
2960
2990
2976
2967
2996
2957
2992
2976
2970
2995
2958
2988
2974
2978
3001
2954
2990
2965
2973
2994
2958
2996
2970
2974
2989
2958
3001
2970
2979
2980
2959
3000
2964
2978
2988
2955
2998
2960
2976
2985
2970
2998
2969
2976
2980
2960
3007
2958
2981
2970
2966
3002
2960
2985
2980
2964
2999
2963
2982
2978
2969
3005
2956
2988
2975
2969
3001
2962
2994
2975
2963
2997
2955
2993
2972
2970
2993
2952
2995
2976
2971
2994
2957
2996
2971
2973
2994
2963
2991
2966
2976
2988
2955
3004
2965
2971
2980
2955
3004
2967
2978
2984
2963
3011
2953
2988
2975
2968
2998
2957
2981
2974
2967
2998
2962
2981
2971
2962
2999
2961
2988
2978
2971
2994
2958
2997
2975
2971
2998
2949
2990
2971
2969
2996
2959
2997
2961
2972
2993
2956
2996
2974
2978
2990
2956
2997
2970
2977
2988
2957
2999
2964
2974
2989
2965
2993
2966
2967
2987
2967
2997
2970
2976
2982
2960
3002
2965
2982
2975
2961
2996
2963
2983
2981
2966
2997
2960
2976
2979
2970
3002
2959
2987
2978
2967
2999
2959
2994
2975
2965
3000
2957
2986
2977
2976
2987
2954
2988
2970
2977
2993
2956
2995
2972
2979
2988
2956
2998
2966
2972
2989
2959
2995
2970
2977
2983
2955
2996
2963
2978
2984
2962
3003
2965
2973
2984
2963
3005
2960
2978
2980
2962
2998
2967
2984
2974
2967
2996
2958
2985
2977
2968
3001
2959
2990
2978
2969
3000
2961
2983
2977
2969
2996
2960
2995
2978
2981
3001
2952
2996
2975
2979
2989
2960
2995
2969
2978
2991
2954
3000
2967
2976
2991
2962
3000
2964
2970
2989
2954
3003
2965
2980
2986
2970
2993
2963
2985
2977
2961
2998
2961
2980
2975
2965
3005
2961
2977
2974
2965
3007
2959
2988
2980
2969
2997
2964
2994
2972
2968
2999
2966
2984
2984
2967
3001
2954
2990
2969
2974
2996
2958
2996
2972
2972
2993
2962
2996
2974
2965
2989
2957
2999
2970
2978
2991
2958
2990
2963
2976
2989
2961
3003
2965
2974
2983
2962
3003
2963
2980
2975
2959
3001
2962
2984
2979
2959
3000
2954
2985
2981
2964
3003
2960
2985
2977
2968
3005
2957
2986
2973
2967
2997
2959
2994
2984
2963
2997
2947
2993
2976
2975
2996
2960
2995
2970
2984
2989
2957
2992
2965
2974
2992
2955
3000
2972
2972
2990
2955
2998
2966
2979
2987
2959
3002
2961
2978
2985
2963
2998
2959
2978
2979
2959
3004
2961
2978
2973
2962
2998
2963
2985
2981
2967
3000
2964
2981
2981
2972
2993
2956
2991
2974
2969
2999
2957
2988
2969
2967
2997
2959
2992
2970
2988
3003
2953
2995
2973
2980
2989
2952
2994
2969
2973
2993
2960
2998
2962
2970
2991
2962
2999
2968
2979
2989
2955
3010
2961
2981
2979
2954
3003
2959
2980
2988
2964
3001
2959
2976
2983
2961
3009
2960
2984
2977
2962
3003
2958
2985
2977
2967
2994
2958
2990
2979
2976
2993
2953
2986
2976
2969
3002
2948
2996
2968
2973
2994
2953
2999
2963
2973
2989
2961
2994
2971
2974
2988
2951
2995
2963
2977
2988
2957
2998
2962
2974
2987
2961
3004
2957
2975
2981
2960
3005
2960
2980
2975
2957
2996
2958
2983
2977
2964
3000
2957
2981
2976
2972
3001
2949
2982
2975
2969
2992
2955
2990
2973
2961
2990
2956
2988
2971
2965
2994
2950
2986
2969
2973
2992
2950
2988
2966
2973
2990
2951
2994
2963
2963
2980
2953
2997
2963
2971
2983
2951
2993
2964
2973
2981
2953
2992
2957
2975
2973
2958
2998
2956
2969
2971
2954
2998
2955
2976
2974
2953
2992
2955
2978
2977
2951
3006
2964
2996
2973
2964
2994
2946
2980
2961
2966
2997
2941
2988
2969
2966
2989
2949
2990
2969
2963
2989
2944
2991
2970
2968
2987
2947
2988
2959
2973
2979
2954
2992
2969
2967
2983
2951
2999
2963
2968
2978
2958
2991
2960
2973
2981
2953
2993
2954
2981
2970
2960
3004
2957
2980
2971
2963
2999
2960
2982
2966
2964
2997
2956
2983
2975
2961
2989
2946
2988
2974
2975
2995
2955
2989
2973
2967
2997
2953
2985
2966
2966
2990
2957
2994
2967
2970
2985
2949
2997
2968
2980
2984
2954
2998
2965
2976
2986
2969
3007
2963
2980
2983
2958
3006
2958
2977
2971
2956
3001
2961
2980
2976
2966
3003
2956
2984
2979
2970
2990
2961
2978
2976
2963
3001
2959
2985
2974
2961
2998
2962
2990
2976
2969
2993
2954
2995
2974
2972
2998
2944
2996
2968
2975
2993
2954
2996
2965
2968
2989
2958
2997
2971
2972
2992
2950
3001
2967
2984
2980
2959
3003
2959
2978
