2709,10000
731,1440,17260,13874
733,1442,17304,13908
738,1460,17412,13965
732,1460,17259,13857
734,1442,17329,13931
730,1452,17244,13845
731,1455,17248,13871
733,1461,17306,13908
729,1464,17206,13818
734,1434,17347,13955
731,1454,17298,13880
733,1444,17309,13913
732,1444,17285,13901
728,1458,17164,13784
732,1439,17294,13918
731,1442,17284,13866
728,1455,17203,13821
734,1436,17344,13944
729,1452,17190,13768
733,1427,17332,13947
732,1449,17294,13909
732,1457,17289,13898
732,1446,17289,13889
730,1449,17209,13767
733,1433,17335,13957
729,1443,17323,13896
731,1448,17274,13883
733,1444,17297,13910
729,1451,17193,13796
733,1436,17325,13937
730,1458,17265,13854
733,1444,17299,13917
733,1448,17289,13882
731,1446,17240,13840
733,1438,17341,13968
729,1447,17224,13830
735,1441,17393,13962
746,1440,17594,14130
745,1467,17594,14112
733,1439,17351,13952
730,1459,17206,13835
731,1443,17248,13866
733,1458,17322,13914
730,1458,17256,13843
735,1428,17395,13998
732,1459,17242,13825
732,1444,17282,13875
732,1443,17280,13892
730,1452,17225,13827
734,1433,17352,13967
732,1455,17281,13860
730,1450,17255,13864
731,1445,17266,13874
730,1449,17252,13863
740,1430,17547,14030
729,1458,17219,13822
732,1441,17313,13919
744,1454,17638,14018
732,1450,17298,13883
733,1447,17337,13952
729,1453,17183,13795
729,1441,17213,13810
733,1435,17346,13938
732,1462,17282,13864
735,1428,17404,14014
736,1471,17306,13848
732,1450,17283,13891
731,1433,17253,13882
733,1443,17318,13924
735,1431,17349,13933
730,1448,17233,13822
734,1451,17326,13905
732,1461,17284,13882
730,1464,17194,13792
732,1446,17290,13909
730,1452,17201,13803
734,1435,17365,13961
731,1445,17283,13881
732,1449,17296,13871
732,1446,17276,13884
729,1443,17196,13807
733,1434,17327,13945
733,1461,17289,13856
731,1445,17262,13839
731,1446,17267,13897
731,1460,17258,13853
735,1440,17338,13929
736,1449,17313,13938
732,1450,17279,13908
731,1441,17242,13870
729,1458,17206,13800
732,1451,17297,13906
732,1442,17284,13893
732,1452,17287,13893
731,1444,17267,13894
732,1449,17256,13857
734,1430,17353,13966
731,1443,17270,13864
733,1439,17322,13907
733,1443,17310,13925
730,1466,17193,13797
733,1433,17335,13953
730,1452,17233,13828
737,1443,17411,13978
738,1456,17366,13946
731,1468,17247,13864
734,1438,17360,13979
732,1441,17248,13864
730,1452,17248,13859
732,1441,17281,13900
731,1455,17264,13864
733,1439,17358,13961
730,1453,17225,13831
732,1447,17266,13878
733,1445,17319,13930
732,1436,17260,13873
737,1453,17376,13939
730,1459,17230,13822
731,1452,17289,13875
734,1428,17329,13952
732,1430,17282,13893
733,1453,17332,13964
728,1455,17182,13779
744,1460,17627,13992
741,1466,17499,13886
732,1449,17299,13877
738,1429,17443,14035
728,1470,17180,13803
733,1444,17316,13924
740,1465,17468,13847
741,1470,17492,13854
732,1427,17334,13957
732,1445,17279,13881
732,1435,17284,13896
734,1439,17307,13930
742,1461,17461,14013
732,1447,17301,13893
730,1467,17244,13816
733,1437,17367,13944
731,1449,17228,13841
732,1431,17259,13877
732,1446,17286,13891
729,1463,17218,13799
733,1431,17361,13948
732,1431,17267,13876
731,1441,17252,13863
733,1442,17304,13916
728,1449,17153,13784
734,1428,17363,13984
732,1441,17278,13879
731,1463,17285,13861
734,1442,17343,13958
729,1463,17203,13816
732,1449,17295,13897
732,1466,17272,13898
732,1454,17286,13883
734,1439,17346,13949
729,1455,17203,13787
734,1441,17345,13934
731,1434,17298,13889
740,1439,17454,14048
739,1436,17442,14037
737,1450,17375,13930
743,1450,17575,14132
741,1439,17482,14058
732,1452,17301,13909
733,1423,17322,13940
729,1446,17193,13814
734,1431,17350,13956
730,1453,17211,13830
732,1456,17284,13871
732,1440,17294,13905
729,1459,17183,13801
735,1422,17388,13986
730,1454,17198,13810
731,1448,17265,13869
734,1443,17334,13934
731,1450,17262,13833
736,1443,17443,14033
733,1457,17283,13889
734,1464,17273,13840
732,1433,17288,13919
731,1430,17263,13846
734,1443,17380,13964
731,1459,17242,13863
731,1445,17278,13895
731,1445,17281,13883
729,1455,17207,13823
734,1429,17358,13984
729,1448,17215,13836
731,1450,17252,13809
731,1433,17285,13870
729,1471,17187,13779
737,1439,17438,14031
734,1460,17244,13815
731,1445,17264,13862
732,1444,17293,13889
729,1442,17238,13810
733,1439,17341,13924
731,1455,17225,13837
734,1429,17347,13969
732,1444,17271,13884
734,1441,17351,13938
738,1466,17398,13940
730,1455,17221,13829
734,1425,17341,13951
732,1435,17309,13937
731,1449,17289,13893
732,1433,17285,13931
728,1454,17156,13772
734,1441,17383,13958
736,1461,17340,13920
732,1452,17268,13872
734,1434,17344,13960
727,1470,17138,13747
739,1449,17410,13973
731,1453,17256,13835
731,1466,17272,13861
733,1433,17308,13905
729,1450,17196,13812
733,1435,17337,13947
732,1446,17299,13915
732,1445,17288,13871
733,1440,17328,13909
732,1451,17219,13823
734,1448,17350,13946
731,1449,17267,13869
730,1443,17224,13839
731,1435,17258,13889
730,1466,17208,13812
733,1432,17354,13949
731,1443,17272,13874
732,1452,17271,13886
733,1427,17307,13919
732,1459,17265,13891
732,1444,17331,13914
731,1460,17248,13843
731,1445,17278,13862
732,1442,17325,13899
731,1462,17255,13859
734,1436,17356,13979
731,1446,17222,13851
732,1444,17268,13850
732,1441,17312,13904
729,1458,17207,13819
734,1432,17357,13981
731,1452,17242,13855
730,1450,17221,13826
732,1447,17288,13915
733,1467,17277,13860
733,1432,17357,13954
730,1462,17209,13811
731,1441,17262,13869
731,1450,17283,13907
731,1448,17224,13853
735,1428,17401,14001
729,1453,17198,13799
732,1450,17286,13870
731,1450,17285,13867
732,1452,17266,13893
731,1442,17292,13896
728,1446,17204,13800
732,1451,17323,13900
735,1486,17377,13977
731,1448,17226,13814
734,1428,17348,13956
731,1461,17228,13841
734,1438,17334,13952
732,1443,17276,13901
730,1446,17228,13854
733,1444,17346,13922
729,1448,17206,13798
737,1449,17396,13966
731,1461,17258,13872
730,1433,17247,13860
734,1453,17326,13889
729,1463,17193,13783
733,1453,17334,13917
732,1451,17281,13879
733,1445,17313,13915
739,1462,17373,13958
727,1468,17154,13756
735,1432,17390,13979
732,1430,17299,13876
733,1445,17319,13924
737,1475,17363,13916
729,1457,17203,13815
731,1447,17261,13881
733,1437,17327,13949
732,1436,17284,13901
732,1438,17314,13905
730,1458,17227,13841
733,1441,17312,13925
730,1461,17209,13810
732,1443,17262,13899
732,1454,17319,13902
729,1453,17191,13801
733,1446,17330,13916
730,1450,17247,13843
732,1450,17279,13886
731,1440,17278,13899
731,1462,17198,13793
735,1420,17400,13989
731,1461,17246,13837
733,1439,17322,13908
736,1449,17343,13900
730,1452,17210,13824
734,1437,17359,13989
728,1462,17185,13790
733,1450,17284,13920
732,1443,17308,13905
732,1445,17284,13859
736,1432,17412,14018
732,1462,17217,13776
731,1450,17247,13874
734,1464,17337,13919
729,1463,17213,13801
734,1422,17376,13969
731,1464,17266,13836
730,1459,17230,13837
732,1456,17266,13891
731,1446,17221,13840
734,1437,17410,13999
732,1454,17251,13806
732,1460,17267,13877
730,1447,17238,13850
731,1454,17257,13869
731,1448,17295,13890
729,1473,17204,13809
734,1436,17346,13954
732,1449,17295,13887
732,1448,17262,13860
733,1454,17297,13889
728,1463,17164,13774
736,1428,17400,14017
738,1471,17375,13923
731,1432,17275,13877
734,1436,17381,13977
730,1459,17208,13779
732,1440,17303,13921
731,1438,17264,13903
731,1446,17249,13860
733,1447,17336,13940
728,1460,17178,13758
732,1434,17310,13931
733,1453,17307,13904
730,1444,17218,13818
732,1451,17279,13908
729,1451,17188,13809
732,1452,17281,13877
733,1445,17351,13934
732,1448,17278,13883
731,1447,17271,13888
728,1456,17160,13773
734,1433,17329,13946
732,1443,17297,13903
732,1446,17291,13890
734,1444,17327,13922
730,1464,17228,13796
735,1429,17383,13994
731,1454,17252,13854
731,1460,17260,13874
737,1434,17438,14007
734,1458,17309,13862
734,1434,17361,13967
731,1454,17255,13858
732,1449,17278,13889
732,1459,17258,13883
730,1450,17231,13852
734,1428,17347,13952
732,1460,17258,13813
730,1451,17255,13860
732,1438,17288,13887
732,1444,17281,13889
738,1438,17438,14051
743,1449,17570,14135
736,1439,17390,13985
745,1450,17557,14103
745,1464,17565,14090
746,1463,17637,14201
735,1448,17343,13943
740,1467,17408,13957
732,1457,17263,13826
731,1454,17285,13866
734,1427,17356,13968
730,1450,17212,13814
731,1443,17255,13869
734,1441,17350,13951
730,1456,17236,13853
733,1437,17324,13953
730,1464,17255,13842
730,1450,17228,13840
732,1444,17286,13889
731,1456,17245,13839
733,1439,17305,13942
731,1461,17251,13836
732,1441,17304,13894
732,1453,17297,13870
733,1462,17315,13892
733,1432,17325,13946
730,1464,17222,13829
733,1438,17315,13921
732,1450,17307,13911
731,1464,17265,13858
733,1442,17324,13936
730,1460,17222,13815
733,1443,17322,13915
734,1437,17344,13972
732,1452,17272,13876
730,1454,17248,13875
730,1453,17233,13814
734,1445,17330,13901
732,1446,17295,13912
731,1454,17255,13889
733,1437,17312,13935
727,1473,17148,13749
734,1440,17356,13951
732,1459,17313,13892
733,1453,17328,13903
734,1439,17347,13950
731,1465,17183,13768
733,1427,17334,13938
731,1446,17269,13878
735,1430,17372,13962
737,1454,17365,13917
731,1460,17244,13839
734,1433,17337,13949
730,1443,17228,13846
732,1443,17273,13901
732,1433,17268,13872
734,1466,17282,13881
736,1437,17437,14020
740,1460,17410,13987
730,1442,17235,13846
731,1438,17283,13905
731,1448,17242,13850
735,1439,17400,14009
734,1461,17268,13832
732,1451,17309,13905
731,1449,17277,13878
731,1463,17249,13856
734,1434,17353,13958
740,1438,17493,14046
732,1451,17297,13883
731,1426,17272,13919
730,1458,17238,13855
736,1438,17410,14015
728,1456,17162,13765
732,1450,17306,13900
730,1464,17250,13859
732,1428,17294,13900
735,1437,17392,14005
729,1442,17207,13811
734,1442,17342,13935
731,1450,17250,13875
731,1452,17266,13868
733,1436,17322,13921
730,1461,17234,13812
732,1452,17292,13870
735,1450,17349,13953
737,1452,17325,13890
733,1436,17306,13934
727,1456,17193,13783
732,1442,17341,13913
731,1462,17274,13884
733,1447,17297,13894
731,1453,17265,13863
728,1466,17160,13761
735,1431,17373,13996
734,1443,17295,13892
731,1447,17292,13873
731,1444,17282,13873
727,1468,17126,13755
741,1466,17522,13908
743,1455,17559,13962
732,1436,17285,13878
732,1445,17307,13915
730,1444,17185,13786
734,1431,17406,13982
741,1471,17509,13906
730,1454,17224,13849
735,1445,17363,13973
728,1467,17187,13770
735,1433,17389,13982
732,1439,17253,13865
730,1458,17263,13855
733,1441,17308,13910
731,1444,17254,13880
731,1432,17270,13881
732,1435,17278,13892
735,1459,17313,13866
731,1460,17267,13862
730,1444,17239,13847
735,1436,17352,13949
729,1450,17200,13822
731,1452,17276,13877
731,1435,17278,13886
730,1445,17221,13823
743,1458,17643,13988
729,1444,17206,13821
732,1455,17268,13876
731,1425,17267,13935
732,1449,17282,13889
733,1445,17340,13937
731,1449,17237,13855
731,1451,17285,13888
732,1439,17307,13914
729,1449,17186,13825
735,1436,17366,13992
729,1464,17181,13784
731,1464,17254,13848
730,1454,17231,13851
734,1435,17305,13909
734,1426,17346,13964
728,1458,17168,13783
733,1470,17300,13841
731,1440,17287,13875
733,1447,17286,13875
735,1441,17360,13929
729,1466,17193,13796
730,1451,17235,13854
731,1446,17258,13885
731,1447,17247,13821
733,1457,17332,13912
727,1452,17163,13795
733,1441,17333,13944
733,1450,17289,13873
730,1461,17226,13841
731,1445,17284,13891
730,1465,17206,13826
732,1439,17311,13905
733,1436,17305,13926
729,1458,17202,13809
733,1445,17323,13929
728,1464,17140,13754
733,1435,17323,13919
731,1459,17263,13850
732,1439,17299,13898
733,1450,17344,13926
727,1447,17132,13742
732,1435,17308,13915
731,1442,17228,13855
731,1457,17266,13868
733,1464,17293,13866
728,1470,17161,13760
732,1441,17316,13910
732,1463,17271,13879
730,1463,17216,13809
731,1444,17288,13894
729,1458,17130,13738
737,1437,17465,14036
732,1462,17257,13845
731,1448,17267,13872
733,1430,17303,13928
730,1453,17201,13821
732,1443,17312,13918
731,1449,17262,13868
730,1454,17260,13859
735,1434,17380,13949
728,1453,17157,13772
732,1446,17310,13925
729,1474,17179,13805
731,1448,17266,13864
733,1445,17327,13917
729,1454,17192,13820
734,1445,17368,13959
728,1467,17183,13800
730,1456,17211,13819
734,1439,17303,13889
730,1464,17222,13831
733,1452,17357,13939
729,1464,17197,13812
733,1456,17218,13824
732,1441,17267,13877
729,1471,17196,13820
735,1438,17386,13997
729,1464,17203,13811
731,1450,17275,13875
734,1456,17360,13929
729,1466,17196,13795
734,1447,17365,13967
728,1472,17149,13759
731,1428,17298,13881
731,1442,17266,13858
730,1448,17213,13836
735,1435,17390,13997
728,1468,17166,13786
731,1442,17259,13892
732,1434,17272,13897
729,1452,17198,13819
733,1451,17315,13888
730,1464,17183,13786
732,1448,17292,13878
730,1461,17238,13859
730,1471,17199,13822
734,1426,17347,13948
732,1452,17273,13864
736,1444,17375,13935
733,1445,17336,13926
730,1458,17238,13861
731,1455,17265,13894
729,1447,17190,13801
733,1446,17341,13927
732,1444,17309,13910
734,1448,17291,13894
732,1442,17316,13919
729,1451,17195,13790
731,1434,17272,13887
732,1451,17265,13884
731,1455,17256,13874
732,1454,17285,13867
729,1465,17193,13784
734,1429,17352,13964
732,1432,17281,13916
732,1445,17282,13896
733,1444,17287,13888
730,1463,17230,13815
734,1439,17351,13935
732,1457,17283,13855
732,1441,17283,13899
735,1460,17306,13871
730,1454,17237,13842
735,1439,17375,13969
729,1453,17223,13807
734,1437,17334,13952
734,1434,17361,13960
735,1472,17283,13856
743,1444,17651,14075
732,1459,17257,13872
735,1452,17292,13896
733,1448,17319,13907
730,1452,17241,13852
733,1432,17344,13945
730,1444,17213,13838
731,1458,17222,13830
733,1447,17329,13922
732,1455,17258,13879
737,1436,17472,14055
733,1456,17276,13821
731,1454,17262,13853
731,1456,17263,13870
734,1445,17314,13930
744,1461,17539,14075
731,1459,17213,13772
731,1456,17252,13863
733,1458,17292,13879
730,1467,17220,13833
734,1443,17337,13965
729,1463,17188,13801
729,1451,17201,13822
732,1449,17300,13888
730,1447,17228,13840
734,1433,17369,13974
729,1451,17210,13825
736,1447,17376,13982
739,1457,17404,13963
730,1454,17223,13824
733,1429,17356,13950
730,1456,17248,13835
733,1438,17340,13957
732,1437,17273,13906
731,1464,17232,13849
732,1442,17309,13881
730,1465,17199,13783
733,1439,17307,13914
732,1456,17301,13881
730,1456,17231,13843
730,1450,17248,13857
732,1445,17254,13864
741,1468,17468,14021
732,1454,17288,13854
732,1444,17263,13870
732,1447,17291,13890
728,1469,17153,13748
732,1432,17295,13927
734,1437,17354,13951
731,1452,17253,13868
734,1434,17348,13937
729,1451,17196,13776
733,1436,17314,13937
733,1444,17314,13915
730,1448,17249,13857
734,1445,17342,13940
731,1465,17235,13834
733,1431,17331,13943
731,1452,17261,13860
732,1438,17289,13903
732,1454,17309,13933
730,1452,17193,13795
736,1434,17414,14029
733,1469,17272,13812
732,1451,17289,13891
738,1461,17358,13930
733,1447,17243,13885
733,1424,17335,13963
731,1453,17246,13834
732,1446,17293,13900
734,1435,17374,13957
730,1452,17255,13843
733,1443,17338,13941
733,1464,17258,13859
732,1450,17273,13881
734,1428,17350,13938
729,1458,17263,13849
734,1446,17354,13954
730,1466,17234,13833
730,1447,17234,13845
733,1443,17290,13916
729,1453,17197,13808
734,1433,17354,13973
729,1452,17216,13823
730,1462,17225,13827
730,1448,17243,13854
729,1451,17231,13829
731,1417,17298,13930
738,1460,17415,13979
738,1438,17439,14016
745,1460,17639,14181
734,1445,17357,13920
746,1476,17656,14229
731,1447,17245,13860
735,1441,17315,13900
732,1433,17282,13874
732,1439,17285,13877
737,1438,17425,14019
732,1455,17231,13805
735,1433,17379,13995
733,1459,17274,13871
732,1459,17280,13900
734,1438,17336,13946
731,1461,17239,13833
731,1440,17311,13923
733,1450,17324,13917
733,1451,17307,13898
731,1443,17249,13883
729,1454,17191,13800
734,1441,17339,13908
733,1447,17321,13915
733,1447,17328,13915
733,1443,17329,13948
730,1467,17195,13817
732,1438,17296,13912
733,1450,17333,13925
731,1457,17278,13862
732,1448,17279,13887
730,1464,17218,13809
733,1428,17338,13945
731,1445,17264,13877
731,1447,17247,13853
733,1439,17298,13914
730,1454,17236,13819
734,1435,17362,13963
729,1445,17226,13844
734,1448,17308,13925
739,1453,17379,13943
731,1459,17268,13866
733,1436,17351,13932
729,1456,17210,13842
732,1455,17306,13894
731,1439,17274,13892
730,1456,17242,13853
734,1436,17340,13962
728,1420,17206,13791
732,1447,17287,13879
734,1433,17360,13961
732,1456,17284,13877
733,1433,17337,13948
730,1449,17192,13792
732,1439,17266,13889
732,1441,17251,13880
732,1461,17287,13882
734,1439,17391,14010
730,1446,17221,13838
732,1451,17260,13870
731,1439,17272,13889
731,1452,17283,13863
737,1444,17456,14046
739,1466,17385,13928
734,1457,17307,13869
730,1439,17254,13876
732,1451,17257,13871
733,1421,17318,13936
729,1467,17212,13794
736,1439,17405,13980
733,1472,17278,13847
731,1444,17273,13876
733,1450,17306,13919
729,1458,17177,13782
732,1451,17301,13905
732,1442,17278,13890
732,1450,17265,13865
733,1441,17290,13892
729,1456,17176,13815
732,1442,17301,13916
732,1443,17266,13888
730,1458,17243,13835
734,1469,17338,13941
732,1457,17305,13868
732,1438,17309,13887
733,1444,17310,13921
731,1445,17261,13873
731,1438,17275,13891
728,1458,17196,13794
734,1437,17381,13963
732,1449,17277,13888
733,1432,17304,13915
731,1432,17280,13900
729,1451,17172,13789
733,1440,17319,13939
732,1427,17308,13919
730,1435,17318,13913
732,1441,17308,13917
729,1476,17195,13797
733,1440,17331,13943
731,1450,17224,13831
732,1441,17299,13896
732,1449,17297,13895
729,1460,17222,13826
734,1439,17373,13968
731,1440,17266,13859
731,1439,17259,13880
732,1448,17284,13902
730,1461,17212,13794
740,1435,17505,14070
735,1449,17347,13947
745,1446,17563,14122
733,1448,17300,13920
731,1445,17241,13870
734,1421,17348,13974
729,1439,17198,13822
732,1457,17311,13892
732,1443,17282,13885
732,1449,17263,13872
733,1417,17328,13946
732,1454,17252,13861
731,1445,17267,13862
732,1448,17318,13913
731,1446,17230,13833
734,1428,17387,13963
731,1460,17267,13862
731,1447,17256,13873
731,1457,17245,13862
732,1445,17297,13886
733,1429,17363,13956
730,1460,17221,13836
733,1450,17297,13892
733,1447,17319,13932
731,1444,17242,13860
733,1431,17345,13952
733,1475,17232,13805
734,1440,17335,13943
731,1442,17259,13870
731,1439,17262,13878
733,1439,17324,13947
728,1467,17149,13766
735,1429,17396,13989
732,1453,17263,13855
734,1442,17332,13916
736,1441,17365,13955
728,1454,17174,13798
733,1434,17328,13948
731,1435,17265,13899
731,1463,17238,13835
735,1432,17414,13976
731,1465,17182,13768
740,1440,17504,14081
745,1444,17588,14139
744,1456,17572,14131
734,1443,17366,13954
728,1468,17133,13748
737,1432,17434,14017
736,1443,17341,13912
732,1455,17272,13885
733,1442,17302,13929
728,1466,17145,13745
735,1432,17360,13959
731,1450,17258,13834
733,1461,17330,13912
732,1451,17308,13917
731,1451,17233,13840
733,1433,17331,13951
726,1447,17208,13853
733,1439,17343,13918
733,1442,17324,13907
731,1440,17252,13872
733,1432,17355,13968
729,1457,17210,13813
730,1458,17232,13857
732,1439,17289,13915
731,1459,17234,13847
737,1474,17460,14046
734,1456,17264,13838
734,1453,17328,13924
739,1466,17385,13946
733,1453,17279,13903
734,1439,17352,13935
730,1466,17246,13847
731,1452,17263,13863
733,1446,17348,13925
732,1442,17274,13898
734,1444,17345,13957
729,1456,17194,13815
732,1444,17304,13906
733,1433,17312,13929
730,1466,17222,13822
736,1436,17425,14026
729,1462,17175,13792
733,1455,17304,13918
731,1455,17250,13857
729,1455,17225,13830
735,1438,17388,13975
729,1470,17198,13796
733,1437,17310,13927
732,1444,17278,13874
731,1449,17240,13856
733,1438,17334,13949
729,1454,17183,13787
734,1437,17365,13957
735,1438,17388,13965
733,1454,17264,13834
731,1441,17252,13885
728,1455,17164,13786
734,1442,17348,13935
732,1454,17296,13860
728,1456,17226,13843
732,1436,17311,13924
730,1447,17212,13825
737,1430,17405,14002
743,1450,17518,14068
743,1448,17497,14103
743,1444,17530,14064
743,1450,17532,14091
731,1435,17296,13901
737,1445,17412,13955
732,1459,17251,13856
733,1428,17322,13926
731,1448,17257,13846
734,1438,17361,13946
734,1425,17388,13961
732,1459,17261,13866
731,1434,17261,13877
729,1466,17173,13785
734,1445,17360,13938
731,1443,17289,13892
736,1452,17334,13913
732,1450,17286,13882
730,1458,17226,13830
731,1445,17281,13895
730,1443,17228,13858
733,1439,17299,13922
732,1458,17326,13888
731,1456,17236,13832
734,1432,17363,13977
728,1465,17179,13801
733,1443,17297,13935
732,1448,17312,13897
733,1453,17306,13901
735,1436,17388,13972
731,1449,17269,13849
730,1448,17244,13848
733,1443,17318,13931
732,1457,17281,13889
736,1447,17377,13958
733,1454,17307,13896
732,1451,17251,13861
733,1449,17334,13922
730,1456,17215,13842
736,1420,17393,14005
734,1471,17259,13816
733,1440,17292,13909
732,1448,17299,13906
730,1459,17225,13840
732,1438,17308,13918
731,1446,17246,13863
732,1446,17281,13892
732,1447,17299,13900
732,1454,17269,13875
735,1435,17374,13965
730,1459,17230,13814
732,1442,17284,13911
733,1439,17317,13921
731,1443,17269,13908
731,1438,17282,13879
730,1452,17239,13827
732,1436,17320,13936
733,1441,17324,13923
729,1454,17197,13807
734,1439,17338,13941
728,1469,17181,13781
733,1440,17326,13940
733,1435,17327,13912
732,1448,17262,13878
732,1438,17296,13908
731,1462,17237,13835
733,1439,17317,13932
733,1440,17321,13933
733,1440,17326,13916
733,1432,17347,13928
730,1461,17216,13790
735,1435,17387,13983
732,1440,17249,13868
731,1444,17256,13873
734,1425,17367,13957
728,1462,17183,13773
736,1437,17393,13996
742,1458,17477,14028
733,1445,17299,13918
732,1437,17314,13924
729,1467,17175,13790
738,1439,17386,13993
732,1454,17307,13901
732,1445,17294,13894
734,1448,17344,13955
730,1454,17206,13793
736,1433,17379,14012
737,1457,17329,13871
733,1433,17318,13932
732,1452,17315,13900
731,1458,17249,13850
747,1487,17669,14252
732,1440,17273,13894
731,1453,17241,13835
738,1435,17445,14019
743,1458,17589,14139
748,1477,17691,14248
730,1451,17232,13823
732,1452,17277,13877
732,1453,17289,13899
732,1451,17250,13877
735,1441,17399,14019
730,1459,17255,13840
731,1449,17261,13863
731,1451,17272,13887
732,1442,17258,13866
733,1428,17329,13936
730,1461,17235,13821
733,1444,17319,13916
732,1440,17286,13881
731,1448,17294,13873
733,1442,17328,13942
729,1460,17203,13797
733,1449,17300,13914
732,1450,17286,13885
730,1453,17256,13845
734,1440,17357,13957
728,1468,17187,13776
733,1443,17325,13938
731,1437,17266,13888
730,1439,17220,13873
730,1446,17249,13871
730,1459,17238,13819
734,1427,17362,13974
732,1428,17286,13899
733,1439,17299,13914
732,1438,17311,13940
728,1458,17166,13765
735,1438,17381,13977
732,1423,17316,13905
730,1458,17243,13826
735,1423,17392,13995
735,1472,17259,13826
734,1426,17359,13966
732,1444,17301,13887
731,1464,17263,13850
733,1438,17364,13987
729,1459,17196,13782
740,1431,17495,14064
747,1460,17624,14189
738,1439,17420,13998
739,1438,17465,14062
733,1454,17325,13898
738,1448,17408,13963
731,1454,17256,13868
731,1444,17264,13881
733,1432,17328,13945
733,1455,17249,13815
734,1437,17367,13958
730,1454,17245,13825
733,1449,17342,13914
735,1431,17397,14003
738,1457,17338,13913
733,1419,17315,13930
731,1439,17273,13886
731,1445,17279,13885
733,1436,17325,13957
730,1438,17239,13832
735,1440,17409,14022
731,1449,17248,13869
732,1448,17284,13905
736,1452,17346,13912
733,1436,17300,13894
735,1427,17372,13960
730,1452,17218,13820
731,1446,17249,13867
732,1430,17267,13910
729,1456,17215,13829
737,1438,17443,14034
735,1468,17298,13844
731,1441,17277,13873
734,1439,17331,13948
730,1438,17220,13819
736,1443,17447,14050
745,1450,17585,14126
732,1451,17285,13865
731,1441,17256,13876
732,1447,17319,13911
733,1438,17320,13933
729,1464,17180,13787
732,1433,17290,13918
732,1439,17285,13893
731,1451,17280,13871
732,1449,17279,13893
731,1460,17242,13846
733,1432,17320,13919
732,1442,17269,13899
730,1461,17234,13826
732,1448,17297,13912
730,1453,17239,13832
737,1436,17386,13980
731,1453,17269,13881
732,1453,17271,13887
732,1439,17284,13907
729,1456,17202,13806
733,1441,17353,13941
732,1448,17291,13899
732,1435,17324,13916
731,1431,17282,13886
729,1447,17205,13838
733,1426,17342,13954
731,1444,17274,13904
733,1455,17315,13903
732,1436,17310,13925
729,1461,17180,13792
732,1447,17306,13909
731,1458,17270,13888
733,1449,17313,13931
733,1431,17325,13922
731,1464,17246,13827
734,1439,17378,13961
730,1449,17255,13862
732,1440,17283,13889
734,1430,17333,13944
731,1455,17227,13809
736,1432,17428,14026
739,1464,17362,13939
732,1444,17267,13880
734,1423,17342,13961
730,1443,17213,13823
735,1435,17384,13981
731,1450,17223,13866
736,1436,17398,13977
746,1458,17616,14182
733,1462,17303,13914
736,1440,17414,14016
729,1457,17200,13812
736,1434,17396,13979
746,1453,17601,14130
745,1459,17611,14152
739,1458,17466,14006
730,1437,17225,13849
733,1439,17307,13926
732,1434,17276,13883
732,1445,17293,13904
734,1441,17378,13962
731,1463,17206,13809
732,1446,17301,13891
732,1460,17250,13829
731,1452,17243,13861
733,1443,17312,13925
729,1453,17182,13781
732,1432,17319,13903
731,1456,17256,13867
734,1450,17326,13931
741,1453,17472,14047
729,1455,17172,13787
737,1434,17434,14014
738,1467,17373,13936
732,1450,17287,13879
733,1425,17356,13937
728,1463,17164,13783
732,1432,17304,13924
730,1445,17243,13874
733,1441,17310,13892
733,1437,17328,13933
728,1460,17157,13752
734,1439,17359,13954
732,1451,17289,13870
731,1454,17235,13860
732,1430,17301,13927
728,1450,17150,13761
733,1447,17333,13923
733,1441,17295,13920
730,1458,17229,13836
731,1439,17293,13895
726,1453,17097,13708
733,1428,17343,13935
732,1444,17294,13905
733,1440,17315,13893
732,1440,17330,13921
730,1460,17196,13805
733,1428,17339,13974
731,1446,17233,13843
732,1436,17286,13892
733,1447,17349,13933
732,1458,17255,13869
733,1442,17342,13924
730,1446,17219,13819
731,1450,17272,13875
733,1453,17317,13923
730,1463,17227,13840
734,1434,17347,13951
733,1443,17295,13897
738,1452,17381,13940
735,1447,17381,13975
738,1466,17347,13911
735,1432,17355,13952
731,1441,17247,13861
733,1450,17309,13891
733,1436,17342,13930
732,1456,17283,13892
734,1437,17359,13957
729,1453,17199,13816
731,1454,17278,13873
733,1442,17317,13913
730,1450,17212,13822
734,1436,17369,13971
734,1439,17343,13942
738,1454,17379,13947
731,1447,17267,13892
731,1437,17259,13875
735,1422,17416,13997
729,1468,17193,13786
734,1447,17323,13928
747,1454,17528,14096
740,1449,17520,14126
735,1440,17354,13926
732,1458,17305,13891
735,1441,17345,13912
734,1442,17354,13938
731,1459,17255,13858
732,1438,17293,13889
730,1455,17220,13829
732,1443,17311,13920
731,1433,17269,13869
733,1457,17299,13894
733,1440,17306,13918
731,1465,17255,13852
731,1460,17227,13835
734,1434,17358,13973
729,1457,17209,13816
733,1433,17364,13957
731,1455,17246,13845
732,1444,17298,13897
732,1448,17303,13906
732,1444,17254,13871
733,1431,17300,13896
730,1468,17198,13798
733,1442,17343,13928
732,1449,17316,13896
732,1442,17275,13876
735,1444,17326,13921
727,1466,17133,13758
733,1432,17348,13939
732,1448,17295,13896
732,1458,17285,13892
736,1456,17371,13959
730,1465,17205,13804
734,1435,17339,13944
733,1439,17314,13937
732,1454,17265,13864
734,1435,17347,13944
731,1459,17223,13824
734,1435,17361,13956
729,1455,17203,13822
732,1443,17267,13886
731,1439,17274,13891
731,1451,17246,13858
736,1436,17425,14012
730,1458,17259,13828
733,1445,17308,13927
733,1435,17296,13924
734,1447,17340,13946
748,1463,17672,14224
739,1450,17465,14005
734,1439,17342,13931
732,1452,17260,13848
733,1423,17296,13914
734,1447,17348,13956
729,1449,17224,13855
736,1456,17300,13887
734,1484,17342,13933
731,1447,17257,13861
733,1440,17353,13949
732,1459,17272,13870
730,1441,17233,13865
734,1425,17330,13945
731,1443,17276,13880
735,1435,17383,13980
730,1465,17222,13802
734,1441,17314,13928
732,1439,17257,13877
732,1440,17258,13860
733,1433,17358,13958
732,1445,17278,13877
730,1431,17306,13925
733,1439,17309,13910
732,1449,17262,13863
732,1437,17293,13923
733,1423,17292,13924
741,1458,17437,13997
733,1453,17314,13873
731,1452,17267,13860
733,1440,17315,13918
727,1476,17109,13729
734,1431,17332,13961
733,1433,17334,13929
731,1447,17269,13852
732,1453,17314,13910
733,1454,17287,13818
732,1444,17309,13909
733,1443,17291,13909
733,1448,17288,13907
731,1449,17275,13867
730,1461,17227,13825
734,1427,17348,13964
733,1450,17327,13925
733,1452,17307,13922
730,1432,17278,13865
730,1461,17181,13790
735,1433,17377,13999
733,1442,17333,13929
733,1446,17270,13840
731,1450,17278,13896
730,1470,17209,13805
734,1439,17348,13960
730,1454,17252,13847
731,1453,17263,13871
733,1436,17333,13920
731,1446,17276,13859
733,1433,17319,13928
734,1439,17307,13900
738,1458,17333,13906
732,1437,17301,13916
731,1455,17278,13864
734,1435,17360,13974
730,1452,17243,13841
734,1449,17323,13932
734,1429,17332,13958
730,1453,17231,13843
735,1434,17401,14014
729,1455,17222,13817
733,1437,17311,13929
733,1428,17295,13902
731,1436,17271,13892
735,1431,17368,13992
729,1453,17190,13788
733,1440,17327,13931
735,1443,17383,13972
732,1464,17278,13837
733,1431,17349,13971
730,1447,17189,13803
732,1445,17265,13885
732,1451,17306,13891
731,1451,17266,13858
734,1437,17346,13961
729,1460,17180,13775
733,1450,17316,13912
730,1444,17238,13845
731,1454,17261,13875
732,1443,17302,13930
730,1456,17229,13794
735,1434,17389,14001
732,1449,17270,13875
731,1459,17257,13879
732,1443,17283,13901
735,1443,17305,13818
736,1433,17425,14017
732,1448,17311,13913
733,1445,17298,13897
734,1454,17342,13966
729,1458,17196,13811
733,1447,17316,13919
733,1442,17353,13942
733,1442,17328,13918
730,1407,17242,13844
728,1469,17182,13760
733,1435,17348,13959
731,1452,17261,13880
731,1433,17258,13870
732,1458,17262,13871
731,1456,17241,13836
733,1444,17320,13904
732,1440,17276,13897
731,1449,17256,13873
733,1425,17325,13952
730,1459,17223,13807
734,1440,17363,13958
733,1437,17319,13919
732,1445,17333,13908
733,1436,17318,13941
731,1462,17240,13854
733,1430,17333,13961
730,1453,17195,13801
733,1445,17317,13909
731,1448,17275,13884
732,1444,17288,13902
735,1451,17339,13930
730,1448,17210,13829
731,1449,17266,13862
733,1434,17317,13926
732,1452,17288,13877
735,1430,17406,14015
740,1472,17383,13944
731,1452,17244,13845
731,1446,17254,13885
732,1439,17291,13898
736,1437,17414,14000
733,1432,17325,13914
730,1421,17278,13845
732,1457,17294,13909
732,1461,17267,13878
736,1430,17409,14019
731,1463,17256,13853
739,1431,17406,13998
733,1438,17307,13914
733,1452,17319,13928
734,1440,17342,13953
733,1439,17300,13910
734,1447,17324,13923
733,1442,17310,13938
731,1444,17275,13870
735,1436,17382,13985
728,1440,17258,13855
734,1433,17357,13966
733,1450,17304,13929
734,1445,17293,13877
733,1438,17351,13949
731,1463,17262,13841
735,1434,17399,13977
733,1441,17300,13909
733,1447,17296,13905
733,1432,17341,13953
731,1458,17277,13861
734,1439,17380,13979
734,1435,17326,13926
732,1431,17302,13909
728,1464,17191,13816
728,1457,17155,13769
735,1439,17384,13985
733,1430,17310,13941
733,1446,17297,13887
735,1443,17381,13973
732,1458,17271,13875
736,1430,17392,14014
734,1430,17353,13974
734,1444,17362,13966
736,1436,17400,13976
734,1453,17313,13891
737,1436,17446,14031
734,1441,17352,13957
734,1442,17340,13942
734,1433,17347,13962
733,1441,17319,13920
735,1432,17406,13989
733,1448,17318,13909
734,1442,17369,13967
735,1449,17372,13956
733,1455,17317,13926
735,1430,17384,14004
733,1435,17281,13888
734,1454,17342,13917
736,1443,17405,14007
734,1436,17324,13936
737,1439,17435,14042
732,1449,17268,13880
734,1439,17359,13954
735,1446,17389,13982
736,1440,17379,13965
739,1438,17498,14070
732,1461,17301,13904
733,1446,17314,13925
735,1441,17380,13979
736,1460,17358,13922
738,1444,17490,14064
732,1439,17280,13889
736,1438,17410,14005
736,1445,17349,13931
733,1445,17301,13924
736,1453,17433,14048
735,1439,17371,13986
736,1456,17372,13919
732,1443,17301,13908
734,1438,17343,13944
734,1430,17371,13998
730,1461,17232,13835
737,1433,17415,13999
735,1455,17378,13961
735,1439,17387,13978
736,1436,17431,14020
730,1441,17245,13873
735,1433,17388,14007
737,1426,17421,14021
734,1456,17343,13907
737,1443,17450,14003
732,1456,17267,13864
734,1433,17371,13965
734,1447,17346,13957
744,1452,17599,13991
736,1437,17397,13992
737,1444,17461,13939
737,1430,17445,14023
733,1438,17349,13954
770,1433,18427,14263
735,1439,17364,13986
731,1457,17227,13830
736,1434,17416,14005
735,1451,17361,13934
735,1437,17384,13964
735,1446,17359,13936
745,1446,17569,14143
749,1470,17683,14240
743,1456,17582,14154
737,1432,17443,14032
737,1443,17385,13951
731,1439,17250,13862
736,1439,17422,14018
733,1438,17319,13924
734,1447,17344,13958
734,1440,17356,13958
733,1444,17296,13890
735,1435,17426,13991
731,1451,17272,13867
733,1434,17318,13929
736,1439,17362,13994
732,1441,17288,13897
737,1441,17441,14025
732,1454,17265,13865
733,1438,17346,13938
735,1445,17402,13976
735,1430,17351,13967
736,1442,17410,14035
737,1476,17335,13906
732,1415,17327,13905
740,1439,17452,14003
731,1456,17283,13884
738,1443,17470,14069
731,1456,17262,13879
734,1435,17317,13913
734,1439,17327,13939
736,1455,17363,13988
742,1434,17501,14057
736,1455,17361,13911
735,1440,17375,13986
733,1427,17332,13930
733,1444,17290,13922
735,1432,17411,13996
734,1461,17322,13904
735,1422,17406,13992
735,1444,17376,13942
732,1449,17285,13912
735,1443,17389,14023
731,1453,17240,13851
737,1435,17452,14042
735,1434,17393,13972
731,1455,17265,13882
736,1444,17400,14003
734,1451,17306,13922
735,1430,17375,13978
734,1440,17331,13939
736,1464,17355,13974
735,1425,17386,13980
731,1459,17260,13857
735,1435,17388,13997
734,1463,17358,13930
733,1439,17305,13917
736,1433,17422,14009
731,1459,17240,13839
736,1431,17418,13991
735,1445,17379,13956
734,1433,17333,13958
734,1443,17326,13930
732,1453,17271,13879
736,1435,17422,14005
734,1437,17383,13969
735,1449,17347,13955
736,1440,17419,14010
738,1474,17339,13899
735,1436,17408,14003
733,1441,17312,13935
736,1438,17380,13989
735,1444,17369,13932
732,1445,17297,13899
744,1454,17534,14094
731,1451,17259,13845
736,1434,17383,13990
734,1440,17352,13948
733,1454,17333,13908
737,1427,17421,13987
734,1449,17356,13933
733,1446,17289,13884
736,1425,17387,13998
732,1443,17272,13881
745,1457,17639,14196
737,1453,17406,13973
739,1451,17400,13960
735,1440,17391,13985
734,1445,17338,13946
737,1443,17429,14043
727,1437,17246,13888
734,1436,17342,13961
734,1448,17371,13940
733,1455,17297,13894
734,1434,17378,13979
732,1452,17271,13894
733,1441,17287,13908
734,1445,17346,13931
732,1450,17285,13880
738,1447,17501,14098
731,1460,17261,13840
736,1442,17393,13982
734,1456,17318,13910
733,1453,17293,13904
735,1436,17368,13961
731,1450,17267,13852
735,1443,17368,13974
734,1433,17355,13969
733,1444,17278,13904
735,1434,17371,13986
732,1447,17256,13860
733,1433,17362,13973
738,1432,17442,14030
739,1469,17394,13948
734,1426,17363,13968
731,1449,17254,13856
736,1437,17385,14002
734,1440,17366,13970
735,1446,17350,13925
738,1437,17478,14055
740,1469,17425,13941
734,1441,17350,13962
733,1437,17301,13932
733,1445,17307,13934
734,1450,17362,13944
732,1450,17292,13867
735,1432,17381,14001
736,1446,17380,13941
733,1448,17323,13917
735,1446,17365,13971
732,1461,17262,13889
734,1433,17342,13952
736,1445,17412,13998
734,1438,17342,13931
734,1453,17349,13949
732,1452,17266,13888
734,1435,17340,13974
733,1444,17320,13918
733,1449,17329,13925
736,1442,17413,13997
733,1451,17296,13891
737,1439,17428,14036
730,1450,17226,13837
738,1444,17390,13975
734,1436,17361,13957
732,1443,17306,13912
737,1430,17420,14040
733,1444,17316,13908
733,1437,17342,13944
733,1430,17306,13916
732,1449,17267,13877
736,1440,17384,13983
733,1454,17313,13881
735,1449,17336,13903
734,1438,17329,13946
733,1443,17286,13897
736,1434,17397,14025
732,1454,17299,13879
733,1450,17319,13893
736,1434,17409,13988
733,1453,17352,13924
739,1430,17449,14030
733,1467,17293,13890
733,1453,17291,13909
734,1425,17353,13952
732,1445,17308,13903
735,1434,17381,14007
731,1455,17269,13872
734,1444,17330,13947
735,1430,17377,13975
736,1454,17338,13912
735,1428,17380,13986
731,1464,17255,13828
735,1428,17372,13983
733,1439,17309,13934
743,1442,17548,14118
734,1433,17350,13976
731,1459,17264,13866
734,1443,17356,13948
736,1438,17391,13975
735,1436,17356,13948
733,1449,17323,13918
730,1449,17206,13817
734,1427,17354,13977
733,1445,17332,13918
732,1453,17308,13884
735,1435,17370,13981
730,1461,17209,13787
737,1438,17423,14039
733,1448,17321,13926
735,1441,17356,13971
734,1440,17341,13965
731,1439,17262,13858
736,1434,17403,14007
735,1438,17374,13978
733,1451,17309,13940
734,1441,17318,13924
731,1458,17250,13826
737,1443,17442,14038
734,1440,17352,13926
735,1435,17408,13979
736,1445,17342,13933
731,1460,17239,13852
734,1430,17367,13971
732,1439,17322,13921
735,1444,17381,13974
734,1442,17369,13978
735,1439,17328,13934
737,1443,17398,13966
731,1456,17247,13848
733,1445,17332,13945
735,1442,17346,13968
732,1449,17284,13868
737,1438,17454,14043
731,1463,17237,13854
735,1435,17376,13990
733,1436,17314,13931
740,1432,17477,14033
745,1485,17649,14248
747,1451,17643,14188
747,1457,17661,14198
740,1444,17490,14070
747,1452,17621,14180
736,1427,17405,14019
732,1448,17289,13886
733,1441,17324,13914
737,1438,17397,14012
734,1461,17343,13931
736,1443,17422,14035
735,1474,17261,13850
732,1449,17298,13904
734,1447,17328,13916
729,1449,17235,13871
736,1440,17404,13991
731,1460,17240,13827
736,1442,17379,13982
733,1434,17319,13941
733,1463,17321,13920
735,1433,17391,13998
733,1459,17316,13896
737,1431,17443,14029
734,1439,17360,13975
733,1454,17292,13901
734,1425,17338,13942
732,1452,17278,13869
736,1436,17438,14023
735,1446,17362,13955
734,1461,17316,13924
735,1434,17353,13969
732,1454,17241,13842
736,1439,17397,13999
738,1454,17381,13962
735,1449,17389,13960
738,1448,17404,13963
731,1468,17237,13831
735,1454,17378,13995
733,1449,17316,13946
734,1433,17350,13961
734,1431,17347,13936
732,1451,17289,13877
736,1435,17412,14003
734,1436,17364,13970
735,1439,17334,13961
735,1432,17370,13980
731,1453,17263,13843
737,1440,17449,14040
732,1443,17286,13916
737,1428,17451,14038
746,1443,17565,14129
731,1443,17245,13861
737,1452,17448,14056
733,1449,17316,13901
736,1430,17410,13994
733,1439,17355,13951
732,1447,17276,13883
736,1421,17404,14003
731,1437,17240,13874
737,1435,17414,14007
746,1443,17612,14135
742,1470,17472,14013
736,1437,17424,13982
733,1445,17319,13916
733,1433,17315,13928
736,1441,17390,14002
733,1458,17331,13915
740,1430,17565,14086
731,1451,17236,13843
737,1429,17437,14009
739,1457,17431,13990
733,1457,17280,13892
737,1438,17435,14050
733,1439,17307,13908
733,1442,17329,13912
735,1440,17348,13957
734,1448,17338,13967
736,1453,17452,14052
733,1436,17248,13861
734,1443,17345,13937
733,1457,17329,13937
735,1436,17366,13963
741,1434,17487,14033
731,1451,17242,13853
737,1436,17407,14010
731,1439,17345,13940
733,1448,17310,13880
736,1435,17440,14031
732,1442,17258,13859
737,1443,17440,14044
737,1436,17427,14023
741,1447,17449,14007
734,1442,17358,13940
731,1451,17232,13843
736,1439,17428,13995
734,1453,17346,13930
734,1449,17300,13915
735,1436,17356,13961
730,1453,17230,13854
738,1443,17489,14076
737,1458,17389,13938
734,1450,17364,13929
735,1453,17390,13967
731,1446,17238,13840
734,1433,17371,13994
736,1443,17360,13950
735,1441,17370,13963
735,1445,17387,13978
731,1461,17222,13808
736,1432,17410,14010
732,1435,17360,13951
734,1444,17316,13928
734,1444,17353,13954
732,1461,17256,13857
736,1432,17406,13990
734,1442,17333,13936
733,1439,17334,13945
735,1447,17365,13970
733,1457,17288,13908
741,1433,17461,14044
732,1439,17283,13864
735,1432,17389,13963
735,1446,17383,13965
733,1452,17332,13923
735,1436,17376,13984
734,1444,17309,13923
734,1444,17346,13926
736,1442,17404,13988
732,1465,17234,13815
737,1445,17440,14030
734,1446,17292,13866
733,1452,17308,13922
733,1439,17293,13913
734,1441,17330,13939
737,1439,17472,14056
734,1439,17359,13961
736,1439,17411,14015
745,1453,17553,14106
734,1451,17287,13875
735,1433,17414,13991
734,1467,17332,13926
733,1438,17324,13916
733,1440,17329,13914
735,1435,17356,13963
739,1436,17396,14003
733,1444,17306,13916
734,1444,17342,13939
733,1411,17351,13941
733,1440,17303,13913
734,1426,17373,13979
731,1473,17250,13850
735,1438,17363,13976
734,1458,17317,13912
732,1441,17297,13920
735,1429,17395,13978
731,1463,17268,13878
736,1421,17383,13987
734,1431,17331,13934
734,1434,17344,13939
735,1438,17381,13973
732,1464,17262,13860
738,1434,17417,13984
734,1431,17355,13955
737,1443,17406,13992
742,1464,17451,14006
731,1465,17246,13865
735,1433,17369,13944
733,1430,17353,13935
734,1446,17359,13959
734,1442,17343,13944
732,1451,17269,13881
734,1427,17343,13963
733,1443,17319,13930
736,1439,17424,14028
735,1446,17355,13951
731,1452,17243,13858
736,1445,17429,14041
733,1440,17330,13938
733,1446,17299,13922
736,1445,17392,13983
732,1451,17278,13871
736,1431,17439,14021
732,1451,17307,13879
734,1453,17300,13899
733,1426,17332,13961
731,1464,17239,13853
737,1440,17464,14051
734,1454,17306,13869
734,1446,17330,13941
735,1430,17398,14003
731,1448,17264,13854
737,1444,17439,14048
731,1439,17244,13857
733,1436,17311,13922
739,1435,17469,14053
733,1455,17301,13891
735,1429,17410,14009
733,1438,17291,13904
733,1439,17308,13932
731,1444,17279,13896
733,1447,17318,13889
738,1443,17491,14065
732,1454,17288,13860
734,1440,17334,13963
734,1438,17352,13938
733,1444,17319,13919
738,1434,17447,14007
733,1451,17306,13892
732,1448,17294,13910
733,1437,17342,13931
734,1451,17334,13930
735,1450,17344,13937
732,1436,17253,13864
746,1477,17651,14236
735,1445,17394,13975
732,1447,17299,13911
735,1439,17363,13988
732,1450,17278,13896
733,1438,17334,13946
736,1434,17403,13996
733,1445,17309,13899
735,1429,17400,13976
735,1444,17351,13928
747,1448,17628,14174
743,1453,17505,14076
732,1458,17286,13898
734,1443,17343,13930
732,1448,17285,13868
736,1431,17390,13997
735,1442,17369,13975
734,1433,17349,13960
734,1435,17362,13959
730,1458,17230,13844
736,1446,17377,13951
734,1445,17359,13938
733,1449,17301,13901
734,1444,17340,13943
732,1468,17230,13810
734,1434,17343,13960
735,1435,17391,14000
734,1440,17339,13933
734,1445,17375,13957
734,1444,17348,13931
732,1428,17317,13942
733,1432,17318,13934
732,1440,17284,13913
734,1447,17351,13931
736,1462,17366,13963
735,1433,17375,13986
734,1440,17324,13920
733,1452,17299,13891
733,1421,17352,13973
733,1443,17311,13919
736,1443,17428,14033
735,1473,17329,13874
733,1439,17341,13946
734,1450,17349,13955
732,1449,17285,13882
735,1429,17377,13982
732,1457,17253,13824
735,1442,17361,13959
735,1446,17370,13918
733,1442,17323,13891
736,1439,17402,14023
731,1451,17233,13838
732,1444,17290,13900
735,1453,17364,13946
732,1449,17291,13878
736,1443,17428,14033
732,1428,17269,13865
733,1452,17291,13904
733,1462,17301,13920
731,1448,17247,13849
736,1438,17435,14027
731,1454,17238,13829
734,1441,17338,13944
732,1443,17305,13908
733,1441,17301,13922
733,1433,17325,13941
732,1450,17265,13859
737,1434,17430,14019
733,1444,17332,13907
734,1431,17349,13941
734,1439,17362,13972
729,1447,17214,13834
733,1441,17333,13935
735,1447,17366,13954
736,1424,17389,13973
739,1461,17430,13990
730,1467,17221,13806
736,1433,17420,14011
733,1439,17302,13899
733,1439,17302,13918
734,1427,17333,13960
730,1460,17240,13824
735,1433,17392,14004
735,1424,17364,13981
734,1436,17320,13922
734,1432,17359,13974
732,1460,17263,13841
739,1429,17506,14051
734,1440,17364,13932
734,1456,17365,13951
732,1442,17313,13927
729,1462,17198,13802
734,1435,17350,13970
736,1440,17405,13990
733,1436,17364,13944
733,1433,17332,13939
733,1459,17293,13902
735,1429,17392,14002
734,1431,17335,13959
734,1443,17322,13938
733,1434,17332,13949
738,1449,17386,13933
735,1430,17414,14008
733,1450,17283,13901
733,1459,17313,13910
737,1439,17381,13987
732,1458,17264,13852
739,1437,17484,14050
732,1452,17299,13877
734,1447,17379,13953
734,1437,17332,13946
733,1448,17306,13926
736,1444,17425,14027
731,1453,17262,13857
736,1442,17400,13970
741,1444,17444,14011
735,1455,17316,13893
738,1450,17462,14064
731,1456,17245,13870
732,1455,17278,13890
734,1437,17331,13957
732,1447,17291,13866
738,1441,17477,14078
732,1454,17261,13861
733,1435,17319,13943
733,1439,17314,13936
734,1446,17326,13935
735,1435,17405,14008
733,1455,17317,13898
734,1446,17347,13910
734,1431,17358,13952
733,1462,17298,13898
734,1437,17356,13978
733,1453,17317,13914
736,1432,17418,14001
734,1435,17340,13958
737,1456,17357,13925
734,1439,17345,13934
732,1455,17260,13875
736,1434,17365,13970
733,1442,17322,13912
734,1438,17356,13936
734,1435,17339,13949
731,1448,17250,13874
734,1431,17353,13951
733,1451,17324,13922
736,1444,17395,13971
738,1425,17418,14020
731,1458,17262,13845
732,1439,17368,13995
733,1456,17330,13946
734,1450,17317,13947
734,1437,17358,13981
732,1442,17295,13870
740,1455,17522,14101
741,1445,17518,14083
748,1464,17686,14228
734,1443,17343,13939
732,1455,17241,13849
734,1438,17361,13975
734,1427,17349,13967
735,1440,17353,13947
735,1447,17370,13960
732,1436,17275,13879
737,1447,17429,14043
732,1445,17274,13914
734,1444,17334,13940
737,1469,17399,14007
733,1440,17307,13886
736,1436,17448,14019
733,1445,17295,13904
734,1441,17337,13951
734,1445,17341,13950
736,1447,17394,13977
737,1437,17427,13993
733,1444,17292,13893
740,1432,17453,14003
734,1436,17345,13942
733,1442,17306,13907
735,1429,17385,14000
733,1440,17314,13917
737,1427,17429,14020
732,1437,17309,13914
734,1456,17325,13921
735,1431,17378,13983
732,1453,17280,13890
734,1440,17345,13943
736,1449,17441,14033
734,1457,17308,13888
739,1445,17512,14092
733,1450,17296,13889
736,1448,17340,13908
734,1435,17322,13950
733,1456,17312,13918
734,1437,17388,13981
732,1440,17286,13911
735,1454,17357,13931
738,1442,17457,14038
746,1452,17593,14169
738,1428,17449,14048
731,1447,17255,13863
734,1432,17397,13982
734,1434,17355,13951
732,1447,17279,13905
735,1435,17374,13986
729,1445,17200,13831
732,1433,17338,13993
734,1451,17361,13960
735,1441,17365,13950
739,1438,17506,14068
740,1461,17395,13953
735,1440,17357,13951
734,1426,17365,13979
734,1450,17326,13906
737,1421,17409,13991
733,1464,17315,13836
737,1450,17479,14081
742,1459,17489,14056
739,1444,17472,14080
748,1476,17703,14255
731,1452,17247,13872
737,1445,17474,14071
735,1431,17381,13975
736,1433,17416,14022
738,1426,17441,14003
732,1454,17280,13893
736,1433,17438,14030
733,1430,17335,13945
733,1431,17361,13947
735,1421,17411,13981
733,1449,17302,13914
738,1448,17469,14086
732,1430,17305,13917
735,1438,17405,13979
737,1451,17406,13963
734,1449,17328,13943
734,1420,17382,13989
733,1439,17307,13906
734,1443,17320,13906
735,1435,17388,14010
732,1451,17279,13882
737,1445,17465,14057
732,1444,17308,13910
732,1441,17292,13900
734,1430,17349,13976
734,1441,17312,13933
736,1437,17442,14038
732,1439,17299,13896
736,1439,17431,14013
737,1452,17404,13951
734,1434,17336,13958
737,1442,17432,14045
731,1459,17260,13846
733,1448,17337,13920
733,1430,17357,13937
734,1439,17340,13957
734,1421,17398,13991
731,1440,17277,13881
734,1441,17355,13972
732,1438,17291,13904
733,1443,17288,13904
736,1424,17434,14009
730,1447,17245,13847
733,1441,17342,13949
733,1434,17325,13936
733,1453,17304,13924
733,1436,17363,13971
732,1455,17295,13882
735,1432,17394,13990
733,1420,17369,13947
736,1437,17399,13988
742,1451,17501,14059
729,1471,17182,13786
737,1443,17453,14049
733,1438,17347,13941
734,1431,17359,13961
734,1429,17388,13991
732,1456,17271,13885
734,1424,17370,13987
732,1433,17317,13948
733,1458,17304,13912
735,1429,17389,13968
731,1438,17274,13883
736,1427,17415,14027
735,1422,17369,13973
733,1438,17332,13932
733,1436,17340,13949
733,1447,17273,13861
735,1432,17399,13992
734,1439,17372,13944
735,1427,17392,13989
733,1435,17299,13901
732,1435,17269,13886
734,1425,17385,13971
732,1445,17302,13876
729,1436,17272,13926
734,1432,17367,13955
732,1455,17266,13871
735,1431,17372,13971
731,1456,17239,13835
732,1439,17294,13921
734,1428,17359,13967
734,1446,17341,13944
736,1429,17409,14025
731,1452,17249,13857
734,1433,17350,13978
734,1420,17358,13964
733,1449,17303,13909
736,1444,17454,14031
731,1447,17278,13865
732,1438,17294,13910
734,1443,17349,13965
731,1452,17250,13866
737,1451,17470,14065
733,1454,17299,13846
734,1433,17348,13968
736,1439,17372,13946
733,1443,17311,13913
736,1452,17423,14046
733,1442,17302,13916
734,1448,17291,13904
735,1428,17393,13960
734,1443,17348,13940
734,1439,17369,13986
731,1449,17268,13861
733,1424,17317,13938
733,1426,17344,13940
734,1439,17352,13944
734,1432,17372,13955
731,1447,17255,13850
734,1432,17356,13970
733,1432,17335,13954
733,1448,17316,13935
735,1426,17394,13984
731,1440,17250,13838
734,1429,17371,13986
735,1444,17339,13920
734,1444,17335,13928
734,1433,17352,13974
730,1449,17214,13832
735,1430,17394,13994
737,1425,17463,14027
746,1455,17630,14193
733,1443,17308,13931
732,1452,17275,13880
734,1436,17343,13967
735,1430,17373,13980
732,1446,17315,13930
734,1437,17339,13991
732,1456,17272,13826
735,1432,17403,14011
734,1435,17360,13975
734,1428,17341,13950
734,1439,17362,13963
731,1448,17254,13834
734,1436,17370,13973
732,1429,17307,13901
734,1434,17324,13996
734,1424,17335,13938
732,1441,17280,13893
739,1445,17428,13998
732,1451,17293,13881
733,1432,17345,13944
736,1439,17355,13957
732,1437,17276,13882
735,1433,17388,14007
739,1451,17422,14030
746,1441,17594,14119
746,1445,17639,14155
746,1467,17668,14208
735,1434,17397,14006
731,1439,17255,13865
733,1436,17314,13937
735,1429,17390,13985
733,1450,17353,13920
736,1442,17432,14054
732,1445,17271,13876
733,1427,17333,13941
733,1444,17320,13946
733,1448,17306,13925
740,1445,17465,14047
731,1449,17275,13854
733,1439,17334,13943
734,1446,17333,13915
733,1435,17331,13940
734,1428,17356,13989
732,1441,17298,13904
734,1443,17346,13934
734,1438,17373,13960
732,1451,17306,13912
734,1424,17357,13973
734,1439,17293,13900
735,1435,17372,13975
735,1433,17375,13970
734,1436,17339,13929
733,1428,17341,13971
731,1441,17278,13890
735,1429,17381,13986
732,1448,17285,13895
734,1443,17328,13953
733,1426,17368,13975
732,1444,17285,13888
736,1439,17432,14027
733,1440,17331,13947
732,1432,17294,13901
730,1423,17257,13931
730,1450,17239,13848
734,1439,17373,13959
736,1439,17419,14004
737,1426,17459,14028
737,1438,17392,13955
731,1459,17239,13854
733,1438,17332,13940
734,1440,17366,13968
734,1452,17341,13913
734,1443,17347,13953
732,1444,17300,13884
734,1425,17360,13976
735,1425,17368,13983
733,1430,17352,13962
734,1437,17367,13965
731,1459,17282,13873
736,1435,17425,14029
729,1420,17257,13885
735,1428,17375,13988
733,1440,17318,13909
733,1454,17320,13922
734,1431,17396,13993
732,1438,17303,13906
734,1441,17366,13944
735,1419,17396,14005
734,1456,17295,13882
736,1443,17426,14045
736,1454,17355,13892
733,1435,17355,13937
734,1429,17372,13997
733,1442,17297,13906
736,1443,17435,14035
732,1442,17276,13904
734,1432,17336,13953
735,1430,17375,13987
733,1455,17332,13923
737,1457,17461,14083
732,1439,17260,13858
731,1448,17286,13900
733,1443,17295,13924
736,1432,17409,13993
740,1441,17473,14037
733,1439,17328,13917
734,1454,17363,13946
735,1432,17375,13994
735,1450,17327,13907
737,1440,17446,14057
732,1440,17294,13891
734,1438,17368,13949
734,1447,17314,13910
733,1437,17329,13939
748,1468,17672,14235
734,1463,17325,13934
736,1444,17375,13960
733,1434,17320,13932
734,1442,17369,13934
734,1425,17345,13961
732,1445,17282,13907
735,1440,17397,14023
733,1441,17316,13932
733,1436,17312,13929
730,1429,17305,13947
731,1443,17261,13858
735,1427,17400,13989
735,1434,17395,13992
731,1437,17269,13878
732,1420,17335,13962
731,1461,17261,13852
735,1439,17410,13991
734,1438,17336,13933
740,1429,17522,14039
742,1439,17488,14048
730,1455,17200,13791
743,1470,17611,14198
734,1438,17391,14008
734,1435,17353,13960
734,1435,17373,13962
733,1442,17288,13907
739,1435,17439,14004
733,1447,17305,13913
734,1436,17379,13967
733,1437,17334,13939
734,1441,17337,13931
736,1435,17449,14027
733,1400,17334,13934
732,1444,17304,13918
733,1428,17353,13967
732,1456,17302,13892
737,1435,17441,14035
731,1461,17264,13866
732,1450,17302,13914
734,1439,17342,13952
732,1450,17271,13882
737,1440,17434,14050
731,1449,17251,13866
733,1447,17336,13924
734,1446,17338,13944
733,1433,17306,13905
735,1442,17411,14020
731,1457,17247,13861
736,1434,17415,13996
743,1446,17529,14067
733,1443,17318,13900
737,1434,17468,14031
733,1434,17306,13920
733,1449,17280,13883
735,1436,17360,13968
734,1439,17343,13937
736,1441,17440,14020
730,1431,17228,13825
733,1442,17330,13933
734,1438,17332,13929
732,1441,17299,13902
733,1437,17354,13972
733,1449,17284,13897
736,1431,17392,13991
734,1433,17361,13964
731,1448,17274,13899
737,1435,17385,14009
731,1445,17239,13859
736,1431,17401,13993
735,1454,17340,13915
736,1430,17439,13998
734,1453,17372,13936
730,1452,17232,13855
747,1463,17674,14243
736,1431,17400,13992
733,1440,17332,13936
735,1446,17408,13985
731,1449,17234,13843
737,1425,17423,14009
733,1437,17328,13935
733,1437,17332,13944
733,1440,17316,13941
731,1449,17230,13831
735,1424,17416,13990
735,1440,17388,13996
733,1440,17325,13929
733,1449,17323,13942
731,1457,17255,13863
735,1430,17404,13997
732,1435,17312,13906
735,1432,17377,13973
735,1439,17357,13927
732,1450,17285,13885
733,1444,17311,13907
733,1451,17307,13918
733,1443,17315,13907
734,1437,17357,13937
731,1445,17249,13867
735,1448,17429,14028
733,1427,17323,13945
732,1448,17290,13890
733,1435,17341,13954
732,1445,17292,13913
737,1436,17460,14043
733,1461,17302,13879
735,1428,17365,13983
734,1426,17356,13964
732,1428,17315,13934
735,1436,17411,13999
736,1435,17411,13996
740,1459,17464,13998
736,1437,17442,14026
733,1435,17313,13897
735,1441,17412,14028
730,1463,17239,13850
736,1432,17432,14025
740,1448,17460,13994
732,1443,17296,13905
736,1436,17422,14027
731,1442,17256,13875
734,1427,17342,13963
735,1426,17358,13976
732,1436,17302,13930
735,1446,17447,14044
732,1441,17271,13874
735,1431,17375,13980
733,1444,17321,13925
734,1422,17343,13963
733,1437,17333,13943
733,1446,17321,13908
736,1429,17409,13993
733,1438,17361,13944
731,1470,17241,13851
734,1439,17365,13989
731,1444,17248,13871
737,1448,17471,14065
735,1439,17373,13951
733,1438,17343,13938
740,1424,17466,14046
732,1453,17277,13897
736,1433,17391,13989
733,1423,17342,13978
733,1436,17312,13949
738,1439,17432,13971
732,1456,17279,13859
734,1435,17386,13998
735,1439,17410,13995
732,1443,17300,13924
733,1436,17361,13940
731,1443,17263,13856
737,1450,17481,14058
733,1441,17353,13922
735,1430,17403,14001
734,1435,17355,13955
739,1441,17434,14007
736,1440,17449,14033
734,1435,17360,13951
733,1432,17329,13926
735,1442,17415,14019
732,1445,17294,13893
734,1435,17390,14007
732,1433,17275,13901
736,1439,17395,14001
736,1445,17388,13956
732,1436,17307,13916
734,1433,17370,13993
732,1443,17304,13918
734,1427,17355,13977
733,1428,17354,13955
732,1437,17306,13911
736,1438,17444,14030
732,1431,17317,13899
733,1428,17355,13967
733,1427,17360,13949
733,1443,17298,13911
738,1458,17495,14096
731,1438,17303,13886
732,1430,17296,13916
735,1441,17382,13982
733,1446,17307,13919
735,1436,17398,14008
733,1435,17322,13931
733,1440,17325,13929
734,1436,17374,13966
731,1436,17283,13892
739,1460,17531,14140
733,1444,17287,13900
732,1445,17297,13918
734,1438,17361,13954
733,1433,17341,13952
735,1422,17404,13989
732,1455,17316,13904
736,1436,17391,14011
738,1431,17436,14036
738,1447,17375,13943
735,1427,17417,14001
731,1448,17299,13883
736,1440,17426,14030
734,1433,17341,13931
733,1446,17319,13921
735,1427,17399,14013
730,1456,17258,13862
740,1457,17518,14110
748,1477,17707,14268
742,1451,17487,14041
734,1431,17363,13954
732,1447,17286,13902
734,1438,17360,13995
734,1447,17329,13935
734,1439,17373,13961
735,1429,17428,13996
731,1461,17267,13820
736,1425,17405,14001
734,1436,17353,13973
734,1431,17355,13945
734,1434,17398,13987
731,1461,17278,13849
738,1449,17478,14099
736,1428,17379,13965
733,1428,17333,13938
732,1428,17317,13955
731,1459,17257,13865
734,1430,17369,13981
734,1424,17384,13959
733,1451,17349,13940
735,1427,17387,14003
731,1444,17281,13884
735,1447,17401,14042
732,1434,17284,13867
734,1430,17378,13975
737,1439,17368,13954
733,1441,17310,13912
735,1434,17399,14011
731,1442,17265,13868
736,1430,17411,14020
737,1427,17401,13962
734,1427,17379,13964
735,1425,17400,13992
732,1439,17309,13912
734,1441,17369,13978
742,1439,17478,14042
732,1456,17276,13885
735,1428,17401,14013
732,1450,17347,13924
734,1437,17381,13979
738,1445,17386,13968
732,1438,17295,13922
736,1449,17425,14042
732,1448,17298,13907
733,1441,17339,13936
733,1443,17346,13920
739,1435,17424,14008
734,1436,17377,13996
731,1449,17283,13900
733,1442,17314,13938
734,1418,17340,13945
732,1452,17310,13899
737,1448,17456,14070
732,1458,17277,13859
736,1430,17396,14018
734,1436,17360,13983
732,1439,17318,13933
735,1435,17387,14003
734,1462,17297,13846
735,1434,17419,14022
733,1444,17344,13945
733,1440,17333,13935
733,1437,17334,13948
732,1443,17274,13873
734,1428,17388,13982
736,1437,17432,14003
733,1438,17365,13939
735,1433,17403,14012
731,1434,17224,13846
738,1438,17486,14055
735,1437,17404,13998
734,1440,17382,13970
734,1433,17354,13963
732,1449,17257,13849
735,1433,17393,13978
734,1436,17350,13951
733,1439,17336,13960
733,1444,17338,13943
731,1458,17285,13866
736,1437,17394,13973
733,1444,17345,13951
734,1435,17368,13984
734,1428,17363,13986
732,1444,17294,13883
736,1431,17418,14022
733,1433,17381,13976
735,1432,17397,13982
733,1430,17328,13934
732,1444,17301,13905
736,1438,17398,14011
731,1460,17265,13855
735,1435,17374,13977
733,1425,17344,13947
733,1449,17313,13932
736,1437,17425,14023
733,1461,17272,13867
734,1438,17336,13964
734,1434,17340,13973
732,1434,17324,13924
735,1440,17374,13983
732,1432,17289,13905
734,1423,17350,13960
733,1433,17326,13945
734,1458,17334,13936
737,1448,17470,14068
732,1455,17298,13879
732,1442,17321,13907
734,1436,17355,13950
734,1453,17300,13897
735,1430,17400,14014
733,1454,17315,13905
734,1443,17320,13924
736,1439,17352,13934
735,1439,17378,13972
734,1432,17364,13961
732,1458,17291,13895
735,1437,17356,13969
733,1449,17334,13960
735,1456,17346,13926
736,1430,17402,14012
733,1451,17268,13848
736,1434,17391,13998
732,1460,17283,13902
733,1453,17314,13914
736,1425,17400,13986
732,1443,17262,13834
735,1444,17403,13986
734,1447,17356,13963
730,1446,17222,13826
734,1431,17350,13973
732,1447,17290,13883
734,1433,17363,13949
734,1450,17352,13960
732,1450,17307,13917
733,1440,17319,13924
730,1453,17224,13843
737,1439,17422,14039
735,1440,17349,13952
734,1444,17362,13943
735,1431,17376,13983
730,1447,17198,13806
735,1439,17384,13986
735,1436,17354,13980
736,1431,17381,13977
736,1439,17405,14018
732,1454,17296,13883
737,1436,17453,14033
733,1453,17303,13883
734,1438,17336,13970
735,1443,17349,13955
735,1451,17358,13941
743,1447,17545,14077
731,1447,17254,13862
736,1443,17361,13940
733,1435,17336,13932
732,1447,17265,13891
735,1431,17383,14004
731,1453,17239,13841
735,1436,17392,13977
733,1426,17349,13926
733,1463,17313,13909
736,1431,17385,13997
730,1446,17200,13838
734,1439,17355,13950
737,1440,17430,14023
733,1454,17298,13893
737,1433,17478,14036
733,1455,17315,13916
734,1448,17331,13923
734,1438,17339,13958
733,1427,17345,13955
736,1439,17451,14036
731,1443,17244,13845
735,1438,17381,13966
735,1436,17382,14004
731,1457,17249,13869
734,1440,17404,14021
731,1458,17232,13824
734,1445,17349,13923
734,1444,17321,13932
734,1442,17318,13930
735,1430,17383,14002
732,1438,17275,13895
734,1444,17371,13967
734,1444,17310,13923
740,1435,17489,14051
746,1442,17629,14154
743,1462,17489,14028
739,1449,17493,14036
732,1450,17295,13908
733,1462,17311,13898
735,1432,17389,13976
731,1454,17252,13862
737,1439,17435,14019
734,1450,17349,13939
733,1439,17315,13917
734,1429,17328,13939
730,1460,17220,13823
735,1437,17403,13979
737,1429,17420,14019
735,1446,17310,13894
734,1444,17366,13967
731,1461,17195,13811
737,1431,17427,14023
735,1437,17381,13970
734,1454,17334,13901
736,1436,17431,14005
733,1469,17277,13886
734,1439,17340,13946
734,1439,17344,13962
736,1438,17415,13990
734,1430,17379,13975
732,1451,17265,13877
737,1443,17452,14048
734,1436,17340,13936
734,1439,17321,13932
733,1429,17321,13935
733,1449,17283,13897
736,1432,17395,13954
733,1439,17320,13923
735,1442,17360,13963
734,1434,17324,13948
733,1460,17281,13904
737,1422,17433,14029
732,1459,17302,13883
734,1447,17339,13915
737,1431,17449,14029
734,1448,17329,13951
736,1429,17382,13996
733,1432,17321,13922
736,1432,17405,14003
735,1450,17381,13945
734,1448,17326,13932
737,1451,17468,14052
733,1444,17335,13933
734,1433,17328,13947
735,1429,17370,13990
735,1437,17345,13961
741,1466,17592,14156
733,1452,17279,13838
733,1438,17304,13924
738,1466,17350,13938
744,1461,17589,13980
740,1439,17480,14047
746,1452,17632,14182
733,1446,17332,13902
735,1439,17378,13941
743,1443,17619,13993
736,1438,17398,14010
733,1450,17301,13914
732,1435,17403,14012
737,1425,17444,14019
734,1427,17371,13970
735,1446,17381,13972
732,1445,17255,13851
734,1436,17374,13986
737,1446,17428,14039
735,1441,17348,13951
741,1456,17556,14127
745,1462,17572,14130
736,1435,17394,13992
735,1438,17371,13954
746,1470,17633,13963
736,1429,17414,14003
733,1467,17279,13860
738,1438,17473,14048
737,1434,17448,14008
735,1430,17378,13988
736,1436,17409,14021
732,1441,17262,13880
738,1439,17484,14063
736,1432,17430,14014
735,1439,17365,13990
736,1435,17441,14035
734,1463,17304,13900
739,1447,17486,14087
739,1443,17436,14005
735,1439,17381,13990
735,1429,17400,13992
737,1431,17409,14018
737,1438,17425,14036
735,1435,17369,13961
737,1436,17428,14031
735,1437,17384,13969
735,1450,17353,13960
739,1444,17512,14094
745,1462,17690,14032
736,1436,17401,14026
737,1422,17418,14025
733,1431,17364,13964
739,1456,17517,14100
735,1451,17372,13946
736,1431,17393,14000
737,1438,17423,14023
736,1427,17388,14001
738,1448,17477,14080
736,1436,17374,13977
737,1433,17410,14012
736,1432,17435,14004
737,1437,17450,14038
739,1460,17503,14111
735,1441,17372,13965
737,1434,17408,14034
738,1438,17466,14039
740,1440,17504,14073
740,1460,17571,14138
740,1432,17506,14066
738,1433,17444,14039
737,1437,17442,14056
737,1441,17424,14029
742,1465,17581,14172
736,1442,17398,13972
740,1455,17519,14116
741,1464,17566,14146
741,1448,17536,14132
739,1458,17489,14098
742,1464,17497,14106
743,1434,17542,14114
742,1454,17580,14143
742,1468,17571,14170
744,1473,17611,14186
739,1445,17499,14084
741,1469,17541,14158
743,1476,17637,14193
744,1470,17627,14186
746,1474,17708,14263
745,1461,17653,14188
748,1491,17734,14309
743,1472,17610,14198
756,1461,17956,14304
748,1485,17732,14285
747,1473,17723,14268
749,1506,17804,14371
748,1494,17760,14309
748,1483,17734,14288
763,1517,18046,14555
760,1510,17964,14450
753,1503,17895,14443
753,1507,17923,14459
756,1508,17965,14497
770,1528,18335,14763
754,1503,17905,14441
757,1504,18011,14554
758,1507,18039,14546
759,1515,18082,14591
769,1506,18458,14748
763,1526,18191,14650
785,1543,18758,14937
780,1530,18591,14809
768,1520,18260,14738
777,1519,18688,14894
767,1514,18333,14801
773,1492,18525,15003
770,1521,18405,14859
782,1510,18803,15007
786,1542,18949,15157
780,1494,18694,15144
793,1530,19063,15452
778,1493,18669,15088
778,1487,18699,15139
782,1502,18773,15215
781,1496,18782,15214
786,1519,18938,15368
784,1505,18856,15254
790,1547,19080,15456
794,1530,19142,15451
789,1520,19043,15382
794,1549,19175,15547
790,1535,19039,15434
789,1553,19117,15492
795,1544,19219,15545
796,1543,19217,15532
798,1564,19311,15664
797,1551,19241,15577
800,1572,19362,15693
800,1565,19341,15689
801,1570,19370,15711
802,1566,19451,15772
801,1575,19438,15717
808,1580,19653,15926
817,1567,19957,16013
810,1576,19667,15956
809,1573,19632,15951
807,1575,19570,15848
825,1581,20175,16123
815,1570,19871,16094
818,1575,19984,16173
823,1573,20029,16223
816,1572,19854,16139
820,1563,20002,16264
822,1559,20070,16278
833,1565,20446,16413
832,1573,20272,16373
831,1598,20284,16205
835,1542,20531,16467
824,1546,20142,16369
824,1572,20104,16311
823,1557,20083,16318
827,1553,20213,16381
843,1585,20575,16456
826,1554,20186,16430
825,1563,20169,16403
824,1550,20117,16362
819,1569,19998,16202
825,1555,20185,16376
835,1552,20568,16494
824,1558,20158,16322
823,1551,20088,16318
822,1576,19970,16172
820,1565,20010,16267
827,1597,20226,16176
840,1572,20598,16563
835,1548,20492,16456
838,1569,20554,16531
814,1568,19869,16125
811,1573,19708,15986
811,1581,19722,16016
814,1572,19691,15974
809,1581,19647,15907
812,1577,19755,16017
807,1580,19576,15863
804,1573,19479,15790
814,1572,19809,15882
812,1566,19733,15790
802,1573,19458,15750
799,1570,19348,15648
795,1571,19264,15622
795,1549,19212,15582
795,1557,19179,15557
794,1542,19173,15537
790,1543,19066,15434
785,1537,19009,15398
786,1514,18929,15322
788,1526,18989,15360
786,1509,18932,15324
784,1526,18828,15277
779,1483,18688,15120
783,1498,18791,15225
789,1521,18856,15225
784,1506,18780,15180
773,1508,18509,14969
772,1497,18474,14955
770,1506,18412,14925
770,1511,18397,14865
769,1508,18446,14912
767,1511,18341,14823
768,1515,18385,14846
768,1519,18329,14812
768,1536,18221,14692
761,1513,18162,14695
766,1510,18329,14673
763,1507,18244,14721
758,1498,18028,14558
757,1520,18009,14528
756,1511,18005,14547
763,1503,18230,14552
758,1517,18015,14579
755,1499,17969,14530
753,1502,17890,14415
751,1501,17868,14422
750,1484,17764,14314
752,1505,17869,14421
761,1503,18136,14459
761,1493,18170,14455
750,1492,17794,14338
747,1478,17716,14257
759,1473,18103,14378
757,1473,17994,14303
755,1470,17959,14293
751,1505,17845,14408
766,1456,18127,14386
747,1477,17721,14266
748,1474,17769,14263
756,1461,17999,14330
746,1464,17728,14250
751,1474,17848,14280
752,1469,17896,14262
741,1454,17535,14118
752,1450,17928,14244
750,1464,17880,14224
752,1473,17899,14279
749,1469,17825,14257
739,1445,17494,14091
746,1464,17670,14231
745,1459,17656,14200
750,1444,17790,14106
752,1441,17888,14202
740,1446,17504,14104
749,1451,17798,14189
751,1451,17851,14213
751,1446,17793,14112
753,1466,17946,14276
746,1455,17682,14057
749,1439,17783,14138
747,1448,17730,14111
748,1454,17727,14076
749,1452,17800,14182
747,1452,17680,14076
749,1439,17771,14116
749,1452,17788,14157
748,1439,17743,14124
751,1465,17907,14286
743,1446,17621,14041
747,1437,17732,14096
747,1441,17716,14078
749,1461,17782,14119
749,1449,17843,14187
745,1436,17693,14103
742,1444,17601,14101
740,1442,17476,14073
736,1429,17395,13982
740,1449,17522,14097
739,1429,17482,14026
738,1444,17488,14074
737,1434,17422,14014
738,1444,17447,14047
744,1442,17535,14091
735,1442,17354,13942
737,1440,17460,14043
737,1427,17421,14004
742,1426,17596,14034
746,1446,17720,14155
741,1443,17554,14017
738,1443,17470,14058
735,1433,17387,13976
736,1436,17383,13975
737,1425,17434,14019
744,1473,17586,13975
746,1445,17714,14096
735,1431,17364,13998
736,1438,17392,13993
737,1434,17463,14026
741,1453,17533,13943
742,1439,17599,14060
734,1447,17355,13963
736,1431,17388,13986
743,1468,17595,13970
734,1438,17320,13934
758,1478,18026,14376
740,1433,17490,14044
759,1471,18019,14371
737,1430,17422,14029
732,1446,17283,13909
745,1453,17698,14063
733,1448,17303,13866
746,1440,17723,14072
746,1462,17692,14036
744,1437,17659,14100
745,1433,17671,14073
742,1451,17555,13957
744,1459,17631,13993
746,1448,17703,14043
743,1456,17591,13963
747,1443,17770,14172
745,1453,17662,14064
743,1420,17610,14042
745,1434,17692,14094
735,1449,17378,13953
744,1433,17663,14093
734,1419,17377,13969
741,1448,17567,13994
741,1438,17571,14030
736,1454,17421,13961
749,1435,17797,14146
742,1438,17604,14019
744,1455,17668,14035
746,1440,17748,14085
744,1443,17654,14055
749,1438,17750,14157
743,1435,17623,14042
746,1436,17719,14095
745,1437,17706,14069
744,1450,17656,14062
745,1437,17720,14113
743,1441,17611,14022
745,1441,17712,14118
743,1448,17648,14050
744,1432,17646,14057
749,1442,17817,14172
742,1460,17546,13936
746,1451,17747,14154
743,1438,17642,14065
743,1437,17639,14079
747,1441,17740,14119
742,1459,17587,13971
746,1430,17750,14114
745,1427,17717,14099
743,1444,17647,14035
744,1450,17650,14062
741,1454,17534,13938
745,1434,17699,14088
745,1421,17701,14096
745,1436,17700,14112
750,1441,17697,14081
743,1448,17596,14013
745,1434,17695,14116
746,1447,17736,14142
735,1442,17366,13950
735,1456,17378,13960
742,1460,17555,13929
748,1453,17802,14205
743,1439,17549,14033
742,1470,17550,13936
744,1464,17604,13963
733,1449,17304,13895
748,1442,17754,14082
742,1473,17552,13900
746,1505,17631,14014
738,1468,17380,13974
735,1430,17341,13958
737,1444,17464,14064
744,1466,17601,13941
733,1446,17306,13899
745,1459,17673,14028
745,1450,17619,13990
748,1433,17729,14117
753,1447,17849,14207
755,1456,17904,14290
735,1429,17387,13999
734,1444,17337,13945
742,1443,17625,14129
735,1453,17380,13931
740,1435,17506,14040
737,1437,17458,13991
737,1449,17427,13969
736,1439,17478,14041
737,1448,17434,13940
736,1435,17426,13963
738,1426,17457,14012
736,1447,17383,13928
738,1431,17512,14042
749,1458,17685,14163
742,1433,17536,14073
751,1475,17788,14269
735,1443,17375,13934
737,1437,17456,14039
734,1457,17322,13879
738,1438,17488,14042
738,1441,17468,13970
737,1439,17428,13975
738,1432,17474,14038
735,1442,17373,13933
739,1439,17442,13985
736,1438,17407,13957
737,1448,17432,13976
738,1435,17491,14022
734,1452,17361,13876
741,1442,17539,14099
746,1449,17598,14102
