2737,10000
734,1446,17377,13925
730,1471,17225,13775
735,1435,17430,13982
734,1460,17346,13886
735,1442,17377,13949
733,1428,17338,13922
730,1456,17232,13831
735,1442,17391,13947
732,1448,17319,13872
734,1444,17332,13914
732,1446,17327,13899
732,1450,17287,13879
735,1438,17374,13946
735,1456,17324,13886
734,1449,17354,13934
733,1448,17341,13897
732,1436,17295,13891
736,1433,17420,14000
736,1454,17318,13855
731,1446,17287,13886
738,1445,17482,14027
746,1456,17642,14173
743,1444,17538,14033
732,1449,17301,13853
733,1456,17301,13866
733,1443,17313,13880
733,1448,17315,13892
739,1431,17483,14029
732,1466,17309,13860
734,1447,17339,13908
734,1444,17336,13914
731,1454,17261,13845
735,1434,17384,13991
731,1450,17248,13826
733,1455,17323,13920
733,1454,17311,13876
733,1444,17307,13880
736,1436,17361,13942
728,1461,17178,13789
732,1446,17275,13889
733,1449,17320,13921
730,1443,17216,13815
736,1439,17439,14005
733,1465,17267,13807
732,1439,17310,13925
733,1436,17323,13930
730,1461,17256,13846
733,1442,17344,13932
729,1465,17218,13811
734,1438,17356,13969
732,1428,17302,13907
731,1462,17245,13849
733,1442,17333,13937
728,1473,17173,13793
732,1431,17302,13933
732,1446,17284,13867
730,1457,17238,13839
733,1438,17304,13919
729,1461,17190,13795
734,1439,17330,13944
732,1454,17303,13881
731,1440,17274,13861
733,1449,17370,13949
729,1467,17181,13771
733,1440,17321,13930
731,1438,17264,13870
730,1453,17230,13833
733,1446,17326,13937
729,1462,17176,13749
733,1432,17331,13941
732,1448,17293,13887
732,1454,17286,13901
732,1457,17266,13859
729,1442,17176,13816
732,1428,17307,13935
731,1459,17261,13842
731,1456,17277,13867
731,1429,17294,13927
731,1448,17253,13866
735,1435,17375,13984
730,1464,17241,13830
734,1439,17355,13957
732,1454,17311,13900
730,1448,17270,13854
737,1468,17402,14018
731,1467,17216,13809
731,1444,17251,13864
733,1452,17322,13929
736,1434,17414,13975
743,1456,17494,14042
730,1458,17211,13796
731,1453,17272,13878
735,1451,17303,13895
726,1428,17212,13844
734,1438,17367,13982
730,1448,17244,13830
731,1442,17273,13874
731,1445,17283,13891
732,1441,17284,13892
734,1436,17350,13961
730,1454,17233,13847
731,1444,17262,13874
734,1439,17353,13934
730,1456,17253,13839
734,1438,17381,13998
729,1464,17175,13794
733,1432,17307,13926
732,1456,17301,13884
732,1447,17293,13868
733,1439,17307,13923
729,1447,17201,13796
731,1437,17283,13906
733,1441,17301,13918
732,1432,17271,13893
732,1443,17299,13920
732,1451,17260,13845
733,1445,17310,13884
732,1454,17297,13909
733,1450,17323,13909
741,1448,17433,14010
730,1458,17176,13749
733,1429,17333,13925
733,1440,17313,13884
731,1436,17296,13898
731,1454,17252,13870
729,1447,17186,13791
732,1439,17303,13915
733,1457,17312,13911
732,1444,17301,13889
736,1432,17378,13985
735,1477,17280,13819
734,1439,17348,13964
731,1455,17253,13869
731,1446,17256,13864
733,1445,17286,13877
732,1449,17280,13869
738,1437,17462,14040
744,1458,17597,14171
741,1453,17425,13995
734,1447,17306,13909
731,1449,17262,13862
733,1426,17366,13978
730,1450,17261,13847
733,1453,17338,13927
743,1455,17480,14027
730,1456,17202,13807
736,1438,17417,14014
731,1460,17271,13838
731,1443,17302,13900
741,1422,17598,14048
737,1472,17340,13885
742,1432,17618,14039
735,1424,17380,13878
730,1447,17235,13850
736,1433,17449,13987
731,1460,17258,13854
742,1424,17610,14036
730,1449,17225,13850
732,1446,17295,13904
730,1456,17225,13850
734,1450,17329,13942
735,1432,17386,13991
731,1450,17248,13825
731,1447,17299,13881
733,1431,17305,13915
730,1449,17215,13850
734,1449,17341,13957
729,1455,17219,13812
732,1453,17279,13856
735,1443,17381,13928
733,1456,17270,13837
734,1427,17363,13973
729,1454,17202,13810
733,1448,17301,13906
732,1451,17296,13916
732,1451,17284,13882
734,1433,17334,13946
730,1447,17227,13833
733,1432,17339,13961
732,1457,17263,13891
732,1445,17276,13873
733,1433,17328,13934
731,1447,17262,13846
734,1447,17358,13919
732,1444,17301,13905
731,1451,17228,13851
734,1446,17334,13956
730,1451,17211,13786
733,1437,17338,13924
732,1454,17303,13910
733,1442,17331,13921
733,1445,17281,13888
729,1445,17189,13799
733,1443,17330,13952
730,1439,17314,13915
732,1441,17314,13890
732,1434,17294,13894
729,1471,17182,13788
734,1428,17335,13959
732,1431,17291,13922
734,1437,17344,13961
732,1444,17320,13911
730,1460,17238,13816
732,1438,17409,13995
731,1443,17266,13873
733,1445,17301,13909
733,1440,17320,13942
729,1462,17213,13828
735,1424,17382,13978
730,1455,17219,13825
733,1441,17322,13911
731,1449,17278,13875
732,1452,17273,13902
735,1439,17345,13954
729,1450,17197,13816
732,1448,17290,13876
733,1437,17297,13900
727,1450,17161,13780
735,1428,17396,14007
731,1448,17224,13839
732,1440,17317,13897
732,1453,17305,13921
732,1447,17269,13873
736,1424,17422,14012
730,1458,17231,13834
736,1447,17389,13980
745,1461,17584,14154
731,1443,17259,13856
737,1445,17486,14053
734,1467,17275,13841
732,1444,17283,13875
732,1443,17276,13908
733,1454,17275,13886
733,1436,17342,13945
729,1445,17193,13792
733,1448,17300,13893
733,1452,17324,13934
732,1445,17263,13839
743,1447,17554,14129
730,1459,17211,13835
733,1444,17325,13925
731,1454,17277,13874
731,1449,17280,13865
733,1434,17346,13938
731,1458,17233,13849
733,1430,17327,13958
732,1439,17299,13919
731,1446,17277,13875
733,1444,17357,13951
729,1460,17209,13806
735,1438,17373,13983
732,1448,17296,13911
732,1441,17283,13888
733,1444,17311,13937
728,1468,17159,13770
734,1444,17354,13939
734,1441,17351,13934
730,1452,17248,13849
734,1457,17350,13950
728,1471,17148,13792
733,1437,17348,13946
734,1425,17356,13963
734,1438,17355,13937
733,1433,17369,13945
730,1463,17177,13790
735,1427,17377,13997
739,1455,17402,13975
731,1451,17264,13873
733,1441,17352,13931
730,1435,17217,13838
733,1436,17339,13941
735,1426,17352,13950
738,1469,17375,13938
732,1437,17290,13901
731,1456,17225,13830
736,1429,17418,14012
731,1463,17253,13852
731,1450,17254,13854
731,1450,17288,13896
730,1448,17214,13840
737,1423,17447,14020
730,1462,17228,13804
734,1450,17360,13938
734,1449,17326,13900
732,1452,17280,13884
734,1441,17378,13990
732,1464,17285,13876
732,1452,17296,13886
735,1428,17380,13993
731,1465,17249,13858
732,1428,17333,13931
733,1451,17299,13912
735,1472,17270,13831
733,1442,17310,13911
731,1457,17257,13865
734,1429,17382,13961
732,1454,17268,13872
737,1465,17339,13903
733,1434,17310,13916
730,1452,17234,13847
733,1433,17333,13931
730,1466,17211,13796
734,1447,17338,13927
729,1441,17263,13846
731,1449,17258,13860
733,1441,17331,13942
729,1450,17184,13793
735,1432,17384,13972
732,1452,17304,13884
732,1448,17295,13912
733,1447,17316,13910
729,1453,17173,13785
737,1431,17425,14016
746,1463,17623,14187
735,1471,17286,13860
733,1444,17338,13932
730,1456,17213,13815
732,1444,17306,13916
733,1446,17312,13933
730,1448,17232,13848
734,1444,17329,13916
729,1467,17168,13774
739,1434,17412,13999
733,1451,17334,13911
729,1463,17223,13843
733,1435,17300,13921
729,1458,17161,13736
734,1439,17358,13952
735,1455,17345,13894
732,1446,17280,13874
731,1442,17305,13901
730,1449,17201,13812
734,1436,17349,13962
730,1441,17236,13857
734,1439,17317,13941
736,1456,17371,13924
733,1465,17211,13813
734,1431,17366,13984
730,1448,17236,13838
732,1447,17279,13899
732,1435,17289,13882
730,1462,17241,13833
736,1426,17405,14005
731,1456,17263,13845
731,1436,17280,13894
733,1448,17294,13913
731,1463,17215,13799
735,1423,17407,13989
732,1462,17231,13804
735,1442,17359,13946
732,1441,17316,13908
731,1458,17250,13859
735,1434,17400,14012
731,1444,17221,13838
733,1439,17336,13946
732,1445,17296,13883
732,1460,17282,13877
736,1433,17391,13991
729,1455,17197,13805
732,1443,17263,13888
736,1438,17421,14009
739,1446,17430,14008
740,1443,17526,14089
739,1444,17440,13999
737,1436,17403,13999
740,1426,17471,14044
741,1449,17469,14048
733,1428,17358,13967
730,1457,17239,13817
734,1442,17344,13955
734,1452,17300,13876
730,1444,17230,13840
733,1422,17302,13891
730,1466,17213,13821
733,1432,17338,13962
731,1451,17297,13879
732,1443,17270,13900
733,1428,17312,13943
730,1461,17203,13823
734,1455,17318,13916
733,1443,17317,13909
734,1469,17288,13862
734,1446,17341,13933
729,1457,17220,13790
733,1434,17333,13950
731,1448,17257,13877
733,1443,17304,13933
733,1443,17307,13880
730,1441,17228,13818
736,1434,17402,14001
736,1469,17339,13890
730,1438,17239,13854
733,1441,17299,13914
729,1474,17194,13823
732,1435,17310,13942
733,1439,17341,13927
731,1458,17232,13848
735,1447,17380,13991
729,1464,17181,13774
734,1430,17341,13970
731,1440,17252,13858
732,1440,17324,13917
732,1423,17318,13893
732,1455,17262,13848
733,1435,17326,13932
731,1453,17261,13862
731,1449,17256,13868
732,1456,17318,13910
732,1456,17306,13881
741,1452,17539,14118
733,1438,17319,13926
728,1430,17252,13894
732,1466,17289,13887
730,1458,17235,13848
734,1434,17355,13997
730,1455,17248,13824
732,1451,17288,13877
732,1447,17307,13928
731,1439,17271,13862
735,1430,17370,14000
732,1453,17267,13859
732,1445,17296,13903
732,1451,17285,13857
733,1450,17315,13907
735,1431,17364,13970
730,1455,17231,13845
730,1447,17218,13837
733,1431,17331,13934
732,1452,17282,13876
733,1427,17338,13955
731,1451,17267,13862
731,1452,17249,13861
732,1440,17284,13902
731,1438,17254,13874
733,1435,17324,13936
731,1457,17238,13807
734,1438,17363,13968
731,1444,17263,13856
732,1440,17275,13892
731,1445,17277,13900
729,1449,17217,13831
733,1442,17310,13909
733,1436,17360,13951
734,1452,17377,13943
733,1439,17345,13941
730,1448,17215,13839
733,1450,17303,13914
732,1432,17316,13914
733,1447,17310,13881
733,1443,17301,13919
728,1478,17161,13746
733,1436,17321,13932
735,1439,17378,13987
735,1452,17297,13876
733,1442,17320,13945
731,1458,17265,13846
732,1435,17310,13937
735,1429,17365,13962
730,1460,17257,13866
733,1442,17303,13935
730,1468,17229,13822
734,1429,17369,13973
732,1449,17314,13904
733,1439,17329,13907
731,1456,17256,13860
733,1455,17291,13900
745,1449,17579,14133
735,1454,17297,13854
732,1437,17324,13935
732,1445,17283,13897
732,1448,17285,13892
734,1426,17380,13978
732,1461,17256,13864
740,1464,17430,13983
732,1463,17269,13876
732,1439,17294,13886
734,1429,17377,13967
730,1453,17229,13838
732,1439,17286,13912
732,1450,17303,13907
731,1453,17255,13850
734,1429,17364,13966
731,1464,17260,13851
733,1446,17333,13922
732,1446,17271,13892
731,1438,17248,13860
732,1446,17325,13930
734,1441,17341,13927
742,1464,17480,14009
737,1461,17351,13919
731,1454,17284,13877
733,1439,17352,13968
731,1450,17251,13877
730,1446,17235,13846
730,1445,17247,13856
732,1455,17303,13888
739,1454,17424,13977
730,1453,17230,13841
737,1456,17345,13916
731,1445,17263,13881
731,1451,17262,13867
732,1442,17336,13927
729,1447,17213,13808
732,1434,17347,13926
731,1448,17244,13856
732,1457,17266,13876
732,1441,17304,13912
729,1458,17209,13798
734,1428,17360,13948
731,1448,17263,13864
730,1450,17258,13879
731,1446,17276,13895
732,1451,17239,13836
735,1441,17416,14024
730,1442,17241,13852
733,1459,17330,13902
735,1426,17386,13997
728,1456,17157,13769
735,1423,17379,13976
740,1464,17409,13997
730,1449,17230,13823
734,1436,17357,13943
730,1450,17206,13771
735,1440,17385,13962
732,1435,17288,13891
732,1459,17268,13903
729,1434,17250,13874
730,1450,17231,13833
732,1440,17335,13918
729,1455,17227,13831
733,1442,17340,13923
733,1423,17307,13929
735,1440,17349,13949
746,1442,17595,14139
737,1474,17342,13898
731,1438,17276,13865
732,1439,17304,13912
729,1449,17213,13826
738,1443,17457,14054
740,1442,17479,14060
733,1443,17307,13918
733,1429,17302,13901
731,1459,17277,13847
735,1432,17397,13979
731,1463,17234,13840
730,1450,17241,13876
731,1439,17247,13875
732,1446,17312,13892
735,1439,17367,13942
730,1458,17215,13828
731,1442,17254,13863
734,1433,17335,13944
731,1438,17254,13859
735,1425,17370,14000
729,1463,17188,13787
733,1445,17313,13902
730,1441,17243,13825
732,1462,17289,13889
739,1439,17470,14061
743,1438,17526,14115
740,1433,17496,14054
744,1466,17607,14165
735,1444,17376,13941
741,1445,17472,14015
729,1450,17203,13816
734,1439,17348,13949
730,1441,17222,13837
732,1453,17266,13872
732,1440,17323,13910
729,1473,17178,13782
737,1448,17374,13935
730,1452,17225,13847
733,1435,17309,13928
732,1453,17283,13877
728,1447,17185,13817
733,1448,17356,13933
732,1441,17293,13907
735,1441,17364,13968
743,1463,17492,14058
741,1446,17478,14057
733,1446,17297,13886
731,1455,17292,13890
731,1457,17285,13877
733,1450,17308,13897
731,1450,17249,13794
733,1438,17342,13972
731,1450,17244,13866
732,1437,17320,13897
732,1444,17274,13875
729,1468,17193,13798
732,1438,17320,13916
732,1450,17287,13869
731,1449,17237,13863
733,1453,17285,13881
729,1454,17186,13794
735,1437,17394,13990
730,1452,17231,13835
730,1453,17245,13849
731,1439,17289,13887
730,1458,17192,13820
733,1433,17340,13940
731,1455,17248,13831
735,1442,17390,13947
731,1449,17297,13879
732,1461,17293,13896
735,1450,17327,13914
732,1452,17271,13861
735,1442,17379,13957
734,1449,17336,13879
733,1449,17294,13904
734,1431,17338,13907
731,1445,17275,13868
730,1453,17230,13818
731,1436,17250,13878
733,1457,17279,13888
742,1451,17489,14041
730,1459,17229,13833
729,1454,17222,13837
733,1445,17340,13955
730,1459,17205,13831
734,1429,17385,13969
731,1456,17259,13842
731,1447,17263,13843
730,1449,17266,13841
732,1456,17263,13871
737,1451,17385,13951
729,1458,17180,13784
733,1453,17304,13890
731,1467,17256,13870
730,1442,17236,13846
734,1437,17369,13962
732,1457,17252,13852
732,1438,17305,13926
732,1439,17267,13894
729,1453,17203,13840
734,1440,17391,13950
730,1446,17221,13825
734,1433,17343,13961
732,1453,17270,13891
730,1460,17226,13846
733,1434,17336,13944
729,1458,17169,13747
733,1434,17346,13932
733,1451,17310,13878
742,1462,17473,14016
731,1447,17253,13867
729,1461,17179,13801
734,1428,17353,13955
732,1451,17289,13854
731,1461,17230,13850
730,1447,17260,13867
729,1461,17173,13776
733,1437,17298,13906
731,1442,17250,13884
731,1463,17259,13869
733,1451,17352,13933
729,1444,17178,13791
734,1435,17339,13950
732,1443,17301,13902
732,1440,17291,13896
732,1445,17297,13906
729,1462,17188,13814
736,1433,17406,14007
731,1454,17284,13844
731,1452,17241,13864
733,1436,17322,13944
729,1448,17200,13812
733,1433,17332,13922
731,1462,17262,13841
732,1443,17305,13908
732,1448,17282,13894
730,1445,17209,13830
734,1435,17348,13959
729,1459,17204,13826
731,1457,17224,13826
733,1439,17332,13923
730,1459,17208,13821
736,1434,17418,14012
731,1456,17219,13807
732,1444,17259,13878
732,1453,17277,13871
731,1441,17274,13868
734,1433,17372,13967
730,1455,17245,13835
732,1445,17280,13886
731,1451,17239,13849
731,1440,17269,13876
733,1432,17362,13944
729,1453,17275,13853
731,1441,17238,13852
732,1452,17312,13909
732,1439,17279,13896
731,1438,17293,13911
729,1441,17191,13809
747,1455,17641,14201
731,1446,17258,13856
730,1451,17220,13825
733,1445,17288,13885
729,1468,17185,13791
735,1439,17320,13921
732,1450,17292,13883
732,1459,17286,13877
735,1442,17442,14039
737,1474,17326,13861
733,1437,17318,13906
731,1448,17257,13876
731,1456,17250,13867
731,1443,17295,13902
731,1449,17265,13853
731,1449,17276,13882
734,1453,17340,13929
728,1442,17227,13850
732,1444,17308,13921
729,1461,17162,13766
734,1435,17356,13967
733,1438,17319,13905
731,1448,17267,13863
733,1449,17302,13894
728,1468,17161,13763
734,1432,17327,13952
731,1437,17314,13889
732,1439,17305,13901
733,1456,17336,13918
730,1447,17220,13780
733,1440,17347,13958
730,1454,17216,13831
731,1450,17241,13863
731,1434,17287,13881
731,1448,17264,13855
734,1438,17353,13962
729,1462,17203,13804
732,1440,17270,13893
732,1445,17306,13909
729,1468,17193,13792
734,1441,17350,13952
731,1448,17265,13851
731,1439,17280,13880
731,1439,17297,13899
733,1459,17282,13892
732,1441,17308,13937
731,1462,17236,13851
731,1447,17248,13854
735,1432,17400,13971
741,1457,17499,13912
740,1432,17559,14055
733,1445,17314,13851
739,1431,17518,13977
739,1456,17498,13937
738,1438,17482,13961
735,1438,17370,13961
730,1453,17212,13818
731,1448,17241,13834
734,1450,17373,13906
734,1450,17330,13911
738,1435,17476,14044
738,1476,17368,13906
736,1447,17345,13907
728,1455,17225,13841
734,1442,17364,13911
737,1427,17486,14025
730,1455,17213,13818
736,1451,17392,13973
732,1439,17301,13887
733,1443,17335,13916
734,1433,17356,13926
730,1460,17227,13796
737,1437,17455,14004
734,1439,17352,13931
733,1428,17317,13913
735,1441,17371,13929
732,1465,17277,13812
736,1442,17428,13982
733,1439,17315,13905
732,1459,17281,13861
739,1427,17507,14062
746,1445,17637,14134
735,1446,17381,13952
734,1441,17341,13922
733,1448,17341,13905
735,1449,17367,13952
731,1456,17255,13807
737,1435,17452,14007
735,1439,17387,13920
737,1423,17447,13990
736,1447,17372,13908
733,1458,17299,13873
738,1443,17476,14054
748,1460,17694,14201
735,1447,17380,13948
735,1442,17380,13939
732,1466,17305,13854
737,1429,17436,14001
732,1443,17290,13855
735,1438,17395,13952
735,1443,17352,13918
733,1456,17323,13869
737,1434,17442,14007
731,1453,17261,13840
734,1430,17358,13930
734,1453,17352,13924
733,1451,17296,13850
737,1441,17452,13999
733,1442,17320,13865
733,1447,17364,13895
736,1435,17398,13976
735,1455,17352,13917
736,1430,17422,13994
733,1456,17326,13879
734,1447,17366,13912
732,1447,17312,13886
735,1444,17388,13947
735,1437,17398,13967
732,1447,17285,13863
732,1438,17311,13881
734,1457,17343,13916
734,1459,17348,13895
736,1435,17401,13967
733,1451,17302,13881
732,1454,17294,13878
733,1451,17302,13886
734,1426,17363,13932
736,1429,17417,13980
731,1461,17275,13821
735,1456,17379,13926
734,1440,17345,13919
732,1447,17290,13868
736,1424,17416,13990
733,1458,17273,13810
736,1437,17433,13979
734,1442,17358,13930
732,1454,17272,13816
735,1429,17403,13979
730,1466,17210,13777
734,1434,17361,13955
734,1447,17345,13926
733,1446,17319,13870
734,1449,17357,13922
731,1473,17248,13807
735,1438,17388,13949
733,1449,17320,13897
734,1444,17340,13888
734,1445,17353,13907
731,1455,17273,13835
734,1435,17410,13957
735,1445,17322,13905
734,1443,17348,13930
735,1434,17375,13963
731,1461,17247,13802
736,1440,17416,13959
735,1439,17358,13933
734,1458,17343,13923
735,1449,17370,13927
731,1467,17242,13808
734,1428,17367,13953
734,1444,17370,13953
734,1449,17363,13912
736,1441,17406,13983
731,1454,17257,13823
736,1426,17408,13991
732,1443,17305,13876
735,1447,17378,13942
734,1436,17369,13942
734,1443,17357,13897
736,1434,17431,13967
734,1447,17336,13926
732,1448,17291,13878
735,1427,17374,13969
732,1451,17298,13861
738,1435,17497,14027
731,1461,17261,13815
733,1448,17347,13917
733,1451,17313,13891
732,1435,17301,13871
736,1423,17406,13983
733,1449,17303,13889
734,1443,17351,13895
734,1452,17344,13878
732,1450,17286,13861
738,1433,17468,14028
731,1458,17266,13846
735,1443,17367,13927
734,1435,17349,13897
731,1444,17265,13862
734,1431,17411,13997
735,1462,17396,13906
736,1435,17448,13957
740,1437,17563,14020
729,1442,17282,13878
741,1438,17633,14018
730,1463,17241,13832
747,1419,17727,14069
734,1429,17346,13941
743,1473,17536,13923
731,1448,17282,13897
744,1450,17567,13895
772,1427,18494,14307
737,1442,17414,13889
733,1430,17324,13913
743,1454,17581,13960
738,1463,17396,13795
744,1443,17656,14028
740,1471,17493,13867
742,1471,17559,13925
744,1457,17639,13982
738,1468,17395,13762
746,1436,17713,14108
748,1464,17630,13986
742,1467,17565,13949
741,1465,17569,13947
741,1457,17522,13920
743,1465,17594,13955
737,1442,17459,13990
736,1443,17446,13918
742,1436,17595,14014
739,1464,17423,13802
737,1437,17476,13975
743,1456,17618,13984
742,1455,17567,13964
740,1440,17511,13960
736,1454,17403,13883
738,1429,17519,14006
734,1451,17366,13893
733,1446,17307,13902
736,1451,17375,13917
730,1463,17219,13819
733,1439,17324,13931
729,1460,17193,13817
733,1433,17338,13933
732,1441,17320,13904
732,1446,17273,13886
734,1440,17357,13958
730,1451,17226,13842
731,1446,17270,13886
733,1442,17314,13916
730,1442,17232,13855
735,1431,17398,13980
731,1440,17270,13859
731,1457,17250,13839
732,1446,17276,13898
731,1447,17244,13866
737,1423,17428,14019
730,1463,17223,13796
732,1447,17301,13896
732,1451,17326,13903
731,1444,17246,13849
737,1429,17428,14042
729,1462,17190,13788
732,1449,17307,13878
732,1437,17314,13896
730,1460,17229,13833
734,1429,17360,13963
729,1451,17186,13799
733,1446,17308,13913
733,1461,17293,13914
730,1448,17220,13822
735,1439,17389,13972
730,1452,17215,13814
732,1442,17318,13927
735,1446,17370,13980
730,1461,17201,13827
732,1436,17315,13922
730,1453,17236,13831
734,1435,17359,13954
732,1439,17324,13922
732,1452,17271,13899
734,1428,17366,13977
738,1472,17358,13905
735,1442,17371,13948
733,1440,17319,13933
732,1442,17270,13882
734,1447,17340,13948
728,1459,17155,13756
738,1436,17383,13994
731,1438,17271,13889
731,1434,17256,13870
734,1445,17338,13902
729,1452,17188,13786
732,1434,17310,13939
734,1444,17336,13962
730,1453,17221,13854
733,1433,17351,13944
729,1456,17196,13784
733,1438,17354,13931
737,1431,17447,14012
735,1450,17322,13886
732,1445,17311,13930
730,1448,17208,13832
734,1434,17362,13973
734,1439,17349,13939
733,1454,17292,13857
733,1442,17347,13942
729,1447,17192,13807
733,1429,17327,13963
730,1452,17218,13831
731,1458,17251,13868
734,1438,17362,13967
730,1451,17215,13826
735,1418,17369,13975
730,1453,17213,13833
732,1458,17245,13835
733,1438,17327,13927
731,1468,17259,13831
736,1433,17430,14009
730,1469,17248,13800
731,1445,17260,13882
731,1435,17271,13888
731,1458,17252,13851
735,1424,17384,13969
730,1461,17236,13818
733,1448,17325,13930
737,1457,17344,13919
733,1462,17239,13866
736,1442,17413,14032
729,1449,17196,13810
731,1453,17260,13872
732,1453,17267,13856
731,1467,17258,13861
733,1443,17360,13961
729,1470,17181,13776
732,1441,17269,13899
732,1429,17320,13916
731,1447,17255,13850
735,1449,17390,13967
729,1452,17211,13791
745,1457,17537,14082
735,1461,17302,13895
731,1451,17250,13859
732,1441,17309,13892
729,1450,17214,13815
737,1441,17410,14012
733,1449,17298,13867
732,1452,17251,13854
732,1437,17305,13919
729,1469,17170,13784
733,1438,17318,13948
733,1439,17324,13917
731,1460,17257,13861
734,1449,17331,13953
728,1472,17160,13771
734,1431,17355,13966
732,1438,17305,13890
731,1457,17291,13863
735,1442,17378,13970
732,1461,17238,13799
732,1440,17319,13934
732,1441,17274,13889
732,1445,17265,13881
735,1442,17361,13967
732,1451,17285,13883
745,1449,17661,14021
740,1457,17568,13953
730,1461,17245,13843
733,1443,17325,13913
738,1438,17477,13943
741,1427,17602,14036
730,1452,17253,13834
743,1437,17641,14022
742,1444,17556,13951
743,1460,17618,14002
732,1416,17285,13893
744,1455,17610,13990
745,1457,17611,13952
742,1444,17598,14022
733,1454,17317,13892
735,1430,17395,14010
729,1462,17184,13797
733,1447,17306,13924
734,1441,17329,13930
736,1464,17297,13864
733,1431,17335,13939
731,1461,17242,13837
731,1447,17260,13890
733,1439,17310,13924
732,1452,17254,13874
735,1433,17389,13998
730,1439,17230,13824
731,1440,17265,13864
736,1461,17334,13896
731,1465,17275,13870
733,1425,17339,13971
730,1453,17206,13809
731,1438,17267,13867
732,1448,17286,13862
732,1438,17315,13913
733,1448,17330,13942
729,1448,17201,13815
732,1444,17283,13885
734,1441,17358,13939
731,1461,17295,13876
732,1435,17302,13925
729,1445,17203,13814
734,1434,17342,13950
731,1456,17267,13863
730,1471,17230,13848
732,1435,17325,13940
729,1459,17218,13792
735,1433,17380,13987
732,1457,17307,13901
731,1459,17254,13854
733,1433,17302,13923
729,1451,17197,13786
733,1452,17341,13916
734,1450,17337,13936
732,1449,17291,13864
731,1442,17275,13888
730,1457,17218,13824
733,1435,17325,13951
735,1445,17387,13980
737,1445,17462,13949
734,1438,17323,13940
729,1465,17196,13787
734,1443,17352,13969
733,1433,17317,13932
741,1441,17572,14023
733,1437,17293,13906
740,1443,17512,13897
737,1435,17479,14000
732,1456,17267,13879
737,1422,17492,14001
742,1444,17573,13963
741,1466,17541,13918
743,1446,17662,14053
741,1459,17563,13929
734,1441,17341,13876
743,1434,17625,14040
730,1466,17210,13795
750,1451,17804,14193
752,1460,17754,14092
753,1466,17779,14090
745,1448,17598,14017
741,1455,17542,13931
736,1436,17395,13992
733,1458,17258,13832
741,1424,17587,14005
730,1441,17254,13860
740,1445,17544,13962
745,1431,17699,14099
730,1455,17220,13820
740,1439,17528,13978
735,1445,17412,13953
730,1464,17276,13830
736,1432,17434,14038
730,1463,17227,13804
733,1429,17340,13918
732,1443,17288,13918
730,1465,17225,13828
735,1438,17351,13972
731,1461,17234,13825
735,1456,17383,13901
731,1452,17252,13866
732,1446,17291,13887
736,1445,17355,13914
730,1455,17234,13838
732,1433,17296,13921
734,1435,17320,13933
734,1452,17281,13849
734,1430,17357,13965
728,1458,17156,13749
735,1430,17371,13984
735,1443,17402,13903
737,1445,17392,13983
749,1442,17725,14082
739,1458,17499,13885
746,1440,17742,14079
743,1444,17550,13925
741,1426,17564,14006
732,1436,17275,13885
738,1453,17507,13899
744,1430,17698,14084
760,1431,18075,14119
742,1441,17576,13988
742,1447,17492,14051
731,1465,17187,13766
733,1447,17307,13917
737,1432,17403,14014
754,1458,17939,14285
737,1453,17370,13933
729,1478,17154,13745
743,1426,17649,14069
739,1434,17535,13993
741,1438,17601,14004
742,1440,17560,13958
732,1455,17273,13883
733,1435,17355,13952
740,1441,17570,13990
740,1455,17495,13933
738,1440,17531,13957
741,1442,17604,13989
733,1435,17353,13930
730,1451,17227,13833
739,1439,17549,13967
740,1433,17559,14014
738,1437,17472,13953
739,1441,17513,13983
736,1455,17379,13850
738,1446,17480,13927
737,1449,17479,13945
737,1450,17437,13922
739,1427,17544,14018
735,1460,17386,13871
738,1446,17473,13938
739,1434,17513,13951
734,1453,17355,13906
745,1433,17719,14119
738,1458,17426,13869
738,1445,17468,13951
733,1444,17311,13897
737,1441,17456,13944
741,1443,17596,14061
732,1455,17289,13827
732,1453,17289,13887
730,1445,17247,13843
730,1462,17235,13826
734,1427,17347,13963
729,1451,17175,13789
732,1442,17309,13892
731,1459,17280,13877
728,1470,17186,13801
732,1445,17302,13912
728,1455,17153,13800
733,1447,17324,13921
734,1440,17336,13917
730,1455,17250,13857
737,1428,17436,14009
733,1465,17235,13811
732,1442,17278,13888
733,1449,17307,13893
733,1439,17332,13912
735,1436,17387,13965
729,1460,17172,13794
733,1441,17342,13926
732,1447,17303,13910
731,1461,17250,13869
731,1437,17267,13895
729,1461,17169,13795
733,1443,17342,13928
732,1446,17318,13923
731,1449,17261,13876
734,1435,17326,13940
729,1466,17183,13775
732,1449,17328,13912
733,1439,17334,13928
732,1439,17303,13897
732,1439,17292,13863
733,1460,17220,13841
732,1448,17302,13902
731,1456,17249,13856
731,1452,17257,13858
733,1446,17326,13909
729,1460,17197,13797
733,1439,17333,13932
730,1445,17228,13857
731,1438,17271,13893
729,1437,17293,13928
731,1452,17241,13860
733,1439,17345,13936
729,1458,17214,13812
730,1442,17233,13843
735,1431,17397,13999
730,1453,17224,13840
734,1430,17339,13949
729,1439,17213,13825
733,1440,17303,13903
734,1440,17362,13940
731,1458,17263,13856
733,1426,17330,13955
731,1455,17249,13862
731,1456,17261,13837
732,1452,17322,13909
735,1472,17299,13879
737,1447,17450,14045
733,1461,17258,13826
730,1453,17231,13845
731,1455,17265,13863
730,1451,17241,13852
734,1432,17378,13992
733,1461,17274,13859
731,1462,17251,13849
733,1433,17338,13920
729,1452,17207,13816
734,1426,17359,13963
730,1458,17208,13811
734,1450,17346,13922
732,1447,17292,13853
732,1439,17280,13890
732,1441,17290,13911
728,1457,17155,13765
736,1432,17421,14018
731,1454,17282,13871
737,1433,17396,13994
746,1459,17650,14191
729,1455,17197,13803
735,1443,17396,13952
734,1448,17325,13907
732,1439,17293,13921
735,1443,17342,13905
731,1463,17247,13849
732,1440,17303,13904
733,1440,17349,13925
734,1431,17333,13917
732,1459,17299,13890
732,1458,17254,13857
737,1442,17377,13940
733,1433,17352,13943
732,1442,17274,13896
730,1446,17244,13854
728,1452,17172,13803
735,1437,17356,13946
735,1439,17360,13953
733,1439,17321,13921
732,1440,17311,13908
730,1468,17221,13824
733,1435,17310,13921
731,1448,17250,13854
731,1432,17269,13891
735,1463,17386,13947
740,1461,17445,14010
732,1441,17300,13915
731,1447,17242,13830
731,1448,17274,13892
732,1449,17301,13900
733,1445,17300,13901
734,1435,17387,13984
730,1463,17233,13814
731,1456,17258,13881
732,1446,17275,13880
730,1447,17223,13856
735,1433,17355,13927
731,1458,17271,13850
733,1452,17274,13889
734,1429,17368,13961
730,1454,17226,13824
737,1446,17424,14028
736,1468,17307,13866
730,1453,17242,13861
734,1434,17346,13942
733,1438,17318,13910
735,1427,17392,13992
735,1471,17286,13854
730,1452,17217,13849
731,1451,17269,13885
731,1444,17268,13865
737,1431,17468,14039
731,1449,17263,13831
733,1444,17312,13918
731,1444,17248,13863
732,1435,17259,13868
732,1441,17342,13919
730,1460,17236,13841
734,1445,17333,13940
731,1444,17274,13864
730,1446,17234,13847
732,1447,17317,13931
729,1455,17177,13779
735,1435,17392,13994
735,1453,17351,13891
731,1436,17278,13862
731,1433,17275,13894
730,1454,17211,13826
733,1437,17313,13935
733,1435,17324,13916
732,1453,17271,13875
732,1445,17327,13928
730,1453,17230,13816
735,1432,17369,13973
732,1435,17290,13887
732,1454,17269,13884
734,1456,17341,13952
728,1463,17174,13773
733,1442,17320,13911
733,1442,17342,13940
734,1429,17353,13956
742,1464,17481,14067
731,1456,17180,13751
734,1436,17351,13966
732,1450,17321,13912
739,1429,17461,14038
743,1442,17536,14119
735,1445,17332,13915
741,1450,17491,14089
745,1446,17571,14124
735,1450,17367,13957
736,1455,17368,13907
730,1449,17237,13826
734,1435,17341,13937
729,1456,17226,13846
731,1438,17291,13921
731,1442,17283,13888
731,1452,17283,13879
734,1429,17376,13995
733,1427,17324,13930
731,1448,17242,13825
734,1431,17354,13953
730,1468,17222,13821
735,1436,17367,13989
730,1457,17250,13838
732,1443,17277,13880
731,1453,17275,13886
731,1441,17266,13856
734,1443,17340,13942
730,1468,17195,13774
733,1439,17315,13917
732,1443,17308,13881
732,1432,17284,13865
733,1450,17322,13945
731,1465,17218,13822
733,1434,17319,13928
733,1452,17308,13894
732,1459,17300,13885
733,1433,17318,13923
730,1458,17227,13823
732,1457,17269,13860
734,1441,17340,13945
730,1461,17244,13851
733,1431,17330,13954
731,1462,17255,13830
733,1439,17307,13910
732,1449,17288,13895
731,1453,17256,13866
732,1444,17280,13889
729,1471,17193,13789
734,1441,17360,13955
731,1444,17282,13847
732,1450,17302,13884
732,1442,17296,13906
729,1449,17192,13803
732,1438,17306,13913
732,1447,17297,13902
731,1444,17265,13867
730,1459,17238,13825
730,1462,17213,13802
734,1442,17347,13942
733,1441,17332,13917
730,1453,17215,13852
734,1431,17338,13953
730,1450,17247,13837
736,1440,17416,13989
732,1437,17290,13902
732,1446,17284,13883
732,1429,17276,13884
729,1458,17192,13776
734,1438,17379,13973
731,1454,17293,13873
736,1441,17404,13971
740,1452,17446,13995
729,1468,17162,13753
732,1435,17305,13921
731,1438,17255,13852
731,1448,17262,13875
731,1450,17291,13888
730,1458,17235,13834
734,1428,17349,13974
728,1446,17203,13838
732,1444,17272,13877
732,1437,17274,13881
731,1447,17247,13849
734,1424,17367,13980
733,1454,17293,13877
731,1438,17296,13900
733,1458,17289,13886
729,1465,17201,13811
736,1435,17443,14039
729,1465,17209,13799
735,1432,17392,13974
733,1453,17292,13896
730,1453,17239,13847
733,1428,17317,13925
731,1444,17254,13853
731,1439,17282,13863
732,1453,17294,13916
731,1446,17265,13869
734,1428,17367,13997
731,1446,17254,13858
734,1469,17277,13847
732,1442,17286,13898
732,1456,17303,13883
733,1434,17340,13943
730,1450,17221,13822
737,1439,17408,13997
744,1447,17567,14145
730,1461,17233,13818
733,1438,17317,13916
731,1454,17259,13833
734,1439,17367,13959
731,1456,17258,13858
730,1443,17238,13849
735,1433,17374,13989
730,1467,17228,13803
738,1431,17458,14027
740,1463,17413,13977
730,1460,17232,13829
733,1441,17316,13915
728,1457,17171,13791
732,1445,17277,13890
733,1438,17310,13933
733,1462,17294,13848
731,1451,17272,13872
730,1460,17180,13759
732,1439,17314,13934
731,1438,17258,13884
732,1445,17275,13862
733,1444,17341,13931
729,1478,17203,13778
734,1435,17387,13980
733,1437,17278,13880
731,1466,17261,13893
736,1440,17393,13976
741,1486,17410,13949
746,1459,17674,14215
738,1458,17379,13944
731,1457,17275,13875
735,1430,17378,13985
733,1440,17277,13894
735,1440,17344,13944
729,1395,17251,13835
734,1441,17341,13915
733,1445,17307,13923
732,1466,17240,13819
734,1428,17370,13984
729,1450,17189,13815
733,1449,17326,13931
731,1435,17289,13874
730,1451,17237,13830
731,1421,17340,13956
732,1455,17280,13878
730,1456,17229,13833
731,1439,17272,13901
732,1450,17297,13891
733,1441,17351,13926
730,1451,17208,13821
733,1445,17323,13908
734,1460,17295,13874
732,1440,17284,13907
733,1443,17337,13929
731,1460,17245,13850
731,1447,17274,13851
732,1439,17290,13907
731,1427,17246,13855
736,1437,17418,14028
728,1460,17191,13816
734,1450,17325,13927
741,1470,17432,13980
731,1458,17258,13842
734,1445,17373,13969
728,1466,17167,13774
734,1434,17332,13937
730,1446,17232,13845
734,1442,17350,13933
738,1453,17430,13963
730,1454,17213,13828
732,1445,17306,13901
732,1450,17270,13888
731,1450,17240,13852
733,1440,17314,13928
730,1460,17177,13801
735,1439,17408,13991
739,1464,17412,13956
731,1443,17263,13868
732,1429,17295,13905
730,1445,17218,13843
734,1432,17352,13948
733,1443,17311,13917
733,1430,17316,13914
734,1436,17346,13927
727,1454,17141,13753
736,1428,17409,14005
735,1464,17325,13907
733,1453,17341,13930
733,1434,17337,13939
731,1448,17251,13852
734,1437,17370,13973
733,1441,17337,13948
732,1439,17305,13914
734,1449,17310,13914
730,1462,17197,13824
734,1432,17388,13962
735,1448,17296,13902
731,1454,17259,13871
733,1451,17315,13907
731,1447,17229,13849
736,1435,17436,14026
731,1462,17245,13816
732,1452,17306,13899
732,1435,17316,13898
732,1461,17259,13860
733,1444,17309,13926
729,1447,17192,13822
733,1433,17338,13928
733,1455,17338,13929
732,1443,17284,13899
735,1436,17419,14004
730,1451,17197,13820
731,1449,17259,13877
734,1426,17347,13945
728,1452,17186,13824
735,1426,17419,14006
731,1454,17225,13819
731,1445,17254,13853
730,1448,17250,13858
730,1466,17226,13842
734,1438,17362,13971
730,1448,17243,13843
732,1445,17309,13905
734,1453,17361,13951
730,1457,17233,13825
734,1438,17372,14001
731,1453,17216,13790
735,1449,17335,13931
737,1449,17373,13927
730,1453,17217,13838
734,1433,17379,13991
737,1440,17397,13974
747,1466,17641,14217
732,1464,17258,13848
731,1449,17244,13861
734,1433,17410,13969
730,1449,17218,13832
733,1441,17343,13942
731,1460,17250,13855
732,1446,17270,13898
734,1428,17322,13907
730,1457,17239,13821
735,1439,17386,13961
734,1459,17378,13954
730,1446,17235,13847
734,1436,17336,13954
729,1468,17183,13783
734,1426,17371,13967
734,1442,17335,13903
732,1444,17283,13878
735,1447,17350,13899
729,1453,17195,13795
732,1439,17319,13936
731,1454,17252,13855
732,1444,17269,13892
734,1441,17347,13928
728,1470,17169,13759
735,1439,17365,13966
731,1451,17272,13848
733,1442,17291,13921
734,1454,17342,13944
729,1456,17199,13797
735,1434,17415,13997
731,1448,17309,13885
732,1447,17302,13901
734,1442,17354,13957
730,1461,17209,13810
730,1428,17302,13957
732,1443,17311,13905
732,1447,17275,13881
735,1440,17381,13983
733,1464,17284,13835
733,1437,17313,13937
732,1441,17258,13860
735,1454,17303,13891
733,1446,17345,13936
732,1456,17264,13873
735,1434,17383,13984
733,1455,17250,13824
734,1432,17335,13946
734,1452,17313,13897
733,1452,17326,13922
734,1442,17398,13970
730,1441,17235,13810
732,1449,17289,13895
734,1444,17325,13948
730,1461,17225,13842
736,1444,17433,14022
731,1459,17263,13846
731,1439,17288,13893
732,1439,17307,13910
731,1437,17260,13867
736,1433,17414,14015
731,1456,17242,13838
730,1458,17219,13838
733,1438,17333,13923
731,1446,17260,13870
733,1435,17338,13928
729,1462,17181,13769
733,1444,17297,13928
731,1448,17263,13860
731,1447,17258,13853
736,1436,17434,13994
739,1476,17417,13929
739,1447,17414,13982
736,1440,17378,13971
730,1445,17224,13850
734,1437,17362,13963
730,1470,17229,13824
735,1433,17382,13988
729,1433,17243,13904
731,1446,17270,13873
732,1447,17290,13904
729,1474,17171,13791
733,1438,17334,13947
733,1453,17316,13902
731,1443,17266,13867
732,1446,17299,13932
729,1456,17174,13764
733,1403,17338,13959
734,1435,17361,13952
733,1453,17282,13860
734,1446,17393,13978
740,1486,17402,13922
734,1442,17319,13910
731,1442,17287,13902
731,1467,17239,13849
734,1440,17363,13950
730,1462,17227,13817
735,1439,17363,13966
732,1439,17284,13892
733,1444,17332,13941
735,1434,17361,13974
733,1461,17218,13790
735,1430,17391,13996
732,1457,17259,13816
732,1441,17307,13922
731,1450,17278,13897
732,1444,17276,13897
734,1438,17341,13941
731,1457,17266,13852
733,1455,17327,13907
732,1442,17293,13888
731,1453,17274,13851
734,1447,17346,13946
731,1445,17233,13855
732,1449,17269,13898
732,1435,17307,13904
731,1455,17268,13852
735,1432,17400,14010
729,1458,17201,13800
730,1447,17227,13851
732,1439,17304,13919
730,1452,17213,13832
738,1435,17463,14061
733,1464,17274,13839
734,1440,17339,13935
737,1443,17366,13922
733,1441,17308,13909
734,1440,17339,13970
731,1447,17261,13861
732,1447,17286,13899
732,1442,17294,13899
732,1449,17307,13897
734,1439,17347,13957
730,1461,17221,13823
734,1438,17326,13937
731,1450,17278,13866
732,1438,17309,13901
728,1460,17200,13848
732,1445,17272,13874
734,1437,17370,13968
732,1439,17270,13873
731,1456,17259,13876
733,1430,17340,13966
730,1446,17230,13819
733,1436,17341,13945
735,1455,17352,13949
741,1473,17459,14008
740,1452,17442,14015
741,1464,17417,13968
735,1447,17348,13910
733,1439,17341,13935
732,1441,17299,13897
734,1434,17354,13945
729,1461,17176,13793
732,1440,17333,13970
736,1448,17342,13892
731,1450,17298,13895
731,1443,17270,13892
731,1458,17245,13830
732,1439,17318,13923
734,1447,17324,13937
730,1452,17227,13822
733,1440,17318,13925
731,1455,17233,13802
735,1444,17364,13956
730,1445,17247,13862
731,1441,17246,13873
732,1444,17293,13905
729,1472,17196,13789
735,1436,17408,14006
730,1457,17224,13804
733,1443,17348,13923
732,1434,17285,13891
729,1449,17218,13844
735,1437,17384,14009
736,1475,17307,13853
732,1451,17302,13879
730,1456,17270,13870
731,1460,17277,13866
733,1446,17335,13962
729,1451,17191,13814
731,1452,17258,13864
732,1440,17287,13871
730,1462,17257,13849
734,1429,17380,13996
729,1452,17198,13807
732,1445,17272,13877
730,1437,17253,13890
731,1450,17276,13898
734,1423,17370,13970
732,1462,17260,13811
733,1454,17327,13885
733,1461,17315,13904
731,1436,17252,13876
734,1430,17362,13976
732,1445,17281,13865
734,1442,17367,13951
733,1459,17280,13840
730,1457,17235,13851
733,1428,17350,13958
729,1456,17181,13801
732,1443,17298,13897
731,1455,17239,13853
732,1456,17279,13860
731,1433,17284,13919
734,1453,17312,13904
743,1465,17413,13975
731,1449,17254,13862
731,1438,17251,13864
735,1431,17377,13972
729,1450,17219,13795
733,1434,17367,13960
732,1443,17254,13850
730,1463,17223,13831
731,1446,17269,13879
730,1459,17214,13795
732,1445,17311,13898
732,1429,17291,13898
732,1468,17296,13886
732,1440,17280,13904
728,1462,17187,13822
733,1439,17325,13936
732,1433,17279,13906
732,1438,17302,13893
734,1441,17352,13944
732,1460,17207,13762
733,1431,17331,13948
732,1434,17286,13907
732,1444,17301,13903
732,1441,17315,13917
731,1456,17259,13843
735,1433,17400,13988
730,1444,17248,13851
731,1454,17256,13876
732,1450,17287,13896
728,1455,17189,13798
742,1442,17558,14116
733,1445,17298,13892
735,1468,17332,13875
732,1439,17299,13910
730,1452,17196,13803
734,1422,17354,13978
729,1449,17199,13824
734,1441,17353,13933
732,1440,17288,13884
730,1441,17226,13847
735,1439,17388,13990
731,1455,17209,13798
731,1449,17261,13884
732,1434,17280,13889
732,1433,17299,13892
735,1434,17422,13989
730,1459,17221,13819
730,1449,17239,13859
731,1450,17246,13848
731,1457,17267,13855
735,1435,17393,13978
729,1464,17197,13789
731,1439,17281,13894
729,1449,17214,13830
734,1471,17337,13949
733,1435,17330,13948
729,1455,17200,13811
733,1439,17305,13891
732,1442,17292,13902
730,1456,17222,13833
734,1431,17360,13974
732,1448,17285,13905
742,1461,17444,13996
736,1450,17336,13903
732,1452,17301,13888
732,1434,17337,13920
730,1455,17202,13833
735,1438,17342,13964
732,1451,17291,13907
731,1460,17261,13850
733,1441,17339,13944
727,1469,17151,13771
733,1427,17339,13943
731,1444,17271,13872
730,1460,17233,13854
731,1456,17294,13888
728,1470,17132,13729
734,1429,17371,13950
731,1449,17287,13897
731,1448,17269,13865
733,1443,17302,13916
730,1455,17196,13822
741,1443,17528,14080
740,1445,17490,14054
737,1439,17423,13973
743,1456,17502,14044
728,1472,17156,13762
734,1430,17344,13960
731,1452,17270,13893
734,1442,17355,13954
733,1436,17312,13883
730,1458,17217,13815
735,1438,17369,13976
732,1451,17282,13900
731,1457,17252,13859
732,1433,17290,13894
731,1454,17233,13858
735,1442,17396,13972
729,1451,17215,13823
731,1447,17270,13874
733,1447,17324,13941
730,1464,17195,13802
734,1426,17374,13956
731,1464,17227,13802
732,1442,17316,13897
734,1434,17387,13971
729,1458,17224,13826
736,1443,17411,14029
729,1471,17190,13785
733,1437,17347,13938
736,1434,17328,13915
731,1457,17272,13865
735,1437,17384,13986
730,1444,17224,13839
731,1444,17257,13870
731,1455,17268,13881
736,1447,17366,13973
747,1468,17687,14218
735,1425,17355,13953
742,1457,17472,14029
742,1463,17498,14043
732,1451,17298,13913
738,1434,17403,13974
730,1453,17236,13824
734,1455,17320,13910
733,1450,17328,13906
730,1462,17211,13831
732,1434,17306,13916
731,1452,17251,13875
733,1442,17333,13926
731,1466,17271,13847
731,1442,17267,13879
733,1439,17314,13926
729,1416,17211,13817
737,1457,17374,13946
740,1432,17455,14033
739,1449,17422,14008
739,1434,17490,14059
738,1465,17405,13964
735,1435,17379,13989
731,1439,17251,13849
729,1459,17187,13819
737,1450,17431,13968
729,1468,17221,13802
735,1446,17400,13982
734,1436,17358,13938
732,1439,17304,13900
731,1443,17288,13908
729,1449,17180,13806
736,1434,17413,14009
733,1452,17297,13894
734,1437,17322,13916
732,1445,17286,13875
729,1461,17181,13785
735,1429,17372,13993
733,1447,17285,13869
732,1442,17282,13910
733,1445,17332,13912
732,1447,17289,13884
738,1448,17391,13957
731,1439,17249,13864
732,1439,17280,13887
732,1431,17308,13908
730,1471,17220,13815
736,1432,17400,13990
732,1460,17272,13857
733,1438,17314,13929
732,1446,17287,13893
730,1453,17214,13850
733,1442,17346,13935
731,1436,17275,13883
732,1443,17281,13885
730,1430,17323,13912
732,1457,17265,13887
735,1427,17383,13993
730,1444,17209,13828
742,1466,17475,14029
733,1450,17290,13863
729,1455,17241,13847
734,1439,17349,13958
731,1453,17232,13821
743,1445,17556,14080
732,1447,17284,13903
731,1456,17257,13868
734,1438,17376,13959
731,1456,17236,13795
732,1411,17303,13893
731,1454,17258,13845
731,1454,17268,13879
737,1449,17442,14047
736,1456,17347,13894
732,1453,17287,13900
732,1428,17271,13889
733,1444,17300,13909
732,1444,17317,13929
729,1452,17208,13825
733,1447,17326,13952
734,1432,17368,13951
730,1450,17241,13841
731,1436,17264,13888
729,1470,17199,13811
732,1439,17285,13914
731,1450,17240,13841
731,1446,17281,13876
731,1456,17293,13864
730,1448,17263,13850
733,1438,17322,13927
732,1438,17260,13888
732,1447,17286,13903
732,1439,17320,13922
729,1461,17184,13774
732,1442,17318,13925
732,1450,17299,13887
732,1439,17291,13896
732,1452,17277,13906
728,1468,17159,13760
732,1432,17310,13926
733,1439,17338,13925
732,1452,17257,13854
732,1449,17299,13911
727,1459,17134,13760
733,1433,17319,13937
732,1438,17322,13909
731,1454,17282,13882
734,1441,17346,13939
730,1455,17223,13783
736,1438,17424,14031
730,1458,17227,13826
731,1436,17270,13872
732,1456,17279,13867
730,1450,17236,13810
734,1438,17361,13964
730,1453,17248,13841
734,1447,17327,13936
735,1434,17371,13986
736,1464,17314,13875
734,1450,17341,13937
731,1455,17289,13874
733,1450,17242,13845
733,1438,17311,13940
730,1448,17256,13862
733,1437,17328,13941
731,1443,17264,13857
730,1465,17226,13814
734,1443,17360,13965
732,1455,17273,13841
734,1437,17372,13992
729,1441,17173,13767
732,1451,17281,13896
733,1451,17296,13888
731,1456,17275,13856
734,1435,17345,13934
730,1467,17219,13829
731,1438,17287,13890
745,1465,17620,14184
735,1435,17346,13949
745,1436,17575,14119
729,1459,17217,13800
733,1444,17308,13925
732,1436,17278,13901
734,1447,17286,13861
733,1444,17301,13934
728,1452,17191,13796
735,1448,17388,13966
732,1455,17295,13881
732,1448,17291,13875
730,1435,17278,13892
728,1452,17180,13795
734,1425,17354,13965
732,1461,17300,13885
730,1448,17236,13842
733,1457,17283,13884
729,1454,17200,13780
733,1441,17334,13952
732,1443,17290,13919
729,1459,17207,13820
733,1441,17337,13951
731,1458,17210,13766
735,1435,17381,13987
730,1454,17251,13856
733,1451,17292,13898
731,1448,17257,13867
729,1444,17204,13799
734,1441,17336,13913
732,1439,17324,13925
732,1445,17285,13877
732,1426,17287,13900
729,1462,17172,13765
733,1443,17330,13937
731,1438,17297,13907
732,1443,17307,13909
732,1440,17268,13895
730,1458,17223,13847
735,1435,17379,13977
730,1442,17224,13843
740,1441,17476,14070
735,1428,17384,13997
732,1459,17257,13801
734,1433,17364,13972
728,1462,17191,13792
732,1437,17274,13889
732,1453,17282,13904
730,1455,17228,13832
733,1430,17338,13952
731,1451,17267,13863
732,1432,17292,13866
733,1436,17314,13917
731,1463,17227,13854
733,1426,17337,13962
730,1455,17206,13801
733,1439,17328,13914
735,1456,17334,13902
734,1439,17331,13935
734,1426,17359,13973
726,1448,17133,13798
732,1449,17281,13895
731,1458,17250,13870
734,1447,17339,13921
733,1402,17334,13923
730,1447,17225,13842
729,1457,17226,13823
732,1450,17299,13913
731,1450,17253,13851
736,1440,17434,14050
730,1452,17231,13816
733,1454,17302,13875
731,1451,17255,13859
730,1449,17228,13856
734,1429,17358,13978
730,1450,17235,13819
733,1451,17344,13933
731,1453,17258,13884
731,1445,17267,13855
732,1435,17324,13940
727,1456,17144,13782
735,1433,17383,13994
740,1463,17414,13978
732,1445,17280,13869
733,1433,17320,13914
727,1460,17179,13783
736,1435,17391,13999
730,1454,17218,13843
731,1443,17255,13852
734,1439,17349,13957
730,1466,17249,13816
734,1447,17346,13920
733,1433,17330,13935
733,1439,17304,13914
732,1443,17293,13909
731,1455,17250,13842
733,1439,17345,13937
734,1439,17349,13960
732,1439,17294,13888
732,1442,17296,13909
731,1460,17234,13854
732,1443,17292,13900
732,1439,17286,13893
733,1453,17294,13883
735,1450,17379,13970
741,1474,17409,13973
739,1441,17405,13986
730,1442,17221,13838
734,1458,17338,13920
734,1450,17319,13905
733,1443,17302,13889
734,1439,17363,13939
727,1437,17216,13865
731,1445,17268,13890
730,1456,17225,13852
732,1445,17297,13904
734,1414,17374,13966
731,1462,17249,13856
732,1441,17325,13921
733,1448,17321,13916
732,1448,17260,13855
732,1425,17326,13954
731,1455,17224,13848
732,1460,17284,13868
732,1449,17298,13895
731,1447,17259,13897
739,1421,17423,14011
729,1457,17194,13818
732,1460,17254,13825
732,1435,17288,13890
732,1459,17289,13864
737,1437,17449,14026
734,1471,17271,13839
731,1449,17256,13889
734,1428,17343,13959
731,1436,17245,13843
734,1446,17373,13957
731,1453,17240,13853
734,1442,17338,13934
731,1449,17253,13871
732,1449,17279,13901
734,1428,17352,13984
729,1458,17182,13803
735,1430,17393,13990
733,1428,17312,13914
731,1456,17245,13844
731,1437,17297,13925
729,1463,17207,13829
736,1434,17393,13994
732,1445,17303,13899
731,1446,17280,13850
732,1444,17335,13923
730,1447,17204,13814
733,1436,17322,13938
730,1443,17268,13883
732,1466,17287,13883
734,1445,17364,13942
731,1458,17233,13838
734,1430,17346,13965
736,1439,17384,13995
731,1459,17270,13873
732,1449,17287,13923
729,1446,17193,13786
732,1444,17335,13918
732,1435,17304,13912
738,1434,17353,13961
732,1441,17289,13869
730,1461,17200,13808
734,1432,17366,13958
731,1444,17290,13893
735,1439,17382,13956
733,1443,17328,13893
731,1456,17255,13844
735,1438,17388,13986
727,1453,17220,13825
732,1443,17314,13915
735,1432,17380,13960
732,1442,17292,13899
740,1460,17445,13994
730,1435,17279,13898
730,1455,17236,13833
732,1448,17288,13916
730,1454,17232,13843
740,1428,17461,14050
735,1478,17267,13828
731,1448,17279,13885
734,1454,17319,13916
732,1453,17288,13903
734,1452,17337,13927
731,1452,17239,13845
732,1442,17292,13890
735,1440,17396,13979
730,1449,17288,13879
735,1432,17388,14002
729,1452,17201,13824
733,1442,17324,13928
732,1439,17302,13895
729,1469,17198,13811
734,1429,17385,13971
731,1449,17251,13856
732,1446,17267,13890
732,1453,17266,13890
730,1446,17241,13854
734,1440,17373,13971
732,1462,17277,13869
731,1448,17257,13851
734,1447,17348,13945
730,1452,17224,13847
732,1442,17315,13916
731,1462,17253,13852
736,1442,17384,13936
733,1454,17328,13923
732,1451,17295,13901
734,1431,17329,13939
729,1466,17196,13807
736,1438,17412,14002
739,1460,17408,13955
732,1465,17251,13835
734,1437,17353,13948
729,1452,17173,13782
735,1433,17390,13999
732,1445,17314,13934
730,1441,17258,13878
733,1439,17318,13910
731,1450,17233,13840
732,1440,17312,13938
732,1447,17273,13868
732,1439,17294,13918
734,1451,17333,13899
730,1464,17220,13798
734,1444,17362,13947
730,1448,17251,13835
734,1444,17341,13945
733,1439,17333,13948
731,1462,17192,13755
736,1434,17419,14017
746,1435,17596,14129
733,1442,17278,13875
731,1433,17301,13915
732,1444,17272,13875
733,1446,17309,13902
732,1450,17284,13886
734,1450,17283,13884
733,1444,17344,13929
731,1456,17242,13858
734,1434,17360,13973
730,1441,17222,13833
733,1443,17322,13936
734,1443,17327,13914
732,1451,17285,13890
734,1435,17385,13965
730,1447,17247,13827
733,1441,17331,13923
732,1457,17258,13880
732,1438,17274,13905
735,1430,17394,13979
731,1468,17268,13842
732,1445,17295,13901
732,1436,17278,13889
730,1458,17224,13808
735,1434,17390,14006
728,1450,17182,13793
731,1445,17249,13874
733,1446,17334,13917
732,1443,17281,13905
736,1429,17414,14024
729,1461,17200,13802
732,1433,17280,13903
731,1446,17268,13876
730,1458,17240,13830
734,1440,17360,13955
731,1459,17274,13860
733,1445,17296,13907
730,1439,17236,13869
734,1447,17327,13930
738,1454,17409,13962
732,1446,17286,13864
732,1443,17303,13902
734,1440,17345,13956
733,1445,17277,13887
734,1436,17308,13904
729,1457,17200,13824
733,1443,17318,13927
732,1452,17299,13904
732,1444,17284,13872
733,1438,17332,13940
728,1495,17172,13774
734,1428,17336,13965
731,1455,17278,13876
731,1449,17269,13868
736,1441,17419,13985
731,1467,17241,13791
732,1436,17299,13915
731,1449,17259,13872
730,1449,17254,13853
746,1451,17627,14166
736,1457,17362,13921
740,1441,17492,14082
740,1436,17518,14049
742,1455,17459,14027
731,1456,17251,13860
730,1460,17198,13838
733,1430,17324,13943
733,1445,17328,13902
731,1456,17254,13869
732,1444,17295,13894
729,1464,17197,13809
734,1433,17373,13993
731,1455,17270,13872
735,1444,17358,13949
733,1450,17312,13907
732,1453,17281,13863
735,1427,17393,13999
729,1451,17198,13804
732,1452,17291,13899
733,1442,17312,13903
734,1458,17321,13887
736,1439,17419,14025
729,1463,17196,13809
732,1437,17294,13905
734,1432,17380,13999
731,1435,17237,13853
734,1439,17366,13973
729,1466,17213,13791
734,1449,17324,13924
734,1444,17308,13896
730,1448,17235,13842
733,1437,17333,13956
730,1445,17225,13824
733,1441,17317,13937
731,1458,17280,13855
732,1448,17296,13876
735,1445,17376,13983
729,1461,17202,13808
731,1451,17238,13849
732,1449,17318,13907
733,1447,17311,13892
734,1441,17353,13974
731,1455,17232,13833
734,1453,17320,13924
732,1447,17270,13876
731,1462,17243,13864
732,1443,17302,13924
731,1444,17243,13837
734,1428,17351,13951
731,1447,17260,13874
731,1457,17258,13861
734,1447,17316,13930
730,1462,17210,13800
733,1435,17344,13954
732,1433,17340,13940
732,1439,17315,13908
734,1438,17336,13946
730,1459,17180,13778
732,1446,17294,13904
731,1443,17304,13919
732,1456,17311,13899
737,1459,17351,13943
729,1459,17193,13786
731,1440,17265,13893
732,1451,17294,13907
730,1452,17234,13863
732,1457,17277,13900
728,1452,17180,13773
733,1434,17328,13934
740,1461,17476,14073
738,1452,17362,13921
732,1441,17279,13907
730,1452,17230,13839
733,1443,17355,13944
732,1446,17324,13906
734,1435,17363,13954
733,1439,17310,13917
729,1460,17188,13800
734,1433,17357,13964
731,1445,17257,13859
733,1444,17335,13930
732,1448,17306,13903
731,1458,17227,13821
734,1439,17360,13954
729,1454,17190,13800
733,1431,17309,13940
732,1450,17261,13870
731,1457,17275,13858
734,1430,17348,13960
732,1445,17272,13889
730,1451,17242,13843
732,1461,17288,13886
731,1448,17279,13865
735,1443,17361,13951
732,1439,17275,13858
731,1445,17277,13871
732,1443,17319,13930
732,1440,17247,13851
733,1427,17351,13974
730,1455,17236,13824
733,1440,17322,13913
732,1431,17300,13911
730,1444,17244,13852
735,1432,17388,13995
730,1470,17212,13805
732,1455,17265,13884
731,1458,17244,13862
732,1450,17286,13884
734,1444,17349,13949
729,1456,17207,13808
733,1446,17308,13925
731,1451,17255,13868
733,1444,17309,13893
734,1442,17345,13940
731,1458,17236,13795
733,1445,17371,13948
731,1451,17258,13867
731,1458,17233,13841
734,1427,17347,13931
734,1472,17275,13841
733,1444,17333,13933
732,1441,17292,13914
730,1439,17238,13860
733,1450,17312,13925
729,1451,17201,13809
733,1451,17287,13897
732,1435,17271,13889
732,1441,17323,13887
731,1456,17290,13887
730,1472,17211,13818
730,1405,17266,13859
733,1433,17309,13938
732,1445,17280,13879
732,1436,17285,13900
728,1470,17197,13789
735,1432,17398,13966
732,1452,17291,13899
731,1455,17251,13865
732,1451,17294,13919
731,1453,17246,13843
734,1434,17366,13949
732,1430,17305,13929
731,1456,17253,13856
732,1444,17297,13901
730,1455,17217,13829
735,1428,17378,13988
734,1450,17268,13839
732,1452,17338,13921
733,1457,17306,13872
730,1447,17207,13831
733,1429,17358,13968
729,1474,17176,13801
734,1438,17346,13935
731,1456,17281,13868
731,1445,17266,13850
735,1433,17398,13979
730,1468,17202,13799
730,1449,17232,13850
733,1455,17309,13909
732,1444,17276,13877
739,1447,17486,14066
743,1449,17505,14077
741,1461,17542,14130
732,1441,17287,13905
730,1459,17208,13810
737,1450,17433,14050
731,1456,17217,13787
733,1445,17322,13922
734,1434,17303,13905
731,1447,17245,13869
735,1426,17386,13976
730,1462,17229,13835
731,1453,17278,13877
731,1444,17274,13860
734,1455,17332,13907
733,1440,17356,13930
730,1462,17206,13808
732,1446,17253,13859
731,1410,17275,13884
732,1458,17302,13890
739,1444,17476,14057
740,1432,17461,14048
733,1444,17300,13889
731,1446,17262,13869
734,1436,17332,13921
745,1454,17535,14102
737,1479,17308,13881
735,1441,17403,13969
732,1447,17305,13905
730,1454,17246,13852
731,1443,17279,13890
727,1466,17152,13753
736,1434,17412,14012
736,1456,17354,13912
733,1443,17335,13927
737,1448,17381,13943
728,1451,17161,13822
734,1441,17316,13905
731,1433,17288,13898
731,1461,17276,13877
731,1445,17280,13886
728,1474,17154,13750
733,1439,17355,13962
732,1439,17311,13917
732,1448,17292,13899
734,1409,17339,13951
730,1443,17221,13827
733,1439,17347,13937
733,1442,17331,13922
732,1438,17263,13881
732,1452,17287,13901
729,1454,17198,13822
737,1438,17428,14010
728,1452,17202,13804
732,1448,17299,13906
733,1435,17340,13921
732,1453,17284,13876
733,1438,17345,13945
730,1465,17217,13820
731,1433,17265,13874
734,1436,17359,13944
729,1458,17212,13822
735,1433,17375,13984
730,1441,17207,13818
732,1454,17275,13875
732,1457,17295,13884
730,1447,17239,13861
734,1435,17362,13949
730,1455,17237,13840
731,1442,17253,13868
732,1442,17311,13916
729,1439,17235,13863
735,1430,17381,13994
730,1453,17224,13835
732,1448,17289,13876
734,1441,17353,13923
729,1467,17223,13833
735,1432,17367,13983
730,1446,17202,13829
732,1454,17282,13866
732,1446,17297,13907
730,1456,17231,13842
735,1435,17400,13989
730,1465,17208,13811
734,1492,17313,13930
732,1434,17283,13906
730,1464,17213,13823
735,1424,17395,13981
728,1458,17185,13787
733,1439,17324,13924
731,1447,17242,13855
732,1439,17275,13905
732,1442,17304,13911
729,1468,17166,13755
734,1431,17374,13966
731,1457,17288,13869
731,1451,17271,13880
732,1447,17286,13889
730,1444,17222,13828
733,1439,17317,13919
736,1448,17411,13976
730,1442,17227,13852
734,1438,17367,13951
729,1470,17196,13793
734,1434,17358,13977
732,1447,17266,13861
731,1443,17243,13870
733,1437,17344,13932
732,1458,17275,13875
733,1447,17307,13910
734,1427,17333,13958
734,1462,17283,13877
733,1453,17347,13924
731,1463,17207,13783
735,1438,17385,13976
732,1446,17305,13906
741,1438,17508,14059
734,1431,17328,13958
730,1458,17200,13809
734,1440,17356,13926
730,1448,17245,13820
734,1435,17321,13930
734,1452,17347,13944
729,1462,17190,13791
733,1438,17325,13945
732,1446,17259,13877
730,1451,17236,13854
733,1435,17340,13913
729,1443,17194,13807
736,1432,17400,14005
729,1455,17211,13810
732,1449,17288,13897
731,1444,17260,13881
731,1444,17259,13858
733,1426,17351,13964
731,1445,17287,13859
735,1460,17301,13876
729,1432,17254,13886
733,1441,17304,13895
736,1431,17384,13954
730,1452,17218,13815
734,1454,17272,13890
731,1441,17283,13896
731,1455,17250,13866
737,1439,17371,13958
730,1461,17214,13808
729,1468,17180,13790
733,1435,17300,13900
731,1446,17253,13851
735,1435,17380,13989
733,1451,17283,13885
732,1442,17268,13891
733,1452,17313,13923
732,1429,17305,13909
733,1437,17342,13916
735,1453,17313,13881
732,1447,17279,13883
734,1449,17318,13926
730,1456,17235,13857
733,1438,17337,13925
731,1463,17250,13838
734,1440,17313,13913
732,1446,17303,13902
731,1453,17268,13858
732,1445,17307,13925
728,1466,17166,13773
733,1430,17302,13921
731,1453,17300,13896
733,1446,17319,13910
737,1462,17360,13930
728,1460,17137,13763
731,1433,17262,13884
732,1439,17284,13871
734,1438,17346,13962
733,1447,17333,13914
728,1448,17179,13759
733,1431,17333,13930
733,1453,17284,13892
731,1454,17270,13897
734,1442,17356,13951
730,1457,17206,13793
735,1424,17372,13976
731,1456,17274,13872
731,1455,17277,13872
732,1440,17279,13911
730,1452,17205,13812
733,1439,17338,13946
731,1448,17262,13856
731,1441,17259,13879
730,1439,17255,13863
732,1449,17266,13862
733,1426,17303,13938
731,1457,17232,13821
732,1449,17307,13906
731,1429,17294,13876
732,1454,17285,13841
733,1432,17338,13939
731,1457,17238,13862
731,1452,17252,13875
733,1434,17337,13933
732,1443,17302,13903
736,1428,17412,14004
730,1465,17210,13811
732,1449,17273,13889
731,1444,17235,13830
732,1450,17266,13875
733,1435,17339,13948
732,1453,17290,13885
730,1453,17222,13821
731,1441,17282,13895
732,1445,17275,13883
734,1431,17359,13964
728,1453,17214,13818
733,1451,17302,13904
733,1434,17313,13898
730,1458,17256,13844
732,1437,17307,13932
730,1455,17218,13836
732,1447,17292,13908
732,1447,17302,13887
734,1446,17341,13922
732,1442,17291,13906
731,1461,17251,13838
733,1430,17309,13924
732,1450,17293,13905
731,1458,17255,13865
734,1456,17334,13978
728,1450,17203,13796
734,1430,17361,13981
731,1451,17242,13851
732,1456,17289,13891
732,1451,17269,13889
730,1462,17210,13793
732,1432,17320,13917
732,1452,17312,13898
734,1449,17355,13923
732,1429,17275,13885
729,1453,17183,13790
732,1442,17303,13906
732,1454,17290,13880
734,1434,17343,13927
732,1443,17271,13867
728,1461,17189,13781
734,1440,17361,13961
732,1448,17306,13929
731,1442,17251,13872
733,1432,17331,13952
729,1459,17204,13781
733,1442,17345,13949
732,1438,17294,13908
731,1460,17242,13850
733,1431,17311,13941
730,1455,17222,13816
734,1440,17369,13965
732,1453,17278,13872
732,1441,17311,13892
732,1448,17271,13883
731,1451,17250,13868
733,1452,17299,13894
731,1447,17276,13875
731,1442,17231,13815
733,1434,17332,13940
731,1452,17285,13885
732,1435,17305,13933
731,1443,17259,13880
731,1430,17265,13886
731,1434,17270,13880
730,1455,17260,13850
735,1434,17402,13997
730,1445,17210,13813
730,1445,17227,13848
732,1445,17254,13875
729,1448,17216,13840
735,1427,17396,14003
733,1475,17271,13855
734,1439,17385,13954
737,1470,17342,13916
730,1456,17211,13818
736,1426,17401,14024
731,1448,17253,13860
735,1446,17362,13940
730,1466,17258,13854
734,1439,17330,13941
731,1438,17322,13971
728,1449,17167,13777
734,1435,17338,13942
731,1450,17251,13855
731,1448,17262,13858
732,1439,17291,13909
730,1458,17201,13800
731,1440,17287,13884
730,1456,17226,13843
733,1433,17333,13945
737,1439,17380,13949
730,1463,17247,13836
732,1454,17314,13890
733,1449,17325,13922
740,1451,17432,13926
733,1444,17304,13915
734,1456,17343,13888
733,1437,17321,13915
736,1442,17409,13962
739,1442,17515,13955
734,1437,17351,13963
729,1457,17169,13753
734,1434,17332,13939
740,1429,17558,14013
735,1431,17380,13966
742,1447,17599,13982
729,1463,17164,13788
733,1439,17323,13944
739,1432,17527,14021
740,1435,17544,13983
742,1436,17576,13985
737,1454,17446,13905
735,1441,17384,13946
737,1437,17467,13932
737,1438,17478,13978
740,1440,17551,14010
736,1454,17431,13938
739,1427,17538,14017
732,1450,17269,13859
732,1439,17307,13902
733,1451,17316,13936
736,1458,17418,13904
739,1436,17537,14041
736,1446,17411,13929
731,1449,17283,13869
734,1438,17357,13964
731,1449,17248,13853
737,1429,17425,14033
732,1457,17248,13861
733,1456,17314,13900
733,1447,17306,13889
733,1446,17328,13917
735,1422,17421,13989
732,1459,17280,13879
733,1445,17292,13912
732,1428,17285,13914
731,1454,17260,13859
736,1430,17427,14005
735,1465,17287,13867
730,1468,17228,13829
734,1439,17329,13943
731,1443,17254,13856
733,1423,17359,13970
730,1454,17229,13824
733,1448,17337,13928
732,1449,17293,13895
733,1438,17293,13906
734,1437,17340,13948
730,1461,17207,13820
734,1437,17336,13949
733,1433,17324,13929
734,1450,17360,13945
735,1440,17403,13977
731,1468,17238,13858
734,1436,17357,13992
732,1440,17287,13890
736,1471,17412,14005
734,1430,17384,13958
732,1452,17260,13869
736,1437,17377,13956
735,1442,17366,13964
739,1464,17394,13953
732,1438,17300,13914
730,1445,17207,13814
736,1426,17454,14005
735,1441,17342,13932
732,1451,17271,13896
732,1447,17320,13916
730,1463,17192,13810
737,1434,17415,14008
732,1445,17287,13885
734,1457,17347,13928
737,1454,17487,14073
742,1433,17611,14014
733,1441,17316,13919
733,1444,17327,13941
734,1452,17362,13947
737,1429,17438,14021
733,1455,17321,13917
737,1440,17446,14052
732,1437,17296,13900
738,1441,17362,13980
741,1437,17559,14026
734,1434,17348,13961
740,1437,17489,14035
732,1449,17298,13905
733,1439,17329,13944
743,1453,17495,14039
736,1454,17384,13924
735,1441,17421,14012
734,1448,17323,13924
737,1432,17451,14034
736,1429,17414,13988
734,1458,17322,13926
736,1428,17415,14024
734,1463,17322,13928
733,1444,17330,13917
736,1433,17401,14000
739,1439,17457,14041
738,1440,17456,14036
735,1436,17341,13949
735,1433,17375,13972
735,1448,17363,13964
739,1440,17458,14038
743,1440,17546,14075
734,1454,17319,13925
737,1439,17424,14023
736,1428,17402,14002
736,1439,17414,14038
738,1439,17490,14085
735,1456,17364,13955
740,1440,17537,14088
748,1451,17662,14175
746,1424,17563,14093
738,1444,17430,14056
736,1446,17368,13974
740,1443,17527,14105
736,1415,17436,14004
737,1442,17434,14043
739,1442,17468,14064
736,1445,17379,13968
738,1450,17483,14062
738,1438,17457,14053
738,1435,17445,14043
740,1438,17550,14111
738,1428,17420,14002
740,1464,17537,14134
742,1477,17567,14155
740,1453,17497,14108
742,1454,17574,14151
742,1437,17560,14129
743,1467,17639,14203
745,1487,17690,14248
743,1468,17573,14169
747,1466,17653,14215
742,1453,17558,14153
746,1480,17716,14269
747,1493,17743,14307
748,1471,17694,14246
747,1488,17741,14300
747,1489,17699,14265
750,1497,17805,14352
750,1493,17786,14355
751,1498,17816,14380
754,1506,17907,14447
751,1508,17828,14395
768,1521,18413,14707
763,1508,18101,14589
755,1503,17935,14494
758,1525,18060,14578
767,1505,18196,14612
762,1517,18248,14723
776,1555,18553,14749
773,1520,18552,14795
766,1515,18251,14754
766,1530,18283,14781
782,1504,18897,15057
776,1501,18619,14990
774,1506,18515,14973
778,1483,18729,15166
779,1492,18670,15116
777,1491,18769,15195
780,1496,18715,15181
793,1502,19137,15310
786,1536,18993,15360
798,1532,19353,15529
791,1552,19113,15498
792,1542,19084,15446
800,1540,19387,15531
806,1543,19589,15632
808,1560,19597,15673
816,1565,19868,15851
800,1567,19391,15689
802,1583,19386,15745
802,1567,19404,15754
838,1571,20543,16111
825,1576,20121,16060
815,1563,19906,15919
820,1586,19987,15979
823,1578,20075,16025
830,1592,20168,16114
821,1588,20041,16072
820,1601,20010,16040
825,1585,20138,16109
815,1562,19888,16108
820,1590,19894,16111
825,1569,20254,16288
824,1590,20093,16086
828,1570,20263,16260
829,1575,20303,16238
818,1569,19967,16200
820,1564,20044,16262
820,1570,20021,16231
834,1561,20457,16409
830,1566,20336,16330
832,1568,20402,16366
828,1558,20253,16312
816,1573,19916,16129
822,1555,20078,16328
825,1570,20185,16269
827,1571,20252,16306
827,1555,20248,16287
825,1594,20141,16158
819,1559,19995,16266
817,1576,19905,16089
820,1567,19974,16205
820,1576,19919,16123
820,1570,20023,16131
825,1563,20177,16213
818,1577,19921,16155
813,1568,19805,16056
817,1572,19925,16144
812,1567,19715,15906
814,1578,19801,16076
821,1590,20040,16050
814,1580,19780,15997
809,1570,19664,15918
806,1579,19604,15858
808,1578,19642,15948
820,1577,20018,15989
815,1580,19885,16000
805,1576,19504,15836
806,1582,19501,15840
804,1562,19491,15808
804,1585,19524,15784
803,1579,19464,15769
803,1566,19447,15779
799,1560,19328,15677
798,1571,19319,15689
797,1560,19280,15612
798,1559,19286,15625
800,1551,19351,15646
792,1563,19213,15528
794,1542,19182,15540
790,1547,19063,15447
798,1515,19290,15427
802,1525,19441,15526
789,1532,19023,15392
790,1549,19060,15463
785,1505,18898,15280
786,1520,18903,15315
785,1544,18915,15355
783,1501,18795,15238
783,1522,18856,15273
781,1503,18772,15173
781,1487,18756,15192
781,1494,18761,15192
779,1492,18670,15123
779,1482,18685,15155
773,1495,18534,14979
777,1485,18659,15105
773,1496,18519,14959
773,1502,18579,15002
774,1500,18506,14965
770,1503,18368,14869
770,1511,18360,14829
767,1518,18350,14822
767,1515,18328,14794
764,1509,18255,14742
771,1515,18414,14877
764,1513,18224,14724
761,1518,18134,14672
760,1517,18084,14606
759,1512,18067,14597
758,1520,18041,14552
758,1517,18069,14582
756,1519,18020,14541
755,1520,17952,14498
755,1506,17942,14498
753,1497,17875,14424
755,1507,17961,14482
755,1513,17964,14469
752,1489,17890,14405
751,1502,17837,14408
750,1490,17778,14333
751,1508,17828,14394
749,1501,17799,14351
749,1491,17785,14334
749,1489,17796,14348
748,1491,17737,14305
752,1515,17846,14392
746,1478,17669,14249
745,1477,17640,14221
746,1483,17670,14260
745,1477,17663,14216
745,1480,17683,14258
742,1454,17559,14126
744,1475,17624,14214
745,1476,17641,14229
740,1466,17561,14136
743,1469,17615,14185
739,1449,17499,14078
743,1467,17617,14184
742,1462,17570,14138
740,1455,17495,14098
743,1473,17627,14219
739,1433,17466,14021
748,1440,17760,14084
749,1460,17845,14202
747,1466,17691,14047
764,1457,18165,14327
747,1451,17684,14050
747,1446,17701,14080
747,1449,17688,14047
747,1467,17704,14032
750,1438,17808,14152
750,1458,17699,14030
747,1453,17694,14068
745,1442,17653,14050
745,1467,17682,14044
749,1440,17812,14152
747,1448,17701,14035
749,1451,17782,14097
747,1453,17732,14102
758,1483,18015,14364
752,1461,17806,14150
753,1444,17890,14217
754,1472,17968,14299
757,1469,17974,14351
757,1434,17938,14247
765,1487,18183,14450
750,1460,17718,14092
746,1433,17700,14090
760,1438,18069,14229
756,1432,17967,14200
746,1432,17751,14138
741,1433,17575,14013
744,1447,17687,14132
746,1435,17674,14078
746,1423,17714,14082
744,1421,17699,14102
742,1461,17572,13954
745,1444,17741,14118
744,1441,17655,14073
742,1427,17602,14058
744,1427,17645,14052
742,1440,17552,13950
744,1439,17672,14055
743,1432,17663,14104
741,1432,17594,14018
743,1438,17655,14083
743,1446,17620,14038
744,1434,17644,14054
742,1428,17624,14082
744,1431,17665,14071
744,1441,17659,14091
741,1452,17550,13993
743,1434,17652,14092
739,1442,17513,13970
743,1432,17631,14056
742,1429,17635,14073
748,1441,17713,14067
746,1449,17762,14175
747,1461,17609,13990
739,1440,17530,13991
743,1440,17616,14089
751,1471,17729,14099
736,1421,17421,14003
740,1442,17521,13967
743,1431,17623,14059
743,1442,17622,14035
742,1441,17555,13971
744,1443,17673,14119
739,1436,17516,13968
742,1434,17600,14036
739,1443,17530,13986
742,1445,17593,14009
742,1428,17648,14091
738,1448,17490,13947
742,1456,17591,14021
741,1439,17566,14019
741,1440,17567,13978
742,1438,17655,14096
739,1448,17495,13947
739,1451,17474,13925
732,1442,17297,13916
731,1456,17267,13855
743,1425,17645,14094
737,1453,17436,13891
742,1438,17586,14041
741,1443,17523,13964
732,1440,17281,13909
738,1436,17482,13979
736,1452,17405,13891
740,1447,17565,14019
740,1439,17545,14030
739,1429,17482,13940
734,1443,17360,13947
735,1461,17389,13886
739,1450,17527,14038
739,1436,17564,14068
737,1445,17454,13940
739,1432,17524,13993
734,1451,17362,13876
742,1436,17599,14087
737,1433,17431,13940
738,1443,17490,13993
737,1428,17450,13975
730,1445,17214,13831
738,1417,17474,13963
737,1430,17468,13980
736,1448,17436,13941
738,1434,17503,14033
733,1460,17311,13842
740,1426,17535,14034
737,1434,17470,13986
737,1433,17456,13967
741,1446,17500,13994
737,1461,17398,13931
738,1437,17515,14010
735,1448,17391,13895
736,1453,17438,13945
739,1428,17528,14035
735,1453,17372,13902
738,1427,17495,14011
735,1450,17388,13907
736,1442,17438,13952
737,1429,17480,13992
735,1460,17386,13905
740,1437,17566,14068
735,1462,17375,13902
737,1445,17446,13967
737,1433,17434,13980
734,1447,17369,13895
739,1427,17559,14065
736,1441,17419,13929
737,1434,17456,13980
737,1443,17436,13971
737,1450,17417,13959
738,1432,17512,14018
735,1459,17375,13887
738,1447,17481,13980
737,1435,17460,13969
735,1448,17391,13928
738,1437,17495,14040
734,1466,17332,13850
736,1455,17436,13942
739,1436,17530,14016
741,1457,17475,13944
