2374,5000
3106
3157
3154
3135
3161
3123
3159
3131
3139
3164
3110
3160
3130
3149
3152
3102
3167
3139
3150
3148
3107
3170
3133
3155
3153
3107
3155
3136
3150
3148
3117
3157
3133
3155
3164
3116
3171
3126
3144
3159
3113
3169
3121
3160
3145
3122
3166
3113
3151
3143
3126
3160
3126
3152
3148
3130
3175
3112
3145
3144
3134
3169
3109
3149
3147
3144
3160
3114
3162
3135
3147
3154
3106
3153
3141
3143
3163
3112
3161
3136
3139
3149
3110
3167
3132
3156
3148
3108
3159
3131
3148
3152
3114
3160
3125
3156
3151
3118
3157
3126
3153
3142
3123
3168
3121
3166
3147
3124
3167
3131
3158
3136
3138
3165
3121
3148
3152
3130
3167
3113
3162
3140
3133
3168
3113
3161
3137
3149
3165
3107
3172
3131
3141
3162
3109
3159
3151
3144
3160
3104
3161
3131
3153
3152
3101
3175
3133
3150
3154
3111
3163
3135
3150
3154
3103
3166
3130
3165
3144
3110
3161
3119
3158
3148
3123
3161
3128
3151
3156
3128
3160
3124
3150
3160
3130
3167
3124
3155
3135
3133
3159
3121
3153
3146
3147
3159
3117
3158
3138
3133
3168
3107
3160
3140
3144
3154
3122
3160
3140
3136
3160
3107
3167
3133
3160
3152
3102
3166
3141
3151
3160
3113
3157
3144
3146
3156
3108
3169
3122
3161
3147
3114
3168
3130
3156
3153
3116
3165
3130
3156
3161
3124
3159
3123
3157
3149
3130
3172
3111
3146
3137
3137
3166
3126
3157
3143
3138
3161
3110
3169
3139
3129
3164
3111
3155
3133
3152
3171
3118
3156
3128
3148
3159
3113
3159
3149
3140
3149
3121
3169
3135
3158
3151
3099
3168
3128
3156
3147
3116
3156
3132
3149
3155
3109
3160
3132
3149
3153
3115
3170
3124
3163
3142
3124
3168
3124
3150
3154
3122
3166
3128
3152
3141
3136
3162
3121
3154
3138
3139
3170
3113
3151
3133
3131
3173
3108
3164
3142
3132
3157
3110
3159
3130
3139
3162
3112
3167
3129
3150
3167
3115
3156
3135
3140
3158
3101
3169
3134
3141
3161
3098
3168
3128
3148
3154
3107
3169
3126
3160
3154
3121
3157
3128
3150
3153
3117
3171
3119
3157
3144
3115
3172
3117
3160
3146
3135
3164
3120
3155
3147
3138
3164
3112
3159
3137
3142
3167
3120
3153
3131
3139
3153
3117
3163
3135
3137
3164
3104
3155
3142
3144
3160
3106
3156
3137
3147
3157
3110
3155
3132
3148
3158
3111
3166
3148
3147
3156
3107
3175
3129
3167
3142
3118
3162
3138
3149
3155
3119
3167
3117
3144
3144
3131
3164
3115
3160
3146
3134
3166
3121
3162
3137
3125
3158
3110
3158
3157
3136
3166
3108
3147
3144
3151
3157
3110
3162
3130
3146
3160
3105
3167
3132
3148
3157
3102
3157
3132
3155
3152
3106
3162
3127
3146
3165
3104
3163
3139
3151
3154
3109
3169
3120
3148
3152
3111
3167
3127
3162
3141
3111
3156
3127
3152
3153
3123
3163
3124
3153
3151
3134
3175
3114
3156
3144
3141
3165
3113
3170
3135
3132
3162
3118
3156
3143
3133
3172
3113
3152
3134
3151
3163
3119
3153
3142
3142
3154
3103
3173
3138
3139
3154
3101
3159
3138
3149
3146
3116
3156
3139
3156
3157
3108
3165
3126
3165
3144
3130
3165
3128
3149
3141
3126
3159
3129
3153
3159
3119
3170
3118
3169
3147
3131
3161
3121
3149
3146
3138
3160
3118
3146
3142
3134
3160
3116
3158
3145
3138
3170
3112
3165
3138
3142
3166
3105
3160
3131
3141
3165
3102
3171
3128
3152
3153
3112
3160
3129
3153
3147
3108
3168
3137
3148
3154
3109
3168
3124
3169
3155
3110
3165
3125
3147
3155
3117
3161
3117
3158
3146
3130
3167
3126
3150
3138
3122
3171
3114
3151
3151
3129
3164
3115
3155
3148
3136
3166
3119
3151
3137
3142
3159
3118
3160
3148
3135
3157
3104
3166
3136
3147
3149
3109
3160
3129
3161
3150
3118
3157
3127
3153
3165
3104
3172
3128
3162
3149
3104
3160
3145
3154
3146
3105
3170
3133
3153
3143
3125
3175
3115
3150
3161
3120
3167
3124
3152
3150
3126
3173
3115
3157
3136
3132
3158
3130
3161
3146
3141
3167
3109
3160
3143
3142
3152
3115
3154
3149
3139
3166
3113
3151
3137
3145
3150
3111
3161
3142
3149
3165
3100
3169
3140
3146
3147
3108
3159
3136
3153
3157
3109
3164
3123
3162
3155
3112
3171
3126
3157
3148
3122
3164
3118
3159
3148
3125
3169
3116
3159
3146
3136
3162
3116
3150
3138
3140
3162
3113
3161
3138
3148
3168
3114
3163
3140
3140
3162
3116
3157
3135
3148
3154
3102
3154
3132
3151
3154
3120
3156
3144
3158
3149
3113
3160
3127
3149
3162
3103
3157
3131
3167
3153
3105
3164
3124
3168
3156
3112
3169
3125
3156
3148
3126
3162
3115
3164
3148
3118
3169
3127
3154
3148
3127
3156
3110
3165
3141
3139
3159
3121
3152
3137
3152
3162
3124
3154
3134
3143
3159
3108
3174
3131
3149
3151
3111
3164
3140
3151
3156
3103
3164
3133
3155
3157
3109
3154
3138
3148
3147
3113
3163
3124
3142
3151
3109
3168
3135
3151
3157
3119
3168
3123
3161
3147
3121
3167
3124
3158
3144
3134
3170
3116
3153
3140
3136
3166
3120
3148
3157
3134
3157
3127
3161
3140
3146
3156
3108
3164
3135
3145
3160
3111
3157
3128
3141
3164
3108
3171
3131
3150
3155
3099
3169
3133
3144
3145
3108
3161
3132
3158
3151
3119
3154
3131
3156
3149
3122
3177
3125
3167
3152
3114
3162
3138
3146
3141
3122
3158
3135
3152
3153
3124
3167
3113
3165
3141
3137
3167
3132
3164
3137
3139
3164
3119
3154
3143
3137
3166
3112
3155
3148
3136
3153
3112
3153
3143
3141
3171
3108
3167
3130
3151
3160
3104
3163
3132
3147
3147
3102
3175
3131
3154
3145
3103
3170
3130
3168
3145
3120
3162
3139
3153
3157
3119
3165
3124
3152
3143
3128
3165
3130
3150
3148
3123
3162
3127
3152
3150
3133
3161
3121
3157
3141
3139
3168
3111
3162
3139
3140
3170
3109
3159
3133
3143
3163
3120
3162
3131
3151
3171
3110
3158
3143
3145
3157
3103
3168
3133
3145
3160
3109
3162
3134
3144
3154
3114
3164
3125
3157
3149
3117
3166
3122
3150
3155
3113
3160
3125
3157
3144
3141
3158
3124
3147
3152
3129
3172
3115
3153
3139
3128
3181
3124
3154
3144
3132
3178
3114
3160
3139
3137
3172
3107
3159
3135
3149
3159
3118
3158
3132
3142
3154
3116
3165
3136
3146
3152
3100
3171
3140
3149
3145
3098
3165
3131
3156
3149
3124
3160
3135
3150
3156
3114
3173
3121
3157
3144
3126
3162
3137
3152
3149
3122
3156
3135
3162
3152
3134
3172
3115
3151
3147
3139
3161
3116
3155
3149
3136
3165
3122
3156
3143
3138
3161
3111
3162
3137
3156
3156
3107
3155
3142
3147
3154
3111
3157
3140
3149
3148
3111
3168
3129
3145
3158
3103
3164
3136
3152
3167
3113
3160
3135
3159
3150
3128
3156
3130
3154
3141
3131
3167
3124
3152
3138
3130
3165
3124
3156
3141
3133
3167
3121
3155
3142
3135
3160
3119
3152
3146
3148
3163
3116
3157
3141
3140
3172
3107
3155
3142
3144
3165
3111
3176
3134
3146
3156
3111
3160
3148
3150
3150
3108
3159
3135
3147
3160
3109
3168
3132
3146
3154
3116
3166
3124
3154
3145
3111
3171
3118
3161
3156
3119
3155
3123
3154
3152
3121
3180
3126
3150
3157
3136
3170
3112
3158
3136
3139
3162
3109
3169
3139
3140
3161
3104
3160
3133
3146
3166
3111
3155
3140
3141
3165
3108
3170
3132
3144
3153
3113
3161
3149
3146
3151
3106
3162
3127
3149
3147
3102
3167
3127
3152
3146
3121
3158
3122
3164
3146
3113
3173
3124
3157
3140
3133
3159
3116
3159
3148
3131
3161
3112
3167
3151
3127
3160
3123
3150
3139
3139
3165
3118
3150
3144
3132
3162
3118
3158
3144
3140
3154
3113
3158
3153
3142
3169
3101
3173
3130
3142
3160
3107
3163
3129
3152
3149
3110
3160
3131
3156
3145
3101
3173
3127
3168
3141
3116
3162
3121
3149
3155
3124
3162
3125
3149
3142
3120
3171
3120
3161
3144
3133
3172
3113
3167
3138
3133
3159
3114
3147
3152
3137
3162
3105
3158
3139
3148
3167
3106
3156
3143
3137
3176
3116
3162
3137
3146
3151
3104
3167
3136
3154
3155
3105
3163
3129
3155
3156
3111
3164
3137
3147
3157
3112
3160
3140
3147
3158
3126
3163
3123
3170
3146
3109
3167
3120
3169
3149
3135
3162
3125
3160
3145
3143
3172
3109
3145
3150
3130
3169
3117
3152
3145
3129
3162
3114
3153
3145
3140
3165
3113
3170
3152
3141
3166
3103
3163
3136
3148
3153
3112
3157
3143
3141
3143
3112
3158
3139
3148
3158
3103
3164
3132
3154
3155
3102
3154
3133
3149
3154
3115
3159
3127
3147
3147
3122
3168
3115
3158
3147
3118
3170
3115
3153
3142
3131
3158
3121
3150
3139
3131
3178
3112
3155
3135
3131
3156
3118
3156
3133
3142
3156
3105
3166
3134
3144
3152
3106
3169
3131
3145
3151
3108
3157
3130
3151
3152
3110
3160
3139
3146
3144
3120
3160
3140
3145
3145
3104
3166
3121
3159
3152
3119
3157
3117
3156
3155
3116
3160
3127
3150
3150
3122
3162
3124
3148
3136
3136
3166
3109
3158
3142
3136
3155
3114
3155
3146
3138
3158
3117
3154
3131
3144
3159
3116
3152
3144
3138
3153
3101
3160
3144
3138
3155
3110
3159
3142
3161
3152
3102
3168
3130
3158
3153
3103
3157
3125
3151
3147
3109
3162
3140
3152
3141
3119
3163
3132
3153
3144
3124
3160
3125
3156
3154
3122
3167
3116
3167
3144
3138
3167
3124
3151
3141
3124
3171
3115
3161
3139
3153
3165
3107
3164
3140
3145
3156
3114
3155
3132
3158
3156
3114
3153
3137
3149
3157
3111
3164
3139
3151
3159
3109
3162
3142
3155
3142
3111
3163
3125
3151
3156
3109
3167
3120
3156
3144
3123
3163
3133
3160
3149
3115
3172
3123
3159
3150
3125
3169
3119
3157
3139
3141
3159
3117
3151
3146
3134
3169
3112
3169
3140
3142
3159
3120
3160
3135
3133
3165
3108
3153
3142
3148
3156
3106
3156
3130
3159
3152
3113
3166
3128
3152
3152
3100
3174
3123
3159
3145
3113
3161
3137
3151
3154
3106
3164
3123
3158
3152
3124
3164
3132
3150
3155
3121
3166
3119
3160
3148
3133
3169
3120
3151
3153
3129
3163
3114
3152
3149
3134
3176
3109
3149
3145
3140
3175
3108
3156
3139
3147
3160
3110
3156
3137
3140
3148
3111
3166
3136
3142
3160
3101
3163
3138
3158
3153
3101
3154
3138
3149
3147
3125
3166
3132
3152
3148
3116
3177
3122
3151
3154
3116
3177
3125
3170
3146
3127
3162
3125
3153
3150
3130
3174
3115
3155
3140
3126
3162
3120
3159
3141
3147
3160
3117
3155
3149
3135
3167
3110
3161
3142
3151
3167
3105
3150
3140
3148
3172
3103
3169
3133
3154
3150
3112
3165
3142
3147
3155
3099
3164
3135
3163
3155
3103
3160
3132
3151
3157
3114
3172
3126
3158
3158
3130
3172
3121
3146
3149
3121
3172
3121
3162
3149
3131
3158
3120
3152
3150
3135
3160
3120
3154
3147
3135
3172
3112
3151
3144
3140
3154
3117
3158
3135
3144
3159
3109
3159
3132
3144
3160
3109
3166
3133
3154
3160
3106
3159
3134
3155
3165
3104
3162
3142
3163
3151
3107
3169
3125
3150
3155
3114
3159
3127
3150
3163
3117
3176
3124
3154
3141
3131
3173
3122
3151
3147
3125
3165
3122
3154
3138
3131
3161
3108
3152
3149
3138
3172
3105
3164
3150
3137
3171
3116
3161
3131
3144
3156
3113
3161
3132
3150
3158
3115
3162
3131
3156
3150
3098
3162
3136
3145
3152
3115
3156
3134
3144
3164
3125
3159
3136
3152
3155
3112
3163
3131
3156
3140
3112
3163
3125
3156
3143
3137
3158
3120
3154
3146
3137
3166
3120
3156
3137
3137
3163
3120
3155
3151
3135
3155
3116
3162
3138
3153
3158
3101
3150
3140
3141
3155
3112
3164
3128
3150
3154
3114
3164
3126
3154
3148
3110
3158
3141
3153
3143
3110
3157
3134
3147
3147
3120
3163
3120
3155
3152
3118
3169
3127
3149
3153
3136
3164
3134
3155
3150
3121
3166
3114
3159
3145
3137
3166
3128
3156
3140
3142
3169
3105
3157
3139
3132
3165
3129
3159
3129
3142
3155
3112
3165
3136
3149
3156
3113
3159
3130
3154
3157
3107
3153
3129
3158
3164
3102
3170
3125
3150
3151
3106
3176
3129
3150
3164
3113
3163
3119
3162
3149
3121
3160
3125
3147
3160
3120
3171
3116
3155
3142
3122
3169
3123
3153
3151
3138
3168
3114
3161
3143
3138
3161
3117
3155
3143
3141
3159
3114
3150
3140
3148
3160
3115
3168
3132
3149
3153
3113
3161
3136
3149
3154
3109
3167
3132
3145
3159
3115
3154
3131
3144
3165
3107
3169
3127
3158
3146
3121
3165
3132
3149
3150
3121
3168
3118
3162
3147
3130
3174
3116
3148
3151
3129
3172
3113
3157
3140
3128
3172
3113
3156
3143
3129
3168
3110
3162
3138
3131
3161
3121
3152
3141
3143
3154
3112
3160
3128
3146
3162
3103
3170
3127
3149
3167
3106
3157
3139
3150
3142
3107
3160
3128
3158
3146
3115
3161
3130
3154
3155
3112
3155
3125
3150
3151
3122
3169
3116
3155
3142
3125
3161
3114
3154
3153
3127
3162
3128
3160
3153
3133
3170
3106
3158
3139
3141
3158
3120
3149
3138
3131
3167
3114
3163
3135
3147
3158
3120
3157
3134
3159
3158
3108
3154
3138
3146
3160
3101
3154
3132
3142
3149
3111
3174
3127
3157
3149
3120
3167
3122
3168
3152
3119
3160
3128
3152
3144
3134
3158
3114
3155
3142
3139
3164
3123
3152
3158
3123
3180
3113
3149
3144
3126
3169
3108
3155
3143
3132
3155
3113
3150
3134
3154
3155
3116
3159
3130
3145
3155
3114
3163
3144
3138
3148
3108
3155
3142
3148
3158
3099
3164
3130
3148
3148
3113
3162
3128
3145
3156
3110
3163
3128
3145
3152
3111
3171
3128
3158
3152
3114
3160
3124
3168
3141
3134
3167
3113
3156
3146
3140
3166
3118
3148
3146
3139
3161
3121
3166
3134
3140
3153
3108
3164
3141
3136
3165
3108
3163
3139
3153
3155
3109
3158
3141
3152
3149
3100
3168
3134
3158
3158
3103
3168
3133
3146
3149
3112
3159
3134
3154
3162
3106
3170
3122
3165
3152
3114
3171
3119
3156
3140
3127
3175
3134
3156
3149
3127
3170
3114
3161
3144
3128
3168
3110
3166
3136
3149
3161
3105
3165
3141
3135
3168
3108
3157
3144
3141
3151
3116
3161
3142
3141
3147
3112
3155
3128
3162
3156
3107
3156
3134
3147
3167
3110
3156
3128
3147
3151
3114
3163
3124
3160
3159
3116
3164
3117
3161
3154
3118
3166
3117
3160
3144
3133
3163
3131
3154
3145
3125
3174
3120
3157
3140
3128
3170
3115
3164
3139
3137
3164
3105
3158
3145
3140
3156
3115
3159
3140
3145
3166
3110
3165
3130
3158
3152
3112
3170
3141
3145
3157
3104
3158
3142
3151
3165
3109
3162
3127
3160
3151
3112
3176
3127
3150
3159
3120
3163
3123
3149
3151
3119
3174
3133
3157
3144
3127
3174
3118
3171
3147
3142
3167
3120
3157
3149
3140
3175
3115
3162
3138
3143
3165
3124
3161
3150
3143
3171
3111
3163
3140
3156
3162
3117
3167
3135
3147
3162
3119
3163
3142
3153
3171
3111
3185
3138
3167
3157
3123
3171
3146
3163
3162
3120
3169
3133
3169
3170
3132
3188
3140
3161
3157
3145
3180
3131
3164
3164
3142
3186
3137
3175
3150
3150
3178
3137
3167
3156
3159
3173
3121
3173
3152
3150
3183
3140
3171
3160
3150
3179
3125
3183
3144
3162
3167
3126
3169
3154
3163
3159
3118
3172
3146
3163
3166
3119
3168
3143
3151
3165
3116
3184
3131
3151
3160
3119
3172
3138
3158
3145
3126
3162
3132
3155
3157
3130
3180
3117
3160
3146
3149
3176
3112
3157
3148
3128
3172
3113
3170
3143
3128
3165
3109
3156
3135
3146
3160
3109
3163
3137
3140
3168
3104
3153
3130
3149
3154
3115
3160
3127
3147
3155
3103
3166
3134
3156
3151
3119
3158
3129
3162
3149
3104
3166
3124
3158
3155
3119
3168
3121
3164
3145
3125
3165
3126
3154
3152
3125
3170
3121
3151
3150
3128
3168
3114
3149
3151
3132
3171
3111
3161
3149
3137
3174
3110
3164
3135
3140
3162
3104
3161
3133
3147
3154
3103
3157
3138
3143
3162
3099
3163
3129
3154
3159
3111
3164
3131
3153
3164
3103
3178
3132
3154
3146
3107
3168
3124
3163
3155
3119
3163
3124
3153
3143
3129
3164
3125
3148
3160
3133
3166
3124
3151
3136
3138
3161
3122
3159
3143
