2187,5000
2941
2881
2912
2921
2886
2944
2890
2911
2903
2886
2937
2888
2914
2916
2886
2940
2882
2918
2913
2898
2933
2884
2927
2901
2899
2937
2888
2919
2907
2894
2935
2887
2925
2907
2907
2928
2882
2932
2907
2911
2935
2874
2938
2910
2899
2937
2893
2928
2895
2903
2921
2891
2936
2903
2904
2923
2885
2946
2892
2910
2916
2887
2938
2894
2907
2921
2894
2939
2880
2908
2910
2895
2949
2886
2918
2901
2892
2945
2886
2919
2904
2889
2940
2885
2920
2920
2890
2938
2880
2916
2905
2901
2941
2886
2928
2909
2898
2933
2886
2937
2901
2898
2941
2877
2934
2904
2915
2925
2877
2927
2900
2907
2929
2884
2934
2900
2901
2926
2895
2948
2886
2901
2921
2888
2939
2893
2912
2910
2895
2931
2894
2904
2917
2895
2944
2888
2909
2914
2892
2950
2885
2908
2907
2893
2934
2890
2921
2904
2899
2929
2890
2917
2912
2902
2936
2883
2926
2903
2904
2945
2874
2919
2904
2906
2934
2889
2940
2895
2902
2923
2886
2940
2898
2911
2931
2893
2924
2902
2908
2926
2883
2936
2894
2905
2921
2889
2940
2890
2900
2919
2888
2949
2886
2919
2911
2891
2933
2894
2911
2914
2889
2936
2892
2908
2917
2891
2940
2887
2903
2907
2892
2940
2888
2917
2907
2900
2938
2886
2923
2914
2890
2938
2879
2931
2902
2903
2932
2880
2922
2902
2901
2932
2885
2932
2912
2897
2930
2890
2935
2905
2900
2925
2895
2927
2907
2903
2930
2879
2934
2890
2901
2925
2890
2942
2892
2915
2908
2892
2942
2895
2904
2912
2888
2939
2892
2923
2905
2889
2936
2890
2917
2905
2895
2945
2885
2918
2911
2889
2949
2883
2920
2898
2900
2934
2887
2929
2912
2893
2932
2881
2933
2908
2905
2932
2887
2938
2896
2906
2935
2894
2920
2898
2906
2926
2888
2935
2905
2901
2928
2880
2934
2902
2914
2928
2885
2934
2893
2907
2932
2887
2938
2897
2911
2916
2888
2936
2896
2905
2911
2889
2942
2900
2911
2913
2894
2939
2887
2919
2915
2895
2935
2884
2918
2910
2893
2941
2888
2916
2913
2887
2939
2881
2927
2908
2905
2933
2882
2929
2913
2904
2931
2882
2938
2897
2907
2933
2887
2934
2896
2903
2929
2886
2942
2898
2914
2919
2889
2940
2894
2914
2914
2890
2930
2900
2916
2918
2896
2933
2887
2901
2916
2893
2941
2900
2913
2906
2892
2948
2896
2916
2904
2892
2938
2897
2912
2921
2891
2938
2876
2918
2913
2895
2939
2888
2935
2898
2901
2933
2888
2932
2904
2901
2935
2888
2920
2908
2904
2932
2878
2927
2905
2908
2933
2895
2939
2907
2909
2931
2885
2935
2896
2901
2923
2887
2938
2897
2908
2930
2876
2949
2889
2909
2921
2890
2944
2887
2904
2914
2893
2941
2887
2908
2913
2892
2937
2895
2923
2904
2890
2932
2887
2917
2916
2902
2940
2885
2921
2917
2899
2939
2885
2923
2912
2896
2936
2892
2926
2903
2899
2928
2884
2934
2907
2909
2930
2892
2922
2905
2919
2927
2884
2931
2899
2906
2937
2884
2941
2889
2904
2920
2888
2942
2894
2907
2934
2881
2941
2902
2903
2924
2889
2934
2897
2901
2921
2887
2944
2886
2908
2905
2891
2942
2890
2915
2915
2893
2935
2892
2919
2910
2895
2940
2888
2926
2906
2906
2946
2876
2925
2902
2905
2936
2888
2931
2909
2912
2924
2890
2935
2907
2904
2930
2883
2936
2904
2905
2951
2885
2928
2897
2915
2934
2887
2936
2898
2918
2913
2898
2933
2905
2900
2919
2895
2935
2896
2905
2927
2882
2939
2886
2908
2915
2902
2936
2892
2913
2908
2902
2950
2902
2906
2911
2899
2941
2887
2920
2913
2894
2928
2884
2920
2914
2905
2939
2887
2931
2910
2897
2940
2889
2927
2900
2907
2929
2891
2929
2914
2896
2929
2873
2934
2902
2914
2923
2891
2935
2900
2906
2926
2888
2937
2892
2906
2928
2899
2938
2895
2907
2915
2884
2943
2888
2915
2916
2904
2941
2886
2913
2915
2899
2937
2889
2913
2913
2905
2936
2893
2906
2911
2892
2938
2892
2923
2910
2904
2929
2887
2926
2909
2904
2931
2886
2925
2913
2895
2939
2882
2928
2900
2903
2935
2886
2934
2902
2911
2931
2894
2932
2903
2911
2924
2884
2937
2898
2906
2926
2894
2940
2885
2902
2925
2887
2948
2892
2917
2925
2881
2942
2905
2908
2913
2889
2941
2893
2914
2922
2899
2935
2883
2911
2907
2904
2937
2893
2921
2914
2889
2942
2887
2925
2914
2893
2939
2885
2928
2911
2910
2937
2880
2931
2909
2911
2945
2882
2935
2906
2907
2940
2898
2937
2899
2908
2923
2888
2940
2916
2910
2923
2886
2936
2899
2910
2925
2892
2942
2890
2908
2922
2897
2938
2893
2908
2915
2891
2940
2898
2915
2911
2888
2936
2896
2916
2912
2900
2941
2888
2916
2921
2891
2943
2885
2918
2911
2903
2938
2892
2933
2904
2895
2932
2887
2934
2904
2905
2936
2886
2932
2915
2907
2936
2885
2921
2902
2906
2934
2894
2939
2897
2922
2927
2882
2942
2905
2914
2924
2892
2938
2896
2912
2926
2893
2941
2903
2900
2920
2894
2942
2893
2903
2909
2901
2935
2913
2916
2916
2888
2936
2893
2915
2913
2893
2941
2887
2918
2917
2895
2943
2884
2917
2906
2908
2935
2890
2938
2904
2910
2928
2891
2937
2910
2905
2931
2886
2929
2910
2903
2941
2891
2922
2895
2913
2933
2896
2927
2905
2900
2926
2899
2938
2901
2903
2922
2901
2942
2900
2908
2932
2879
2934
2888
2909
2919
2892
2943
2897
2908
2920
2903
2936
2896
2906
2906
2894
2938
2894
2926
2907
2894
2930
2886
2914
2913
2899
2939
2891
2932
2904
2902
2935
2891
2920
2906
2907
2933
2890
2938
2906
2903
2927
2887
2930
2908
2911
2932
2888
2938
2902
2916
2929
2888
2935
2895
2910
2928
2889
2942
2912
2895
2921
2895
2956
2911
2901
2924
2896
2932
2901
2908
2930
2891
2940
2885
2912
2915
2901
2937
2900
2906
2907
2890
2947
2887
2920
2910
2898
2943
2895
2916
2916
2911
2925
2885
2922
2910
2900
2937
2893
2915
2909
2900
2927
2895
2925
2910
2909
2931
2886
2929
2907
2911
2929
2883
2934
2905
2908
2935
2891
2937
2898
2905
2921
2892
2935
2903
2904
2925
2890
2939
2901
2912
2914
2896
2933
2896
2912
2912
2899
2937
2886
2925
2906
2900
2937
2896
2916
2910
2895
2942
2893
2930
2900
2907
2955
2897
2926
2920
2907
2935
2881
2921
2909
2903
2938
2887
2930
2908
2902
2933
2892
2929
2905
2901
2932
2884
2936
2906
2911
2930
2883
2926
2901
2910
2940
2880
2938
2900
2914
2924
2891
2937
2898
2902
2920
2899
2935
2899
2912
2915
2894
2929
2894
2912
2917
2896
2937
2899
2910
2913
2901
2950
2885
2910
2907
2894
2942
2894
2921
2922
2902
2930
2888
2924
2915
2907
2934
2893
2924
2914
2900
2948
2875
2932
2910
2900
2931
2893
2927
2907
2903
2936
2882
2931
2909
2908
2935
2885
2936
2902
2910
2932
2887
2935
2900
2909
2928
2899
2935
2897
2895
2924
2888
2940
2898
2913
2916
2895
2941
2887
2920
2916
2900
2932
2892
2912
2910
2903
2940
2891
2920
2913
2887
2948
2891
2921
2915
2899
2946
2886
2932
2915
2897
2937
2895
2921
2910
2912
2945
2883
2937
2899
2905
2934
2887
2940
2905
2906
2929
2891
2932
2912
2907
2927
2886
2933
2912
2902
2931
2889
2935
2893
2906
2927
2890
2946
2894
2906
2920
2893
2945
2894
2920
2930
2888
2937
2893
2926
2913
2889
2938
2891
2915
2912
2895
2941
2893
2917
2908
2900
2941
2897
2926
2913
2895
2944
2882
2933
2921
2890
2931
2882
2927
2908
2910
2942
2895
2925
2905
2907
2937
2894
2924
2903
2903
2935
2888
2935
2913
2897
2924
2882
2935
2900
2910
2926
2889
2941
2893
2914
2929
2899
2936
2892
2910
2920
2890
2946
2899
2908
2913
2894
2935
2900
2920
2912
2900
2932
2889
2919
2905
2900
2938
2886
2921
2921
2886
2949
2891
2919
2905
2892
2934
2893
2932
2904
2908
2943
2878
2933
2907
2906
2932
2888
2924
2909
2901
2941
2889
2938
2890
2904
2934
2888
2934
2903
2908
2928
2886
2938
2902
2912
2916
2885
2939
2902
2906
2924
2895
2944
2892
2898
2922
2897
2942
2891
2916
2918
2889
2950
2893
2916
2908
2895
2943
2890
2929
2905
2904
2932
2887
2922
2920
2901
2942
2889
2932
2916
2905
2931
2898
2923
2904
2909
2928
2887
2930
2914
2912
2928
2883
2926
2905
2919
2932
2887
2936
2899
2910
2929
2890
2938
2898
2904
2931
2886
2944
2904
2909
2918
2888
2928
2899
2905
2931
2885
2942
2895
2910
2918
2905
2937
2899
2900
2912
2897
2940
2891
2927
2903
2892
2932
2894
2915
2913
2900
2948
2882
2925
2917
2902
2940
2885
2922
2911
2903
2938
2889
2931
2907
2902
2931
2885
2933
2908
2921
2932
2885
2941
2902
2913
2937
2884
2930
2903
2911
2936
2882
2946
2901
2895
2922
2888
2948
2892
2913
2922
2891
2947
2889
2920
2920
2891
2937
2897
2911
2917
2894
2944
2894
2917
2898
2897
2944
2893
2918
2922
2887
2946
2883
2928
2908
2895
2933
2886
2926
2918
2901
2949
2878
2931
2897
2901
2934
2889
2935
2920
2902
2933
2888
2937
2909
2912
2931
2893
2935
2907
2909
2940
2882
2931
2896
2907
2930
2891
2942
2899
2908
2924
2896
2943
2897
2907
2916
2893
2948
2890
2917
2918
2898
2928
2889
2914
2913
2895
2941
2897
2916
2911
2895
2943
2897
2912
2908
2898
2936
2886
2926
2915
2909
2930
2885
2935
2906
2905
2938
2893
2925
2905
2908
2938
2895
2924
2919
2919
2951
2882
2939
2912
2909
2934
2880
2940
2900
2911
2937
2900
2929
2902
2906
2930
2894
2934
2894
2910
2932
2886
2946
2895
2905
2924
2881
2943
2898
2907
2920
2893
2943
2893
2916
2915
2898
2942
2880
2921
2912
2897
2947
2897
2920
2904
2896
2936
2889
2925
2913
2911
2930
2889
2924
2911
2908
2931
2885
2940
2901
2909
2934
2893
2926
2900
2907
2935
2890
2933
2911
2904
2934
2881
2939
2904
2913
2923
2887
2937
2906
2900
2930
2890
2934
2890
2909
2920
2892
2943
2900
2910
2913
2893
2949
2900
2917
2908
2892
2943
2892
2925
2905
2905
2938
2896
2935
2919
2909
2938
2893
2918
2914
2904
2935
2893
2928
2904
2897
2938
2887
2934
2905
2910
2933
2885
2924
2907
2912
2929
2881
2936
2906
2902
2936
2885
2945
2902
2905
2928
2889
2938
2903
2916
2920
2888
2932
2899
2914
2922
2901
2935
2898
2913
2928
2893
2947
2892
2907
2915
2893
2942
2897
2918
2909
2892
2945
2886
2919
2915
2900
2943
2888
2927
2912
2900
2944
2890
2918
2912
2902
2939
2891
2929
2907
2900
2934
2885
2932
2910
2908
2937
2888
2931
2910
2920
2931
2886
2930
2902
2908
2932
2890
2946
2892
2902
2928
2896
2936
2902
2914
2921
2896
2934
2900
2906
2932
2891
2942
2893
2909
2917
2893
2945
2892
2909
2911
2902
2939
2897
2915
2916
2895
2941
2895
2930
2927
2887
2939
2895
2921
2910
2901
2942
2895
2917
2907
2901
2941
2891
2928
2911
2906
2932
2888
2933
2909
2902
2934
2891
2941
2904
2913
2936
2884
2933
2897
2907
2931
2890
2940
2904
2907
2930
2894
2940
2905
2904
2916
2892
2944
2899
2917
2926
2890
2936
2889
2918
2912
2897
2938
2898
2916
2907
2895
2942
2900
2908
2918
2889
2944
2888
2930
2917
2895
2942
2893
2917
2915
2903
2949
2884
2927
2904
2908
2936
2890
2929
2906
2905
2936
2887
2946
2904
2910
2928
2889
2929
2905
2917
2935
2884
2937
2900
2909
2930
2894
2935
2895
2919
2921
2892
2947
2903
2905
2917
2897
2936
2913
2905
2921
2895
2941
2892
2914
2923
2894
2940
2888
2918
2919
2886
2947
2889
2916
2906
2891
2940
2902
2945
2917
2899
2945
2882
2929
2911
2910
2934
2889
2925
2914
2903
2939
2893
2929
2903
2906
2940
2890
2930
2916
2926
2927
2885
2934
2904
2913
2930
2884
2948
2890
2909
2927
2893
2940
2901
2900
2922
2893
2943
2898
2918
2916
2892
2944
2896
2917
2913
2891
2936
2903
2920
2922
2896
2942
2884
2917
2913
2909
2939
2899
2922
2908
2898
2942
2891
2931
2903
2906
2932
2892
2930
2921
2900
2934
2882
2926
2906
2904
2937
2889
2932
2914
2900
2937
2885
2938
2896
2904
2928
2886
2932
2913
2897
2919
2878
2934
2901
2899
2941
2897
2936
2892
2902
2925
2882
2939
2884
2900
2910
2885
2936
2891
2908
2901
2884
2928
2889
2906
2907
2885
2939
2886
2913
2906
2893
2941
2877
2920
2913
2890
2950
2882
2922
2900
2897
2917
2886
2928
2901
2899
2932
2890
2914
2904
2912
2925
2881
2924
2896
2906
2929
2894
2927
2899
2887
2918
2887
2928
2897
2902
2918
2884
2938
2891
2909
2911
2886
2929
2892
2903
2922
2885
2942
2883
2901
2902
2889
2940
2885
2909
2909
2885
2936
2896
2908
2913
2883
2934
2890
2918
2906
2899
2929
2880
2919
2893
2898
2928
2889
2927
2910
2900
2924
2884
2928
2913
2889
2926
2878
2925
2917
2912
2928
2880
2933
2885
2901
2926
2885
2929
2900
2907
2918
2888
2936
2896
2897
2913
2886
2936
2886
2910
2908
2872
2931
2889
2902
2909
2894
2933
2887
2906
2905
2893
2939
2888
2905
2900
2895
2931
2883
2914
2910
2891
2923
2881
2908
2916
2888
2933
2887
2929
2900
2897
2932
2884
2929
2893
2901
2931
2881
2935
2911
2892
2925
2875
2931
2895
2903
2925
2884
2928
2896
2897
2924
2890
2925
2886
2906
2913
2885
2934
2895
2898
2906
2882
2938
2893
2906
2910
2888
2933
2887
2917
2902
2894
2926
2893
2929
2908
2890
2940
2885
2909
2900
2886
2938
2882
2927
2901
2898
2931
2881
2924
2906
2898
2929
2877
2924
2905
2894
2932
2879
2917
2892
2891
2928
2890
2920
2905
2900
2925
2880
2927
2895
2907
2927
2875
2937
2891
2901
2922
2882
2928
2883
2897
2911
2889
2942
2881
2905
2907
2882
2935
2887
2904
2896
2882
2933
2880
2905
2902
2890
2923
2880
2904
2902
2889
2931
2882
2910
2901
2891
2930
2882
2921
2897
2889
2924
2879
2910
2901
2898
2918
2871
2911
2893
2895
2930
2874
2924
2897
2897
2920
2880
2927
2889
2886
2915
2876
2913
2890
2895
2909
2872
2917
2891
2893
2915
2890
2923
2895
2910
2904
2878
2926
2872
2889
2893
2880
2933
2874
2903
2880
2880
2911
2875
2901
2902
2875
2926
2869
2898
2890
2892
2917
2863
2901
2884
2883
2907
2875
2908
2881
2880
2898
2866
2913
2883
2880
2910
2862
2902
2879
2888
2900
2860
2899
2874
2877
2897
2874
2908
2871
2881
2898
2864
2917
2876
2882
2899
2867
2913
2885
2889
2900
2861
2917
2875
2888
2898
2872
2930
2875
2885
2891
2876
2925
2886
2894
2894
2876
2920
2873
2902
2900
2872
2918
2872
2907
2893
2889
2931
2866
2918
2883
2888
2928
2865
2915
2901
2882
2931
2868
2923
2895
2884
2911
2873
2919
2888
2895
2919
2867
2918
2884
2896
2911
2884
2922
2890
2902
2900
2881
2921
2886
2898
2894
2877
2937
2880
2912
2903
2881
2923
2881
2897
2910
2882
2938
2882
2904
2897
2892
2932
2885
2914
2894
2892
2939
2887
2921
2913
2889
2926
2876
2929
2897
2913
2938
2873
2928
2905
2890
2936
2880
2923
2895
2902
2928
2884
2927
2902
2902
2918
2879
2930
2897
2901
2921
2884
2933
2890
2903
2921
2889
2927
2891
2894
2927
2884
2938
2893
2902
2903
2884
2931
2892
2914
2903
2891
2935
2883
2910
2909
2895
2933
2881
2913
2907
2893
2940
2895
2907
2907
2888
2933
2886
2923
2915
2888
2938
2879
2929
2910
2901
2930
2883
2920
2906
2900
2933
2888
2921
2894
2904
2927
2891
2932
2900
2908
2918
2883
2931
2899
2906
2920
2884
2940
2890
2905
2929
2885
2933
2885
2900
2913
2892
2938
2891
2910
2920
2880
2945
2897
2922
