2121,5000
881,1638,22288,18028
886,1615,22500,18227
879,1630,22190,17939
885,1631,22398,18097
882,1634,22274,17974
883,1631,22371,18062
886,1610,22519,18215
879,1625,22205,17942
883,1629,22343,18090
879,1635,22206,17963
882,1624,22340,18041
883,1616,22424,18149
880,1635,22216,17933
886,1624,22500,18220
881,1636,22284,17998
880,1629,22254,18005
882,1636,22343,18088
878,1634,22154,17903
886,1629,22482,18177
881,1640,22290,18004
881,1626,22280,18009
883,1637,22367,18087
879,1631,22187,17939
885,1619,22487,18207
882,1642,22329,18026
882,1632,22343,18033
884,1627,22418,18103
878,1633,22179,17905
884,1621,22425,18163
883,1638,22358,18103
882,1633,22331,18054
883,1632,22372,18056
878,1641,22158,17874
886,1621,22485,18181
881,1624,22282,18013
881,1636,22276,18021
881,1626,22298,18038
879,1630,22182,17902
884,1611,22532,18204
880,1638,22254,17978
884,1635,22382,18105
881,1631,22294,18033
880,1625,22243,17998
885,1616,22476,18195
879,1637,22208,17928
884,1637,22406,18115
884,1620,22425,18104
881,1636,22253,17969
885,1603,22473,18219
878,1626,22147,17861
888,1630,22501,18176
887,1625,22410,18039
881,1636,22296,18010
888,1641,22530,18221
878,1631,22164,17884
881,1630,22320,18057
881,1616,22295,18036
884,1627,22347,18077
887,1610,22503,18181
879,1638,22207,17942
883,1627,22372,18083
881,1625,22264,17978
880,1634,22238,17992
887,1602,22536,18255
880,1621,22208,17914
884,1642,22364,18061
881,1632,22297,17990
882,1629,22311,18025
883,1620,22386,18130
878,1621,22186,17913
886,1629,22459,18138
882,1640,22330,18027
879,1637,22223,17971
884,1611,22422,18157
884,1639,22238,17948
885,1618,22447,18176
879,1632,22197,17951
883,1644,22306,18035
884,1629,22374,18052
879,1632,22204,17934
885,1625,22429,18154
881,1632,22283,18007
883,1628,22321,18049
882,1631,22348,18063
880,1629,22206,17888
886,1625,22513,18201
884,1632,22383,18041
882,1628,22339,18059
882,1625,22321,18077
877,1634,22132,17872
887,1624,22521,18204
881,1623,22306,17995
882,1622,22359,18099
883,1626,22341,18057
881,1634,22242,17958
882,1583,22321,18048
884,1640,22360,18084
883,1630,22384,18127
883,1640,22364,18031
880,1626,22241,17973
885,1631,22429,18162
878,1636,22171,17891
881,1620,22327,18091
883,1648,22369,18084
881,1633,22257,17975
885,1620,22455,18121
881,1638,22280,17940
883,1632,22369,18113
882,1641,22317,18067
880,1635,22227,17987
887,1599,22574,18315
879,1622,22212,17904
883,1630,22362,18079
881,1625,22325,18065
881,1623,22276,18023
887,1632,22511,18246
877,1627,22138,17888
888,1626,22461,18174
885,1652,22353,18093
882,1641,22288,17988
885,1608,22459,18191
879,1632,22183,17911
885,1627,22383,18113
881,1634,22292,17992
881,1647,22298,17998
886,1613,22511,18189
885,1638,22384,18015
885,1633,22425,18177
885,1629,22376,18067
879,1634,22222,17982
890,1623,22571,18253
891,1648,22422,18027
883,1618,22421,18159
882,1641,22313,18022
880,1625,22244,17979
883,1636,22369,18112
879,1632,22183,17913
884,1616,22434,18182
881,1621,22278,17978
884,1651,22351,18081
881,1624,22294,18015
879,1620,22194,17925
883,1626,22384,18143
886,1633,22403,18098
882,1633,22299,18013
887,1629,22444,18130
884,1626,22283,17896
884,1625,22423,18145
881,1649,22266,17999
884,1640,22365,18089
884,1621,22383,18100
881,1632,22240,17905
880,1612,22432,18167
881,1634,22310,18000
884,1636,22370,18076
883,1637,22341,18065
881,1645,22244,17971
884,1616,22418,18164
880,1621,22244,17940
884,1628,22358,18073
882,1628,22318,18052
880,1633,22247,17974
883,1627,22393,18140
878,1637,22201,17895
884,1620,22422,18136
883,1629,22372,18047
882,1634,22304,17983
884,1634,22413,18126
880,1639,22196,17935
883,1629,22339,18078
883,1610,22415,18113
888,1644,22459,18131
893,1627,22546,18236
881,1635,22240,17922
882,1639,22337,18069
880,1633,22231,17965
880,1638,22259,17986
884,1632,22411,18153
881,1645,22268,17940
882,1631,22337,18045
881,1639,22269,18027
881,1635,22295,18030
885,1619,22447,18181
879,1631,22214,17928
885,1631,22395,18087
885,1648,22404,18080
889,1641,22448,18071
882,1611,22367,18117
879,1632,22189,17905
887,1634,22470,18209
881,1631,22294,17992
883,1638,22344,18036
881,1635,22310,18040
881,1629,22253,17948
885,1618,22455,18189
879,1640,22224,17971
881,1628,22293,18024
881,1630,22303,18047
881,1636,22252,17933
886,1620,22491,18207
880,1627,22246,17975
887,1631,22441,18150
883,1621,22278,18003
879,1630,22212,17904
885,1633,22440,18154
883,1638,22347,18039
883,1621,22407,18073
883,1628,22333,18070
877,1637,22139,17878
883,1624,22391,18131
882,1642,22308,18013
883,1626,22374,18089
882,1624,22307,18046
882,1637,22277,17981
888,1624,22497,18184
878,1630,22207,17965
884,1638,22364,18124
882,1620,22322,18053
881,1621,22275,17975
885,1621,22443,18167
880,1631,22233,17945
882,1634,22341,18091
880,1626,22294,18055
882,1647,22275,17975
885,1617,22445,18155
880,1637,22245,17933
886,1631,22472,18126
882,1626,22292,18011
884,1649,22330,18054
885,1605,22422,18171
880,1630,22243,17925
884,1631,22393,18083
882,1641,22315,18022
881,1635,22293,17996
887,1624,22544,18278
879,1636,22182,17911
881,1634,22299,18037
883,1638,22340,18066
882,1629,22303,18010
885,1619,22456,18192
880,1629,22228,17948
881,1630,22319,18047
882,1626,22300,18043
883,1628,22341,18036
883,1618,22399,18131
881,1642,22263,17940
882,1620,22481,18208
879,1632,22226,17953
886,1644,22362,18082
897,1634,22688,18372
884,1626,22381,18075
885,1628,22463,18139
880,1641,22231,17963
884,1646,22359,18068
881,1632,22271,18008
880,1626,22214,17941
886,1617,22431,18143
880,1647,22233,17975
885,1629,22385,18065
880,1622,22265,17990
881,1647,22229,17944
883,1621,22393,18122
880,1632,22252,18005
883,1635,22374,18087
882,1635,22356,18048
880,1629,22256,17911
899,1617,22854,18514
886,1640,22411,18112
888,1623,22407,18091
883,1633,22339,18087
883,1633,22240,17907
887,1622,22513,18209
880,1629,22266,18014
883,1618,22359,18057
882,1627,22307,18035
881,1646,22249,18008
884,1623,22418,18176
878,1632,22165,17905
886,1630,22475,18153
882,1627,22330,18038
882,1623,22309,18056
883,1630,22387,18115
878,1638,22182,17918
883,1626,22366,18103
882,1628,22326,18045
878,1640,22258,17974
887,1613,22544,18222
879,1646,22188,17932
882,1622,22324,18068
877,1644,22188,17944
882,1642,22321,18041
886,1617,22473,18152
879,1629,22190,17909
882,1637,22341,18044
881,1622,22261,17986
881,1636,22308,18015
887,1626,22527,18251
879,1632,22181,17896
883,1621,22400,18088
882,1645,22299,18000
882,1630,22306,18032
882,1625,22373,18124
880,1652,22214,17937
888,1631,22410,18089
882,1635,22301,18021
882,1644,22311,17978
883,1628,22410,18112
879,1628,22191,17927
885,1624,22466,18205
881,1628,22268,17994
881,1624,22273,17988
883,1626,22371,18062
879,1622,22182,17904
887,1617,22530,18254
880,1627,22223,17963
883,1642,22334,18073
880,1645,22263,18009
880,1628,22201,17952
885,1622,22465,18136
881,1636,22266,17997
884,1634,22369,18116
881,1623,22296,18026
878,1642,22150,17897
886,1619,22500,18217
881,1642,22273,17998
885,1640,22417,18108
884,1626,22396,18060
879,1647,22214,17915
883,1626,22384,18131
883,1629,22318,18048
884,1633,22403,18083
882,1638,22336,18039
881,1635,22250,17972
886,1620,22468,18167
878,1637,22180,17903
884,1630,22393,18101
881,1626,22314,18059
883,1643,22308,18054
886,1626,22452,18123
878,1625,22190,17905
883,1632,22365,18105
881,1617,22309,18028
888,1624,22370,18112
885,1623,22445,18165
882,1635,22282,17972
884,1631,22381,18051
883,1628,22365,18051
882,1637,22278,17993
890,1614,22574,18293
884,1625,22245,17930
885,1624,22416,18107
882,1621,22317,17992
888,1643,22423,18139
897,1626,22657,18307
880,1633,22231,17949
882,1634,22278,18013
886,1630,22303,18022
880,1621,22242,17980
887,1608,22528,18221
878,1626,22194,17932
883,1634,22346,18078
880,1653,22223,17984
882,1636,22308,18029
887,1622,22524,18223
891,1648,22422,18064
885,1591,22477,18154
883,1632,22334,17999
880,1630,22266,17996
883,1623,22357,18102
877,1620,22136,17894
888,1623,22549,18262
881,1627,22295,17969
881,1637,22317,18044
882,1639,22328,18026
884,1641,22334,18030
898,1619,22800,18511
880,1655,22254,17992
881,1622,22297,18039
883,1640,22347,18043
878,1644,22188,17906
884,1620,22426,18152
881,1638,22261,18003
881,1634,22294,18055
883,1633,22377,18064
880,1640,22223,17920
885,1625,22435,18127
883,1622,22382,18040
883,1638,22357,18101
881,1640,22294,18032
880,1623,22212,17947
888,1636,22543,18237
880,1627,22259,17967
882,1636,22333,18072
883,1638,22376,18071
880,1631,22229,17960
887,1619,22515,18243
877,1630,22139,17876
885,1636,22413,18144
884,1617,22403,18099
880,1636,22256,17958
885,1626,22446,18172
879,1624,22174,17908
881,1629,22288,18024
882,1618,22329,18056
882,1638,22321,18033
887,1617,22528,18226
890,1632,22482,18100
890,1631,22520,18201
888,1585,22391,18105
896,1631,22633,18321
890,1603,22626,18326
885,1642,22320,17945
882,1631,22324,18059
879,1633,22218,17934
881,1634,22278,18015
883,1609,22458,18193
878,1640,22182,17893
880,1636,22292,18014
884,1628,22306,17993
881,1638,22287,18009
882,1641,22355,18103
880,1629,22219,17940
883,1621,22384,18123
882,1628,22319,18050
882,1627,22316,18006
883,1621,22392,18076
881,1639,22297,17989
886,1619,22471,18188
880,1631,22253,18000
880,1634,22244,18002
882,1618,22340,18031
880,1628,22238,17901
887,1624,22512,18229
882,1622,22291,17994
883,1621,22353,18066
882,1647,22291,18031
879,1624,22182,17920
883,1627,22405,18142
882,1628,22327,17987
883,1616,22361,18053
883,1633,22348,18058
878,1625,22154,17886
885,1619,22439,18180
882,1640,22292,17996
883,1624,22377,18078
884,1639,22401,18086
881,1641,22256,17937
886,1616,22500,18250
879,1621,22210,17932
882,1633,22348,18113
883,1628,22358,18067
882,1634,22338,18011
884,1624,22429,18162
880,1637,22215,17901
883,1621,22362,18112
881,1645,22281,18015
882,1651,22287,18022
885,1608,22458,18213
879,1644,22211,17882
885,1629,22435,18142
880,1630,22267,18013
889,1628,22456,18114
886,1615,22511,18272
881,1625,22273,17976
882,1637,22357,18076
883,1636,22346,18016
883,1628,22365,18052
889,1615,22585,18313
881,1634,22200,17930
881,1631,22310,18046
881,1625,22281,17965
882,1632,22327,18021
887,1612,22510,18235
879,1629,22211,17921
887,1632,22435,18130
887,1625,22341,18029
881,1645,22270,18016
886,1625,22458,18181
881,1644,22261,17925
886,1615,22501,18250
880,1624,22250,17988
882,1643,22299,18025
881,1622,22298,18056
881,1645,22265,17964
889,1616,22499,18214
882,1638,22318,18021
888,1631,22473,18142
881,1633,22296,18029
877,1635,22128,17873
886,1618,22499,18239
881,1637,22305,18012
886,1648,22423,18104
882,1625,22301,18009
880,1632,22243,17934
884,1631,22428,18166
880,1633,22264,18000
883,1620,22357,18084
881,1636,22293,18034
880,1622,22225,17904
884,1631,22413,18118
881,1639,22262,18013
884,1620,22404,18123
881,1628,22310,18075
880,1629,22221,17915
885,1621,22471,18195
880,1642,22295,17997
884,1619,22419,18106
883,1628,22338,18063
879,1641,22208,17936
885,1622,22435,18169
881,1632,22241,17901
884,1624,22408,18116
882,1642,22331,18080
884,1639,22356,18041
883,1639,22380,18106
885,1638,22306,18010
890,1640,22430,18125
880,1649,22272,18029
886,1636,22416,18099
885,1631,22467,18163
880,1634,22194,17928
884,1632,22376,18114
881,1638,22270,18021
882,1635,22323,18022
886,1631,22485,18182
882,1631,22287,17953
884,1636,22405,18091
897,1651,22739,18430
893,1645,22482,18142
886,1626,22456,18186
881,1644,22263,17949
884,1628,22395,18062
881,1643,22288,18004
882,1639,22297,18017
885,1617,22452,18177
878,1629,22157,17909
884,1631,22405,18148
880,1623,22245,17988
882,1640,22337,18045
883,1637,22359,18078
878,1634,22184,17920
879,1621,22392,18189
881,1630,22243,17980
880,1631,22266,17993
883,1643,22349,18066
876,1627,22155,17833
886,1621,22533,18204
880,1632,22242,17964
882,1635,22283,18030
881,1630,22283,18014
884,1638,22304,17955
889,1603,22563,18252
881,1632,22283,18006
883,1639,22340,18079
882,1625,22310,18038
878,1639,22140,17870
884,1623,22411,18163
881,1633,22270,17995
884,1632,22413,18116
882,1639,22307,18046
883,1632,22287,17983
885,1615,22454,18179
879,1632,22226,17999
885,1630,22425,18109
883,1638,22371,18091
882,1630,22313,17991
887,1613,22540,18206
878,1636,22188,17918
885,1624,22409,18136
881,1616,22300,18049
881,1624,22283,18000
885,1630,22474,18171
879,1620,22210,17924
882,1617,22350,18039
884,1629,22395,18111
882,1638,22286,18003
886,1631,22490,18225
879,1633,22179,17923
886,1627,22444,18131
881,1622,22274,18001
883,1652,22339,18064
885,1617,22465,18205
879,1651,22190,17940
883,1630,22361,18086
881,1630,22285,18015
882,1628,22328,18037
890,1606,22626,18306
879,1628,22203,17911
882,1637,22324,18059
879,1637,22202,17963
887,1636,22435,18093
884,1631,22452,18172
880,1631,22236,17960
887,1633,22485,18163
882,1643,22244,17972
880,1633,22246,17975
886,1612,22460,18193
883,1627,22231,17932
888,1566,22547,18249
880,1638,22253,17984
887,1633,22419,18123
883,1625,22324,18040
885,1641,22310,18027
896,1636,22631,18300
881,1641,22278,17976
887,1618,22485,18152
894,1654,22558,18191
879,1622,22166,17886
886,1618,22487,18228
880,1636,22227,17968
885,1613,22435,18127
882,1640,22349,18030
874,1636,22137,17898
884,1624,22437,18148
888,1635,22448,18166
892,1648,22485,18180
883,1634,22316,18021
878,1621,22174,17902
888,1622,22559,18260
882,1629,22307,18020
883,1644,22329,18049
878,1632,22274,18076
879,1636,22197,17938
888,1628,22505,18215
880,1643,22231,17944
885,1640,22425,18104
885,1619,22430,18094
880,1638,22219,17972
886,1623,22496,18227
879,1647,22191,17911
885,1636,22397,18102
885,1632,22441,18103
882,1629,22319,18061
885,1625,22482,18190
887,1643,22354,18056
896,1627,22701,18409
883,1638,22352,18095
882,1639,22300,18039
886,1629,22496,18192
879,1628,22204,17925
884,1630,22378,18104
881,1630,22259,17995
882,1641,22292,18019
885,1623,22469,18182
880,1633,22227,17948
883,1638,22357,18078
884,1620,22398,18073
880,1631,22260,17982
883,1630,22410,18157
878,1634,22174,17902
885,1631,22445,18142
881,1650,22291,17977
881,1625,22265,17988
885,1626,22448,18165
879,1641,22204,17895
884,1617,22430,18184
879,1638,22218,17964
889,1633,22451,18167
897,1608,22771,18435
879,1632,22201,17902
885,1625,22442,18167
880,1642,22254,17994
883,1644,22321,18048
882,1633,22318,18040
879,1624,22201,17901
886,1624,22505,18210
882,1618,22318,18006
885,1621,22408,18106
881,1628,22267,18009
880,1645,22195,17925
885,1625,22475,18166
881,1625,22305,18007
883,1620,22374,18100
883,1641,22330,18025
878,1640,22147,17895
887,1624,22490,18199
882,1626,22245,17958
882,1631,22328,18079
884,1617,22444,18162
881,1631,22252,17945
887,1618,22526,18269
878,1629,22182,17907
881,1629,22316,18081
884,1631,22390,18096
880,1637,22256,17984
885,1618,22477,18161
881,1632,22281,17961
882,1630,22328,18071
885,1639,22402,18130
882,1640,22270,17990
887,1626,22528,18238
880,1634,22249,17933
887,1630,22447,18159
887,1628,22379,18062
886,1639,22403,18105
885,1615,22427,18163
879,1634,22200,17929
884,1633,22370,18093
881,1637,22303,17989
883,1636,22353,18074
885,1625,22477,18212
879,1645,22208,17957
881,1629,22305,18053
882,1640,22342,18023
882,1641,22286,18009
885,1603,22504,18211
881,1625,22249,17925
885,1629,22433,18160
880,1625,22238,17998
882,1640,22298,18032
884,1645,22414,18107
884,1628,22352,18027
887,1632,22421,18114
881,1630,22275,18008
880,1628,22254,17980
882,1628,22344,18090
879,1641,22191,17923
887,1624,22491,18207
882,1634,22303,17989
883,1628,22347,18051
882,1638,22297,18015
880,1635,22216,17956
883,1624,22376,18122
890,1641,22476,18152
897,1642,22694,18348
888,1632,22471,18135
881,1615,22269,17943
883,1625,22399,18143
884,1639,22337,18051
881,1619,22304,18024
884,1637,22393,18091
881,1639,22279,17942
883,1620,22390,18136
884,1629,22375,18078
882,1621,22327,18055
878,1637,22300,18040
879,1640,22192,17934
888,1621,22525,18263
880,1637,22256,17937
882,1638,22334,18078
883,1624,22344,18076
880,1641,22249,17983
883,1628,22390,18148
881,1635,22287,17982
883,1637,22352,18050
883,1635,22369,18052
883,1628,22355,18027
885,1634,22469,18182
878,1632,22148,17871
882,1624,22358,18090
882,1626,22347,18031
881,1644,22294,17984
891,1607,22612,18323
891,1644,22412,18059
883,1637,22335,18049
881,1632,22298,18035
881,1635,22282,18014
886,1630,22497,18241
883,1624,22294,17946
882,1628,22340,18074
879,1620,22226,17969
886,1643,22390,18076
892,1632,22539,18257
880,1633,22224,17938
883,1627,22368,18069
882,1642,22320,18004
884,1642,22388,18072
886,1605,22484,18226
881,1630,22195,17906
886,1630,22443,18183
881,1635,22294,17972
881,1631,22308,18018
883,1637,22365,18090
879,1626,22225,17912
883,1612,22472,18228
880,1642,22244,17982
883,1632,22351,18055
882,1637,22301,18049
878,1630,22189,17891
890,1614,22602,18312
884,1624,22293,17984
888,1623,22456,18147
895,1654,22618,18314
886,1635,22359,18022
884,1628,22424,18145
881,1613,22297,18007
887,1621,22493,18142
883,1644,22315,18016
878,1620,22159,17886
885,1622,22456,18206
883,1640,22366,18043
883,1632,22369,18073
882,1619,22352,18096
880,1633,22249,17934
885,1621,22459,18173
879,1635,22214,17955
883,1639,22335,18065
881,1637,22286,18035
883,1643,22331,18004
885,1626,22416,18137
879,1633,22205,17940
880,1628,22322,18081
883,1628,22338,18077
883,1626,22339,18045
885,1639,22435,18154
880,1641,22249,17942
881,1616,22351,18089
881,1620,22321,18043
881,1625,22282,18029
885,1618,22451,18199
890,1648,22458,18130
887,1629,22491,18162
887,1624,22360,18049
883,1631,22337,18056
885,1629,22469,18183
878,1620,22173,17921
882,1633,22324,18069
883,1634,22265,17984
882,1622,22343,18028
886,1622,22491,18224
880,1622,22200,17894
882,1629,22328,18052
879,1635,22197,17954
882,1633,22327,18022
884,1628,22431,18145
879,1635,22232,17943
887,1620,22513,18191
880,1644,22235,17943
881,1637,22261,18003
882,1626,22328,18058
880,1624,22243,17934
886,1630,22481,18168
880,1617,22281,18031
880,1633,22278,17983
881,1631,22295,18018
878,1627,22185,17918
884,1623,22423,18179
880,1634,22239,17994
882,1627,22348,18019
883,1634,22328,18054
876,1641,22136,17842
886,1618,22487,18216
880,1627,22194,17952
886,1638,22415,18140
890,1628,22454,18118
879,1636,22234,17927
888,1629,22531,18203
880,1631,22275,18025
883,1646,22330,18062
881,1630,22292,18030
881,1646,22253,17941
886,1632,22460,18149
879,1626,22237,17953
885,1631,22418,18098
880,1627,22281,18016
881,1629,22266,17984
885,1612,22461,18213
878,1638,22154,17885
889,1626,22510,18188
881,1617,22309,18020
881,1635,22273,18021
885,1635,22445,18177
878,1638,22150,17886
883,1630,22338,18039
881,1626,22312,18049
883,1629,22353,18036
886,1616,22515,18185
881,1637,22253,17962
880,1627,22266,18004
894,1640,22606,18329
888,1628,22389,18056
887,1604,22548,18229
879,1655,22213,17943
883,1631,22343,18063
881,1649,22283,17995
879,1626,22226,17989
884,1607,22453,18195
880,1631,22225,17985
882,1625,22343,18045
884,1635,22341,18032
881,1638,22269,17980
884,1620,22436,18174
878,1634,22162,17897
886,1627,22483,18195
881,1648,22289,17986
882,1626,22333,17997
884,1619,22419,18103
886,1649,22327,18039
900,1636,22771,18420
893,1624,22583,18301
884,1639,22366,18043
883,1618,22331,18033
878,1633,22188,17919
885,1597,22442,18171
880,1627,22256,17999
882,1639,22304,18036
880,1638,22269,18016
881,1640,22193,17931
888,1618,22551,18228
881,1647,22264,17985
882,1638,22327,18073
883,1635,22329,18055
880,1594,22109,17837
885,1613,22476,18188
881,1631,22277,17990
884,1635,22394,18078
882,1637,22355,18030
880,1640,22189,17904
884,1628,22421,18162
880,1635,22234,17961
885,1629,22439,18120
889,1629,22452,18088
881,1630,22251,17975
885,1626,22469,18159
881,1637,22243,17973
882,1613,22329,18045
881,1630,22275,18016
880,1631,22244,17988
886,1606,22529,18212
885,1644,22322,18022
895,1644,22564,18246
881,1623,22288,18037
880,1638,22258,18004
887,1613,22503,18200
879,1623,22208,17896
883,1634,22361,18043
882,1645,22336,18024
882,1622,22312,18034
885,1620,22456,18188
879,1620,22160,17872
882,1632,22345,18046
881,1634,22288,17981
881,1633,22266,18000
886,1631,22488,18196
878,1630,22157,17892
882,1625,22334,18057
879,1629,22239,17987
881,1638,22266,18012
886,1628,22446,18131
880,1640,22233,17944
883,1630,22358,18093
880,1627,22255,17982
879,1635,22208,17946
882,1608,22361,18094
879,1643,22219,17929
886,1618,22512,18189
882,1629,22312,17970
882,1640,22283,18027
880,1616,22277,18031
879,1648,22188,17928
892,1618,22627,18302
891,1635,22453,18078
881,1634,22255,17993
882,1627,22323,18042
877,1624,22141,17887
884,1626,22419,18164
881,1636,22272,17992
881,1635,22293,18032
885,1642,22409,18079
877,1623,22137,17861
884,1621,22431,18174
881,1629,22274,18001
884,1628,22376,18107
884,1631,22373,18059
877,1632,22154,17863
887,1624,22531,18226
881,1630,22287,17968
885,1619,22425,18143
886,1635,22359,18048
881,1643,22250,17987
885,1628,22427,18125
884,1639,22345,18001
881,1622,22314,18054
884,1651,22364,18079
881,1623,22301,18042
884,1625,22415,18157
879,1624,22167,17901
882,1623,22330,18074
884,1643,22401,18113
881,1624,22260,17987
886,1611,22515,18235
877,1642,22127,17870
888,1610,22625,18423
881,1626,22296,18002
882,1643,22329,18024
886,1629,22491,18184
886,1645,22390,18036
882,1632,22303,18044
881,1631,22283,18021
880,1627,22262,18010
886,1625,22506,18236
884,1631,22382,18044
881,1623,22320,18052
881,1635,22308,18028
882,1645,22294,18041
884,1618,22439,18179
877,1632,22147,17908
885,1632,22390,18128
882,1624,22322,17999
881,1651,22277,18003
883,1623,22368,18093
886,1625,22348,18058
895,1641,22599,18278
880,1627,22244,17963
881,1640,22297,18006
883,1644,22357,18058
881,1627,22265,17967
885,1615,22459,18196
881,1646,22255,17991
882,1631,22298,18040
883,1629,22364,18047
879,1638,22205,17898
884,1615,22443,18187
884,1637,22374,18071
882,1638,22307,18012
883,1630,22316,18044
878,1642,22155,17910
885,1625,22447,18183
882,1638,22349,18013
886,1620,22461,18149
882,1634,22303,18026
878,1633,22186,17933
884,1620,22424,18180
881,1640,22273,17998
897,1620,22743,18389
882,1629,22344,18039
882,1631,22285,17972
884,1631,22403,18116
877,1626,22149,17910
886,1625,22428,18174
879,1626,22331,18018
883,1640,22352,18032
883,1629,22378,18125
884,1631,22302,17979
882,1619,22379,18130
883,1645,22362,18112
880,1647,22260,17999
884,1632,22427,18180
881,1642,22262,17934
881,1626,22286,18007
882,1630,22328,18074
880,1634,22259,17996
888,1609,22543,18284
889,1635,22356,18009
885,1637,22433,18093
881,1632,22318,18002
887,1629,22463,18134
900,1639,22772,18428
888,1639,22314,18002
881,1634,22312,18049
884,1624,22359,18039
882,1620,22302,17994
885,1642,22455,18187
879,1629,22184,17889
883,1632,22341,18052
879,1619,22216,17956
894,1635,22619,18333
893,1629,22623,18343
880,1635,22247,17949
886,1623,22460,18176
879,1628,22231,17973
881,1641,22273,18021
880,1615,22274,18048
880,1624,22238,17932
887,1623,22497,18204
882,1647,22316,17990
884,1639,22377,18033
881,1628,22298,18041
879,1632,22195,17921
884,1616,22424,18181
882,1639,22316,18014
888,1641,22485,18145
891,1634,22457,18135
879,1652,22187,17868
883,1627,22402,18139
881,1637,22270,17978
883,1634,22350,18084
891,1632,22510,18214
894,1649,22532,18150
899,1627,22818,18499
882,1641,22273,17982
882,1617,22347,18079
883,1635,22330,18063
879,1631,22200,17891
889,1619,22555,18257
892,1637,22471,18114
885,1627,22432,18114
881,1626,22281,17997
882,1634,22285,18009
884,1615,22412,18153
879,1628,22216,17917
884,1634,22388,18103
882,1630,22322,18050
883,1627,22338,18029
884,1625,22426,18138
879,1626,22175,17913
881,1635,22279,18018
884,1628,22350,18077
883,1633,22325,17982
888,1612,22539,18254
878,1638,22162,17886
887,1629,22430,18126
893,1649,22552,18230
881,1641,22286,17996
886,1626,22484,18181
881,1631,22280,17961
884,1635,22389,18045
882,1628,22322,18043
884,1631,22294,17996
885,1626,22479,18220
881,1632,22262,17966
883,1626,22371,18062
880,1630,22245,18002
885,1642,22385,18077
885,1623,22393,18107
879,1630,22173,17910
885,1626,22410,18139
879,1632,22216,17966
892,1640,22542,18199
886,1618,22437,18143
878,1625,22160,17897
885,1630,22460,18188
879,1625,22209,17960
885,1632,22378,18077
885,1639,22352,18023
879,1625,22215,17912
887,1613,22543,18225
882,1638,22265,17965
884,1618,22388,18091
882,1647,22332,18058
880,1627,22228,17908
884,1625,22447,18122
884,1630,22353,18074
882,1623,22342,18045
885,1632,22393,18098
878,1626,22121,17872
887,1620,22483,18209
880,1632,22250,17990
882,1631,22354,18058
884,1623,22395,18124
879,1628,22203,17930
885,1628,22452,18185
878,1629,22203,17951
885,1635,22416,18145
882,1632,22320,18032
883,1648,22331,18003
886,1618,22526,18218
878,1641,22179,17916
887,1631,22443,18158
876,1625,22240,18029
882,1640,22301,17980
884,1617,22445,18152
880,1632,22233,17935
884,1633,22392,18108
882,1631,22340,18063
885,1640,22359,18062
890,1620,22474,18180
878,1629,22163,17893
891,1631,22514,18154
880,1635,22285,17991
882,1631,22325,18057
885,1633,22467,18190
882,1627,22234,17976
882,1634,22332,18036
883,1621,22356,18066
883,1629,22318,17991
887,1630,22531,18193
874,1628,22123,17895
882,1644,22310,18066
880,1628,22253,18003
881,1635,22295,17991
884,1618,22443,18133
881,1635,22249,17963
885,1633,22382,18088
885,1643,22355,18063
889,1628,22391,18072
878,1631,22324,18070
880,1648,22230,17953
886,1616,22505,18198
879,1631,22219,17963
884,1639,22353,18056
880,1620,22272,18017
880,1644,22199,17940
886,1621,22494,18176
881,1643,22284,17991
883,1631,22359,18034
883,1621,22372,18046
878,1628,22168,17891
884,1625,22413,18167
881,1630,22267,17985
882,1631,22327,18036
884,1636,22392,18087
880,1628,22221,17918
885,1629,22438,18141
881,1646,22254,17975
881,1632,22294,18063
881,1623,22295,18020
879,1649,22153,17884
886,1623,22503,18172
881,1632,22302,18010
883,1643,22330,18076
882,1624,22384,18104
879,1628,22176,17946
886,1625,22481,18209
879,1626,22227,17938
883,1635,22368,18070
885,1626,22422,18099
880,1624,22246,17969
883,1621,22381,18127
879,1640,22182,17912
884,1626,22392,18088
882,1621,22363,18047
881,1629,22274,18026
887,1612,22533,18223
878,1637,22158,17879
880,1619,22324,18066
880,1631,22267,18028
882,1633,22299,18052
885,1614,22471,18147
884,1646,22320,18013
882,1633,22305,18019
879,1629,22234,17989
881,1631,22276,18006
885,1619,22480,18201
879,1647,22195,17892
884,1627,22393,18069
882,1635,22307,17980
883,1639,22333,18034
884,1617,22404,18129
880,1648,22227,17945
883,1628,22392,18072
885,1643,22400,18064
881,1624,22245,17960
884,1623,22429,18158
879,1636,22206,17926
881,1630,22371,18107
880,1632,22249,17988
881,1624,22271,18020
885,1620,22413,18105
879,1626,22187,17898
888,1617,22536,18255
882,1640,22256,17958
880,1639,22260,18030
882,1617,22322,18043
878,1642,22171,17881
887,1615,22547,18227
883,1633,22362,18032
880,1631,22273,18039
886,1626,22405,18099
882,1623,22186,17878
891,1621,22599,18271
882,1632,22299,17983
888,1640,22455,18174
886,1632,22363,18031
882,1631,22246,17961
883,1623,22368,18086
886,1642,22375,18101
887,1634,22381,18055
888,1621,22490,18149
884,1639,22250,17925
887,1620,22510,18238
878,1629,22198,17921
885,1622,22426,18161
883,1632,22319,18028
880,1625,22267,17967
892,1620,22628,18314
881,1630,22256,17934
882,1624,22339,18064
877,1617,22221,18058
881,1628,22276,18002
887,1627,22516,18220
882,1641,22295,17974
882,1626,22336,18076
881,1631,22304,18035
885,1624,22385,18112
884,1623,22407,18129
879,1627,22196,17920
883,1635,22341,18075
882,1630,22310,17987
884,1629,22361,18068
887,1630,22454,18150
881,1636,22252,17953
881,1638,22289,18024
882,1630,22267,17956
882,1632,22336,18050
886,1634,22491,18170
884,1638,22358,18043
882,1626,22342,18073
887,1634,22392,18104
895,1648,22557,18238
891,1600,22643,18338
890,1649,22405,18047
886,1629,22425,18130
880,1638,22257,17954
888,1647,22414,18107
894,1689,22580,18266
877,1639,22141,17899
886,1625,22462,18189
881,1643,22292,17988
882,1634,22304,18005
880,1635,22270,18016
883,1630,22285,17975
884,1619,22416,18157
883,1634,22324,18035
883,1640,22311,18014
883,1625,22376,18067
881,1639,22263,17906
884,1628,22414,18140
881,1639,22280,18022
882,1636,22306,18042
885,1631,22423,18120
878,1624,22173,17871
895,1624,22669,18362
887,1627,22424,18113
883,1624,22371,18101
882,1646,22318,18068
881,1643,22230,17947
884,1624,22381,18114
881,1633,22281,17959
883,1613,22369,18091
881,1636,22292,18030
881,1627,22252,17987
884,1617,22430,18182
879,1626,22225,17933
884,1629,22392,18103
883,1644,22354,18033
884,1632,22375,18035
884,1617,22413,18143
878,1631,22178,17916
878,1623,22259,18075
884,1645,22378,18093
883,1638,22364,18039
892,1611,22606,18316
891,1646,22431,18074
883,1632,22333,18054
884,1625,22355,18086
881,1631,22264,18012
885,1615,22467,18206
881,1637,22272,17966
883,1634,22335,18048
881,1626,22275,18007
880,1626,22249,17975
884,1606,22423,18191
877,1624,22216,17938
883,1627,22364,18056
886,1621,22433,18101
896,1647,22597,18215
886,1620,22402,18113
880,1641,22182,17922
883,1630,22356,18083
881,1631,22301,18001
881,1640,22283,17983
884,1637,22385,18114
884,1619,22278,17929
889,1623,22546,18263
885,1637,22286,17992
881,1642,22271,18024
881,1634,22292,18053
880,1629,22246,17940
885,1622,22475,18217
881,1633,22263,17978
882,1630,22310,18044
880,1646,22266,18010
879,1632,22196,17891
886,1613,22514,18238
882,1642,22314,17986
886,1634,22465,18110
881,1619,22276,17997
877,1636,22126,17871
885,1631,22438,18165
882,1634,22317,18009
884,1620,22422,18115
883,1646,22338,18044
879,1618,22186,17884
884,1630,22414,18140
880,1623,22244,17998
882,1622,22330,18090
881,1630,22270,18015
889,1636,22427,18069
900,1638,22765,18405
888,1632,22341,18003
882,1634,22317,18063
882,1618,22316,18073
882,1644,22308,17994
885,1632,22435,18155
880,1640,22263,17925
884,1636,22426,18098
884,1645,22366,18086
880,1625,22245,17970
887,1636,22508,18255
881,1631,22259,17947
883,1629,22370,18044
882,1636,22319,18041
882,1631,22305,18028
885,1616,22483,18215
878,1630,22170,17898
885,1633,22390,18119
879,1628,22226,17966
890,1635,22503,18139
900,1608,22864,18535
878,1620,22156,17887
882,1634,22329,18080
879,1621,22215,17989
882,1639,22341,18051
887,1612,22535,18243
879,1593,22175,17836
885,1624,22430,18113
880,1642,22237,17981
880,1638,22257,17982
887,1623,22468,18185
880,1647,22219,17903
887,1623,22512,18181
880,1649,22258,17982
882,1629,22296,18016
879,1626,22340,18083
877,1632,22146,17901
890,1623,22582,18297
891,1648,22454,18129
882,1632,22332,17989
896,1660,22596,18256
892,1646,22452,18140
896,1635,22671,18366
885,1637,22291,18004
883,1622,22462,18133
882,1631,22298,18007
883,1643,22304,17960
885,1621,22488,18159
885,1619,22365,18098
882,1642,22265,18016
889,1618,22493,18199
895,1660,22575,18178
893,1621,22639,18319
891,1629,22434,18094
882,1639,22329,18049
885,1638,22400,18127
878,1625,22172,17914
893,1624,22630,18334
884,1630,22316,18042
890,1626,22465,18121
884,1633,22393,18089
880,1646,22233,17973
888,1612,22552,18279
877,1634,22128,17879
885,1628,22434,18130
882,1627,22351,18047
882,1646,22331,18022
887,1613,22529,18206
879,1635,22197,17898
883,1680,22379,18129
880,1630,22266,18032
885,1640,22418,18108
886,1626,22487,18161
880,1634,22228,17952
882,1625,22332,18053
881,1636,22282,18014
883,1639,22306,18045
884,1611,22404,18126
879,1642,22216,17970
884,1632,22381,18057
882,1639,22289,17992
880,1630,22240,17988
887,1617,22521,18235
879,1634,22250,18005
883,1631,22363,18063
883,1625,22334,18018
882,1621,22341,18030
884,1632,22457,18158
878,1620,22188,17913
885,1626,22437,18181
886,1644,22359,18060
889,1642,22419,18054
881,1609,22406,18120
879,1643,22187,17924
886,1619,22500,18212
881,1642,22249,17966
880,1634,22257,18007
881,1640,22274,18013
877,1629,22151,17903
886,1626,22481,18183
880,1642,22258,17969
878,1633,22322,18090
881,1628,22289,18047
878,1634,22171,17904
885,1617,22486,18196
882,1629,22297,17993
884,1618,22403,18098
883,1637,22367,18044
878,1644,22180,17917
884,1628,22397,18117
889,1624,22538,18260
883,1617,22368,18063
884,1616,22397,18076
880,1628,22168,17890
885,1632,22449,18144
881,1621,22283,18007
881,1631,22306,18076
882,1629,22318,18056
880,1631,22216,17936
884,1623,22468,18163
885,1640,22346,18035
887,1630,22378,18082
883,1622,22357,18102
880,1644,22229,17970
885,1622,22470,18157
881,1628,22239,17952
884,1636,22367,18055
890,1624,22547,18171
882,1625,22265,17971
893,1637,22636,18346
892,1651,22494,18195
885,1636,22359,18015
885,1623,22481,18155
884,1633,22368,18060
887,1617,22523,18251
880,1646,22235,17976
882,1629,22289,18026
880,1634,22262,18009
883,1640,22323,18065
886,1612,22507,18171
877,1641,22244,17962
883,1630,22351,18088
880,1629,22217,17946
881,1645,22268,18014
886,1620,22463,18165
880,1644,22221,17918
885,1632,22435,18133
883,1650,22329,17974
882,1634,22322,18039
882,1625,22325,18066
880,1636,22225,17978
886,1619,22488,18172
883,1638,22354,18043
880,1622,22253,17977
879,1625,22307,18030
879,1646,22223,17937
888,1622,22519,18231
880,1637,22234,17985
881,1631,22267,18031
883,1626,22371,18064
880,1632,22222,17929
883,1624,22407,18156
884,1638,22353,18055
884,1638,22343,18018
883,1636,22356,18078
879,1623,22197,17887
885,1621,22476,18157
883,1646,22353,18028
883,1631,22355,18088
885,1634,22394,18110
885,1633,22255,17952
885,1618,22441,18130
883,1638,22359,18041
882,1627,22339,18046
885,1620,22435,18135
879,1634,22202,17897
886,1623,22479,18218
879,1630,22189,17917
882,1615,22369,18119
883,1641,22378,18087
881,1641,22243,17941
887,1618,22502,18221
878,1640,22159,17896
881,1624,22312,18064
883,1643,22376,18085
881,1638,22286,18006
889,1629,22550,18205
880,1647,22255,17909
889,1632,22474,18187
896,1637,22632,18320
894,1636,22621,18330
885,1613,22469,18186
882,1631,22299,17945
882,1628,22328,18060
882,1641,22331,18051
882,1625,22334,18067
883,1614,22398,18144
883,1643,22266,18014
882,1633,22303,18017
882,1633,22331,18029
884,1644,22352,18046
885,1621,22458,18177
880,1644,22224,17955
882,1637,22294,18014
880,1634,22265,17969
882,1639,22316,18031
883,1631,22397,18102
881,1631,22267,17921
885,1632,22428,18155
882,1643,22282,18019
880,1631,22246,17977
884,1649,22419,18115
879,1625,22214,17886
888,1625,22534,18244
880,1630,22257,17964
881,1636,22263,17993
881,1626,22321,18047
878,1631,22141,17887
884,1621,22421,18163
883,1640,22347,17995
882,1621,22339,18067
881,1635,22267,18000
879,1634,22185,17902
884,1620,22398,18136
880,1639,22263,17989
883,1629,22332,18047
885,1643,22365,18028
882,1639,22296,17961
888,1629,22443,18129
878,1636,22228,17968
884,1641,22345,18079
882,1630,22349,18069
881,1647,22251,17922
884,1630,22412,18144
881,1636,22307,18010
882,1628,22332,18052
883,1634,22318,18058
880,1630,22233,17986
886,1623,22458,18187
880,1632,22224,17910
885,1623,22426,18118
883,1639,22351,18097
881,1625,22255,17963
885,1611,22460,18204
879,1640,22204,17905
884,1632,22394,18110
882,1643,22325,18029
882,1625,22338,18015
886,1620,22479,18190
878,1630,22161,17878
884,1638,22371,18102
882,1636,22307,17995
883,1631,22353,18023
886,1630,22493,18208
880,1627,22217,17913
885,1633,22345,18050
881,1635,22269,17995
881,1633,22285,18019
884,1603,22423,18172
881,1642,22259,17942
882,1624,22359,18081
881,1624,22268,17978
881,1639,22281,18000
883,1618,22388,18133
882,1645,22294,17995
885,1632,22387,18091
882,1628,22322,18007
885,1628,22405,18051
881,1598,22291,18017
881,1630,22241,17968
883,1621,22376,18108
881,1633,22302,18008
883,1637,22368,18032
882,1640,22331,18057
881,1630,22265,17955
886,1617,22522,18270
879,1632,22233,17992
883,1638,22343,18072
881,1620,22288,18030
882,1636,22296,17967
884,1626,22418,18143
880,1643,22261,17986
885,1619,22360,18109
880,1629,22250,17994
883,1633,22286,17975
887,1622,22527,18227
883,1645,22302,17974
884,1642,22391,18082
881,1633,22299,18035
879,1634,22185,17937
884,1617,22415,18166
886,1636,22396,18090
885,1638,22416,18098
881,1634,22300,18039
881,1628,22240,17964
885,1624,22402,18110
879,1631,22211,17956
882,1619,22332,18080
882,1645,22331,18077
881,1625,22265,17963
887,1631,22491,18191
879,1631,22193,17882
882,1625,22330,18060
881,1633,22278,18034
882,1632,22303,18019
889,1610,22586,18290
886,1634,22314,17938
883,1629,22407,18089
883,1637,22350,18076
881,1640,22284,18040
884,1633,22424,18167
881,1643,22282,17940
884,1634,22406,18084
881,1630,22255,17983
881,1622,22294,18019
884,1620,22430,18148
885,1643,22341,17988
881,1629,22301,18056
880,1630,22248,17990
884,1620,22372,18043
886,1654,22534,18249
878,1636,22171,17918
882,1631,22333,18070
879,1636,22223,17983
881,1631,22287,18013
884,1628,22387,18079
880,1624,22243,17933
885,1629,22461,18155
881,1645,22272,17989
881,1621,22264,18015
883,1690,22387,18121
879,1633,22219,17892
886,1617,22510,18200
880,1640,22239,17980
879,1622,22240,17994
880,1626,22280,18028
881,1637,22229,17957
887,1623,22445,18141
879,1626,22220,17958
884,1627,22420,18100
881,1638,22304,18021
876,1625,22126,17861
886,1623,22494,18225
879,1619,22216,17980
884,1645,22369,18086
883,1623,22317,18032
880,1624,22225,17906
889,1624,22555,18219
877,1641,22230,17966
884,1634,22373,18095
880,1622,22276,18035
889,1643,22407,18068
891,1628,22516,18141
881,1638,22282,17993
882,1623,22344,18056
882,1620,22312,18054
879,1635,22187,17947
888,1623,22528,18251
881,1630,22203,17895
886,1623,22468,18148
882,1643,22339,18073
884,1634,22356,18062
882,1623,22372,18121
882,1627,22239,17967
887,1633,22382,18070
882,1648,22330,18044
885,1634,22396,18078
886,1625,22524,18168
883,1631,22267,17989
883,1635,22307,18040
883,1640,22337,18061
882,1633,22317,18005
887,1615,22536,18219
878,1640,22185,17916
882,1630,22332,18045
882,1628,22318,18026
880,1633,22236,17978
885,1618,22454,18220
880,1638,22215,17941
882,1625,22330,18048
883,1632,22316,18036
882,1625,22257,17969
884,1616,22397,18134
878,1648,22181,17916
885,1626,22407,18106
881,1626,22285,17994
881,1640,22310,17997
890,1682,22621,18265
879,1640,22197,17904
884,1622,22435,18191
881,1629,22271,18022
881,1626,22303,17991
884,1635,22408,18109
880,1640,22221,17947
886,1616,22450,18148
880,1635,22257,17980
877,1614,22210,17984
881,1631,22284,18013
878,1637,22153,17899
889,1617,22583,18250
887,1634,22366,18023
882,1635,22295,18043
881,1619,22277,18004
880,1648,22206,17929
890,1632,22500,18165
881,1634,22285,17998
884,1637,22395,18092
882,1631,22352,18030
880,1637,22227,17933
883,1625,22368,18091
880,1631,22245,17998
885,1637,22425,18106
882,1635,22348,18049
880,1629,22203,17939
885,1614,22488,18187
879,1634,22217,17951
883,1623,22339,18064
882,1626,22335,18087
879,1630,22186,17926
890,1622,22584,18273
878,1628,22156,17889
881,1626,22332,18070
883,1633,22344,18074
880,1627,22234,17976
884,1631,22429,18158
881,1650,22252,17945
883,1632,22371,18031
884,1634,22390,18082
881,1632,22264,17989
886,1625,22489,18223
878,1633,22157,17891
883,1633,22368,18068
883,1634,22359,18026
882,1632,22281,17984
886,1611,22501,18229
878,1632,22177,17925
880,1632,22258,18013
884,1625,22344,18067
881,1621,22245,17977
890,1633,22609,18278
880,1628,22201,17897
884,1626,22368,18085
879,1627,22229,17966
883,1643,22320,18062
890,1622,22541,18175
879,1648,22204,17936
886,1631,22480,18152
882,1633,22331,17994
883,1629,22363,18077
882,1623,22312,18057
878,1627,22168,17914
894,1626,22679,18362
897,1646,22654,18266
893,1647,22589,18269
892,1643,22488,18135
879,1620,22181,17900
885,1621,22450,18176
880,1642,22238,17987
887,1631,22427,18101
883,1640,22359,18026
879,1622,22186,17902
883,1620,22394,18132
885,1631,22365,18073
880,1647,22224,17986
884,1641,22399,18091
878,1636,22185,17877
885,1628,22463,18135
883,1632,22373,18051
882,1632,22329,18055
882,1625,22334,18091
879,1636,22196,17920
885,1614,22455,18164
880,1640,22284,17997
884,1617,22416,18124
881,1631,22303,18032
885,1641,22330,18026
881,1611,22414,18172
877,1632,22151,17907
886,1625,22436,18146
887,1619,22396,18064
881,1633,22268,18000
897,1617,22779,18488
880,1625,22221,17951
881,1625,22294,18058
885,1640,22406,18121
882,1627,22306,17996
890,1602,22582,18281
879,1634,22215,17881
883,1627,22371,18102
883,1630,22285,17984
883,1636,22336,18072
884,1615,22454,18149
882,1639,22302,17961
881,1634,22289,18018
881,1615,22305,18005
881,1637,22304,18034
884,1621,22430,18175
879,1629,22203,17952
881,1631,22274,18024
880,1629,22265,17976
882,1618,22311,18019
885,1651,22496,18232
879,1637,22177,17924
884,1633,22354,18083
880,1630,22250,17974
882,1628,22317,18018
884,1624,22397,18056
879,1640,22227,17924
885,1626,22458,18176
880,1633,22243,17991
879,1633,22213,17948
885,1636,22423,18106
880,1620,22237,17897
885,1623,22440,18168
880,1645,22265,17985
879,1620,22329,18050
881,1632,22283,18027
878,1625,22151,17880
886,1614,22498,18218
882,1635,22313,17983
883,1629,22342,18084
881,1628,22284,17999
878,1636,22154,17887
884,1616,22421,18182
879,1634,22277,17967
883,1646,22352,18046
883,1625,22327,18013
879,1635,22245,17894
883,1629,22392,18123
880,1630,22246,17989
882,1624,22339,18056
882,1640,22314,18036
881,1631,22262,17926
884,1618,22466,18213
879,1642,22231,17964
883,1624,22378,18125
882,1627,22335,18072
881,1646,22221,17942
884,1626,22413,18149
879,1628,22220,17897
882,1641,22330,18059
882,1635,22344,18064
881,1623,22264,17981
883,1627,22366,18123
879,1637,22204,17898
884,1631,22404,18089
883,1623,22360,18046
883,1626,22369,18045
884,1615,22434,18177
880,1637,22219,17956
880,1626,22271,17994
882,1626,22320,18022
883,1643,22357,18028
884,1607,22454,18198
879,1645,22199,17906
882,1631,22318,18065
880,1640,22261,17982
880,1638,22236,17972
884,1627,22434,18193
882,1637,22305,17990
882,1631,22318,18035
882,1651,22262,17977
880,1628,22266,18008
880,1609,22350,18136
879,1643,22220,17930
886,1624,22442,18148
881,1634,22280,17982
883,1630,22355,18030
882,1626,22360,18071
879,1626,22190,17927
885,1625,22426,18150
881,1617,22280,17978
881,1637,22280,17983
886,1622,22396,18109
878,1622,22186,17872
884,1622,22435,18182
882,1636,22296,18019
882,1642,22271,17982
881,1638,22295,18033
879,1625,22219,17894
894,1615,22694,18379
883,1650,22303,18033
884,1631,22371,18080
880,1623,22242,17983
879,1627,22190,17908
884,1625,22431,18142
886,1639,22446,18121
883,1623,22407,18060
881,1637,22286,18035
877,1634,22141,17900
890,1630,22446,18173
881,1631,22295,17970
896,1635,22626,18283
881,1640,22304,18021
881,1628,22244,17911
881,1611,22403,18174
880,1640,22232,17971
881,1638,22282,18038
883,1630,22367,18082
881,1645,22305,17979
884,1625,22418,18143
887,1638,22395,18066
885,1628,22400,18113
880,1634,22278,18028
881,1645,22307,18004
887,1620,22508,18209
879,1636,22225,17879
887,1622,22495,18179
880,1633,22252,17987
884,1629,22346,18073
883,1607,22407,18153
885,1652,22352,18018
893,1638,22534,18159
881,1629,22233,17969
881,1638,22304,18014
885,1631,22481,18205
879,1623,22178,17929
883,1636,22341,18083
879,1624,22219,17952
886,1637,22413,18081
891,1637,22509,18186
879,1629,22210,17943
884,1628,22381,18101
880,1628,22247,17993
882,1622,22284,17966
883,1625,22400,18121
880,1628,22229,17901
885,1622,22479,18162
881,1621,22282,18013
874,1631,22133,17919
883,1615,22389,18131
879,1636,22210,17922
887,1617,22529,18214
879,1626,22234,17972
883,1682,22362,18059
881,1638,22300,18028
880,1634,22201,17936
885,1618,22466,18214
880,1644,22240,17986
882,1620,22347,18012
881,1639,22297,18030
877,1645,22151,17865
886,1619,22486,18210
881,1622,22275,18016
883,1631,22370,18076
884,1624,22345,18022
879,1640,22222,17885
885,1625,22473,18173
881,1646,22286,17998
881,1635,22288,18056
882,1620,22319,18053
879,1631,22210,17878
885,1632,22429,18110
880,1636,22260,17970
884,1637,22375,18089
881,1626,22295,18035
881,1630,22274,17996
883,1620,22395,18132
880,1629,22213,17950
893,1638,22534,18144
882,1630,22344,18067
881,1623,22271,18001
884,1618,22427,18173
876,1634,22115,17864
882,1629,22344,18066
882,1628,22342,18063
881,1618,22309,17983
886,1636,22497,18199
878,1624,22185,17912
882,1628,22334,18064
880,1639,22243,17997
882,1637,22338,18032
885,1624,22486,18161
878,1642,22178,17898
882,1630,22327,18043
881,1623,22273,18007
883,1644,22322,18050
883,1625,22411,18141
878,1645,22176,17917
883,1627,22367,18066
881,1634,22303,17996
880,1646,22278,17998
882,1628,22413,18174
878,1624,22158,17908
883,1626,22349,18067
880,1629,22238,17971
881,1642,22306,17971
884,1631,22431,18111
881,1637,22245,17977
887,1625,22420,18111
880,1638,22231,17971
878,1645,22248,17950
883,1622,22391,18080
877,1640,22144,17891
886,1626,22494,18191
878,1632,22180,17901
881,1640,22286,18005
880,1639,22253,18007
880,1625,22193,17925
887,1625,22495,18158
881,1626,22265,17999
885,1630,22443,18139
880,1626,22240,17975
879,1624,22169,17920
883,1608,22453,18186
881,1624,22292,17994
884,1646,22368,18066
881,1625,22335,18018
877,1627,22150,17895
884,1624,22389,18119
879,1625,22216,17962
885,1642,22404,18092
882,1638,22346,18032
878,1631,22161,17887
880,1614,22454,18205
878,1641,22202,17948
885,1622,22456,18172
880,1622,22276,18038
879,1649,22194,17936
889,1611,22579,18270
880,1631,22183,17886
889,1616,22520,18234
896,1627,22621,18301
897,1645,22565,18260
889,1623,22479,18132
880,1637,22228,17901
885,1634,22434,18117
882,1642,22361,18031
884,1620,22342,18063
884,1622,22416,18165
879,1626,22171,17895
882,1626,22341,18037
884,1649,22382,18064
881,1639,22265,18006
886,1625,22524,18230
878,1626,22165,17887
885,1632,22389,18098
881,1638,22281,17988
883,1646,22312,18050
885,1622,22487,18203
880,1623,22228,17953
881,1634,22294,18019
879,1615,22238,17982
880,1639,22261,18019
885,1615,22468,18196
879,1633,22219,17921
884,1627,22414,18094
882,1635,22329,18010
886,1628,22395,18091
883,1635,22367,18100
877,1627,22160,17911
887,1611,22542,18248
881,1626,22281,17982
896,1637,22621,18288
882,1627,22332,18060
876,1624,22128,17889
887,1621,22510,18240
880,1635,22215,17928
883,1630,22325,18036
882,1641,22334,18023
880,1629,22227,17941
884,1625,22416,18139
883,1642,22288,18034
882,1613,22325,18075
883,1631,22338,18067
878,1646,22154,17864
897,1616,22797,18455
895,1650,22683,18329
882,1639,22319,18061
882,1624,22324,18076
877,1632,22140,17890
887,1616,22556,18252
885,1638,22415,18080
883,1641,22333,18059
882,1640,22353,18055
883,1631,22296,17999
883,1628,22388,18142
879,1635,22206,17953
883,1623,22367,18092
882,1631,22334,18028
882,1578,22252,17987
890,1620,22527,18173
879,1630,22172,17891
883,1631,22358,18088
882,1635,22364,18053
883,1634,22331,18054
887,1621,22487,18148
882,1629,22293,17947
882,1635,22315,18073
881,1637,22300,18041
880,1633,22241,17986
890,1618,22611,18296
885,1632,22294,17925
882,1625,22351,18100
883,1645,22314,18032
880,1623,22266,17986
890,1615,22572,18291
878,1635,22163,17911
885,1633,22380,18094
882,1624,22354,18014
881,1631,22283,18004
884,1615,22445,18175
879,1621,22222,17946
882,1632,22322,18089
880,1617,22249,17954
889,1644,22464,18128
898,1633,22727,18372
887,1636,22357,17973
886,1624,22454,18183
879,1631,22189,17932
887,1634,22382,18078
895,1631,22584,18256
880,1629,22231,17887
888,1611,22526,18239
882,1644,22304,17988
884,1633,22329,18042
881,1618,22299,18051
878,1629,22158,17917
884,1627,22433,18177
881,1635,22290,17948
883,1628,22339,18040
881,1643,22292,18014
878,1628,22170,17891
885,1635,22409,18142
882,1631,22306,18030
889,1631,22486,18159
897,1658,22626,18262
892,1646,22548,18170
892,1621,22589,18269
896,1646,22555,18226
881,1639,22297,18047
887,1637,22480,18143
883,1622,22285,17922
888,1627,22517,18220
887,1626,22373,18019
883,1636,22355,18067
884,1622,22361,18103
880,1637,22181,17883
886,1624,22482,18219
880,1638,22246,17929
885,1617,22428,18132
882,1632,22307,18048
880,1630,22260,17993
883,1615,22395,18133
879,1642,22214,17953
883,1622,22386,18112
884,1640,22397,18095
882,1634,22346,18024
888,1622,22538,18255
878,1636,22146,17869
882,1642,22326,18062
883,1629,22339,18041
882,1626,22343,18043
885,1609,22454,18199
883,1643,22304,17989
882,1627,22309,18039
881,1651,22275,17998
883,1631,22335,18076
891,1601,22608,18330
895,1665,22587,18224
887,1630,22452,18150
890,1632,22428,18102
880,1637,22242,17985
887,1634,22502,18244
884,1616,22277,17937
883,1643,22348,18052
880,1633,22274,17975
885,1642,22401,18044
882,1640,22369,18104
879,1621,22196,17939
883,1627,22368,18108
881,1641,22284,17999
882,1626,22336,18007
882,1635,22338,18074
879,1628,22189,17888
885,1622,22447,18177
883,1631,22281,18020
881,1625,22281,18027
881,1633,22308,18050
880,1631,22240,17900
886,1620,22483,18209
882,1639,22280,17970
881,1621,22277,18029
881,1626,22259,18006
879,1623,22207,17899
879,1608,22432,18170
883,1635,22350,18054
882,1628,22338,18047
883,1626,22332,18068
882,1625,22194,17896
885,1668,22475,18196
882,1627,22301,17976
884,1639,22366,18077
882,1624,22323,18043
878,1642,22161,17869
885,1627,22462,18199
881,1637,22265,18007
882,1630,22330,18046
885,1624,22395,18112
890,1630,22399,18003
885,1625,22469,18201
880,1637,22206,17902
885,1611,22419,18143
877,1638,22199,17964
881,1633,22261,17966
886,1619,22494,18203
880,1640,22255,17919
884,1631,22390,18075
883,1628,22337,18062
881,1666,22315,18075
884,1612,22431,18183
880,1627,22252,17937
883,1634,22374,18061
882,1627,22299,18022
882,1621,22312,18012
884,1644,22448,18168
880,1638,22205,17939
881,1628,22300,18035
880,1645,22270,17990
883,1623,22355,18040
884,1612,22434,18172
886,1646,22355,18045
893,1642,22498,18173
881,1614,22223,17940
881,1640,22300,18003
885,1608,22459,18188
880,1643,22279,17936
883,1631,22357,18028
880,1635,22243,17976
883,1627,22331,18063
882,1616,22335,18074
881,1644,22275,17956
885,1620,22438,18135
880,1639,22224,17970
886,1634,22394,18065
881,1621,22282,18009
883,1644,22284,18007
890,1630,22486,18169
879,1624,22214,17954
882,1621,22328,18038
886,1632,22419,18114
878,1642,22167,17890
888,1633,22479,18189
881,1638,22288,18018
881,1620,22297,18021
881,1627,22286,18008
880,1632,22237,17893
885,1625,22476,18171
882,1642,22283,18017
881,1644,22283,18042
882,1627,22308,18037
878,1627,22126,17810
891,1615,22617,18299
880,1627,22228,17966
885,1633,22433,18141
881,1628,22305,18035
880,1630,22207,17939
885,1619,22462,18210
880,1624,22271,18004
886,1620,22476,18161
883,1639,22326,18029
883,1634,22293,18003
883,1627,22391,18128
882,1634,22262,17996
888,1623,22423,18099
883,1644,22360,18060
881,1626,22263,17971
888,1625,22563,18216
878,1639,22161,17888
887,1632,22446,18187
882,1631,22287,17994
885,1650,22386,18066
887,1633,22466,18143
879,1635,22199,17926
882,1634,22335,18059
886,1642,22397,18104
880,1638,22239,17972
886,1631,22478,18227
880,1639,22211,17938
882,1628,22355,18028
881,1625,22283,18011
880,1631,22265,18007
885,1624,22466,18194
879,1647,22204,17958
883,1629,22355,18059
882,1633,22313,18013
881,1631,22279,17976
885,1616,22520,18245
878,1634,22162,17907
883,1635,22318,18058
879,1644,22207,17953
884,1633,22401,18072
885,1616,22435,18132
878,1632,22173,17905
885,1618,22440,18171
886,1644,22305,17993
881,1628,22283,18012
881,1629,22337,18079
878,1633,22171,17912
885,1627,22449,18120
881,1635,22286,17997
879,1631,22207,17964
884,1636,22374,18097
880,1637,22213,17970
892,1636,22526,18175
882,1631,22291,17965
883,1634,22356,18069
881,1638,22316,18002
879,1622,22187,17917
882,1624,22357,18095
881,1645,22276,18022
886,1639,22407,18088
883,1630,22354,18031
871,1637,22059,17835
885,1625,22454,18148
880,1631,22264,18012
883,1623,22345,18077
882,1634,22313,18051
875,1627,22109,17854
884,1628,22429,18121
880,1635,22284,18030
881,1619,22304,18042
884,1636,22395,18138
878,1631,22179,17915
889,1618,22555,18261
880,1640,22236,17930
883,1626,22359,18046
883,1638,22368,18070
879,1640,22216,17936
886,1623,22494,18210
877,1628,22111,17840
883,1629,22320,18015
883,1628,22346,18005
880,1648,22252,17992
884,1625,22418,18144
878,1646,22168,17897
880,1629,22250,17983
880,1631,22264,18009
878,1629,22210,17953
884,1618,22454,18144
878,1642,22158,17873
879,1627,22240,17988
877,1638,22174,17906
877,1632,22167,17926
884,1636,22428,18129
877,1633,22127,17839
880,1630,22284,17981
880,1640,22273,17941
876,1636,22133,17874
879,1625,22279,18044
875,1627,22083,17854
881,1633,22284,17986
879,1636,22217,17912
876,1637,22149,17876
879,1618,22279,17995
878,1626,22140,17864
880,1634,22275,18010
877,1627,22156,17889
877,1635,22167,17908
880,1624,22262,17943
873,1617,22034,17771
880,1621,22298,18015
877,1627,22143,17906
880,1646,22206,17941
877,1632,22187,17908
874,1623,22051,17777
882,1622,22363,18042
880,1625,22282,17956
878,1632,22194,17933
877,1637,22197,17937
874,1634,22097,17823
884,1629,22420,18135
880,1640,22274,17942
881,1622,22310,18029
878,1629,22201,17927
876,1637,22091,17822
880,1624,22272,18025
877,1644,22186,17929
881,1629,22290,18050
880,1624,22250,17917
877,1653,22138,17867
880,1626,22297,18023
878,1635,22187,17917
879,1644,22208,17968
885,1621,22317,17989
875,1630,22104,17831
880,1631,22291,18002
872,1608,22028,17692
872,1627,22058,17799
872,1613,22031,17803
870,1605,21915,17658
874,1618,22106,17814
867,1586,21844,17549
877,1621,22116,17853
871,1611,22016,17755
870,1621,21965,17724
874,1624,22116,17875
869,1621,21896,17651
874,1629,22077,17850
873,1619,22089,17796
877,1621,22131,17875
874,1617,22124,17888
881,1620,22193,17896
877,1628,22153,17894
875,1634,22091,17805
875,1626,22117,17845
882,1628,22352,18046
878,1607,22108,17777
876,1626,22151,17890
874,1623,22090,17834
878,1637,22189,17918
878,1614,22256,17978
877,1624,22149,17847
879,1630,22231,17950
877,1633,22193,17903
876,1634,22118,17865
889,1640,22468,18183
888,1633,22413,18113
885,1631,22351,18068
878,1638,22206,17890
879,1630,22235,17924
879,1637,22240,17988
875,1638,22061,17811
892,1626,22548,18258
878,1641,22178,17891
880,1620,22251,17951
880,1610,22290,18006
878,1631,22207,17875
882,1629,22334,18059
878,1625,22176,17932
878,1626,22196,17951
879,1639,22252,17929
885,1632,22359,17935
884,1629,22430,18170
879,1637,22215,17912
881,1647,22273,18000
880,1641,22209,17929
877,1615,22116,17850
881,1625,22323,18067
879,1630,22240,17951
880,1630,22265,17972
882,1626,22248,17969
875,1621,22090,17840
881,1629,22292,18046
878,1622,22203,17918
881,1621,22319,18037
883,1649,22356,18027
880,1626,22265,17947
883,1627,22370,18121
877,1630,22144,17873
876,1616,22219,18042
883,1638,22356,18058
881,1621,22286,17976
882,1615,22359,18078
882,1640,22248,17938
886,1631,22324,17998
880,1622,22268,18025
880,1647,22236,17965
885,1618,22442,18171
878,1623,22161,17856
884,1632,22378,18103
881,1615,22281,17990
882,1631,22329,18068
884,1616,22403,18166
880,1638,22234,17932
881,1627,22305,18023
880,1632,22260,17991
883,1641,22371,18026
883,1613,22424,18175
878,1644,22162,17909
886,1630,22412,18120
890,1648,22409,18055
883,1631,22338,18022
883,1612,22385,18127
879,1630,22215,17902
885,1642,22399,18127
880,1635,22243,17957
886,1640,22372,18091
894,1653,22564,18228
881,1632,22242,17899
885,1628,22435,18144
881,1636,22269,17993
880,1623,22238,17976
880,1641,22267,18019
879,1627,22194,17923
884,1618,22453,18178
883,1634,22330,18027
882,1647,22308,17998
881,1619,22289,18035
876,1647,22158,17893
884,1623,22425,18161
880,1633,22300,18019
884,1641,22388,18076
880,1629,22264,17991
879,1636,22201,17903
889,1621,22536,18252
886,1623,22310,18024
883,1619,22359,18069
882,1624,22313,18045
880,1633,22242,17903
884,1624,22425,18148
881,1639,22280,17989
882,1635,22323,18053
883,1628,22336,18079
883,1645,22304,18013
884,1629,22427,18134
882,1633,22328,18004
884,1648,22369,18040
890,1619,22526,18234
881,1647,22247,17963
884,1618,22444,18207
878,1632,22196,17910
889,1634,22447,18111
880,1613,22277,18033
883,1646,22332,18039
886,1607,22464,18188
878,1633,22174,17923
882,1619,22326,18085
880,1633,22234,17987
886,1627,22418,18110
886,1618,22442,18151
883,1638,22306,17998
885,1637,22432,18160
881,1640,22277,18039
881,1621,22310,18032
885,1631,22470,18192
881,1626,22283,17972
883,1636,22392,18056
884,1650,22364,18066
881,1625,22259,17999
887,1607,22509,18256
879,1628,22229,17917
891,1621,22570,18218
893,1641,22507,18150
881,1632,22274,17996
884,1611,22430,18161
878,1621,22174,17908
885,1630,22402,18136
880,1620,22260,18018
882,1635,22344,18048
887,1636,22492,18199
880,1619,22195,17924
882,1600,22448,18266
883,1640,22302,18043
882,1629,22302,18009
885,1638,22440,18144
881,1629,22237,17912
888,1616,22589,18268
881,1641,22258,17989
882,1620,22307,18023
880,1634,22284,18032
882,1640,22275,17984
888,1616,22581,18278
886,1625,22319,17997
883,1625,22365,18095
883,1636,22318,18038
879,1632,22190,17929
883,1629,22383,18132
882,1648,22301,18036
883,1633,22346,18062
883,1635,22347,18070
878,1632,22157,17898
885,1622,22430,18159
879,1643,22219,17987
890,1636,22516,18202
882,1622,22317,18012
883,1635,22325,17987
886,1626,22509,18194
879,1634,22247,17968
880,1618,22340,18100
884,1628,22329,18041
884,1645,22346,18042
889,1626,22511,18177
879,1633,22191,17909
883,1623,22385,18110
882,1633,22294,18017
882,1632,22307,18036
886,1611,22481,18208
878,1627,22120,17855
885,1641,22429,18102
883,1626,22330,18022
881,1641,22288,18034
886,1611,22494,18230
878,1631,22161,17911
882,1634,22321,18018
882,1633,22335,18017
882,1633,22338,18028
886,1627,22493,18173
880,1637,22218,17939
882,1624,22325,18069
879,1633,22205,17963
882,1633,22335,18027
886,1631,22504,18184
878,1631,22176,17912
883,1637,22341,18049
880,1645,22236,17965
880,1635,22262,18012
883,1615,22406,18162
878,1626,22181,17938
886,1637,22453,18137
882,1630,22321,18046
881,1626,22257,17978
883,1621,22364,18113
878,1628,22178,17926
885,1616,22467,18196
882,1648,22301,18002
881,1634,22304,17986
886,1625,22474,18133
878,1645,22177,17897
887,1618,22506,18248
882,1629,22249,17955
884,1646,22345,18062
882,1636,22342,18000
884,1633,22299,17987
886,1627,22441,18138
881,1632,22279,17991
881,1631,22293,18037
882,1637,22277,18007
879,1637,22182,17923
883,1624,22430,18138
882,1648,22309,18026
882,1618,22333,18050
882,1622,22332,18067
877,1631,22137,17904
886,1618,22514,18224
883,1631,22306,17980
886,1622,22463,18158
888,1631,22449,18067
879,1646,22187,17927
884,1625,22399,18148
879,1627,22225,17972
881,1639,22382,18096
883,1634,22378,18053
880,1624,22247,17971
886,1626,22496,18225
878,1628,22152,17882
887,1628,22451,18169
880,1625,22292,18034
880,1625,22252,17999
886,1613,22495,18181
874,1627,22102,17855
886,1620,22453,18180
883,1614,22309,18019
889,1633,22452,18168
900,1626,22840,18527
881,1629,22256,17934
882,1634,22362,18050
882,1630,22337,18046
882,1624,22323,18052
884,1624,22424,18165
880,1637,22227,17954
883,1627,22364,18063
882,1646,22310,18025
881,1627,22274,18016
885,1608,22475,18184
880,1643,22215,17939
881,1623,22319,18072
880,1619,22279,18015
881,1646,22248,17975
886,1616,22510,18218
879,1631,22216,17939
887,1632,22449,18167
879,1631,22229,17953
883,1630,22318,18060
882,1635,22344,18079
884,1631,22255,17965
886,1618,22474,18151
883,1649,22339,17998
881,1625,22272,18011
882,1630,22325,18070
878,1636,22135,17883
885,1620,22467,18178
884,1641,22389,18042
881,1621,22272,18017
883,1621,22362,18082
879,1642,22158,17873
887,1620,22526,18252
880,1631,22246,17974
881,1628,22301,18049
885,1644,22391,18083
878,1624,22145,17877
885,1629,22442,18155
883,1645,22278,18003
882,1641,22297,18038
882,1626,22323,18041
878,1629,22162,17863
885,1621,22456,18144
882,1640,22347,18047
878,1631,22355,18113
881,1623,22288,18023
879,1639,22179,17925
885,1628,22442,18135
881,1618,22350,18036
882,1627,22343,18046
883,1649,22341,18051
880,1621,22217,17932
883,1626,22403,18133
876,1630,22139,17876
883,1625,22372,18094
884,1640,22380,18081
881,1642,22272,17995
885,1634,22444,18174
878,1629,22147,17893
885,1635,22391,18122
883,1628,22382,18103
881,1639,22304,17996
886,1620,22505,18187
880,1642,22225,17897
883,1630,22361,18097
881,1627,22262,17995
880,1624,22278,18023
887,1616,22530,18230
883,1625,22273,17922
883,1626,22347,18085
880,1623,22280,18004
881,1629,22272,18008
885,1611,22466,18193
879,1637,22195,17926
882,1633,22319,18074
881,1625,22289,17980
881,1625,22268,18000
884,1624,22442,18184
878,1629,22189,17905
883,1635,22339,18104
882,1631,22302,18024
880,1616,22273,17998
886,1635,22465,18143
879,1634,22229,17903
888,1619,22526,18246
881,1634,22237,17961
883,1634,22330,18064
883,1632,22341,18033
882,1635,22277,17967
885,1625,22459,18180
880,1644,22254,17983
881,1634,22281,18028
882,1631,22329,18060
878,1634,22162,17891
883,1621,22408,18173
884,1631,22368,18069
882,1648,22325,18043
882,1629,22305,18026
878,1620,22145,17901
883,1628,22389,18128
