2129,5000
881,1629,22248,17950
881,1639,22271,18021
892,1631,22589,18313
887,1625,22341,17976
888,1607,22534,18259
880,1631,22244,17989
882,1637,22292,18018
881,1639,22283,18017
880,1626,22239,17940
885,1622,22450,18166
884,1626,22370,18030
881,1631,22316,18001
882,1627,22325,18059
877,1632,22110,17852
885,1626,22454,18195
881,1652,22286,17990
883,1625,22369,18044
882,1625,22320,18049
880,1632,22204,17920
885,1612,22486,18215
879,1643,22224,17949
883,1632,22333,18096
883,1630,22355,18101
879,1629,22211,17886
885,1619,22442,18169
883,1636,22351,18055
882,1622,22322,18028
895,1634,22652,18349
886,1632,22366,18041
891,1637,22498,18170
881,1636,22292,17953
884,1640,22395,18088
882,1631,22304,18012
880,1626,22234,17989
883,1619,22400,18145
879,1642,22237,17937
884,1619,22440,18135
882,1625,22312,18047
883,1644,22335,18044
884,1620,22410,18123
882,1630,22256,17978
876,1627,22196,17994
887,1617,22440,18150
894,1640,22660,18321
900,1632,22840,18527
879,1623,22164,17875
885,1629,22410,18131
879,1631,22205,17982
891,1634,22527,18200
893,1624,22648,18345
895,1637,22567,18199
888,1636,22442,18075
882,1616,22283,18022
879,1642,22225,17982
889,1614,22557,18281
879,1630,22229,17922
884,1637,22379,18069
882,1633,22244,17944
883,1628,22352,18060
884,1638,22407,18139
880,1626,22225,17961
884,1626,22409,18140
882,1634,22296,18024
884,1646,22382,18057
883,1629,22353,18072
879,1646,22196,17933
887,1623,22489,18188
880,1632,22237,17981
882,1621,22315,18030
881,1638,22309,18038
880,1630,22265,17938
888,1617,22564,18264
881,1640,22259,17975
883,1650,22319,18069
880,1634,22257,18000
878,1634,22177,17917
891,1623,22617,18275
892,1654,22469,18133
881,1619,22324,18026
897,1623,22753,18442
879,1644,22177,17894
884,1612,22421,18171
888,1636,22404,18112
896,1656,22600,18223
881,1628,22298,18017
881,1637,22224,17941
884,1620,22400,18127
878,1631,22195,17953
886,1630,22451,18145
882,1616,22322,18038
884,1631,22347,18016
886,1629,22496,18177
880,1634,22227,17948
882,1628,22332,18066
881,1627,22298,18037
883,1638,22336,18022
884,1612,22425,18123
883,1648,22294,18002
882,1619,22304,18010
881,1644,22308,18067
882,1650,22271,17992
886,1608,22474,18213
879,1621,22173,17889
884,1634,22382,18068
881,1624,22301,18013
880,1638,22275,18022
885,1629,22482,18227
881,1636,22206,17947
881,1633,22314,18022
883,1643,22319,18024
883,1634,22317,17991
887,1620,22543,18213
881,1637,22242,17960
880,1627,22264,17999
879,1621,22230,17994
883,1637,22342,18034
886,1614,22478,18158
880,1638,22232,17938
885,1638,22392,18089
881,1637,22247,17974
880,1639,22259,17994
882,1628,22318,18040
879,1645,22198,17925
888,1618,22536,18224
881,1629,22264,17991
881,1634,22251,17978
881,1627,22312,18050
880,1646,22198,17937
891,1621,22597,18277
893,1644,22483,18147
885,1626,22374,18010
883,1627,22381,18043
878,1623,22150,17894
884,1629,22399,18143
880,1637,22260,18010
882,1644,22326,18048
883,1637,22357,18049
879,1626,22179,17909
885,1631,22420,18124
881,1641,22264,18013
881,1619,22312,18058
881,1639,22280,18028
878,1636,22139,17876
886,1622,22503,18180
880,1625,22257,17993
883,1640,22339,18056
881,1617,22333,18054
879,1645,22211,17958
885,1629,22435,18136
880,1623,22256,17949
883,1633,22363,18064
885,1629,22397,18072
880,1643,22236,17953
885,1624,22440,18179
885,1638,22303,18015
892,1636,22498,18118
882,1621,22344,18052
882,1637,22288,18004
886,1628,22454,18150
878,1641,22165,17883
897,1630,22696,18387
883,1638,22300,18008
882,1630,22280,18023
885,1611,22486,18185
883,1625,22218,17936
882,1632,22312,18033
881,1635,22272,17989
881,1639,22298,18040
885,1614,22467,18178
877,1624,22214,17911
883,1628,22384,18079
885,1635,22359,17994
882,1632,22294,18013
886,1618,22423,18145
881,1637,22245,17963
890,1622,22449,18109
883,1631,22350,18024
880,1632,22234,17978
883,1622,22408,18135
878,1627,22169,17901
883,1628,22388,18132
880,1636,22228,17954
881,1624,22270,18005
882,1621,22359,18069
879,1634,22214,17938
888,1620,22547,18255
882,1640,22280,18027
881,1637,22252,17978
883,1631,22357,18078
878,1643,22169,17874
889,1623,22584,18257
884,1636,22336,17980
882,1638,22310,18045
883,1622,22348,18082
879,1635,22192,17918
898,1617,22835,18508
883,1637,22363,18051
883,1641,22341,18057
880,1626,22306,18018
879,1643,22182,17892
884,1629,22386,18120
881,1646,22272,17996
884,1626,22381,18118
882,1629,22322,18004
883,1628,22271,18025
883,1621,22412,18139
878,1629,22200,17956
883,1628,22347,18066
883,1631,22367,18078
880,1632,22256,17950
892,1625,22634,18284
881,1632,22244,17885
883,1622,22390,18185
881,1633,22302,18049
882,1646,22292,18033
885,1616,22468,18192
878,1625,22191,17901
884,1624,22391,18087
881,1636,22301,18030
881,1638,22277,18012
891,1622,22611,18331
879,1646,22173,17900
882,1633,22313,18057
880,1629,22319,17999
880,1628,22252,17989
890,1614,22574,18284
879,1616,22191,17876
883,1633,22343,18101
880,1626,22250,17962
885,1624,22389,18073
889,1618,22581,18274
887,1624,22352,17963
883,1619,22364,18073
881,1642,22246,17965
882,1629,22296,18023
886,1629,22487,18174
879,1634,22206,17883
895,1630,22655,18347
886,1632,22382,18064
882,1649,22307,18019
882,1624,22321,18056
879,1645,22198,17926
884,1622,22429,18190
882,1625,22334,18009
880,1641,22276,17989
885,1635,22389,18101
881,1638,22195,17904
884,1615,22427,18197
881,1639,22277,18009
887,1633,22437,18120
882,1639,22335,18008
880,1631,22258,17927
888,1619,22525,18230
881,1632,22242,17953
882,1634,22322,18066
883,1628,22357,18041
881,1630,22247,17920
886,1627,22456,18173
881,1623,22257,17961
896,1644,22606,18270
894,1645,22522,18210
880,1631,22161,17880
885,1625,22443,18160
881,1645,22286,17987
889,1631,22474,18181
892,1666,22515,18185
880,1644,22208,17945
884,1621,22405,18165
880,1635,22255,17949
884,1623,22417,18112
887,1621,22492,18169
887,1634,22371,18003
886,1627,22489,18212
881,1634,22169,17874
883,1632,22342,18107
883,1634,22369,18063
884,1632,22377,18045
886,1617,22486,18213
881,1637,22250,17935
881,1630,22314,18041
879,1626,22235,17975
882,1631,22319,18060
884,1609,22454,18211
886,1626,22358,17949
883,1639,22350,18068
881,1631,22264,17972
881,1641,22295,18011
886,1632,22496,18240
879,1635,22197,17916
884,1638,22350,18040
881,1638,22271,17967
883,1637,22370,18014
886,1628,22451,18202
878,1644,22160,17899
883,1628,22339,18073
885,1628,22385,18075
888,1636,22389,18013
883,1634,22365,18080
879,1636,22214,17929
884,1621,22399,18139
882,1643,22283,18011
882,1638,22301,18046
886,1631,22352,18046
881,1631,22294,17962
886,1624,22491,18207
880,1626,22245,17956
882,1630,22283,18031
881,1653,22272,18005
879,1624,22196,17904
885,1616,22463,18194
881,1630,22283,17988
883,1625,22398,18070
883,1638,22299,18015
878,1631,22150,17906
883,1622,22371,18112
882,1626,22311,17994
884,1646,22371,18060
882,1630,22302,18036
879,1635,22202,17925
883,1625,22372,18127
894,1647,22520,18180
881,1622,22306,18029
882,1651,22274,18003
882,1635,22278,17970
884,1625,22402,18118
879,1627,22229,17982
882,1644,22291,18005
880,1622,22283,18050
881,1638,22249,17961
885,1616,22450,18160
881,1631,22255,17928
884,1616,22459,18134
881,1638,22301,18045
882,1632,22294,18029
885,1618,22429,18174
879,1643,22220,17910
884,1629,22417,18081
882,1633,22343,18071
884,1637,22356,18044
888,1612,22548,18274
881,1632,22175,17877
881,1627,22304,18042
881,1646,22247,17991
882,1630,22326,18036
885,1617,22477,18209
873,1638,22142,17859
883,1632,22336,18058
880,1629,22238,17962
884,1648,22359,18059
885,1619,22466,18176
880,1636,22248,17944
883,1646,22366,18038
881,1656,22260,17989
880,1637,22256,17977
883,1615,22371,18125
880,1648,22227,17910
886,1626,22492,18171
879,1630,22227,17966
881,1635,22276,18003
882,1619,22363,18101
878,1633,22159,17919
886,1621,22503,18247
880,1638,22263,18006
883,1640,22356,18027
884,1636,22387,18096
878,1620,22171,17905
885,1627,22431,18147
879,1626,22214,17970
884,1635,22360,18074
882,1627,22302,18015
880,1631,22240,17934
885,1627,22478,18131
880,1630,22260,18013
882,1621,22330,18054
881,1628,22277,18035
879,1631,22202,17910
886,1620,22497,18173
881,1620,22254,17983
883,1641,22377,18090
885,1626,22392,18105
878,1630,22167,17905
884,1622,22429,18191
880,1634,22255,17992
883,1630,22368,18063
882,1630,22335,18066
879,1624,22221,17940
887,1621,22484,18195
879,1634,22160,17892
890,1624,22529,18202
883,1621,22324,18019
895,1647,22645,18284
894,1630,22608,18221
879,1629,22164,17877
882,1635,22320,18078
882,1640,22317,18046
882,1634,22310,18014
886,1626,22483,18181
883,1645,22283,17965
883,1627,22353,18046
881,1619,22297,18024
882,1631,22309,18047
883,1628,22403,18172
886,1637,22270,17950
884,1628,22392,18084
885,1648,22383,18086
882,1634,22300,18023
884,1611,22435,18177
880,1632,22213,17950
882,1633,22311,18046
883,1627,22347,18040
881,1627,22302,18007
891,1607,22595,18265
878,1645,22161,17903
886,1635,22415,18137
883,1631,22304,18029
882,1631,22313,17991
886,1632,22486,18179
879,1633,22180,17925
886,1616,22465,18161
879,1632,22231,17984
880,1635,22233,17939
883,1627,22349,18099
879,1639,22178,17922
885,1626,22471,18170
881,1626,22290,18032
882,1642,22284,18016
880,1632,22259,18003
878,1637,22172,17927
884,1624,22452,18196
885,1627,22378,18077
883,1630,22352,18026
885,1643,22401,18072
879,1641,22168,17881
884,1622,22416,18170
881,1647,22259,17987
883,1632,22354,18057
882,1624,22362,18062
878,1643,22163,17903
886,1626,22478,18176
881,1624,22281,18018
882,1624,22326,18053
881,1629,22306,18055
880,1641,22231,17960
887,1631,22512,18194
878,1630,22188,17916
885,1641,22375,18093
884,1629,22335,18035
880,1632,22215,17971
885,1616,22465,18189
879,1636,22205,17911
885,1623,22412,18073
883,1631,22372,18055
881,1642,22262,17982
888,1627,22524,18260
881,1622,22211,17950
883,1628,22357,18074
883,1622,22351,18012
883,1640,22325,18042
890,1617,22605,18308
879,1622,22166,17874
882,1632,22333,18093
880,1633,22240,17993
879,1635,22243,18001
888,1616,22565,18244
882,1636,22279,18001
884,1622,22326,18037
880,1628,22259,17999
883,1638,22312,18044
886,1617,22443,18122
879,1637,22219,17949
884,1634,22378,18061
882,1637,22305,17967
881,1643,22277,17995
886,1622,22380,18109
879,1623,22177,17914
885,1628,22428,18138
882,1631,22298,17984
880,1631,22226,17964
883,1638,22367,18095
879,1643,22178,17890
885,1619,22446,18187
881,1639,22254,17990
883,1650,22328,18055
884,1613,22357,18039
893,1644,22525,18206
885,1623,22432,18159
881,1626,22276,17989
881,1642,22246,18009
884,1639,22369,18059
880,1624,22199,17878
885,1625,22485,18182
885,1629,22396,18044
883,1612,22329,18039
881,1642,22301,18034
878,1628,22145,17894
885,1614,22477,18179
892,1628,22531,18196
886,1640,22426,18135
882,1627,22315,18030
880,1650,22186,17917
884,1626,22419,18148
881,1626,22265,18007
882,1626,22312,18052
883,1623,22355,18049
883,1647,22315,18019
885,1629,22407,18128
881,1627,22249,17956
885,1638,22382,18119
883,1620,22371,18097
881,1636,22300,18012
884,1614,22450,18155
882,1654,22318,17990
881,1629,22299,18050
882,1644,22321,18053
880,1636,22250,17991
886,1631,22481,18149
881,1635,22260,17923
882,1634,22330,18071
881,1622,22320,18033
880,1641,22276,18003
888,1631,22536,18245
876,1634,22172,17903
887,1632,22428,18155
887,1639,22363,18001
881,1633,22299,18016
883,1574,22378,18123
879,1641,22193,17919
885,1629,22384,18120
885,1635,22317,18015
882,1641,22305,18016
885,1625,22484,18145
881,1631,22277,17952
899,1636,22701,18354
889,1627,22433,18137
894,1644,22582,18274
887,1628,22484,18176
882,1612,22234,17888
887,1622,22490,18221
880,1631,22252,17947
882,1645,22277,17998
883,1625,22297,18025
879,1645,22187,17924
884,1618,22410,18136
883,1643,22342,18017
881,1630,22295,18025
881,1629,22288,18000
878,1638,22165,17921
885,1620,22453,18207
881,1636,22298,18016
883,1645,22334,18035
884,1642,22396,18062
879,1638,22221,17900
887,1622,22500,18240
881,1626,22280,18017
896,1631,22654,18353
893,1636,22582,18246
888,1632,22419,18065
893,1617,22645,18348
894,1629,22625,18314
896,1632,22722,18387
884,1630,22368,18101
878,1636,22165,17884
899,1632,22749,18423
894,1650,22566,18192
897,1653,22644,18308
886,1630,22358,18049
879,1631,22230,17981
889,1615,22540,18285
884,1629,22265,17915
884,1618,22434,18123
885,1637,22440,18122
884,1641,22360,18019
883,1617,22410,18159
884,1635,22304,17950
882,1622,22322,18080
884,1639,22389,18085
883,1626,22341,18029
885,1630,22482,18195
879,1635,22209,17930
882,1634,22331,18061
880,1626,22252,17991
881,1646,22279,18017
884,1632,22387,18104
880,1650,22250,17939
889,1625,22481,18177
880,1635,22253,17957
882,1642,22301,18023
889,1620,22519,18181
880,1639,22233,17940
882,1628,22323,18039
881,1648,22282,17990
886,1633,22424,18080
883,1616,22387,18119
878,1631,22175,17902
884,1629,22411,18156
883,1629,22336,18024
882,1632,22329,18029
886,1627,22445,18180
879,1631,22223,17907
885,1626,22459,18186
879,1636,22201,17954
888,1632,22403,18092
887,1635,22342,18054
880,1634,22235,17924
887,1618,22500,18199
880,1634,22264,18014
884,1639,22362,18101
884,1637,22315,18034
880,1647,22231,17921
886,1632,22432,18120
882,1631,22332,18018
886,1635,22456,18110
882,1643,22324,18036
876,1619,22109,17856
896,1628,22739,18438
896,1661,22600,18221
883,1639,22360,18042
881,1623,22305,18059
880,1633,22225,17916
888,1614,22521,18237
879,1638,22198,17941
885,1618,22399,18118
882,1633,22284,18015
889,1651,22440,18098
898,1640,22709,18371
879,1631,22204,17929
881,1640,22288,18027
882,1619,22334,18077
882,1637,22294,17971
884,1632,22436,18165
880,1633,22215,17879
883,1627,22380,18076
882,1630,22326,18054
881,1625,22267,18016
884,1614,22422,18152
894,1650,22539,18196
884,1624,22440,18139
884,1624,22362,18064
882,1633,22297,18020
887,1624,22516,18226
885,1635,22290,17959
881,1636,22295,18042
880,1627,22225,17967
885,1637,22402,18077
884,1599,22422,18156
880,1627,22226,17957
881,1627,22273,18021
879,1639,22227,17969
881,1620,22270,17975
884,1633,22408,18135
879,1637,22221,17908
888,1631,22508,18170
880,1626,22231,17961
889,1630,22464,18165
890,1625,22537,18234
894,1649,22554,18199
894,1628,22676,18322
889,1639,22448,18126
889,1642,22430,18100
883,1640,22306,18025
879,1640,22184,17927
884,1620,22436,18188
880,1627,22210,17954
883,1632,22370,18036
882,1640,22298,18000
878,1623,22144,17870
884,1617,22433,18163
884,1645,22297,18033
883,1650,22346,18047
882,1624,22320,18042
881,1629,22261,17953
885,1627,22470,18170
882,1631,22320,18040
881,1622,22308,18046
883,1623,22342,18072
879,1630,22211,17897
887,1627,22515,18216
881,1636,22260,17964
896,1637,22723,18404
895,1657,22571,18244
885,1637,22271,17957
883,1621,22388,18122
879,1640,22207,17954
884,1621,22420,18091
881,1624,22305,18032
879,1632,22213,17966
887,1617,22516,18227
879,1624,22129,17879
884,1638,22387,18098
883,1621,22349,18048
883,1628,22372,18047
886,1637,22477,18152
882,1625,22259,17971
883,1631,22374,18096
883,1626,22277,18023
883,1636,22350,18036
887,1638,22557,18263
879,1631,22169,17908
884,1630,22369,18089
880,1639,22260,17974
881,1638,22287,18014
886,1629,22455,18172
878,1626,22162,17909
883,1634,22356,18048
881,1627,22281,18003
881,1635,22274,18004
887,1616,22572,18321
879,1636,22174,17900
883,1630,22354,18060
881,1639,22286,17998
878,1636,22262,18018
884,1630,22421,18086
879,1631,22196,17909
885,1631,22450,18173
879,1642,22219,17967
881,1629,22308,18012
883,1633,22382,18037
879,1636,22206,17912
886,1623,22484,18195
880,1638,22235,17944
880,1630,22248,18002
879,1627,22257,18008
887,1637,22341,18038
897,1636,22671,18308
880,1624,22255,17987
882,1623,22315,18033
887,1629,22444,18164
889,1656,22396,18082
886,1619,22491,18203
882,1630,22267,17973
884,1641,22360,18056
883,1622,22368,18052
879,1634,22182,17904
883,1626,22389,18142
881,1639,22254,17978
883,1623,22372,18050
884,1634,22382,18072
880,1633,22193,17913
884,1625,22413,18141
879,1630,22203,17924
882,1633,22329,18054
886,1637,22427,18153
880,1640,22228,17978
885,1617,22461,18143
884,1642,22292,18004
891,1637,22451,18135
892,1630,22579,18277
890,1631,22454,18157
889,1630,22551,18234
881,1618,22218,17892
884,1631,22421,18086
889,1632,22527,18192
890,1627,22427,18092
885,1618,22437,18178
881,1627,22212,17923
882,1626,22328,18037
883,1648,22324,18006
897,1638,22645,18322
890,1620,22539,18220
879,1647,22199,17927
882,1624,22319,18059
880,1631,22256,17996
880,1644,22254,18015
887,1670,22577,18264
880,1638,22253,17952
884,1630,22386,18113
883,1640,22276,17987
880,1636,22250,18010
884,1620,22446,18177
879,1623,22218,17937
887,1628,22488,18156
884,1631,22334,17971
879,1642,22317,18053
881,1632,22304,18039
878,1632,22180,17919
885,1624,22470,18180
884,1638,22352,18019
883,1623,22286,17996
882,1628,22343,18051
878,1640,22182,17920
890,1610,22588,18303
895,1656,22579,18251
893,1645,22614,18321
884,1637,22398,18060
878,1631,22186,17899
884,1625,22408,18142
881,1633,22257,17985
881,1618,22292,18022
891,1650,22503,18191
892,1656,22525,18185
890,1624,22528,18188
893,1646,22583,18220
887,1634,22454,18159
883,1634,22294,18022
882,1635,22246,17957
887,1624,22457,18119
881,1643,22330,18008
883,1633,22346,18094
882,1633,22351,18039
879,1632,22215,17951
888,1624,22523,18242
879,1628,22183,17919
883,1636,22354,18073
886,1624,22447,18118
881,1621,22259,17971
895,1629,22666,18357
881,1620,22179,17867
881,1634,22293,18041
885,1631,22398,18117
883,1641,22333,18028
887,1621,22512,18183
879,1640,22223,17896
884,1632,22382,18113
880,1636,22256,18011
881,1644,22270,18012
887,1627,22524,18240
881,1624,22237,17910
883,1636,22335,18077
882,1636,22311,18018
881,1620,22272,17982
886,1632,22450,18147
879,1647,22218,17943
882,1633,22330,18071
883,1651,22343,18022
881,1627,22309,18042
884,1615,22441,18197
879,1634,22190,17930
881,1635,22297,18048
881,1622,22279,17994
880,1641,22232,17966
886,1632,22468,18152
880,1624,22244,17932
899,1618,22831,18536
890,1638,22406,18085
886,1634,22297,18022
882,1629,22332,18043
886,1649,22395,18033
900,1628,22765,18437
894,1656,22518,18180
889,1618,22381,18060
882,1621,22304,18060
878,1636,22158,17918
883,1618,22411,18153
883,1632,22381,18050
882,1644,22306,18007
884,1639,22369,18084
882,1626,22196,17891
883,1624,22389,18134
886,1637,22408,18103
883,1626,22376,18095
885,1641,22423,18100
885,1619,22301,17927
883,1575,22370,18114
881,1641,22264,18000
883,1623,22363,18092
884,1630,22407,18096
881,1634,22272,17981
884,1616,22427,18152
880,1635,22271,17970
882,1646,22320,18070
883,1633,22362,18086
878,1637,22209,17961
885,1624,22434,18158
879,1627,22211,17885
887,1623,22450,18149
889,1644,22410,18100
881,1624,22284,18013
884,1610,22396,18160
879,1629,22190,17884
888,1627,22480,18140
888,1636,22401,18049
889,1641,22496,18139
884,1612,22424,18158
878,1631,22170,17900
882,1632,22313,18057
883,1628,22350,18026
882,1644,22316,18015
885,1600,22486,18208
880,1634,22221,17924
883,1631,22358,18091
881,1636,22270,17976
884,1625,22346,18083
884,1633,22382,18117
883,1629,22320,17987
882,1629,22333,18067
880,1637,22263,18008
894,1631,22610,18288
886,1612,22448,18190
884,1638,22263,17942
888,1630,22529,18222
884,1624,22336,17979
882,1654,22327,17998
881,1615,22313,18054
883,1646,22295,18007
887,1634,22421,18126
883,1641,22336,18025
884,1637,22362,18024
881,1624,22298,18049
881,1643,22238,17945
887,1620,22528,18265
878,1628,22174,17938
883,1630,22320,18059
881,1633,22263,17993
879,1623,22218,17921
887,1615,22517,18248
880,1623,22242,17977
883,1625,22335,18054
881,1623,22298,18062
879,1636,22211,17898
883,1633,22375,18122
882,1622,22328,17987
885,1638,22417,18108
881,1634,22288,18017
881,1630,22211,17950
880,1619,22364,18119
883,1638,22335,18018
884,1618,22394,18048
882,1629,22328,18063
881,1640,22249,17960
887,1620,22503,18219
877,1634,22143,17885
883,1641,22352,18075
885,1621,22342,18058
881,1631,22289,17991
884,1622,22426,18145
877,1624,22140,17882
883,1627,22356,18110
881,1628,22240,18002
890,1640,22496,18153
898,1639,22714,18371
880,1646,22246,17928
884,1626,22404,18066
881,1625,22285,18014
881,1634,22292,18035
886,1609,22477,18212
880,1635,22243,17936
883,1636,22358,18036
881,1635,22260,17993
882,1626,22306,18018
886,1665,22490,18226
884,1619,22299,18008
883,1634,22290,18014
881,1636,22271,18001
883,1631,22350,18022
883,1628,22420,18149
880,1636,22217,17939
884,1633,22382,18088
882,1640,22280,18019
881,1625,22258,17956
888,1628,22444,18146
880,1632,22250,17947
887,1620,22526,18199
880,1632,22238,17970
883,1636,22306,18036
883,1642,22313,18037
881,1624,22254,17934
885,1625,22468,18158
881,1629,22259,17982
881,1616,22317,18027
882,1636,22320,18067
878,1642,22147,17873
886,1619,22482,18217
880,1636,22218,17963
884,1643,22368,18076
882,1623,22323,18039
879,1651,22186,17913
886,1615,22496,18237
880,1624,22220,17956
891,1630,22550,18227
892,1641,22495,18130
879,1629,22231,17911
885,1630,22436,18115
884,1636,22353,18068
882,1632,22324,18051
883,1627,22349,18105
880,1643,22258,17937
886,1627,22479,18138
879,1628,22176,17908
884,1625,22391,18106
882,1627,22302,18022
881,1650,22274,17991
887,1617,22493,18215
876,1628,22126,17862
886,1635,22442,18130
887,1628,22381,18078
881,1630,22287,18000
884,1618,22414,18144
879,1631,22156,17878
883,1626,22361,18085
883,1640,22315,18038
883,1631,22337,18014
887,1631,22532,18211
879,1627,22175,17877
882,1621,22347,18089
889,1616,22534,18259
882,1629,22310,18006
886,1605,22512,18219
879,1639,22199,17929
881,1637,22311,18018
884,1635,22335,18049
879,1629,22226,17959
895,1611,22715,18433
881,1644,22247,17962
884,1637,22397,18079
883,1639,22335,18049
881,1640,22246,17939
884,1616,22407,18138
881,1636,22184,17888
888,1621,22537,18216
880,1638,22250,17965
883,1641,22333,18004
884,1631,22409,18094
878,1628,22162,17901
885,1622,22453,18209
877,1639,22267,17998
881,1639,22286,18007
883,1644,22344,18032
879,1635,22202,17918
888,1625,22549,18259
883,1620,22354,18070
880,1631,22283,18032
881,1641,22296,18039
879,1645,22168,17891
885,1623,22487,18158
883,1652,22337,18040
882,1632,22288,18028
883,1639,22336,18059
877,1642,22124,17882
884,1630,22389,18103
881,1637,22288,18001
884,1625,22421,18121
886,1622,22458,18116
879,1640,22204,17921
883,1621,22399,18153
878,1623,22213,17952
883,1634,22381,18061
884,1645,22393,18092
876,1635,22149,17897
885,1618,22474,18179
880,1637,22185,17908
882,1625,22325,18069
882,1643,22314,18049
880,1629,22239,17989
885,1635,22455,18147
878,1620,22171,17898
883,1640,22372,18102
881,1631,22310,18039
881,1626,22267,18006
885,1634,22443,18166
881,1633,22255,17927
882,1627,22349,18051
882,1639,22325,18006
883,1621,22332,18045
884,1625,22421,18158
879,1630,22179,17906
883,1625,22365,18073
881,1626,22312,17980
882,1627,22283,17991
901,1642,22846,18492
882,1631,22276,17987
887,1638,22363,18063
881,1643,22247,17969
894,1632,22572,18274
886,1614,22439,18130
893,1644,22567,18221
892,1641,22493,18146
880,1638,22249,17994
874,1632,22188,17954
885,1633,22433,18141
882,1642,22271,17957
885,1618,22467,18143
881,1629,22262,17939
883,1638,22314,18028
882,1621,22339,18081
878,1641,22156,17885
886,1613,22501,18214
882,1629,22307,17975
880,1646,22273,18022
883,1626,22338,18060
891,1646,22477,18171
896,1635,22625,18310
881,1635,22256,17965
881,1612,22299,18050
881,1644,22310,18008
879,1630,22199,17924
897,1632,22618,18285
880,1634,22256,17997
882,1637,22319,18076
882,1628,22329,18036
879,1646,22200,17909
887,1621,22501,18200
882,1636,22354,18038
882,1628,22314,18079
882,1631,22341,18089
884,1633,22341,18067
885,1629,22414,18103
895,1647,22573,18198
898,1637,22659,18319
886,1633,22373,18062
882,1643,22315,18029
888,1614,22555,18275
878,1636,22149,17859
886,1630,22433,18157
884,1636,22366,18036
883,1641,22341,18036
885,1611,22445,18179
878,1627,22158,17887
882,1633,22319,18067
880,1626,22282,17991
887,1632,22366,18040
887,1624,22527,18229
881,1639,22298,17959
884,1629,22381,18114
881,1650,22271,17995
881,1624,22300,18048
886,1612,22524,18232
880,1648,22250,17937
885,1632,22415,18143
879,1636,22233,17970
895,1645,22584,18262
892,1611,22610,18320
891,1644,22439,18123
882,1639,22298,18027
882,1641,22324,18002
880,1629,22241,17977
883,1621,22375,18111
879,1631,22202,17919
884,1631,22410,18152
895,1659,22604,18247
885,1634,22369,18064
887,1627,22423,18069
881,1648,22299,17952
887,1616,22506,18231
883,1622,22265,17993
880,1624,22271,18025
886,1625,22438,18122
880,1644,22249,17921
884,1626,22426,18177
882,1638,22300,18011
882,1630,22326,18047
881,1630,22295,18034
879,1629,22177,17919
885,1633,22449,18189
883,1625,22352,18027
881,1630,22305,18027
888,1635,22438,18130
883,1634,22206,17903
886,1620,22484,18219
882,1640,22306,18038
883,1628,22387,18065
884,1633,22415,18083
881,1648,22278,17936
885,1622,22423,18130
879,1622,22224,17991
881,1640,22277,18048
885,1621,22423,18130
881,1630,22264,17946
886,1617,22527,18256
880,1626,22218,17900
884,1626,22384,18095
882,1643,22326,18060
881,1619,22260,17991
884,1630,22441,18181
880,1620,22222,17886
885,1632,22408,18111
882,1632,22337,18062
881,1638,22257,17987
883,1625,22403,18150
880,1641,22216,17910
883,1627,22365,18075
883,1642,22372,18066
889,1637,22505,18138
900,1639,22828,18513
888,1642,22384,18056
895,1628,22687,18389
887,1633,22432,18098
896,1639,22601,18209
887,1622,22440,18146
880,1625,22234,17953
881,1639,22294,18024
881,1644,22255,17988
891,1645,22488,18183
887,1632,22484,18205
881,1628,22239,17894
886,1636,22417,18108
880,1637,22233,17957
880,1630,22250,17998
883,1628,22325,18066
882,1640,22278,17959
885,1625,22425,18125
882,1639,22297,17947
885,1635,22402,18055
881,1640,22309,18061
878,1643,22156,17887
886,1615,22491,18215
885,1650,22374,18048
882,1644,22334,18012
884,1628,22371,18097
878,1641,22167,17882
883,1625,22373,18113
880,1635,22236,17992
882,1635,22319,18060
880,1642,22253,17996
880,1626,22252,17907
885,1630,22429,18155
879,1638,22239,17993
884,1621,22371,18122
891,1643,22446,18139
893,1645,22547,18212
899,1625,22744,18404
888,1638,22386,18022
886,1618,22482,18146
881,1625,22286,18002
876,1631,22146,17916
885,1625,22414,18131
879,1633,22225,17930
884,1640,22403,18094
884,1682,22425,18137
880,1636,22268,17981
883,1626,22393,18133
881,1631,22248,17974
883,1630,22322,18031
884,1621,22403,18158
882,1628,22317,18023
889,1608,22568,18302
879,1633,22172,17894
883,1629,22350,18078
881,1640,22281,18034
882,1635,22309,18044
885,1609,22449,18155
881,1641,22269,17952
882,1628,22354,18065
886,1621,22402,18096
880,1641,22238,17963
885,1617,22461,18200
880,1635,22236,17923
885,1636,22415,18101
881,1639,22256,17999
882,1637,22337,18038
885,1616,22468,18194
879,1632,22201,17931
882,1631,22330,18063
879,1625,22228,17970
882,1631,22334,18018
885,1629,22449,18157
879,1624,22173,17899
890,1622,22561,18285
887,1635,22326,18006
882,1641,22326,18027
883,1640,22323,18024
881,1632,22266,17923
889,1618,22580,18257
881,1637,22224,17942
882,1625,22307,18043
880,1628,22242,18006
881,1646,22259,17947
885,1621,22480,18172
880,1631,22240,17988
883,1624,22379,18085
880,1624,22273,18012
883,1638,22274,17979
889,1635,22429,18149
880,1639,22250,17988
884,1633,22350,18018
882,1631,22329,18044
880,1641,22212,17931
883,1576,22341,18071
881,1639,22259,18006
882,1615,22352,18048
884,1643,22387,18102
882,1670,22311,17991
886,1609,22497,18192
880,1627,22264,18007
883,1639,22351,18081
883,1635,22313,18030
881,1640,22268,17980
886,1626,22494,18182
878,1634,22172,17906
884,1622,22407,18127
881,1633,22263,17990
880,1619,22234,17977
884,1634,22386,18116
877,1633,22149,17884
883,1631,22361,18057
885,1643,22389,18099
885,1622,22345,18048
886,1604,22491,18241
879,1645,22146,17870
885,1625,22417,18124
879,1621,22262,17988
883,1626,22354,18042
887,1614,22544,18238
879,1639,22203,17927
883,1635,22350,18088
880,1637,22242,17962
882,1643,22329,18008
886,1622,22515,18191
879,1630,22206,17925
882,1632,22315,18053
880,1635,22258,17986
881,1631,22279,18015
883,1621,22394,18161
878,1637,22182,17930
888,1632,22489,18147
880,1637,22251,17974
883,1646,22329,18069
881,1609,22321,18062
880,1634,22224,17970
884,1617,22411,18114
880,1630,22247,17945
883,1639,22339,18033
885,1640,22378,18035
880,1644,22239,17963
885,1628,22407,18131
880,1634,22221,17960
884,1621,22398,18077
881,1626,22332,18023
879,1646,22213,17931
882,1619,22385,18157
881,1639,22265,17993
881,1643,22275,18025
881,1629,22290,18006
879,1652,22176,17913
884,1633,22397,18084
881,1636,22288,18004
884,1621,22391,18118
882,1626,22317,18069
877,1628,22091,17817
884,1624,22403,18115
882,1627,22296,18009
886,1634,22446,18149
883,1636,22364,18018
880,1646,22239,17966
882,1610,22415,18188
878,1633,22191,17947
884,1626,22391,18068
883,1643,22370,18045
881,1651,22247,17979
886,1625,22489,18196
878,1622,22155,17859
882,1631,22341,18095
882,1646,22301,18044
880,1642,22251,17998
885,1619,22463,18161
880,1631,22226,17952
886,1628,22379,18108
880,1639,22282,18020
881,1636,22280,18020
887,1608,22534,18268
882,1625,22222,17894
883,1625,22361,18066
884,1647,22383,18045
881,1627,22284,17999
887,1616,22517,18241
879,1628,22191,17918
883,1643,22350,18049
882,1617,22350,18018
880,1638,22256,17991
892,1635,22645,18341
893,1641,22467,18126
882,1630,22317,18054
879,1650,22211,17958
880,1620,22247,17982
886,1621,22497,18181
879,1627,22201,17943
885,1622,22427,18130
888,1637,22416,18126
892,1657,22443,18144
884,1624,22398,18092
880,1624,22239,17943
886,1625,22495,18181
883,1625,22376,18052
896,1659,22591,18235
895,1658,22569,18259
881,1633,22189,17902
885,1615,22490,18204
884,1639,22357,18048
881,1631,22254,17963
883,1628,22360,18050
878,1624,22160,17881
883,1619,22406,18159
880,1639,22253,18001
882,1630,22317,18040
883,1623,22373,18065
882,1632,22271,17911
883,1629,22390,18132
880,1638,22265,17986
885,1641,22384,18133
883,1619,22316,18027
880,1608,22205,17890
886,1626,22452,18138
881,1636,22294,17968
884,1621,22406,18120
882,1642,22292,18008
881,1645,22236,17957
892,1615,22630,18290
894,1647,22556,18213
884,1631,22385,18120
884,1616,22429,18152
880,1644,22261,17975
884,1608,22426,18169
878,1621,22157,17877
882,1633,22344,18067
883,1638,22358,18044
881,1629,22293,18004
884,1622,22472,18214
880,1644,22216,17916
880,1635,22235,17993
882,1649,22307,18017
881,1633,22304,17995
888,1619,22550,18246
880,1643,22253,17920
883,1626,22354,18085
880,1631,22278,17999
883,1644,22309,18044
887,1609,22480,18179
881,1639,22266,17933
883,1632,22348,18073
881,1637,22256,17951
882,1648,22298,18027
884,1625,22410,18146
878,1646,22180,17919
886,1631,22441,18152
893,1643,22519,18155
881,1626,22252,17976
882,1627,22336,18066
879,1631,22185,17910
887,1620,22497,18241
884,1645,22295,17984
883,1634,22329,18018
884,1628,22358,18029
881,1642,22260,17939
885,1623,22461,18203
879,1624,22215,17963
881,1628,22260,18027
883,1626,22370,18079
880,1622,22217,17878
888,1624,22510,18243
882,1631,22280,17974
882,1617,22337,18062
882,1634,22296,18054
878,1640,22131,17879
885,1623,22434,18166
882,1637,22302,17976
884,1649,22350,18065
881,1623,22291,18019
877,1623,22157,17896
887,1625,22478,18220
881,1627,22287,17984
883,1625,22395,18106
883,1628,22361,18052
881,1622,22269,17920
891,1624,22570,18269
893,1652,22532,18212
884,1638,22377,18123
884,1635,22355,18005
883,1640,22332,18002
885,1617,22459,18197
879,1640,22207,17903
885,1626,22424,18134
886,1621,22364,18127
880,1627,22251,17993
885,1634,22422,18165
880,1629,22232,17907
883,1629,22349,18079
880,1628,22266,18013
882,1643,22298,18001
885,1634,22443,18190
880,1626,22222,17916
888,1625,22410,18112
881,1630,22315,18009
882,1635,22345,18036
898,1634,22695,18359
884,1644,22236,17931
887,1631,22426,18134
894,1635,22524,18155
881,1646,22289,17999
884,1625,22421,18156
880,1625,22222,17912
882,1633,22315,18038
883,1622,22332,18081
883,1623,22280,17977
886,1620,22453,18189
883,1613,22266,17917
887,1627,22505,18220
879,1647,22204,17946
885,1640,22383,18079
886,1623,22356,18072
882,1639,22284,17991
885,1621,22425,18110
896,1659,22584,18192
885,1647,22402,18077
881,1625,22297,18043
879,1628,22187,17906
880,1619,22425,18175
882,1637,22326,17994
883,1617,22385,18084
882,1637,22302,18024
879,1619,22183,17879
884,1617,22471,18208
882,1632,22298,18031
883,1637,22328,18062
882,1634,22287,18011
880,1642,22213,17894
885,1627,22447,18144
880,1631,22222,17946
884,1627,22373,18091
882,1634,22309,18068
880,1642,22217,17942
884,1628,22436,18141
883,1631,22365,18029
884,1639,22391,18050
882,1621,22336,18071
879,1635,22211,17961
885,1625,22448,18188
880,1634,22238,17914
884,1620,22382,18071
886,1645,22351,18063
882,1635,22289,17997
883,1616,22402,18143
877,1629,22142,17893
894,1627,22695,18396
882,1624,22297,17998
883,1646,22332,18006
884,1613,22429,18131
881,1630,22239,17972
882,1626,22289,18058
881,1641,22266,18004
882,1637,22326,18042
885,1617,22441,18165
881,1646,22246,17936
883,1631,22356,18021
880,1629,22258,17980
896,1641,22622,18311
886,1621,22489,18226
879,1638,22220,17933
883,1633,22359,18036
880,1632,22233,17989
881,1626,22274,18001
884,1618,22439,18183
882,1634,22214,17912
884,1630,22403,18133
879,1624,22217,17959
880,1633,22280,17987
896,1619,22739,18434
880,1624,22228,17948
885,1620,22418,18129
880,1629,22220,17945
882,1647,22335,18021
883,1620,22351,18065
880,1631,22234,17923
887,1624,22546,18200
880,1636,22255,18007
881,1631,22273,18036
886,1620,22401,18104
892,1645,22443,18094
900,1645,22744,18358
890,1636,22407,18060
882,1629,22326,18031
885,1636,22373,18109
887,1641,22301,17987
883,1624,22400,18133
885,1633,22360,18075
883,1633,22345,18027
881,1633,22307,18042
878,1635,22193,17944
884,1628,22394,18114
880,1625,22242,18001
884,1627,22398,18108
882,1636,22299,18024
894,1650,22590,18236
899,1641,22716,18337
886,1624,22290,17973
884,1634,22376,18115
882,1618,22350,18078
882,1628,22308,18006
885,1627,22457,18140
877,1620,22130,17890
883,1624,22403,18086
880,1637,22249,17995
882,1634,22297,18044
884,1625,22385,18101
883,1629,22265,17977
884,1635,22346,18025
881,1636,22290,18012
883,1642,22339,18056
900,1634,22814,18504
881,1641,22240,17956
878,1633,22248,18007
882,1628,22332,18027
882,1640,22330,18015
887,1615,22546,18229
888,1636,22387,18081
895,1640,22587,18268
879,1630,22205,17941
881,1635,22280,18013
887,1625,22539,18232
880,1630,22230,17966
884,1627,22376,18062
880,1624,22247,17970
880,1634,22240,17979
884,1619,22413,18157
878,1629,22171,17917
885,1627,22470,18166
881,1629,22308,18016
879,1638,22233,17962
884,1626,22387,18106
877,1641,22129,17890
885,1615,22474,18200
881,1638,22276,17993
883,1628,22337,18016
884,1634,22409,18082
878,1632,22169,17883
892,1616,22601,18298
892,1627,22567,18296
895,1646,22595,18230
883,1639,22322,18007
880,1640,22221,17953
890,1629,22452,18170
881,1636,22270,17999
881,1641,22291,18027
881,1623,22298,18056
878,1623,22138,17836
891,1623,22599,18273
888,1628,22378,18037
882,1621,22339,18081
882,1621,22324,18054
880,1631,22228,17982
884,1622,22444,18154
881,1646,22291,17994
886,1634,22461,18150
884,1623,22393,18065
879,1628,22207,17954
888,1621,22493,18204
881,1622,22181,17878
886,1630,22448,18139
884,1644,22347,18023
883,1626,22336,18042
885,1642,22426,18131
878,1637,22171,17877
881,1622,22327,18062
882,1631,22316,18054
880,1630,22245,17989
888,1614,22572,18252
878,1649,22178,17908
890,1636,22401,18130
894,1641,22536,18216
880,1633,22246,17990
886,1610,22483,18207
880,1633,22233,17922
890,1635,22503,18176
891,1636,22480,18071
880,1631,22272,17991
885,1621,22465,18219
885,1631,22248,17982
883,1642,22358,18034
882,1642,22304,18004
880,1627,22244,17965
886,1623,22502,18183
879,1628,22162,17883
886,1622,22458,18199
879,1624,22194,17934
881,1648,22250,18011
883,1635,22367,18047
882,1630,22291,17980
888,1629,22449,18137
881,1640,22271,17992
880,1644,22242,17967
881,1618,22300,18038
881,1633,22240,17936
889,1623,22514,18161
883,1635,22335,18007
882,1641,22282,18006
883,1625,22333,18058
877,1627,22125,17860
885,1619,22472,18179
881,1621,22297,17983
882,1639,22324,18049
883,1633,22361,18061
878,1620,22143,17869
884,1631,22386,18114
880,1619,22241,17985
882,1638,22302,18062
883,1627,22359,18040
879,1592,22182,17878
883,1628,22381,18097
880,1623,22250,17991
882,1624,22349,18078
882,1639,22342,18043
881,1650,22238,17946
885,1620,22476,18170
880,1633,22256,17925
883,1636,22353,18109
887,1627,22408,18119
889,1633,22431,18127
893,1627,22632,18293
892,1642,22541,18173
883,1633,22368,18095
882,1633,22306,18021
883,1627,22337,18044
884,1636,22424,18161
878,1648,22162,17891
882,1622,22365,18118
881,1633,22302,17997
882,1630,22319,18029
884,1609,22439,18167
880,1634,22233,17960
884,1631,22288,18003
883,1633,22349,18030
882,1624,22279,17987
888,1623,22564,18249
876,1627,22260,17931
885,1638,22382,18081
881,1645,22257,17989
880,1621,22242,17998
884,1607,22431,18164
880,1642,22255,17921
885,1626,22402,18113
882,1633,22283,17968
883,1644,22315,18033
881,1615,22325,18071
879,1646,22198,17943
883,1629,22382,18128
884,1629,22378,18049
880,1625,22235,17972
881,1615,22303,18025
879,1635,22209,17933
884,1622,22408,18161
882,1643,22301,18020
882,1638,22287,18011
882,1637,22331,18013
880,1640,22246,17905
884,1612,22442,18164
879,1635,22229,17997
885,1627,22382,18100
881,1625,22299,17996
881,1643,22276,17939
884,1623,22415,18142
882,1635,22288,17993
891,1642,22434,18131
883,1622,22321,18046
877,1633,22123,17874
883,1631,22373,18126
881,1641,22308,18001
885,1617,22432,18116
881,1625,22265,18005
885,1620,22250,17943
883,1626,22383,18135
880,1639,22255,17967
885,1633,22417,18127
886,1633,22365,18047
885,1641,22379,18034
887,1625,22509,18223
880,1633,22174,17908
883,1631,22362,18113
884,1618,22403,18120
882,1633,22314,18011
885,1637,22459,18184
882,1630,22229,17898
884,1633,22412,18136
882,1641,22272,17991
882,1624,22275,17998
887,1611,22513,18270
884,1631,22323,17998
882,1628,22304,17997
882,1629,22319,18058
882,1644,22310,18052
885,1608,22457,18224
886,1633,22351,17986
882,1629,22338,18046
882,1623,22311,17970
883,1627,22356,18059
887,1624,22523,18238
880,1635,22187,17882
882,1638,22322,18055
881,1645,22269,17974
883,1631,22364,18028
884,1632,22420,18160
880,1634,22219,17912
885,1624,22417,18121
881,1639,22249,17994
880,1639,22232,17983
883,1628,22379,18109
881,1649,22267,17935
885,1617,22453,18183
884,1628,22340,18056
888,1649,22354,18037
880,1631,22275,18043
879,1625,22193,17917
884,1621,22439,18166
883,1640,22352,18024
883,1626,22369,18047
882,1641,22310,18028
879,1632,22160,17864
882,1622,22394,18138
885,1649,22383,18057
883,1632,22363,18035
881,1622,22316,18026
879,1640,22180,17869
884,1627,22396,18115
880,1638,22244,17962
881,1632,22283,18043
882,1611,22310,18051
878,1645,22205,17869
884,1628,22403,18133
880,1642,22256,17987
882,1617,22336,18057
885,1643,22363,18105
881,1631,22226,17909
884,1622,22431,18139
880,1634,22251,17924
884,1627,22399,18087
883,1632,22354,18032
880,1644,22243,17989
883,1621,22402,18134
879,1633,22206,17883
885,1637,22428,18101
881,1612,22296,18040
882,1637,22299,17984
888,1625,22529,18247
878,1619,22142,17870
887,1630,22387,18149
881,1633,22258,18006
886,1634,22402,18077
886,1628,22478,18187
888,1652,22434,18146
881,1629,22305,18035
881,1636,22275,18004
881,1624,22272,17981
887,1631,22533,18218
881,1631,22252,17929
883,1634,22372,18050
881,1634,22269,17969
879,1639,22235,17993
898,1638,22688,18350
881,1635,22236,17902
888,1638,22497,18151
887,1632,22337,18035
882,1632,22305,18011
881,1640,22302,18050
878,1636,22168,17886
886,1623,22499,18230
879,1634,22204,17955
883,1631,22351,18024
882,1630,22351,18076
878,1637,22173,17912
886,1627,22486,18208
880,1622,22239,17983
881,1644,22283,18014
882,1640,22346,18040
882,1633,22289,17964
886,1617,22529,18216
881,1633,22281,17998
881,1623,22288,18039
882,1635,22319,18049
878,1628,22186,17884
885,1624,22487,18162
882,1630,22298,18036
882,1619,22341,18041
887,1623,22434,18147
886,1635,22278,17973
885,1629,22431,18164
880,1642,22241,17977
886,1628,22469,18132
883,1634,22399,18134
878,1624,22175,17907
888,1619,22531,18256
882,1636,22221,17943
886,1617,22456,18153
882,1627,22311,18026
891,1642,22505,18138
895,1632,22647,18282
880,1640,22208,17915
882,1627,22332,18081
886,1621,22409,18129
881,1630,22270,17972
887,1634,22536,18214
878,1637,22162,17909
887,1616,22519,18212
896,1645,22613,18280
888,1634,22355,18065
885,1620,22448,18198
881,1640,22240,17951
884,1630,22422,18123
881,1645,22291,18003
885,1637,22378,18085
885,1615,22440,18160
879,1643,22194,17928
883,1628,22381,18094
882,1646,22290,17995
884,1640,22342,17999
886,1614,22530,18218
885,1649,22264,17978
882,1635,22312,18056
886,1635,22360,18062
887,1635,22374,18015
884,1612,22423,18125
880,1640,22228,17939
885,1632,22433,18126
882,1635,22278,18017
885,1626,22295,17995
881,1631,22293,18039
882,1639,22249,17976
892,1631,22549,18203
881,1627,22259,17964
880,1642,22256,17998
881,1624,22286,18011
878,1643,22150,17904
884,1622,22421,18145
884,1621,22357,18056
885,1637,22338,18006
883,1635,22387,18055
879,1624,22160,17874
884,1620,22434,18194
880,1634,22224,17967
886,1642,22423,18115
886,1638,22386,18028
879,1635,22196,17905
885,1619,22445,18145
881,1629,22271,18007
884,1634,22353,18086
881,1619,22304,18062
880,1639,22188,17895
886,1621,22464,18153
881,1623,22272,17991
884,1640,22367,18094
882,1637,22316,18031
878,1621,22166,17892
884,1624,22441,18161
879,1625,22199,17880
883,1630,22395,18102
881,1629,22393,18070
880,1639,22228,17966
883,1623,22404,18145
878,1636,22157,17904
884,1628,22418,18136
883,1634,22325,18030
880,1645,22256,18001
885,1619,22460,18152
878,1637,22158,17870
881,1633,22278,18041
881,1635,22282,18029
881,1621,22281,18020
884,1617,22471,18183
879,1627,22200,17910
882,1633,22320,18044
881,1637,22250,17980
883,1631,22309,18037
885,1634,22449,18170
887,1646,22311,18016
884,1631,22358,18027
882,1634,22307,18006
881,1627,22288,18026
883,1622,22367,18109
878,1635,22175,17925
885,1633,22428,18132
882,1638,22309,17997
879,1627,22227,17966
886,1657,22480,18173
878,1628,22181,17910
884,1620,22431,18190
880,1636,22226,17985
881,1632,22259,18010
882,1619,22340,18033
878,1631,22170,17914
885,1617,22473,18197
880,1645,22264,17989
881,1651,22287,18036
881,1633,22302,17995
880,1641,22227,17931
886,1626,22496,18178
884,1626,22366,18053
881,1644,22272,18011
884,1633,22360,18099
877,1637,22119,17844
891,1625,22606,18278
887,1627,22382,18013
882,1640,22316,18061
883,1649,22352,18059
879,1639,22168,17901
883,1622,22399,18142
881,1629,22272,18023
881,1639,22286,18044
882,1618,22355,18056
881,1630,22261,17965
884,1621,22371,18090
879,1636,22232,17965
881,1637,22281,18060
880,1621,22361,18062
879,1643,22230,17941
890,1621,22582,18249
885,1628,22302,17919
885,1617,22464,18194
882,1642,22280,18007
881,1633,22293,18028
886,1634,22472,18175
878,1633,22174,17890
882,1634,22329,18043
881,1636,22309,18047
882,1640,22308,18040
885,1616,22432,18165
878,1648,22167,17897
882,1636,22307,18047
884,1631,22372,18078
881,1639,22269,18004
885,1629,22473,18207
882,1632,22249,17945
882,1636,22316,18079
881,1625,22263,17962
883,1626,22357,18048
885,1611,22476,18188
881,1630,22299,17950
883,1629,22354,18077
878,1637,22184,17940
884,1624,22337,18047
883,1621,22381,18093
882,1631,22287,17978
884,1626,22373,18108
880,1627,22255,17978
880,1641,22245,17994
882,1624,22316,18063
880,1628,22205,17925
883,1612,22394,18155
882,1637,22320,18016
882,1638,22292,18030
882,1642,22321,18062
878,1635,22146,17876
884,1616,22419,18178
885,1650,22378,18057
881,1625,22275,18009
883,1633,22370,18063
881,1641,22238,17880
884,1617,22406,18123
886,1631,22360,18098
885,1637,22318,18047
884,1614,22385,18072
878,1623,22181,17881
892,1625,22589,18283
889,1632,22467,18140
891,1639,22467,18150
881,1633,22269,18011
879,1625,22175,17897
882,1622,22356,18118
882,1631,22316,18010
882,1627,22311,18034
884,1628,22352,18086
880,1637,22232,17957
884,1617,22425,18163
878,1634,22172,17880
885,1628,22415,18123
883,1633,22341,18015
883,1644,22369,18016
885,1625,22448,18168
878,1626,22144,17883
881,1635,22299,18040
881,1622,22297,18016
885,1643,22404,18062
884,1629,22408,18141
879,1634,22189,17898
882,1620,22314,18058
879,1626,22217,17983
880,1629,22251,18003
888,1609,22534,18253
883,1628,22236,17903
883,1628,22348,18065
881,1618,22282,18017
881,1633,22268,17989
884,1613,22424,18176
880,1638,22256,17958
881,1641,22294,18019
881,1635,22306,17995
882,1622,22329,17985
883,1618,22403,18140
877,1629,22159,17901
884,1629,22395,18115
881,1633,22289,17999
882,1630,22289,17965
883,1647,22415,18161
880,1641,22240,17954
887,1617,22494,18211
879,1639,22209,17935
880,1641,22233,17993
881,1635,22282,18017
879,1637,22247,17919
886,1623,22449,18164
879,1627,22216,17955
883,1626,22344,18078
894,1632,22639,18365
882,1620,22262,17948
896,1632,22677,18335
895,1648,22566,18171
882,1630,22351,18026
881,1632,22286,18018
877,1640,22103,17870
882,1626,22377,18114
881,1629,22298,17969
883,1626,22360,18060
882,1616,22322,18056
878,1640,22177,17869
884,1624,22412,18155
880,1639,22232,17981
881,1619,22316,18075
882,1630,22324,18066
881,1644,22265,17936
885,1627,22426,18132
878,1629,22161,17890
884,1611,22406,18139
882,1643,22287,18030
882,1643,22303,18016
888,1623,22450,18124
880,1636,22255,17943
883,1631,22402,18060
884,1630,22368,18092
879,1617,22205,17959
887,1617,22505,18245
880,1629,22208,17869
893,1617,22724,18408
890,1624,22496,18201
894,1631,22536,18196
885,1614,22418,18156
878,1640,22181,17935
883,1623,22350,18073
878,1631,22203,17974
892,1636,22555,18209
899,1631,22808,18476
892,1648,22415,18090
895,1629,22678,18377
890,1628,22422,18122
880,1638,22258,17974
886,1617,22502,18215
878,1588,22179,17875
887,1626,22467,18140
882,1631,22265,17972
880,1632,22263,18025
883,1610,22440,18200
881,1634,22246,17955
886,1618,22479,18149
879,1628,22232,17981
881,1632,22275,18006
880,1621,22390,18100
877,1626,22125,17886
884,1621,22450,18208
879,1627,22209,17955
881,1624,22336,18025
880,1632,22280,18017
883,1637,22280,17982
890,1634,22488,18167
881,1639,22277,18020
878,1621,22302,17987
883,1650,22348,18046
879,1623,22190,17866
891,1616,22623,18269
881,1638,22268,17973
881,1634,22302,18046
881,1631,22302,18049
879,1643,22179,17895
886,1622,22487,18190
880,1628,22261,18004
886,1621,22459,18163
883,1627,22313,18017
879,1638,22190,17933
886,1624,22469,18216
878,1644,22210,17952
885,1618,22442,18128
883,1635,22349,18058
881,1628,22242,17948
884,1623,22417,18128
877,1640,22132,17893
884,1631,22403,18109
883,1618,22382,18098
886,1649,22403,18074
886,1617,22495,18176
877,1642,22140,17881
884,1631,22383,18118
881,1620,22290,18020
884,1624,22379,18071
886,1624,22496,18183
878,1631,22166,17902
886,1628,22434,18145
881,1633,22269,17971
881,1622,22275,18021
884,1618,22443,18202
879,1645,22186,17912
885,1635,22421,18107
880,1633,22261,17962
886,1640,22389,18102
888,1614,22451,18134
884,1638,22241,17983
882,1627,22310,18019
884,1637,22367,18032
882,1632,22289,17967
892,1629,22651,18299
892,1657,22438,18109
896,1640,22602,18275
889,1642,22380,18068
882,1634,22332,18033
888,1633,22471,18136
879,1649,22174,17891
886,1623,22490,18173
880,1635,22236,17973
880,1633,22253,17998
882,1636,22302,18013
878,1631,22145,17891
886,1624,22479,18183
881,1625,22278,18008
888,1630,22484,18205
888,1636,22388,18060
878,1631,22159,17900
884,1626,22448,18171
881,1640,22303,18015
883,1640,22391,18068
885,1639,22419,18088
877,1623,22129,17865
888,1620,22512,18223
886,1641,22339,18020
885,1639,22412,18122
883,1637,22362,18040
883,1638,22252,17970
894,1635,22561,18192
880,1638,22250,17989
882,1636,22332,18066
881,1620,22282,18027
880,1636,22218,17942
888,1616,22545,18235
880,1631,22219,17928
884,1632,22365,18086
881,1633,22295,18026
882,1634,22279,18025
885,1623,22447,18134
879,1638,22181,17894
884,1632,22383,18081
884,1631,22402,18092
880,1637,22245,17994
885,1635,22444,18168
877,1629,22150,17871
887,1643,22425,18094
895,1637,22568,18186
882,1639,22280,17999
887,1629,22515,18228
877,1635,22128,17842
883,1624,22349,18095
886,1630,22310,18014
881,1633,22298,18038
886,1627,22491,18187
883,1634,22268,18005
882,1632,22325,18046
883,1629,22300,18019
880,1628,22240,17989
885,1616,22495,18224
879,1625,22224,17941
885,1632,22435,18111
882,1638,22304,17943
881,1626,22263,17999
885,1668,22467,18210
881,1644,22229,17940
885,1618,22452,18164
883,1632,22336,18010
882,1627,22261,17988
887,1624,22455,18142
879,1643,22178,17888
887,1616,22502,18237
881,1648,22235,17959
881,1635,22287,18043
887,1630,22460,18123
884,1629,22259,17915
885,1617,22467,18192
881,1623,22255,17975
881,1637,22269,18027
883,1636,22329,18042
878,1624,22180,17887
886,1618,22511,18206
883,1622,22379,18057
881,1632,22307,18058
881,1635,22295,18044
880,1644,22215,17945
884,1632,22407,18095
884,1645,22391,18053
881,1633,22295,18039
885,1624,22409,18114
878,1634,22178,17919
884,1631,22428,18175
877,1631,22156,17906
886,1633,22412,18141
883,1631,22339,18014
881,1633,22276,17999
885,1623,22480,18198
877,1632,22133,17874
882,1626,22334,18086
881,1632,22300,18023
882,1629,22297,17997
885,1619,22470,18160
881,1632,22263,17942
883,1632,22364,18102
880,1622,22258,18013
880,1631,22231,17985
890,1615,22596,18285
879,1637,22222,17876
883,1626,22353,18083
883,1640,22305,17984
881,1623,22292,18024
886,1629,22471,18221
876,1639,22104,17837
882,1622,22310,18057
881,1626,22305,18002
883,1632,22307,18036
884,1602,22462,18188
881,1635,22249,17980
882,1628,22286,18026
880,1623,22282,17989
882,1634,22294,18018
886,1628,22438,18129
881,1627,22299,17958
884,1629,22394,18125
884,1628,22323,18047
879,1630,22189,17924
882,1642,22340,18063
881,1622,22270,17947
884,1625,22396,18131
890,1631,22494,18159
883,1619,22314,18030
882,1639,22286,17989
878,1630,22158,17899
885,1618,22469,18199
881,1630,22302,17988
883,1615,22388,18130
881,1634,22292,18007
876,1616,22122,17852
885,1627,22433,18165
881,1631,22269,17972
883,1618,22376,18074
883,1644,22359,18025
881,1645,22262,17919
885,1622,22446,18181
880,1623,22272,18028
882,1614,22343,18086
884,1643,22386,18067
879,1643,22233,17907
892,1615,22611,18317
890,1642,22485,18172
883,1619,22357,18080
882,1623,22257,17991
882,1636,22278,17993
882,1627,22351,18108
882,1637,22304,17961
881,1619,22297,18021
880,1626,22259,17992
880,1644,22255,17983
882,1622,22359,18108
879,1627,22189,17893
882,1621,22329,18024
879,1632,22274,17977
883,1632,22362,18036
883,1627,22359,18070
879,1650,22180,17901
880,1637,22234,17963
879,1611,22238,17954
885,1641,22401,18085
896,1616,22744,18426
881,1614,22201,17881
880,1635,22252,17977
877,1626,22165,17896
878,1619,22185,17927
880,1625,22308,18069
878,1632,22172,17845
878,1621,22218,17960
878,1625,22180,17904
877,1638,22168,17902
877,1618,22194,17964
877,1631,22160,17846
882,1632,22330,18030
878,1618,22193,17874
878,1627,22213,17921
880,1660,22279,18012
876,1620,22121,17857
883,1624,22335,18073
880,1639,22259,17936
879,1636,22263,17929
877,1638,22176,17893
877,1626,22144,17873
884,1621,22410,18145
878,1628,22171,17921
873,1617,22145,17955
878,1625,22200,17951
878,1645,22187,17851
882,1627,22360,18063
880,1624,22241,17961
882,1634,22293,18008
879,1624,22229,17967
877,1635,22143,17860
882,1632,22349,18068
882,1620,22344,18045
885,1625,22435,18093
882,1640,22325,18059
877,1629,22133,17888
887,1622,22482,18218
888,1630,22386,18010
884,1615,22416,18104
882,1626,22299,18039
880,1648,22240,17946
886,1612,22493,18229
878,1630,22176,17909
884,1631,22404,18145
883,1618,22334,18057
884,1641,22373,18045
885,1619,22454,18191
878,1622,22180,17922
884,1629,22383,18100
882,1632,22331,18078
882,1624,22331,18035
889,1631,22575,18287
880,1642,22250,17905
885,1631,22436,18116
880,1637,22271,17994
880,1649,22256,18003
885,1614,22430,18149
880,1630,22201,17854
884,1633,22370,18047
879,1616,22192,17898
879,1632,22220,17942
880,1619,22294,18042
870,1631,22040,17758
876,1626,22135,17868
875,1625,22088,17816
877,1635,22179,17873
877,1628,22178,17892
872,1614,21995,17742
881,1629,22239,17957
872,1622,22001,17767
876,1637,22132,17846
876,1618,22173,17901
878,1619,22109,17817
884,1623,22423,18099
876,1629,22117,17842
878,1633,22188,17922
878,1627,22185,17941
876,1633,22142,17849
882,1631,22371,18087
877,1624,22159,17912
881,1638,22275,17958
880,1629,22255,18008
878,1633,22167,17883
882,1617,22353,18111
879,1643,22199,17957
883,1624,22347,18050
878,1631,22211,17938
877,1624,22109,17838
884,1623,22404,18144
886,1639,22349,18017
880,1625,22279,17995
879,1623,22231,17935
878,1632,22177,17841
886,1630,22478,18150
873,1623,22114,17932
878,1624,22221,17952
877,1642,22189,17953
880,1629,22230,17931
887,1626,22470,18077
880,1629,22232,17964
882,1621,22335,18039
880,1617,22285,18014
879,1644,22189,17926
886,1613,22460,18201
875,1631,22076,17837
892,1622,22649,18315
895,1631,22702,18375
885,1636,22365,18080
886,1640,22411,18120
877,1638,22136,17883
884,1626,22370,18073
881,1636,22299,17984
894,1616,22671,18340
893,1617,22669,18331
881,1636,22190,17903
881,1627,22311,18053
883,1630,22294,18003
883,1635,22362,18063
887,1607,22537,18219
881,1635,22260,17970
881,1631,22307,18034
882,1623,22334,18061
880,1641,22235,17976
886,1612,22466,18224
880,1627,22235,17975
883,1636,22379,18053
883,1632,22325,18027
881,1636,22299,18011
877,1612,22327,18141
879,1629,22174,17925
885,1628,22455,18159
883,1638,22343,18055
883,1617,22305,17988
885,1671,22491,18145
878,1626,22166,17904
886,1629,22463,18194
880,1635,22243,17959
886,1632,22395,18082
893,1652,22527,18137
877,1630,22147,17883
891,1622,22609,18296
894,1649,22518,18176
882,1609,22378,18111
880,1630,22266,18019
879,1648,22190,17916
885,1617,22454,18129
885,1634,22379,18069
882,1622,22299,18020
882,1623,22305,18029
877,1627,22114,17868
883,1627,22391,18103
882,1624,22306,18027
884,1626,22397,18080
882,1634,22351,18026
878,1631,22153,17899
887,1614,22558,18316
882,1623,22257,17972
885,1620,22436,18110
881,1626,22295,17987
879,1638,22202,17937
886,1616,22534,18238
880,1640,22219,17955
885,1627,22430,18155
879,1626,22249,18000
880,1640,22235,17975
886,1613,22465,18140
879,1644,22188,17909
883,1630,22388,18109
881,1616,22320,18056
882,1634,22300,18044
887,1638,22447,18135
879,1622,22187,17904
884,1631,22409,18079
883,1627,22393,18051
882,1635,22315,18046
885,1618,22476,18219
878,1629,22154,17907
882,1630,22351,18044
881,1631,22320,17990
881,1629,22288,18016
885,1614,22476,18179
879,1645,22199,17919
883,1626,22351,18080
879,1632,22222,17954
881,1639,22299,18043
884,1632,22406,18088
881,1633,22266,17985
884,1626,22378,18115
880,1633,22238,17971
885,1634,22366,18089
901,1644,22690,18335
891,1647,22423,18084
885,1621,22448,18128
886,1634,22405,18055
882,1624,22231,17921
881,1620,22313,18057
878,1640,22151,17898
887,1626,22524,18226
881,1629,22289,17965
890,1633,22494,18160
898,1629,22744,18407
880,1623,22214,17935
882,1621,22394,18148
883,1639,22312,18048
882,1626,22312,18029
886,1632,22417,18094
878,1642,22156,17893
885,1622,22449,18185
882,1631,22306,17973
886,1618,22413,18119
885,1631,22356,18014
879,1650,22201,17910
884,1620,22433,18134
882,1630,22308,17989
881,1623,22314,18050
881,1646,22280,18021
881,1629,22264,17995
888,1627,22492,18168
884,1628,22333,18007
881,1625,22329,18042
881,1624,22319,18043
882,1633,22290,18012
882,1627,22353,18091
881,1643,22228,17948
882,1626,22312,18026
884,1633,22410,18103
883,1638,22315,18043
885,1613,22440,18152
877,1642,22152,17891
884,1633,22353,18088
884,1619,22333,17982
883,1632,22371,18080
886,1618,22515,18206
881,1642,22289,17955
880,1629,22292,18029
881,1637,22292,18024
881,1624,22283,18043
891,1627,22617,18281
879,1628,22222,17896
881,1629,22304,18034
879,1633,22252,17972
882,1640,22319,18034
883,1609,22416,18189
879,1629,22195,17923
884,1641,22369,18091
880,1629,22286,17978
880,1623,22264,17991
882,1614,22375,18133
881,1639,22243,17958
883,1627,22392,18134
880,1641,22251,17960
880,1616,22257,17986
885,1641,22433,18099
878,1623,22193,17881
890,1617,22568,18288
886,1624,22320,18003
881,1632,22264,18002
883,1626,22324,17990
879,1642,22222,17914
884,1630,22409,18148
882,1640,22325,18012
880,1621,22253,17989
882,1640,22296,18043
877,1628,22113,17833
885,1619,22444,18191
885,1625,22374,18052
881,1619,22314,18020
882,1632,22303,18025
879,1642,22137,17860
883,1618,22379,18127
883,1644,22317,17989
882,1623,22347,18035
886,1638,22425,18100
881,1639,22244,17891
883,1627,22383,18112
877,1624,22179,17937
885,1624,22398,18106
883,1628,22320,18014
881,1634,22280,17943
883,1630,22387,18108
879,1633,22200,17924
883,1629,22325,18021
880,1631,22277,18048
880,1638,22245,17988
883,1629,22370,18112
879,1627,22194,17879
881,1629,22326,18058
880,1618,22284,18019
879,1631,22230,17971
885,1618,22451,18192
878,1619,22166,17865
883,1634,22375,18101
886,1632,22357,18014
881,1630,22331,17994
885,1620,22440,18171
880,1648,22201,17948
879,1626,22270,18026
883,1626,22349,18026
881,1628,22305,17996
886,1612,22507,18241
879,1630,22201,17915
881,1624,22306,18047
879,1624,22227,17961
881,1627,22261,18018
884,1638,22360,18073
880,1620,22237,17927
885,1635,22423,18136
880,1625,22248,17987
880,1641,22244,17964
882,1638,22356,18064
880,1633,22240,17937
884,1609,22449,18191
881,1630,22259,17940
885,1623,22382,18051
880,1625,22287,18021
881,1638,22231,17960
884,1621,22414,18144
886,1630,22416,18084
886,1633,22390,18027
881,1630,22292,18030
877,1624,22144,17868
886,1625,22496,18238
879,1631,22222,17967
883,1615,22347,18060
882,1629,22243,17964
881,1627,22252,17938
883,1631,22359,18074
887,1647,22390,18088
892,1628,22498,18142
881,1629,22285,18035
879,1642,22192,17921
883,1626,22406,18126
882,1631,22348,18027
885,1625,22441,18111
882,1641,22300,18020
878,1628,22164,17916
892,1680,22616,18326
894,1645,22517,18145
884,1620,22389,18070
882,1630,22321,18066
881,1629,22253,17952
885,1623,22441,18173
879,1639,22134,17869
884,1621,22405,18115
880,1636,22278,18021
884,1663,22406,18077
886,1628,22474,18169
877,1638,22153,17869
883,1632,22370,18098
880,1618,22252,18000
882,1645,22305,18017
885,1632,22450,18178
883,1624,22309,17974
882,1631,22341,18037
886,1630,22389,18079
887,1628,22349,18022
887,1613,22500,18240
881,1625,22237,17912
884,1625,22396,18078
881,1627,22254,17981
882,1637,22292,17993
886,1610,22474,18196
877,1628,22136,17873
