2780,10000
805,1578,19610,15870
808,1569,19656,15906
805,1584,19595,15915
804,1572,19514,15840
806,1568,19583,15915
805,1583,19555,15847
805,1566,19629,15907
803,1562,19568,15867
810,1573,19793,16016
812,1574,19671,15935
802,1565,19465,15782
808,1562,19700,16014
802,1573,19493,15809
807,1568,19661,15945
805,1573,19652,15932
804,1566,19537,15840
807,1576,19673,15954
803,1577,19469,15806
804,1569,19528,15841
807,1573,19661,15978
805,1572,19613,15880
809,1560,19749,16055
803,1566,19470,15798
802,1569,19491,15820
807,1571,19653,15968
804,1578,19574,15843
808,1564,19746,16033
803,1585,19535,15812
807,1572,19682,15915
808,1576,19627,15943
806,1572,19598,15920
805,1549,19607,15926
804,1571,19506,15814
807,1581,19659,15933
804,1567,19540,15859
804,1559,19514,15837
805,1578,19616,15922
805,1574,19527,15866
807,1569,19622,15934
806,1562,19602,15930
805,1585,19603,15880
808,1573,19661,15960
802,1571,19445,15785
807,1557,19665,15966
805,1565,19558,15899
806,1584,19586,15901
806,1572,19612,15906
804,1572,19549,15842
809,1567,19769,16020
804,1573,19558,15860
806,1584,19609,15913
806,1568,19602,15920
803,1581,19538,15812
808,1565,19692,15959
805,1586,19568,15865
807,1585,19659,15931
804,1565,19547,15868
803,1572,19457,15793
809,1561,19691,16008
806,1580,19558,15861
806,1577,19659,15915
805,1559,19601,15918
806,1585,19520,15843
808,1567,19705,15980
809,1577,19679,15974
815,1591,19763,16008
806,1557,19602,15892
803,1568,19498,15783
811,1571,19812,16051
802,1565,19427,15772
806,1572,19607,15936
806,1576,19527,15823
806,1584,19611,15888
808,1565,19763,16010
803,1568,19504,15836
804,1574,19563,15877
805,1578,19587,15877
805,1566,19569,15876
808,1568,19679,15987
804,1581,19492,15831
804,1574,19591,15887
805,1556,19563,15884
804,1581,19521,15840
809,1568,19719,16025
804,1581,19495,15830
805,1570,19616,15887
805,1576,19590,15897
805,1571,19619,15887
807,1573,19709,15959
802,1568,19460,15813
806,1570,19604,15936
807,1577,19630,15938
805,1574,19558,15833
808,1567,19759,16008
803,1571,19478,15805
808,1570,19717,16002
805,1588,19547,15852
804,1572,19523,15858
807,1573,19658,15974
805,1585,19478,15802
809,1563,19782,16044
806,1576,19588,15905
805,1565,19562,15883
806,1578,19611,15927
808,1570,19612,15917
822,1561,20033,16256
807,1573,19648,15939
807,1585,19680,15933
806,1559,19645,15904
808,1581,19616,15913
811,1576,19683,15961
805,1567,19594,15904
806,1588,19638,15913
807,1568,19677,15959
804,1575,19497,15831
809,1575,19735,16004
802,1575,19531,15842
810,1562,19694,15999
812,1574,19679,15968
802,1579,19445,15788
807,1568,19739,16004
802,1572,19476,15784
807,1575,19623,15926
807,1582,19654,15947
803,1573,19459,15814
807,1574,19683,15971
804,1588,19525,15822
805,1579,19633,15889
807,1576,19683,15951
805,1570,19596,15891
805,1578,19629,15930
803,1583,19469,15801
807,1581,19664,15938
809,1595,19728,15995
805,1589,19586,15886
808,1558,19700,15964
805,1584,19537,15852
804,1567,19499,15835
804,1584,19512,15841
805,1584,19551,15882
808,1564,19770,16020
803,1576,19491,15803
803,1585,19504,15821
805,1567,19581,15893
803,1575,19471,15822
811,1574,19795,16044
813,1600,19694,15944
806,1574,19638,15907
807,1591,19685,15919
803,1574,19505,15837
805,1568,19564,15902
802,1568,19455,15782
807,1565,19698,15988
804,1579,19575,15846
804,1582,19551,15866
808,1577,19620,15892
806,1572,19558,15868
808,1575,19621,15919
806,1588,19569,15900
807,1583,19607,15923
807,1575,19620,15883
804,1576,19494,15787
805,1570,19610,15915
812,1568,19737,16009
818,1603,19828,16089
816,1590,19819,16055
803,1579,19480,15760
809,1576,19771,16014
805,1572,19604,15849
807,1580,19627,15943
804,1584,19545,15859
804,1577,19483,15810
809,1571,19743,16003
806,1569,19676,15932
804,1588,19567,15877
807,1567,19657,15944
803,1572,19473,15814
814,1562,19830,16098
816,1576,19854,16120
805,1578,19568,15886
807,1564,19675,15955
803,1585,19496,15795
808,1562,19698,15995
804,1568,19506,15825
804,1575,19503,15838
806,1577,19653,15948
804,1575,19534,15861
809,1554,19764,16024
803,1579,19533,15800
807,1577,19631,15947
808,1589,19576,15870
804,1587,19542,15883
809,1560,19755,16030
803,1577,19523,15811
811,1586,19730,16011
812,1558,19790,16016
811,1573,19697,15966
820,1564,19945,16194
812,1568,19712,16020
806,1576,19609,15939
805,1588,19606,15886
803,1580,19500,15815
807,1581,19678,15977
803,1574,19508,15823
804,1577,19577,15892
806,1589,19647,15933
804,1573,19543,15852
809,1575,19736,15989
803,1588,19584,15817
807,1554,19671,15974
806,1567,19588,15928
804,1573,19558,15866
807,1573,19653,15925
803,1590,19520,15789
807,1552,19673,15990
804,1573,19557,15848
809,1576,19686,15976
820,1567,19967,16237
803,1581,19455,15794
807,1569,19653,15960
805,1582,19585,15868
806,1589,19588,15904
806,1578,19577,15873
804,1572,19489,15792
810,1563,19729,16041
806,1579,19584,15865
808,1572,19697,15993
812,1571,19841,16079
815,1589,19779,15967
807,1577,19650,15958
804,1582,19534,15872
804,1580,19546,15860
807,1577,19659,15950
804,1576,19575,15870
807,1570,19699,15986
804,1583,19520,15825
806,1573,19652,15946
806,1576,19588,15911
805,1587,19558,15889
807,1562,19679,15996
803,1592,19493,15787
805,1570,19563,15875
805,1562,19591,15900
805,1582,19542,15871
807,1574,19687,15991
802,1562,19462,15783
805,1570,19589,15891
805,1573,19609,15886
812,1580,19776,16016
820,1577,19983,16215
811,1580,19588,15880
805,1574,19558,15885
807,1572,19640,15947
804,1580,19574,15842
810,1569,19752,16039
811,1568,19618,15875
806,1581,19601,15906
804,1584,19552,15885
802,1570,19476,15809
805,1576,19582,15911
803,1588,19545,15829
806,1575,19605,15897
808,1574,19661,15961
808,1581,19593,15854
808,1581,19621,15956
803,1577,19505,15803
809,1576,19712,15987
805,1583,19615,15882
807,1576,19633,15911
805,1571,19577,15917
804,1584,19480,15820
806,1577,19631,15953
805,1568,19613,15890
813,1567,19791,16033
820,1573,19990,16260
816,1586,19846,16103
810,1569,19679,15956
804,1575,19551,15876
807,1574,19629,15949
804,1583,19533,15879
804,1571,19553,15840
807,1555,19683,15968
804,1569,19551,15861
805,1573,19590,15899
806,1580,19624,15948
806,1573,19593,15885
806,1572,19666,15939
806,1582,19603,15891
807,1564,19666,15928
805,1576,19587,15897
806,1576,19608,15927
806,1553,19639,15938
804,1584,19516,15821
806,1575,19627,15895
809,1569,19713,15998
815,1599,19797,16026
810,1568,19766,16061
803,1574,19494,15820
803,1566,19519,15833
802,1584,19539,15845
805,1588,19609,15883
808,1573,19698,15961
804,1577,19514,15830
804,1574,19541,15865
806,1569,19584,15915
810,1581,19715,15972
806,1572,19677,15967
804,1576,19556,15844
806,1570,19655,15902
805,1579,19595,15897
802,1579,19515,15826
806,1572,19633,15956
810,1573,19597,15860
808,1564,19715,15994
802,1562,19526,15843
806,1573,19622,15908
806,1568,19613,15936
804,1588,19514,15839
808,1564,19710,16019
804,1582,19531,15854
804,1586,19574,15830
805,1574,19630,15946
817,1598,19845,16096
809,1582,19763,16071
804,1577,19534,15879
806,1583,19620,15890
811,1563,19800,16065
811,1573,19663,15907
809,1563,19797,16020
805,1567,19562,15866
806,1581,19581,15905
803,1580,19558,15871
806,1572,19478,15793
807,1574,19687,15937
805,1582,19593,15890
808,1563,19664,15954
805,1566,19580,15889
804,1571,19504,15837
808,1565,19662,15968
805,1577,19564,15896
807,1569,19639,15880
807,1572,19653,15962
804,1581,19525,15830
808,1570,19707,16003
804,1585,19466,15787
806,1576,19625,15910
808,1575,19695,15990
804,1584,19568,15820
811,1565,19834,16066
802,1573,19466,15780
805,1568,19572,15876
806,1578,19634,15938
807,1575,19646,15909
809,1580,19777,16033
805,1579,19537,15861
805,1575,19580,15888
806,1573,19604,15912
803,1578,19509,15833
807,1560,19657,15985
803,1573,19490,15822
804,1581,19583,15852
806,1581,19631,15931
800,1577,19539,15858
808,1565,19707,16002
805,1565,19552,15887
815,1588,19756,16004
806,1579,19623,15905
806,1562,19615,15901
807,1571,19689,15936
807,1587,19592,15889
811,1575,19649,15937
805,1576,19556,15855
804,1568,19547,15846
807,1580,19676,15944
805,1585,19548,15873
807,1562,19677,15938
806,1573,19568,15900
811,1572,19712,15989
821,1572,20002,16269
802,1577,19442,15779
809,1572,19727,16018
804,1574,19576,15866
804,1575,19550,15872
808,1578,19666,15955
802,1582,19435,15789
811,1563,19826,16080
808,1570,19611,15876
804,1580,19592,15877
806,1579,19660,15913
803,1577,19480,15793
806,1561,19612,15931
804,1577,19534,15861
808,1569,19687,15980
811,1567,19800,16065
818,1587,19857,16114
812,1566,19842,16134
806,1583,19493,15811
805,1578,19584,15898
805,1567,19591,15906
807,1572,19589,15903
809,1568,19706,15923
801,1571,19454,15792
806,1576,19599,15907
805,1578,19581,15880
805,1585,19576,15891
808,1572,19743,16021
803,1575,19509,15805
807,1576,19691,15931
807,1567,19677,15926
808,1579,19671,15967
808,1569,19661,15973
803,1570,19503,15840
803,1582,19552,15852
807,1560,19669,15942
806,1578,19628,15926
807,1570,19697,15971
806,1586,19566,15889
808,1567,19576,15866
804,1572,19537,15862
804,1582,19506,15831
809,1574,19781,16037
807,1566,19543,15807
807,1570,19648,15965
819,1575,19945,16214
803,1594,19480,15829
805,1566,19620,15914
807,1578,19649,15918
809,1577,19711,15929
808,1559,19734,16004
804,1572,19528,15832
806,1564,19620,15925
806,1579,19538,15857
808,1562,19723,15990
803,1574,19554,15833
806,1581,19576,15887
805,1576,19595,15859
804,1575,19505,15821
806,1580,19563,15873
806,1577,19584,15902
808,1564,19627,15953
806,1580,19625,15882
804,1572,19523,15812
807,1590,19630,15924
808,1566,19724,16010
805,1580,19558,15888
808,1567,19675,15976
803,1575,19527,15823
808,1551,19731,16000
805,1574,19618,15890
807,1569,19628,15932
804,1577,19547,15868
805,1580,19557,15893
811,1553,19802,16068
816,1591,19781,16001
807,1573,19567,15863
806,1581,19635,15925
806,1566,19565,15892
809,1558,19647,15925
804,1580,19500,15829
803,1579,19529,15837
811,1573,19695,15971
804,1571,19514,15852
810,1565,19757,16061
802,1572,19450,15775
804,1584,19514,15856
807,1567,19685,15973
804,1572,19543,15852
812,1557,19871,16102
807,1561,19573,15812
805,1571,19600,15920
804,1583,19557,15870
807,1580,19607,15911
806,1571,19677,15953
804,1580,19558,15835
813,1571,19764,16029
820,1572,19988,16209
810,1574,19690,15975
814,1587,19759,16024
802,1581,19440,15784
807,1565,19631,15959
806,1570,19638,15914
804,1570,19525,15821
806,1566,19608,15922
803,1582,19483,15818
815,1574,19845,16121
820,1573,20006,16232
819,1586,19942,16170
805,1583,19618,15905
809,1583,19665,15921
815,1581,19758,16021
806,1578,19644,15950
806,1577,19573,15904
806,1579,19634,15915
803,1577,19513,15787
810,1572,19758,16054
808,1568,19611,15868
805,1576,19566,15892
815,1572,19848,16143
810,1584,19652,15938
822,1574,20012,16269
806,1567,19678,15942
811,1570,19797,16062
822,1578,19998,16243
804,1586,19508,15827
806,1567,19660,15967
804,1579,19542,15844
805,1582,19635,15914
808,1560,19713,15992
805,1592,19541,15820
809,1570,19731,16016
803,1581,19448,15797
807,1570,19630,15955
809,1559,19670,15919
805,1580,19583,15871
809,1567,19755,16033
802,1565,19482,15805
804,1571,19532,15852
806,1567,19637,15957
809,1585,19652,15968
818,1573,19876,16116
811,1579,19645,15893
812,1577,19790,16036
810,1576,19701,15984
819,1573,19906,16151
821,1556,20061,16331
806,1584,19657,15902
812,1587,19700,15933
807,1576,19677,15933
805,1584,19631,15873
809,1565,19739,16034
803,1595,19463,15817
807,1575,19628,15942
806,1572,19640,15905
804,1586,19577,15833
807,1561,19675,15981
803,1578,19512,15812
807,1569,19672,15969
806,1570,19600,15906
802,1564,19464,15828
806,1553,19614,15934
803,1574,19505,15786
807,1574,19691,15989
806,1566,19593,15898
804,1567,19526,15863
812,1567,19776,16067
811,1584,19673,15941
817,1557,20003,16238
806,1572,19639,15912
806,1575,19631,15914
805,1574,19565,15878
806,1575,19565,15860
818,1583,19876,16135
825,1596,20027,16225
809,1554,19713,15986
809,1577,19625,15911
805,1585,19547,15849
806,1563,19699,15975
804,1570,19550,15874
806,1570,19626,15949
806,1581,19622,15926
805,1579,19587,15860
807,1562,19690,15995
805,1572,19551,15887
806,1571,19606,15912
806,1578,19630,15940
803,1571,19536,15837
810,1566,19789,16045
806,1579,19610,15877
810,1589,19691,15906
807,1563,19634,15948
804,1567,19541,15871
810,1570,19737,16051
810,1589,19616,15862
807,1553,19645,15913
806,1566,19566,15883
805,1586,19558,15853
811,1576,19785,16071
806,1584,19513,15805
805,1569,19566,15882
805,1573,19553,15890
804,1571,19567,15861
811,1555,19802,16093
803,1578,19465,15786
806,1570,19605,15909
800,1576,19504,15852
805,1582,19627,15916
807,1566,19680,15949
805,1575,19607,15878
808,1577,19734,15965
804,1568,19548,15875
805,1580,19572,15885
804,1583,19558,15872
804,1584,19579,15849
808,1582,19736,15978
805,1577,19546,15863
805,1580,19601,15889
804,1570,19575,15877
806,1577,19571,15874
821,1571,20014,16286
804,1576,19528,15853
806,1570,19608,15886
805,1570,19595,15902
803,1577,19476,15806
808,1569,19683,15983
805,1580,19548,15875
805,1573,19574,15864
806,1572,19632,15902
803,1588,19564,15831
808,1564,19722,15987
811,1569,19749,16031
805,1584,19539,15845
806,1564,19629,15941
804,1587,19524,15806
812,1553,19848,16096
812,1576,19658,15922
811,1578,19761,16037
819,1581,19876,16141
807,1575,19536,15841
806,1575,19617,15934
802,1583,19477,15819
806,1582,19657,15935
806,1573,19617,15927
807,1575,19622,15924
808,1559,19789,16083
804,1567,19438,15771
805,1576,19600,15914
808,1587,19702,15983
805,1587,19588,15859
811,1557,19818,16056
806,1580,19610,15900
805,1577,19509,15822
805,1578,19569,15890
805,1568,19606,15908
809,1567,19766,16024
810,1590,19603,15870
806,1575,19605,15916
804,1573,19555,15868
804,1571,19533,15863
809,1560,19770,16031
807,1587,19576,15896
806,1572,19624,15885
812,1573,19743,16008
814,1577,19771,16050
818,1554,20015,16280
807,1575,19505,15818
811,1574,19794,16064
808,1573,19606,15873
806,1584,19639,15901
806,1574,19675,15949
803,1577,19490,15807
807,1558,19680,15997
805,1585,19574,15907
806,1577,19626,15892
807,1576,19672,15937
804,1567,19518,15843
807,1557,19649,15930
805,1564,19587,15899
805,1578,19554,15879
810,1571,19719,16024
805,1565,19470,15783
809,1556,19760,16008
807,1579,19657,15942
808,1574,19648,15938
807,1573,19600,15895
805,1573,19488,15818
811,1578,19725,15974
818,1584,19878,16115
813,1578,19735,15945
806,1562,19650,15925
804,1578,19500,15832
806,1576,19657,15968
805,1573,19550,15880
806,1582,19655,15922
808,1586,19742,15990
803,1584,19525,15836
809,1560,19736,16020
803,1591,19484,15807
806,1570,19611,15927
807,1571,19666,15974
803,1559,19495,15833
811,1570,19832,16077
802,1576,19471,15793
808,1565,19646,15960
806,1582,19586,15884
803,1566,19526,15879
808,1565,19704,15977
803,1573,19496,15795
806,1578,19634,15902
807,1583,19666,15936
803,1587,19496,15821
808,1560,19730,16044
802,1578,19449,15798
805,1581,19592,15866
813,1587,19841,16072
808,1569,19570,15865
806,1564,19674,15964
802,1577,19466,15805
809,1569,19686,15993
812,1593,19706,15947
803,1577,19440,15794
807,1552,19712,15947
806,1584,19563,15869
809,1571,19748,16042
804,1580,19545,15872
806,1569,19574,15907
805,1578,19609,15889
803,1579,19500,15802
810,1555,19814,16058
820,1578,19985,16165
811,1583,19643,15901
806,1584,19604,15924
805,1575,19472,15795
808,1572,19722,15977
806,1577,19661,15912
805,1576,19586,15894
805,1567,19586,15886
805,1591,19530,15856
808,1559,19635,15929
805,1575,19576,15888
804,1576,19537,15873
808,1576,19694,15970
809,1582,19643,15926
814,1569,19754,15992
804,1557,19547,15876
805,1582,19569,15897
807,1567,19657,15943
805,1573,19523,15805
808,1572,19763,15999
804,1574,19591,15864
805,1585,19547,15873
806,1562,19645,15962
804,1575,19521,15855
811,1556,19830,16106
803,1577,19515,15797
807,1583,19637,15951
806,1559,19588,15884
805,1574,19552,15875
808,1564,19674,15997
804,1578,19506,15819
807,1574,19620,15938
805,1576,19606,15872
805,1574,19590,15894
807,1551,19712,16033
803,1583,19478,15807
802,1583,19508,15847
805,1570,19607,15902
808,1587,19607,15903
811,1562,19838,16079
813,1582,19712,15927
806,1577,19582,15913
804,1564,19515,15848
806,1583,19632,15931
807,1571,19680,15952
803,1578,19515,15820
809,1570,19690,16003
804,1560,19591,15881
804,1580,19525,15843
806,1555,19611,15911
803,1570,19484,15821
807,1561,19641,15961
808,1579,19734,15969
806,1564,19538,15832
806,1572,19617,15935
802,1585,19463,15788
821,1549,20036,16311
804,1582,19563,15855
808,1570,19660,15938
808,1565,19669,15892
804,1586,19555,15836
807,1550,19687,15983
805,1581,19544,15869
804,1573,19514,15846
806,1569,19619,15930
802,1570,19485,15774
809,1565,19732,16041
809,1566,19615,15885
805,1568,19593,15901
807,1568,19641,15964
803,1576,19489,15821
807,1570,19654,15972
804,1570,19571,15848
807,1568,19639,15927
804,1582,19565,15881
805,1582,19517,15845
809,1569,19678,15997
802,1569,19484,15772
807,1574,19663,15950
806,1579,19678,15923
805,1567,19601,15863
808,1557,19698,16006
805,1572,19526,15848
804,1589,19542,15878
806,1582,19643,15924
806,1589,19645,15911
808,1557,19707,16013
804,1573,19520,15818
805,1582,19589,15891
805,1580,19590,15920
804,1579,19540,15856
809,1566,19732,15990
803,1578,19552,15817
806,1577,19630,15919
805,1570,19579,15894
803,1567,19476,15796
808,1571,19703,16004
804,1573,19499,15790
808,1573,19677,15952
804,1575,19588,15858
810,1562,19723,15975
822,1579,20027,16259
811,1568,19671,15955
816,1556,19853,16138
806,1573,19653,15927
805,1578,19572,15860
807,1576,19637,15947
803,1587,19501,15799
810,1569,19756,16037
815,1584,19747,15955
804,1578,19534,15853
807,1578,19639,15951
803,1576,19546,15824
808,1572,19693,16015
806,1579,19610,15905
806,1596,19599,15910
804,1576,19536,15877
803,1580,19482,15780
818,1575,19938,16164
807,1571,19680,15950
805,1579,19634,15865
805,1574,19613,15919
802,1575,19445,15772
805,1581,19582,15903
805,1575,19625,15919
807,1584,19699,15966
804,1567,19558,15871
803,1575,19505,15824
807,1575,19676,15976
802,1576,19474,15812
806,1574,19589,15910
807,1556,19619,15954
805,1568,19576,15865
808,1567,19696,15993
802,1574,19437,15756
806,1565,19623,15947
806,1573,19603,15937
804,1588,19546,15844
814,1567,19876,16132
818,1595,19938,16155
811,1574,19806,16026
818,1588,19844,16081
805,1581,19531,15841
808,1555,19690,16012
804,1569,19529,15805
805,1583,19603,15856
805,1585,19595,15900
806,1582,19603,15882
807,1573,19659,15960
803,1567,19490,15823
804,1577,19554,15861
803,1576,19534,15861
806,1588,19627,15899
807,1562,19691,15974
803,1564,19489,15809
807,1571,19634,15926
804,1585,19521,15849
806,1575,19544,15876
807,1578,19703,15977
804,1582,19533,15832
809,1573,19781,16014
805,1581,19576,15878
806,1563,19565,15884
806,1583,19578,15884
803,1575,19524,15810
817,1577,19941,16157
807,1575,19630,15917
814,1591,19738,15986
805,1580,19578,15857
803,1582,19486,15818
806,1565,19632,15945
806,1580,19585,15897
805,1556,19608,15884
805,1573,19589,15905
810,1578,19668,15943
810,1552,19760,16063
806,1584,19549,15849
806,1580,19612,15915
805,1568,19594,15902
805,1582,19586,15867
808,1571,19719,15968
804,1577,19551,15860
806,1576,19604,15915
805,1570,19603,15936
804,1578,19540,15814
807,1583,19704,15974
803,1570,19486,15821
806,1584,19632,15912
805,1571,19576,15907
806,1580,19559,15889
807,1568,19653,15973
804,1576,19509,15834
805,1564,19610,15906
807,1559,19659,15971
804,1565,19544,15879
809,1574,19694,16009
804,1590,19501,15822
804,1575,19560,15836
812,1562,19766,16036
811,1580,19676,15903
810,1565,19827,16048
804,1580,19483,15778
805,1572,19572,15895
806,1563,19595,15925
804,1587,19541,15855
811,1569,19822,16062
804,1581,19538,15856
808,1581,19698,15980
804,1571,19528,15844
807,1580,19618,15939
807,1573,19677,15979
803,1578,19495,15823
808,1581,19704,15962
807,1566,19637,15947
808,1572,19579,15868
806,1566,19619,15933
803,1573,19476,15829
806,1562,19667,15948
804,1579,19542,15858
806,1574,19581,15867
813,1581,19778,15970
802,1580,19481,15801
807,1572,19639,15951
806,1582,19587,15905
806,1573,19622,15900
809,1576,19741,15998
815,1599,19756,16017
821,1580,19975,16194
820,1561,20016,16284
805,1576,19510,15828
807,1580,19645,15948
803,1588,19477,15801
808,1564,19734,15996
805,1584,19567,15857
806,1568,19583,15913
821,1570,20029,16251
807,1573,19502,15807
809,1569,19741,16026
804,1564,19561,15873
806,1581,19647,15910
807,1581,19717,15965
804,1574,19506,15844
810,1572,19719,16022
804,1568,19472,15783
806,1557,19659,15951
807,1577,19688,15948
805,1569,19597,15914
808,1572,19721,16002
803,1570,19498,15811
805,1553,19561,15908
806,1575,19593,15940
805,1584,19549,15881
809,1564,19806,16074
803,1565,19470,15796
807,1577,19647,15953
806,1584,19579,15871
808,1587,19617,15924
808,1570,19701,15953
804,1595,19536,15820
807,1581,19669,15948
807,1571,19691,15944
805,1574,19527,15831
807,1561,19653,15959
804,1582,19496,15832
806,1576,19608,15902
806,1566,19645,15906
804,1586,19544,15863
808,1572,19725,16015
802,1574,19475,15788
807,1556,19674,15983
806,1578,19593,15907
803,1579,19522,15838
807,1573,19670,15954
804,1578,19531,15840
808,1565,19697,16005
804,1572,19560,15872
804,1578,19510,15841
805,1574,19593,15892
804,1582,19559,15841
809,1555,19756,16033
812,1581,19726,15948
803,1579,19487,15812
805,1567,19604,15922
808,1580,19599,15898
822,1568,20089,16278
802,1576,19559,15912
804,1583,19545,15858
807,1582,19640,15926
806,1578,19564,15867
806,1576,19618,15945
805,1558,19603,15938
807,1571,19605,15936
806,1575,19660,15921
803,1577,19524,15833
807,1575,19672,15961
803,1579,19511,15826
807,1567,19619,15952
806,1566,19617,15890
804,1575,19557,15838
812,1567,19801,16054
807,1580,19637,15901
804,1573,19526,15858
806,1575,19616,15949
803,1575,19517,15827
808,1568,19744,16019
803,1581,19547,15828
806,1567,19613,15937
806,1568,19634,15916
804,1573,19542,15866
808,1563,19695,16011
804,1571,19531,15848
804,1562,19519,15837
819,1596,19912,16090
804,1575,19514,15820
809,1562,19732,16028
804,1574,19499,15829
803,1591,19506,15822
808,1586,19663,15945
805,1571,19558,15846
807,1574,19724,15990
805,1560,19589,15851
806,1568,19578,15875
804,1566,19512,15838
805,1565,19555,15876
806,1567,19672,15963
804,1578,19557,15839
810,1568,19727,16041
805,1574,19587,15889
806,1565,19581,15886
804,1571,19564,15887
803,1584,19502,15829
807,1570,19649,15954
806,1589,19640,15897
805,1572,19557,15907
806,1555,19588,15873
803,1588,19492,15819
807,1573,19632,15963
805,1570,19572,15861
810,1567,19787,16029
821,1573,19990,16203
817,1596,19883,16080
809,1577,19709,16012
805,1564,19540,15842
806,1575,19566,15878
805,1588,19641,15904
805,1573,19533,15819
809,1573,19712,16034
808,1574,19598,15911
807,1582,19616,15932
807,1569,19646,15947
802,1570,19455,15791
811,1567,19745,16068
804,1584,19564,15842
805,1570,19584,15891
806,1578,19654,15950
808,1583,19657,15935
808,1561,19598,15916
804,1586,19523,15821
808,1573,19693,15955
806,1573,19628,15886
805,1577,19628,15889
809,1562,19738,16047
804,1579,19495,15827
807,1583,19634,15932
806,1581,19645,15881
803,1573,19605,15881
809,1572,19729,16034
809,1578,19667,15933
815,1589,19755,16020
804,1564,19537,15853
807,1561,19596,15922
808,1570,19683,16018
807,1582,19623,15903
804,1573,19549,15835
806,1576,19621,15900
804,1579,19512,15854
806,1574,19605,15922
803,1566,19497,15803
809,1568,19721,15991
804,1578,19588,15845
808,1582,19667,15938
806,1574,19603,15896
803,1574,19481,15802
808,1566,19707,16005
805,1589,19612,15887
805,1577,19617,15896
808,1570,19666,15996
803,1583,19493,15792
810,1565,19769,16049
807,1577,19577,15879
806,1578,19587,15915
805,1570,19560,15874
803,1572,19534,15815
807,1569,19637,15927
805,1577,19571,15881
804,1582,19543,15855
812,1563,19760,16042
812,1579,19618,15888
807,1582,19658,15957
807,1585,19707,15952
804,1567,19590,15857
806,1574,19651,15942
809,1585,19622,15916
818,1584,19849,16127
806,1575,19556,15831
809,1568,19730,15971
813,1578,19693,15960
805,1582,19548,15862
811,1556,19781,16079
810,1583,19597,15884
805,1573,19572,15896
806,1569,19587,15936
807,1571,19673,15932
806,1576,19658,15934
803,1575,19481,15800
809,1584,19671,15947
809,1567,19579,15902
805,1576,19602,15894
807,1580,19681,15958
804,1585,19589,15858
807,1586,19677,15927
804,1562,19561,15859
804,1575,19526,15858
807,1568,19691,15995
803,1584,19517,15819
805,1579,19585,15866
805,1584,19595,15895
805,1574,19598,15892
806,1561,19644,15966
803,1573,19436,15773
807,1576,19614,15937
804,1574,19567,15890
807,1557,19696,15956
806,1574,19615,15928
803,1582,19468,15780
809,1574,19724,16009
803,1590,19484,15822
819,1567,19922,16154
807,1570,19657,15956
805,1566,19589,15877
810,1567,19756,15968
804,1582,19518,15842
804,1579,19543,15857
804,1582,19569,15871
804,1577,19534,15824
807,1570,19725,15975
805,1578,19583,15900
804,1580,19562,15879
809,1575,19693,15982
805,1582,19522,15852
805,1567,19576,15897
808,1582,19664,15970
805,1566,19586,15886
806,1575,19647,15950
804,1572,19470,15805
811,1572,19784,16079
808,1589,19584,15872
811,1573,19633,15926
808,1571,19692,15970
806,1567,19555,15820
808,1566,19755,15989
804,1584,19504,15831
815,1558,19914,16199
806,1567,19554,15858
805,1584,19586,15865
812,1556,19870,16100
815,1602,19726,15988
820,1578,19969,16185
812,1586,19698,15956
803,1578,19512,15858
808,1567,19706,16003
802,1574,19447,15782
807,1581,19685,15931
805,1573,19626,15910
805,1579,19544,15847
806,1570,19634,15946
804,1571,19493,15849
804,1587,19574,15860
808,1573,19710,15975
804,1574,19561,15828
811,1580,19816,16056
807,1580,19528,15805
804,1579,19567,15909
805,1576,19564,15877
806,1572,19611,15910
808,1568,19749,16010
803,1573,19475,15813
809,1561,19720,15988
804,1589,19540,15856
801,1570,19492,15812
806,1567,19633,15951
803,1576,19466,15792
813,1567,19867,16098
812,1568,19776,16021
807,1577,19538,15828
805,1579,19605,15903
802,1581,19443,15788
808,1572,19731,15984
805,1570,19555,15868
807,1582,19659,15921
808,1565,19718,15971
802,1579,19439,15774
808,1575,19683,16011
806,1571,19617,15937
805,1582,19627,15918
808,1580,19700,15976
802,1573,19451,15785
812,1572,19821,16083
810,1578,19647,15932
805,1578,19578,15898
804,1577,19546,15866
802,1575,19446,15792
808,1561,19690,15972
804,1568,19567,15874
807,1563,19656,15969
807,1574,19600,15895
803,1585,19471,15801
806,1571,19665,15947
803,1577,19521,15806
805,1577,19641,15897
807,1578,19684,15953
803,1578,19505,15838
809,1566,19721,16015
804,1580,19486,15810
807,1569,19679,15955
806,1571,19649,15904
806,1573,19589,15900
807,1571,19713,15984
799,1573,19490,15823
804,1577,19534,15860
809,1572,19705,16009
812,1585,19630,15915
806,1558,19688,15949
804,1567,19525,15835
805,1576,19549,15861
806,1580,19632,15932
804,1569,19523,15873
808,1582,19695,15996
804,1596,19599,15878
807,1575,19691,15956
804,1590,19603,15863
805,1567,19586,15895
805,1569,19592,15922
805,1586,19519,15853
807,1558,19695,15980
806,1566,19616,15900
803,1573,19506,15829
808,1567,19698,15984
804,1577,19513,15849
807,1558,19671,15972
804,1578,19559,15881
804,1578,19508,15849
805,1585,19636,15889
806,1566,19561,15876
806,1555,19632,15932
807,1578,19614,15931
807,1578,19534,15844
807,1568,19656,15955
803,1574,19490,15796
807,1574,19707,15963
808,1594,19723,15968
804,1580,19551,15838
805,1567,19588,15917
803,1574,19489,15814
808,1571,19706,15980
812,1573,19829,16065
820,1579,19956,16190
821,1574,20034,16254
803,1581,19481,15788
809,1565,19724,16031
803,1571,19516,15841
805,1581,19568,15877
808,1568,19704,15970
803,1578,19500,15804
815,1564,19880,16154
807,1570,19609,15904
811,1578,19637,15934
805,1565,19609,15916
806,1581,19603,15889
807,1569,19725,15960
805,1561,19591,15834
805,1560,19558,15892
805,1569,19583,15915
804,1588,19528,15852
809,1564,19798,16045
806,1570,19621,15838
807,1569,19627,15929
808,1563,19694,15982
808,1576,19570,15866
809,1569,19744,16033
803,1583,19478,15817
806,1583,19576,15895
809,1571,19698,15966
804,1572,19557,15861
809,1561,19701,16003
805,1590,19565,15875
804,1577,19511,15841
806,1578,19596,15911
805,1584,19582,15845
806,1567,19674,15958
804,1584,19578,15836
808,1569,19721,16021
805,1565,19549,15894
807,1580,19556,15884
807,1571,19687,15956
802,1573,19517,15814
808,1576,19691,15980
804,1559,19582,15883
804,1577,19520,15847
806,1579,19615,15920
805,1587,19539,15856
819,1573,19870,16135
809,1569,19628,15884
809,1575,19664,15967
810,1585,19628,15890
803,1584,19490,15833
809,1563,19694,16015
807,1577,19654,15945
804,1563,19533,15841
807,1569,19705,15952
804,1574,19529,15797
809,1559,19731,16012
806,1586,19597,15927
806,1567,19603,15927
805,1577,19616,15904
804,1575,19560,15841
810,1570,19765,16052
805,1571,19544,15826
807,1568,19639,15948
806,1579,19582,15890
805,1573,19549,15876
806,1580,19612,15925
806,1567,19609,15881
805,1574,19562,15884
809,1569,19713,15994
806,1562,19538,15840
813,1580,19718,16013
803,1577,19501,15789
809,1561,19693,15977
820,1593,19956,16167
818,1587,19868,16079
822,1574,20044,16286
806,1573,19609,15928
810,1580,19609,15893
806,1576,19641,15919
806,1580,19626,15898
808,1562,19683,15999
807,1584,19609,15894
814,1584,19726,15990
805,1574,19530,15841
806,1580,19592,15914
805,1560,19614,15928
806,1585,19593,15874
809,1580,19713,15998
807,1569,19641,15962
804,1583,19519,15849
805,1561,19646,15988
803,1585,19508,15815
809,1586,19743,16018
806,1572,19625,15902
805,1580,19592,15867
805,1567,19600,15925
802,1565,19463,15795
820,1561,20023,16274
809,1577,19734,16000
807,1567,19582,15824
807,1573,19606,15934
803,1579,19501,15809
807,1568,19662,15966
805,1580,19576,15886
805,1575,19565,15889
805,1564,19580,15910
803,1574,19534,15808
812,1559,19800,16069
813,1585,19677,15945
805,1572,19597,15896
807,1571,19647,15972
803,1590,19473,15792
808,1563,19687,15986
804,1577,19573,15860
808,1574,19716,15938
805,1583,19600,15920
805,1587,19533,15856
807,1567,19667,15960
804,1580,19523,15824
808,1568,19699,15970
804,1586,19568,15867
805,1579,19586,15890
806,1565,19626,15923
802,1582,19460,15784
809,1565,19669,15973
813,1585,19699,15980
808,1585,19715,15959
808,1563,19711,16003
804,1577,19513,15814
806,1578,19598,15924
805,1566,19564,15894
804,1575,19580,15878
808,1548,19723,15993
805,1582,19603,15857
805,1578,19590,15861
806,1570,19594,15909
803,1576,19496,15849
806,1572,19667,15994
803,1577,19515,15804
806,1580,19638,15895
806,1567,19613,15942
805,1579,19578,15888
809,1565,19730,16016
803,1579,19474,15799
812,1567,19777,16062
818,1587,19858,16134
812,1585,19773,16016
819,1581,19904,16134
811,1585,19614,15893
808,1577,19706,16004
804,1569,19523,15869
806,1593,19595,15892
807,1572,19687,15957
802,1580,19511,15802
807,1568,19736,15990
809,1575,19705,15995
811,1588,19635,15913
805,1589,19558,15902
807,1584,19628,15879
814,1575,19797,16017
805,1583,19582,15902
804,1581,19700,15973
805,1567,19589,15910
802,1569,19443,15795
809,1569,19713,16012
806,1626,19578,15892
809,1572,19729,15996
805,1568,19578,15885
803,1586,19483,15809
813,1571,19836,16082
811,1574,19642,15947
807,1570,19646,15922
805,1576,19605,15898
806,1579,19604,15884
809,1567,19747,15978
803,1573,19469,15803
805,1573,19550,15876
805,1581,19587,15916
807,1572,19632,15910
807,1574,19714,15968
803,1580,19482,15807
807,1575,19680,15972
808,1580,19619,15903
806,1574,19608,15920
810,1563,19828,16084
817,1597,19817,16087
809,1554,19733,15987
804,1579,19574,15860
805,1581,19589,15889
809,1570,19733,16026
803,1569,19452,15810
804,1580,19578,15871
807,1579,19672,15945
810,1588,19655,15894
808,1558,19754,15990
804,1590,19539,15843
806,1582,19578,15893
805,1576,19575,15899
805,1569,19586,15876
807,1561,19708,15971
804,1583,19503,15824
809,1574,19715,16003
804,1581,19542,15870
805,1577,19527,15875
804,1572,19610,15926
804,1579,19507,15823
808,1570,19725,15975
804,1582,19567,15864
815,1554,19872,16153
806,1572,19610,15920
803,1581,19467,15805
807,1564,19686,15958
805,1581,19583,15878
809,1575,19738,15972
811,1575,19707,15912
803,1581,19487,15805
805,1569,19597,15928
806,1568,19588,15901
804,1570,19568,15852
805,1572,19613,15892
804,1583,19506,15840
806,1561,19661,15960
806,1554,19604,15895
805,1575,19586,15928
804,1568,19537,15854
808,1582,19599,15915
818,1579,19918,16121
799,1574,19431,15759
805,1583,19561,15887
808,1578,19649,15959
806,1568,19567,15902
811,1575,19709,15974
807,1595,19599,15881
807,1567,19622,15884
807,1572,19722,15971
804,1583,19517,15851
810,1558,19772,16068
807,1574,19533,15831
806,1571,19635,15905
805,1572,19627,15901
806,1588,19578,15892
809,1564,19761,16044
803,1581,19490,15803
807,1568,19631,15943
805,1572,19546,15870
804,1582,19524,15859
811,1569,19837,16090
803,1572,19469,15780
808,1574,19627,15936
806,1557,19586,15900
805,1583,19554,15896
807,1567,19662,15943
804,1581,19514,15827
808,1582,19693,15956
804,1581,19613,15862
804,1583,19504,15831
805,1566,19626,15938
801,1567,19437,15772
807,1570,19680,15957
809,1584,19709,15957
810,1574,19607,15893
807,1569,19646,15916
803,1579,19495,15805
806,1569,19634,15960
804,1571,19600,15892
806,1579,19580,15912
811,1565,19706,15954
803,1576,19470,15801
810,1571,19751,16027
805,1584,19537,15859
806,1561,19594,15918
805,1575,19619,15925
804,1584,19522,15815
807,1565,19734,15988
806,1580,19660,15910
806,1564,19578,15888
805,1566,19545,15867
804,1580,19492,15830
807,1570,19699,15968
803,1562,19582,15851
811,1575,19796,16059
820,1577,19950,16175
817,1603,19782,16038
818,1576,19864,16125
814,1571,19637,15879
806,1572,19582,15918
807,1584,19704,15954
806,1562,19599,15907
809,1569,19709,16030
804,1575,19527,15847
807,1573,19623,15941
807,1578,19665,15949
805,1577,19589,15895
807,1562,19724,15978
804,1583,19564,15822
804,1579,19517,15823
804,1579,19566,15896
810,1564,19676,15992
822,1563,20093,16284
805,1591,19578,15853
806,1574,19609,15915
805,1578,19614,15890
805,1586,19595,15898
807,1571,19674,15976
802,1571,19460,15778
806,1577,19588,15917
805,1569,19626,15886
805,1564,19579,15882
806,1583,19637,15938
803,1580,19491,15822
808,1561,19669,15995
804,1567,19575,15878
808,1573,19642,15940
806,1575,19624,15893
806,1582,19652,15892
807,1568,19672,15980
805,1571,19576,15889
804,1578,19527,15868
806,1563,19641,15932
804,1575,19576,15841
807,1569,19689,15996
805,1573,19583,15897
807,1581,19643,15946
805,1569,19566,15883
803,1582,19472,15807
809,1567,19722,16017
805,1580,19600,15880
806,1577,19622,15911
807,1578,19673,15971
802,1580,19439,15759
810,1573,19719,16016
805,1566,19571,15864
808,1585,19682,15957
807,1576,19662,15912
803,1578,19515,15798
816,1561,19864,16126
806,1576,19599,15920
809,1586,19598,15879
806,1577,19644,15909
806,1573,19619,15895
806,1579,19613,15919
804,1579,19558,15861
805,1562,19561,15886
806,1555,19603,15932
804,1587,19530,15859
809,1561,19709,16034
803,1584,19539,15828
808,1583,19664,15956
805,1570,19597,15913
809,1585,19675,15951
812,1578,19698,15976
805,1579,19567,15862
806,1582,19625,15896
805,1563,19610,15892
810,1571,19743,15982
813,1580,19760,16010
808,1574,19641,15933
818,1599,19830,16079
806,1574,19599,15865
805,1575,19607,15890
807,1567,19660,15952
803,1594,19541,15834
807,1571,19638,15941
804,1570,19522,15868
805,1576,19583,15886
805,1573,19617,15939
806,1577,19613,15894
807,1570,19672,15972
807,1576,19628,15949
804,1575,19536,15842
807,1561,19625,15963
803,1589,19493,15784
809,1576,19775,16044
806,1567,19625,15895
805,1568,19610,15866
808,1569,19687,15993
802,1583,19427,15774
810,1565,19734,16033
806,1561,19612,15908
805,1582,19612,15869
804,1569,19559,15871
803,1587,19490,15794
807,1571,19647,15949
808,1573,19670,15966
805,1581,19526,15845
807,1579,19651,15957
805,1575,19540,15834
811,1564,19790,16070
817,1590,19819,16057
806,1557,19592,15901
807,1578,19626,15955
812,1577,19736,15985
815,1547,19983,16223
805,1576,19606,15873
813,1557,19863,16105
815,1587,19731,16009
804,1584,19547,15861
807,1571,19659,15964
804,1576,19539,15822
806,1588,19629,15893
807,1569,19657,15965
804,1565,19527,15829
808,1569,19694,15987
804,1591,19498,15832
805,1570,19538,15875
807,1574,19688,15974
805,1576,19613,15874
810,1566,19781,16064
802,1567,19426,15747
807,1566,19626,15939
804,1583,19565,15883
805,1581,19598,15888
809,1571,19728,16017
803,1586,19566,15848
806,1582,19654,15898
806,1590,19629,15918
804,1584,19502,15819
809,1567,19707,16024
814,1583,19725,15977
807,1579,19662,15888
805,1586,19587,15897
806,1572,19597,15883
814,1559,19826,16106
813,1592,19669,15936
816,1574,19770,16033
805,1579,19578,15902
805,1576,19607,15889
806,1567,19638,15939
804,1577,19505,15825
809,1573,19722,16026
806,1572,19570,15908
806,1578,19605,15920
806,1567,19627,15913
806,1573,19594,15858
807,1580,19691,15945
806,1575,19597,15915
805,1564,19548,15870
808,1564,19654,15954
812,1584,19682,15910
812,1570,19842,16083
815,1577,19849,16122
808,1572,19667,15955
805,1591,19574,15872
803,1565,19475,15811
809,1566,19686,16011
804,1577,19523,15848
807,1566,19691,15952
805,1583,19588,15882
804,1586,19554,15868
807,1562,19702,16001
803,1587,19454,15793
805,1576,19617,15923
807,1563,19705,15980
804,1577,19569,15841
812,1561,19857,16075
803,1564,19450,15775
807,1574,19621,15938
806,1565,19658,15982
805,1575,19591,15864
809,1555,19769,16025
803,1558,19497,15834
806,1581,19635,15947
808,1579,19683,15982
808,1562,19548,15857
807,1558,19672,15982
803,1580,19482,15819
806,1572,19604,15884
806,1576,19639,15943
804,1571,19541,15845
810,1570,19724,16026
803,1586,19465,15817
806,1571,19606,15901
805,1572,19619,15907
805,1572,19586,15862
809,1566,19785,16042
803,1573,19507,15817
809,1562,19702,16023
805,1582,19574,15901
805,1580,19589,15897
809,1562,19788,16084
816,1599,19757,16006
808,1570,19702,15954
807,1576,19625,15934
804,1571,19497,15818
808,1570,19679,15971
810,1581,19548,15851
812,1561,19857,16085
810,1564,19737,16014
811,1582,19629,15926
804,1571,19573,15874
803,1564,19496,15842
810,1558,19757,16048
813,1577,19797,16041
815,1565,19925,16145
812,1571,19837,16048
816,1580,19830,16079
808,1571,19676,15983
805,1588,19550,15867
809,1561,19732,16013
815,1582,19778,15999
802,1584,19473,15782
811,1568,19791,16064
812,1586,19673,15928
806,1567,19595,15914
806,1568,19624,15934
805,1577,19568,15900
808,1573,19715,15980
807,1593,19632,15913
815,1584,19765,16041
806,1588,19613,15890
806,1566,19554,15901
808,1577,19743,16011
803,1573,19486,15805
806,1574,19647,15918
807,1571,19723,15957
803,1564,19503,15842
808,1581,19688,16000
802,1574,19455,15799
820,1579,19996,16234
810,1571,19777,16029
808,1584,19572,15853
808,1567,19727,16016
808,1570,19634,15920
819,1578,19939,16202
805,1589,19551,15868
804,1580,19510,15854
811,1563,19807,16071
807,1570,19538,15814
808,1577,19679,15973
806,1584,19596,15886
810,1573,19697,16003
814,1558,19868,16115
810,1592,19615,15881
809,1580,19752,16002
808,1572,19683,15943
805,1574,19575,15882
805,1588,19589,15886
809,1582,19601,15910
808,1575,19725,15955
807,1572,19678,15937
802,1563,19491,15817
807,1577,19676,15968
803,1576,19466,15791
806,1579,19627,15938
805,1582,19588,15894
801,1565,19511,15838
807,1567,19686,15946
804,1577,19519,15836
807,1571,19655,15956
805,1565,19576,15875
806,1562,19562,15902
806,1577,19624,15919
804,1579,19531,15812
809,1554,19730,15988
808,1567,19720,15969
805,1578,19548,15871
807,1576,19628,15964
804,1579,19521,15843
809,1574,19728,15977
804,1575,19559,15842
807,1579,19662,15982
807,1571,19646,15928
804,1580,19529,15837
809,1582,19706,16007
817,1590,19795,16062
815,1571,19803,16079
821,1583,20040,16210
809,1579,19694,15976
822,1557,20104,16344
805,1580,19549,15867
808,1606,19613,15959
806,1565,19653,15939
806,1565,19615,15898
811,1561,19822,16066
804,1589,19568,15827
806,1573,19573,15898
807,1582,19613,15928
806,1565,19590,15924
810,1562,19743,16002
805,1580,19583,15854
805,1584,19558,15873
809,1568,19720,15985
807,1577,19546,15832
810,1567,19739,16042
807,1585,19600,15877
806,1575,19601,15931
805,1583,19617,15894
805,1580,19558,15877
809,1567,19705,16010
804,1578,19496,15805
807,1578,19630,15948
807,1577,19654,15938
806,1574,19602,15906
807,1567,19712,15964
803,1587,19553,15817
809,1570,19741,16047
805,1570,19532,15872
805,1574,19551,15885
809,1574,19665,15934
805,1579,19581,15858
808,1559,19712,15994
807,1581,19656,15951
804,1575,19517,15847
806,1571,19624,15951
802,1574,19446,15774
806,1560,19644,15974
806,1580,19639,15892
805,1570,19585,15899
806,1556,19642,15948
806,1590,19569,15875
805,1579,19588,15921
811,1567,19766,16041
820,1582,19925,16137
805,1577,19642,15897
807,1587,19651,15899
809,1568,19741,16036
802,1570,19461,15799
806,1573,19624,15949
806,1578,19653,15908
807,1579,19629,15915
812,1575,19817,16077
817,1580,19810,16048
811,1581,19645,15919
806,1572,19599,15923
805,1564,19579,15913
810,1576,19738,16042
804,1591,19549,15832
808,1580,19662,15969
804,1569,19574,15885
806,1574,19608,15931
811,1573,19804,16103
811,1581,19637,15879
805,1568,19597,15895
807,1577,19658,15943
809,1573,19712,15977
807,1564,19668,15988
805,1594,19535,15861
805,1582,19571,15892
807,1568,19656,15930
806,1566,19629,15901
806,1573,19648,15944
803,1578,19491,15818
809,1581,19699,15989
806,1567,19595,15907
804,1575,19538,15884
806,1576,19599,15910
803,1574,19520,15873
808,1562,19699,16001
807,1574,19638,15938
805,1581,19552,15879
805,1590,19563,15890
802,1578,19499,15794
810,1570,19788,16063
805,1577,19611,15878
806,1588,19643,15903
805,1573,19624,15930
803,1581,19492,15828
808,1573,19634,15935
808,1577,19663,15958
806,1571,19653,15937
805,1578,19585,15887
804,1586,19529,15834
807,1562,19666,15967
805,1567,19556,15877
806,1575,19593,15911
807,1579,19613,15946
805,1578,19551,15853
808,1566,19714,15987
804,1582,19542,15857
808,1567,19667,15979
805,1555,19573,15916
814,1567,19871,16125
810,1579,19764,16025
804,1574,19512,15789
810,1561,19757,16021
806,1562,19612,15936
805,1574,19541,15870
810,1568,19739,16028
804,1586,19540,15796
806,1558,19642,15916
808,1577,19698,15977
804,1565,19539,15840
809,1555,19714,16025
804,1572,19498,15831
806,1568,19610,15936
805,1589,19601,15915
806,1586,19637,15905
811,1553,19809,16091
803,1578,19492,15816
808,1576,19660,15969
803,1568,19507,15824
808,1577,19659,15958
808,1563,19742,16001
803,1579,19549,15815
807,1580,19687,15941
805,1576,19586,15882
804,1567,19501,15841
822,1566,20038,16277
808,1563,19645,15907
816,1580,19838,16063
805,1585,19564,15873
806,1560,19588,15887
807,1580,19658,15951
803,1578,19464,15805
810,1557,19733,16052
805,1569,19546,15865
808,1561,19692,15954
807,1563,19582,15874
809,1583,19649,15914
821,1568,20040,16289
804,1585,19526,15875
806,1562,19603,15891
808,1576,19693,15993
803,1587,19537,15795
809,1563,19753,16049
806,1560,19603,15911
806,1571,19627,15933
807,1560,19627,15983
804,1581,19532,15807
809,1567,19720,15984
807,1583,19642,15940
812,1573,19709,15987
805,1569,19571,15903
805,1574,19561,15874
805,1576,19615,15932
805,1570,19545,15872
811,1582,19780,16019
809,1575,19634,15891
805,1570,19587,15882
806,1559,19652,15971
805,1583,19533,15857
805,1581,19599,15902
808,1564,19715,15981
805,1575,19623,15885
808,1564,19783,16039
803,1588,19484,15807
806,1581,19607,15912
806,1575,19607,15931
806,1586,19630,15894
810,1565,19778,16046
804,1577,19528,15853
806,1582,19662,15952
805,1570,19545,15890
808,1579,19645,15934
809,1574,19667,15952
804,1581,19532,15864
807,1570,19662,15925
805,1573,19572,15892
807,1584,19619,15927
808,1570,19676,15983
804,1577,19516,15871
807,1579,19666,15960
807,1579,19677,15943
805,1578,19616,15876
809,1573,19792,16035
802,1560,19506,15827
815,1562,19878,16133
817,1566,19922,16187
806,1584,19548,15833
810,1574,19768,16006
803,1583,19481,15810
809,1568,19769,16037
805,1591,19550,15870
808,1574,19641,15952
808,1570,19607,15899
805,1588,19524,15836
807,1571,19746,16004
806,1566,19605,15916
807,1574,19618,15913
807,1561,19747,16045
815,1600,19688,15979
807,1580,19695,15978
807,1568,19649,15956
806,1569,19645,15909
806,1576,19673,15925
803,1573,19496,15809
809,1565,19715,16024
804,1584,19543,15857
808,1581,19696,15975
808,1578,19740,15982
804,1579,19519,15850
808,1572,19730,15996
803,1590,19513,15825
807,1565,19567,15912
808,1571,19691,15985
807,1584,19588,15899
813,1563,19856,16107
810,1574,19611,15871
807,1556,19643,15956
805,1580,19600,15907
804,1583,19529,15869
810,1555,19792,16080
804,1569,19478,15797
804,1581,19618,15891
808,1572,19721,15976
804,1571,19538,15868
811,1557,19773,16065
807,1579,19529,15817
805,1576,19606,15886
821,1577,20044,16245
806,1576,19581,15889
808,1579,19758,16028
804,1582,19511,15835
807,1576,19631,15940
806,1575,19591,15915
805,1571,19545,15871
808,1575,19752,16000
805,1581,19564,15861
809,1569,19695,16018
806,1575,19624,15929
804,1570,19500,15845
808,1576,19731,16013
804,1577,19519,15816
809,1556,19773,16047
806,1580,19646,15888
805,1570,19596,15891
806,1576,19615,15929
809,1587,19532,15855
810,1565,19755,16049
806,1571,19640,15899
806,1592,19616,15909
807,1571,19647,15950
804,1579,19490,15823
808,1567,19676,15986
806,1584,19629,15947
804,1584,19543,15860
806,1566,19689,15928
803,1575,19497,15814
810,1575,19778,16052
808,1564,19682,16004
805,1574,19580,15909
811,1569,19637,15941
804,1569,19523,15815
810,1567,19802,16055
804,1579,19576,15834
807,1584,19631,15942
807,1583,19618,15945
804,1570,19537,15847
811,1575,19798,16068
805,1577,19580,15852
806,1574,19648,15944
807,1574,19675,15962
805,1576,19570,15869
806,1572,19622,15947
807,1580,19600,15902
816,1587,19875,16138
819,1578,19924,16141
813,1593,19699,15969
808,1571,19671,15981
803,1586,19458,15793
806,1577,19558,15903
805,1575,19593,15870
805,1580,19585,15895
809,1559,19776,16032
803,1579,19535,15810
807,1563,19667,15967
805,1576,19554,15879
803,1579,19502,15838
808,1559,19742,16022
803,1572,19553,15819
810,1582,19749,16016
819,1583,19914,16134
818,1587,19848,16092
821,1585,19959,16200
812,1599,19653,15926
807,1573,19624,15919
809,1576,19743,15987
805,1569,19585,15878
805,1570,19621,15926
804,1574,19533,15841
807,1569,19649,15992
806,1572,19601,15897
805,1571,19599,15888
808,1570,19694,15968
804,1591,19541,15815
810,1568,19757,16043
811,1573,19641,15918
805,1578,19570,15895
807,1562,19606,15889
804,1586,19517,15796
811,1566,19784,16060
812,1569,19677,15934
807,1581,19643,15949
807,1575,19666,15971
806,1596,19529,15855
806,1572,19664,15937
807,1567,19690,15938
810,1578,19718,16004
807,1581,19655,15926
806,1573,19554,15887
808,1565,19678,15990
805,1585,19582,15875
807,1573,19666,15954
810,1570,19731,15996
805,1577,19630,15872
808,1575,19672,15975
803,1587,19472,15805
805,1580,19549,15866
808,1568,19690,15985
806,1574,19650,15904
808,1563,19694,15988
806,1575,19598,15883
809,1567,19613,15922
806,1567,19605,15941
805,1577,19575,15896
807,1560,19647,15963
806,1585,19638,15904
805,1581,19588,15882
807,1563,19625,15945
804,1577,19543,15852
808,1577,19724,16024
807,1582,19610,15851
807,1571,19641,15924
806,1566,19647,15927
808,1570,19669,15931
808,1579,19692,15992
804,1567,19532,15863
807,1568,19632,15949
810,1578,19779,16011
812,1593,19708,15918
809,1574,19723,16035
803,1574,19505,15803
811,1571,19792,16064
810,1588,19618,15908
805,1567,19562,15891
806,1560,19629,15953
804,1578,19570,15834
811,1560,19783,16079
806,1568,19585,15898
805,1566,19597,15896
807,1582,19646,15965
802,1580,19496,15798
807,1569,19664,15946
807,1568,19676,15955
805,1578,19638,15895
807,1554,19629,15941
802,1568,19430,15788
809,1576,19695,16020
806,1575,19620,15905
806,1572,19666,15930
809,1568,19670,15983
805,1584,19544,15842
808,1559,19715,15996
804,1566,19536,15858
807,1573,19627,15951
803,1576,19616,15919
805,1580,19603,15871
810,1567,19777,16074
802,1582,19481,15797
806,1568,19599,15923
810,1584,19628,15981
805,1577,19578,15879
815,1570,19882,16112
814,1596,19753,15961
805,1578,19638,15891
808,1573,19684,15978
806,1577,19545,15841
810,1563,19768,16071
806,1592,19614,15889
806,1579,19670,15944
806,1568,19625,15953
805,1576,19581,15881
809,1563,19737,16042
807,1568,19595,15922
819,1594,19850,16102
812,1562,19750,16024
820,1581,19931,16155
817,1546,19971,16223
815,1586,19672,15944
806,1577,19575,15876
806,1578,19609,15923
806,1559,19590,15905
810,1557,19752,16034
804,1577,19530,15802
809,1571,19765,15998
806,1573,19607,15923
805,1570,19505,15831
807,1573,19654,15974
805,1587,19578,15867
808,1559,19740,16010
805,1575,19560,15882
806,1564,19596,15887
807,1577,19650,15968
802,1578,19456,15797
809,1559,19737,16038
806,1583,19594,15918
808,1582,19675,15932
807,1567,19666,15960
803,1571,19476,15810
807,1576,19658,15959
805,1570,19564,15907
805,1567,19599,15895
809,1564,19720,15989
803,1580,19510,15803
809,1558,19750,15995
805,1562,19580,15899
807,1572,19606,15934
805,1580,19619,15934
803,1569,19540,15836
816,1564,19956,16156
807,1580,19638,15938
805,1564,19580,15873
808,1582,19687,15982
804,1570,19525,15828
809,1568,19701,15991
804,1571,19514,15846
807,1572,19653,15910
807,1577,19647,15953
803,1586,19524,15839
808,1569,19691,15994
803,1586,19468,15817
805,1572,19612,15890
807,1577,19620,15919
806,1570,19634,15881
811,1561,19851,16085
803,1571,19501,15819
805,1591,19556,15886
804,1567,19551,15878
805,1573,19608,15862
809,1574,19781,16025
803,1577,19478,15814
807,1597,19653,15955
806,1573,19615,15939
806,1578,19587,15907
808,1571,19700,16005
802,1566,19457,15804
809,1563,19746,15981
804,1581,19555,15863
809,1578,19677,15963
815,1576,19776,16052
804,1574,19474,15820
809,1570,19735,16027
806,1582,19566,15853
807,1567,19660,15938
808,1556,19731,15970
805,1584,19539,15857
809,1575,19725,16046
805,1576,19578,15894
807,1577,19636,15920
810,1571,19805,16062
805,1585,19524,15843
807,1577,19669,15928
807,1573,19649,15964
804,1572,19525,15854
806,1575,19593,15909
802,1583,19435,15763
811,1586,19842,16092
805,1577,19575,15876
809,1583,19721,15997
815,1578,19740,16015
802,1585,19430,15782
808,1574,19699,16002
804,1582,19587,15867
808,1557,19636,15918
806,1583,19686,15944
805,1584,19555,15867
806,1561,19649,15967
805,1583,19537,15874
805,1573,19596,15865
810,1568,19761,16010
804,1574,19504,15822
808,1557,19700,15990
806,1595,19567,15890
806,1572,19619,15948
806,1525,19618,15941
807,1576,19609,15916
809,1567,19760,16019
806,1586,19593,15895
805,1568,19594,15899
801,1567,19544,15904
804,1576,19506,15842
816,1567,19933,16164
818,1587,19938,16161
810,1568,19803,16036
812,1569,19807,16043
817,1582,19776,16022
811,1574,19796,16079
812,1587,19636,15912
805,1568,19641,15901
806,1578,19613,15878
805,1580,19552,15880
810,1562,19762,16034
803,1583,19504,15812
812,1573,19773,16062
817,1584,19807,16058
810,1588,19602,15887
807,1578,19693,15951
805,1592,19552,15846
808,1565,19687,15971
807,1559,19643,15965
805,1573,19535,15885
806,1574,19612,15898
805,1602,19547,15866
809,1564,19751,16025
811,1572,19817,16055
817,1589,19780,16036
806,1563,19605,15896
803,1572,19496,15838
808,1572,19669,15941
808,1567,19720,15989
805,1566,19559,15891
808,1569,19696,15956
804,1588,19513,15840
808,1562,19662,15973
805,1577,19598,15922
808,1571,19663,15957
807,1584,19648,15913
807,1575,19616,15909
808,1577,19662,15951
805,1577,19583,15890
808,1569,19677,15978
809,1565,19653,15914
805,1584,19594,15886
807,1573,19703,15994
804,1576,19587,15866
808,1559,19690,15976
806,1556,19600,15913
805,1582,19563,15885
809,1577,19720,15960
805,1573,19579,15859
806,1560,19560,15854
806,1570,19650,15934
808,1579,19631,15938
809,1567,19691,15965
806,1571,19563,15879
805,1566,19566,15894
807,1576,19672,15939
804,1575,19549,15861
811,1571,19791,16084
802,1582,19471,15796
806,1576,19565,15895
808,1560,19758,16022
815,1587,19775,16002
808,1566,19739,15999
805,1578,19612,15863
807,1574,19610,15910
806,1572,19592,15914
813,1578,19781,16064
819,1555,19968,16204
805,1575,19571,15848
809,1577,19678,15954
806,1581,19616,15898
805,1574,19567,15877
808,1557,19666,15989
803,1585,19480,15827
808,1573,19713,16011
805,1562,19607,15874
807,1567,19608,15919
806,1569,19580,15882
800,1577,19448,15787
810,1563,19734,16041
808,1562,19692,15966
806,1570,19579,15901
808,1566,19721,15970
804,1573,19567,15841
809,1567,19713,16016
805,1561,19603,15897
810,1583,19592,15889
804,1581,19711,15972
803,1580,19539,15834
813,1555,19835,16099
817,1594,19829,16070
805,1567,19567,15872
807,1572,19635,15939
804,1581,19518,15836
813,1569,19834,16108
816,1586,19852,16037
805,1572,19582,15878
807,1569,19683,15985
805,1581,19534,15841
815,1585,19781,16049
803,1580,19486,15784
812,1574,19784,16036
815,1572,19890,16105
820,1563,20012,16217
807,1564,19653,15951
806,1578,19571,15892
810,1584,19600,15898
807,1582,19683,15963
805,1577,19592,15882
810,1574,19763,16036
803,1576,19521,15831
807,1563,19617,15951
805,1576,19586,15893
804,1579,19519,15850
810,1547,19760,16075
804,1570,19549,15824
807,1575,19648,15950
805,1594,19581,15871
809,1580,19665,15953
806,1565,19620,15941
805,1588,19574,15866
807,1583,19631,15924
805,1570,19602,15881
806,1571,19664,15911
807,1572,19654,15964
804,1576,19487,15824
810,1556,19797,16087
813,1585,19708,15953
805,1585,19625,15884
806,1568,19621,15935
803,1569,19523,15816
815,1567,19883,16126
819,1571,19977,16226
816,1583,19895,16173
805,1583,19556,15868
805,1571,19531,15809
810,1581,19758,16052
804,1582,19568,15875
808,1562,19669,15977
809,1574,19624,15907
803,1552,19493,15798
808,1567,19709,15987
808,1561,19679,15954
808,1574,19724,15957
806,1587,19612,15913
804,1584,19477,15829
819,1575,19876,16144
813,1582,19729,15950
805,1570,19643,15906
808,1585,19675,15972
802,1581,19527,15825
808,1565,19696,15980
803,1585,19499,15821
806,1564,19611,15932
807,1564,19651,15979
807,1569,19642,15911
807,1574,19675,15956
803,1579,19503,15809
805,1575,19586,15911
807,1573,19615,15955
807,1579,19617,15929
808,1563,19719,15987
803,1560,19541,15817
807,1581,19653,15914
806,1573,19604,15907
807,1563,19637,15957
808,1576,19669,15968
804,1586,19575,15854
805,1578,19618,15876
815,1564,19839,16126
820,1562,19965,16212
812,1575,19745,16030
804,1578,19510,15837
805,1570,19558,15891
805,1574,19569,15903
806,1580,19641,15895
815,1563,19885,16132
810,1582,19665,15958
818,1562,19981,16249
804,1576,19515,15838
808,1582,19664,15952
810,1557,19693,15939
805,1570,19586,15847
805,1581,19722,15954
805,1567,19578,15905
806,1581,19568,15902
807,1570,19632,15941
806,1571,19549,15797
807,1582,19711,15963
805,1581,19558,15864
809,1571,19679,15955
812,1603,19681,15949
802,1578,19396,15760
809,1567,19693,16002
807,1585,19546,15872
806,1580,19625,15894
808,1578,19675,15958
804,1577,19492,15826
811,1572,19762,16053
807,1571,19582,15878
807,1562,19656,15948
808,1558,19690,15996
809,1581,19690,15930
819,1587,19946,16144
806,1587,19556,15845
820,1567,19978,16245
809,1571,19695,15996
816,1601,19786,16004
810,1539,19803,16031
803,1577,19503,15826
806,1575,19608,15884
807,1579,19678,15946
805,1576,19544,15871
809,1568,19713,16016
803,1578,19482,15827
807,1573,19727,15975
806,1572,19667,15964
805,1580,19574,15877
808,1576,19713,15997
808,1570,19618,15918
820,1585,19918,16143
818,1603,19873,16089
805,1568,19600,15861
808,1554,19774,16012
803,1563,19485,15807
805,1573,19571,15906
805,1578,19565,15900
807,1583,19655,15924
808,1553,19771,16041
804,1584,19529,15846
806,1580,19605,15894
807,1573,19630,15941
810,1581,19589,15886
806,1575,19633,15959
805,1580,19532,15858
811,1576,19818,16058
807,1575,19569,15875
806,1572,19592,15914
807,1568,19675,15977
805,1576,19482,15801
813,1563,19811,16096
805,1584,19599,15892
804,1583,19604,15880
808,1585,19743,15970
814,1575,19820,16108
807,1567,19623,15934
807,1572,19633,15953
808,1581,19635,15868
821,1574,20064,16256
814,1590,19669,15932
815,1584,19808,16056
805,1567,19569,15888
806,1564,19615,15928
805,1576,19572,15909
800,1570,19474,15795
809,1572,19772,16045
806,1566,19579,15883
806,1579,19626,15933
805,1583,19584,15877
804,1570,19468,15817
810,1563,19770,16054
805,1583,19585,15863
806,1589,19638,15906
808,1570,19735,15971
806,1568,19528,15832
808,1566,19684,15989
805,1575,19501,15797
809,1572,19720,16007
811,1579,19741,15959
803,1560,19542,15860
823,1581,20085,16283
816,1595,19790,16028
815,1573,19823,16097
808,1570,19672,15982
805,1573,19553,15869
809,1570,19764,16009
805,1596,19553,15852
807,1574,19632,15922
806,1573,19625,15939
805,1580,19588,15899
811,1566,19831,16105
806,1591,19591,15882
805,1574,19606,15856
807,1571,19701,15960
805,1587,19566,15884
807,1569,19660,15990
803,1571,19511,15812
806,1584,19639,15898
807,1573,19649,15912
805,1573,19546,15862
809,1568,19716,16016
805,1576,19545,15856
808,1575,19668,15991
808,1574,19659,15965
807,1574,19526,15858
808,1567,19708,15954
804,1586,19575,15862
808,1564,19693,16007
807,1581,19643,15943
805,1579,19537,15889
806,1575,19643,15933
803,1591,19480,15795
812,1561,19837,16091
814,1590,19784,15977
808,1576,19679,15977
809,1570,19605,15896
803,1569,19485,15818
808,1567,19751,15995
805,1585,19627,15889
807,1575,19622,15928
807,1577,19688,15971
805,1581,19543,15852
807,1572,19637,15943
807,1569,19635,15962
804,1572,19560,15879
807,1568,19701,15954
804,1592,19528,15839
809,1562,19711,16016
804,1561,19547,15877
807,1577,19620,15946
807,1575,19649,15925
807,1581,19590,15902
810,1573,19804,16062
804,1575,19552,15810
807,1570,19650,15971
810,1569,19713,15995
806,1567,19574,15907
809,1574,19737,15982
803,1581,19547,15825
807,1572,19634,15941
806,1570,19632,15915
805,1574,19585,15898
808,1565,19706,16021
804,1581,19479,15802
809,1617,19695,16010
806,1570,19621,15905
806,1582,19626,15922
809,1559,19751,16034
803,1581,19515,15834
813,1578,19744,16044
813,1567,19786,16045
815,1583,19782,16003
807,1570,19693,15953
806,1564,19631,15873
807,1584,19643,15947
810,1560,19665,15979
811,1579,19628,15918
807,1579,19697,15960
804,1576,19567,15833
809,1570,19724,16023
805,1569,19577,15874
805,1577,19577,15883
807,1568,19648,15954
803,1577,19487,15819
808,1566,19663,15981
806,1582,19646,15911
804,1586,19561,15872
808,1567,19682,15964
804,1587,19522,15838
807,1563,19652,15968
806,1579,19611,15920
805,1575,19610,15902
806,1571,19663,15941
805,1580,19586,15856
809,1559,19741,16048
805,1577,19541,15858
806,1583,19592,15914
806,1587,19625,15874
806,1578,19583,15848
808,1564,19677,15961
811,1578,19715,15969
812,1586,19669,15947
805,1572,19575,15901
808,1576,19567,15895
807,1576,19631,15961
804,1582,19567,15854
809,1565,19716,16001
812,1594,19732,15984
807,1574,19607,15922
808,1574,19679,16009
804,1571,19512,15806
806,1570,19606,15892
810,1583,19721,15991
807,1569,19690,15927
808,1559,19684,16001
804,1584,19502,15832
805,1565,19581,15887
807,1580,19659,15917
805,1578,19609,15882
808,1562,19698,15981
805,1581,19561,15851
804,1578,19554,15859
807,1575,19620,15931
803,1574,19491,15832
809,1566,19703,16018
804,1574,19546,15824
812,1574,19744,16010
820,1575,19978,16222
804,1574,19516,15832
806,1557,19617,15952
804,1570,19542,15843
810,1574,19735,16026
807,1586,19656,15922
804,1569,19600,15859
805,1575,19620,15933
802,1587,19468,15805
807,1571,19645,15979
805,1566,19609,15874
805,1577,19605,15875
808,1574,19689,15990
805,1580,19521,15813
823,1553,20098,16348
806,1586,19578,15868
810,1586,19710,15996
813,1573,19686,15976
805,1578,19586,15849
808,1569,19700,16003
808,1572,19674,15985
806,1593,19610,15894
806,1571,19627,15957
805,1580,19544,15853
806,1580,19689,15967
808,1569,19708,15968
806,1577,19679,15926
807,1582,19675,15979
803,1577,19450,15804
809,1567,19739,16004
804,1569,19583,15873
810,1579,19768,16010
815,1594,19747,15995
805,1585,19570,15882
808,1567,19671,15988
804,1582,19491,15822
805,1579,19560,15863
809,1567,19660,15994
805,1577,19608,15869
808,1563,19694,15993
805,1579,19523,15836
805,1575,19577,15901
807,1557,19607,15953
807,1570,19640,15921
806,1573,19667,15956
806,1573,19598,15861
805,1578,19632,15895
806,1561,19570,15888
803,1572,19499,15846
811,1557,19790,16090
804,1569,19525,15798
810,1578,19697,15949
807,1571,19627,15946
805,1587,19558,15848
809,1563,19751,16034
808,1571,19546,15835
802,1580,19583,15900
810,1564,19700,16003
818,1587,19848,16084
822,1574,20003,16240
808,1577,19643,15913
811,1567,19709,15994
805,1585,19554,15884
805,1574,19597,15887
807,1578,19682,15967
809,1586,19636,15898
809,1555,19773,16021
806,1578,19584,15899
807,1583,19630,15927
805,1560,19572,15897
804,1569,19533,15817
817,1566,19971,16161
806,1572,19623,15948
809,1581,19740,15981
817,1580,19789,16033
803,1585,19472,15787
807,1586,19650,15957
806,1567,19599,15942
806,1575,19647,15915
809,1583,19720,16004
802,1581,19453,15785
817,1545,19975,16208
806,1576,19598,15913
805,1566,19603,15879
806,1576,19658,15940
806,1574,19610,15881
808,1576,19717,15953
803,1576,19512,15832
806,1579,19625,15942
807,1566,19607,15934
801,1585,19495,15784
808,1561,19770,16008
804,1576,19517,15828
806,1570,19645,15933
805,1580,19576,15901
805,1585,19527,15844
811,1602,19776,16087
806,1575,19497,15810
805,1575,19625,15890
808,1572,19662,15976
806,1570,19595,15914
808,1556,19711,16011
805,1576,19530,15865
805,1585,19579,15868
802,1560,19626,15938
806,1579,19652,15917
809,1565,19789,16040
806,1590,19573,15867
806,1574,19580,15917
806,1578,19597,15905
805,1579,19591,15869
808,1583,19722,15969
804,1580,19503,15834
807,1568,19623,15945
804,1574,19524,15855
805,1585,19540,15868
806,1568,19606,15936
802,1587,19469,15795
807,1567,19695,15959
806,1580,19616,15925
803,1575,19527,15832
806,1578,19635,15931
803,1577,19453,15804
809,1557,19742,16019
807,1572,19640,15921
804,1584,19582,15832
806,1581,19657,15916
802,1571,19444,15813
809,1557,19705,16034
804,1578,19544,15862
806,1587,19622,15888
806,1570,19649,15912
803,1572,19497,15816
807,1575,19693,15980
804,1571,19553,15853
808,1579,19675,15982
805,1581,19574,15904
803,1566,19485,15820
809,1567,19745,16031
805,1581,19605,15903
806,1584,19610,15910
806,1577,19636,15944
805,1573,19530,15860
808,1568,19698,15983
805,1577,19600,15875
806,1575,19638,15908
807,1567,19668,15940
806,1581,19586,15887
808,1564,19654,15973
804,1587,19478,15824
805,1583,19586,15865
806,1571,19671,15932
804,1581,19526,15845
807,1571,19673,15969
817,1557,19881,16147
807,1576,19636,15941
805,1570,19562,15895
803,1580,19461,15859
809,1586,19778,16023
803,1582,19490,15826
805,1574,19550,15876
804,1572,19491,15821
806,1562,19594,15925
807,1568,19698,15993
803,1575,19533,15822
805,1576,19598,15863
805,1584,19594,15858
806,1565,19619,15924
808,1574,19683,16001
804,1583,19515,15851
809,1574,19741,15989
806,1574,19631,15905
805,1573,19565,15866
807,1555,19703,15985
802,1585,19477,15794
807,1555,19679,16044
803,1571,19528,15850
803,1582,19519,15851
805,1567,19616,15894
804,1586,19524,15827
807,1578,19639,15958
806,1571,19613,15927
805,1582,19572,15906
806,1576,19652,15909
803,1572,19533,15833
808,1576,19716,15990
807,1566,19687,15948
806,1588,19597,15917
806,1581,19616,15937
802,1580,19404,15756
807,1581,19652,15954
807,1574,19690,15937
804,1582,19533,15834
809,1566,19718,16006
811,1581,19610,15879
809,1569,19691,15993
803,1579,19504,15839
805,1573,19589,15901
806,1575,19659,15901
811,1573,19802,15961
814,1562,19933,16077
805,1569,19543,15870
805,1583,19579,15898
806,1568,19608,15896
808,1590,19677,15929
813,1568,19910,16032
804,1576,19583,15858
804,1576,19543,15852
807,1566,19634,15951
805,1569,19512,15854
809,1572,19751,16007
805,1572,19567,15820
806,1585,19597,15911
819,1556,20048,16259
811,1572,19679,15988
808,1569,19663,15964
803,1584,19471,15797
804,1576,19573,15879
807,1572,19672,15922
806,1577,19616,15931
808,1573,19697,15993
803,1574,19489,15807
805,1578,19544,15886
802,1581,19560,15830
805,1573,19595,15890
808,1561,19753,16015
804,1583,19558,15828
808,1579,19675,15963
804,1573,19504,15841
804,1584,19513,15833
807,1569,19709,15998
804,1584,19566,15844
809,1573,19733,16039
805,1570,19605,15906
805,1571,19568,15887
805,1572,19552,15867
802,1569,19471,15795
806,1574,19613,15939
808,1569,19731,15975
803,1575,19529,15838
807,1565,19668,15953
801,1573,19448,15771
809,1568,19713,16020
806,1582,19614,15910
809,1571,19681,15971
805,1575,19600,15879
804,1573,19547,15808
806,1578,19631,15935
806,1573,19598,15915
807,1558,19623,15957
808,1571,19714,15989
805,1580,19523,15810
808,1573,19699,15987
805,1574,19582,15885
805,1562,19577,15879
805,1569,19555,15885
805,1581,19547,15859
809,1566,19657,15950
806,1564,19601,15890
805,1573,19609,15901
806,1575,19635,15943
809,1581,19690,15979
812,1559,19785,16103
803,1565,19512,15816
805,1580,19578,15880
808,1573,19761,15993
806,1580,19636,15878
813,1559,19859,16127
807,1572,19524,15833
803,1576,19509,15849
806,1572,19628,15910
822,1565,20057,16255
811,1550,19788,16092
805,1578,19578,15858
805,1578,19572,15883
807,1578,19568,15867
807,1562,19621,15953
809,1556,19729,16046
806,1569,19619,15883
807,1578,19648,15941
813,1567,19726,16002
809,1563,19694,15994
810,1561,19677,15979
810,1569,19774,15943
809,1572,19746,16023
808,1578,19688,15961
809,1580,19740,15997
812,1551,19825,16095
807,1571,19543,15834
812,1567,19828,16121
808,1575,19707,15967
808,1580,19716,15974
808,1567,19737,16029
805,1567,19587,15865
810,1557,19801,16104
810,1575,19708,16006
809,1586,19675,15983
812,1574,19784,16091
810,1591,19643,15897
810,1552,19780,16074
809,1569,19690,16005
810,1566,19739,16024
808,1572,19662,15961
808,1571,19647,15924
813,1548,19846,16112
809,1570,19750,16014
809,1575,19753,16006
809,1572,19701,16003
808,1584,19621,15947
810,1561,19793,16089
808,1573,19707,15973
810,1580,19761,16013
811,1564,19788,16093
808,1576,19654,15937
813,1572,19769,16028
806,1577,19557,15891
809,1571,19718,16033
810,1567,19759,16073
810,1580,19695,15939
817,1566,19979,16213
820,1569,19911,16157
810,1566,19759,16037
814,1575,19741,16028
806,1581,19622,15912
812,1565,19879,16130
811,1590,19670,15896
809,1580,19730,15995
809,1560,19697,16018
805,1585,19567,15865
813,1559,19829,16115
818,1582,19821,16043
812,1575,19729,15960
816,1568,19925,16129
812,1573,19747,15972
807,1561,19663,15979
801,1575,19412,15753
805,1582,19548,15870
809,1570,19673,15978
807,1578,19669,15912
807,1567,19695,15964
804,1578,19538,15839
804,1583,19556,15859
804,1569,19534,15878
805,1581,19584,15878
813,1582,19851,16103
808,1590,19636,15877
811,1559,19859,16113
804,1582,19543,15875
804,1572,19512,15848
807,1578,19634,15942
806,1582,19611,15891
809,1571,19764,16004
808,1586,19691,15974
807,1579,19621,15919
804,1582,19552,15868
803,1576,19454,15798
807,1569,19663,15963
808,1587,19621,15918
809,1582,19720,15986
806,1570,19605,15911
803,1584,19480,15800
808,1574,19681,16004
806,1565,19583,15925
806,1579,19607,15912
808,1557,19697,15981
805,1562,19572,15886
809,1563,19765,16024
803,1568,19517,15849
806,1579,19594,15923
806,1563,19606,15912
806,1564,19608,15880
823,1564,20142,16337
818,1596,19838,16070
821,1580,19925,16163
825,1585,19934,16162
818,1591,19814,16067
814,1571,19742,16013
804,1581,19495,15828
811,1582,19798,16035
820,1583,19966,16158
813,1599,19675,15961
808,1567,19696,15995
804,1585,19500,15829
806,1571,19618,15920
809,1570,19724,16013
806,1567,19629,15908
809,1571,19770,16003
804,1573,19507,15822
805,1573,19579,15893
806,1578,19615,15932
805,1587,19569,15863
808,1567,19727,15998
803,1570,19486,15808
810,1567,19715,16003
806,1573,19601,15897
804,1587,19501,15828
808,1581,19666,15970
810,1575,19682,15988
815,1560,19911,16141
822,1585,19968,16214
816,1567,19895,16182
807,1576,19605,15903
807,1589,19592,15900
811,1584,19711,15955
809,1572,19752,16005
804,1571,19563,15855
811,1573,19813,16052
807,1583,19513,15820
809,1570,19729,16017
806,1575,19629,15933
805,1583,19525,15815
806,1584,19661,15932
803,1587,19477,15810
806,1561,19736,15958
808,1571,19664,15975
808,1573,19649,15948
806,1565,19596,15925
804,1568,19511,15840
809,1570,19766,16011
802,1567,19535,15837
807,1571,19662,15979
806,1573,19636,15931
804,1577,19497,15845
809,1576,19740,16017
806,1560,19606,15904
806,1555,19579,15833
810,1581,19770,16012
807,1581,19666,15905
811,1570,19760,16062
805,1581,19522,15840
804,1575,19562,15845
805,1540,19609,15875
808,1576,19645,15938
821,1577,19960,16179
805,1581,19524,15820
808,1583,19640,15946
805,1563,19582,15899
806,1578,19597,15902
810,1581,19738,15956
804,1580,19518,15830
806,1581,19605,15906
806,1572,19588,15916
810,1579,19665,15982
811,1581,19752,15990
805,1576,19570,15866
807,1580,19662,15908
807,1582,19694,15937
803,1571,19525,15873
811,1560,19774,16071
802,1578,19446,15793
807,1580,19684,15953
805,1584,19631,15882
805,1570,19545,15884
810,1567,19759,16023
809,1587,19570,15854
809,1560,19688,16011
806,1572,19574,15890
805,1573,19536,15862
807,1572,19701,15959
804,1584,19522,15815
809,1552,19729,16023
806,1586,19588,15899
806,1567,19615,15947
806,1579,19636,15935
804,1583,19503,15814
810,1557,19798,16045
806,1577,19648,15915
810,1575,19703,15987
816,1588,19788,16032
802,1590,19434,15776
809,1553,19802,16054
805,1564,19617,15872
809,1577,19662,15952
817,1586,19828,16056
802,1580,19465,15794
807,1571,19627,15971
804,1580,19541,15860
812,1566,19746,16060
811,1573,19732,15958
804,1573,19520,15813
809,1566,19725,16040
804,1577,19536,15845
807,1575,19618,15937
809,1571,19738,15993
812,1584,19587,15861
809,1566,19754,16014
806,1587,19611,15883
804,1596,19570,15880
808,1576,19703,15944
805,1577,19562,15861
820,1562,20031,16260
806,1583,19607,15872
804,1582,19553,15873
806,1571,19667,15965
806,1578,19585,15889
813,1552,19864,16144
806,1570,19520,15828
819,1586,19923,16173
807,1569,19647,15928
805,1579,19574,15879
811,1558,19808,16106
808,1567,19625,15937
815,1593,19736,16014
804,1572,19539,15855
807,1567,19664,15945
811,1572,19734,15954
805,1572,19607,15860
811,1567,19780,16052
807,1583,19567,15854
804,1575,19524,15852
807,1562,19639,15927
805,1574,19589,15869
808,1565,19666,15989
813,1579,19873,15965
805,1575,19535,15832
806,1577,19609,15948
808,1583,19655,15873
807,1571,19646,15952
808,1559,19673,15934
815,1587,19823,16080
807,1558,19626,15933
803,1577,19480,15802
814,1583,19943,16056
808,1574,19617,15921
807,1579,19606,15914
809,1565,19748,16003
808,1573,19674,15936
