2767,10000
805,1579,19572,15845
811,1556,19758,16041
813,1587,19676,15941
807,1564,19655,15941
807,1579,19605,15926
804,1576,19542,15856
810,1572,19768,16040
802,1574,19500,15788
809,1562,19785,16023
806,1579,19616,15930
805,1566,19576,15903
805,1579,19554,15881
802,1584,19477,15784
808,1566,19757,16018
805,1586,19585,15889
808,1572,19609,15894
806,1576,19619,15927
804,1576,19485,15819
806,1556,19594,15903
805,1580,19513,15848
806,1575,19619,15910
811,1558,19787,16032
814,1591,19705,15963
807,1577,19651,15916
803,1579,19479,15822
807,1572,19682,15958
808,1575,19713,15978
807,1585,19657,15925
809,1559,19784,16040
803,1569,19462,15782
805,1569,19564,15902
806,1582,19608,15920
806,1586,19622,15896
809,1566,19752,16005
807,1574,19617,15899
809,1563,19618,15879
808,1564,19705,15997
804,1583,19561,15867
807,1567,19679,15983
803,1578,19508,15805
804,1577,19590,15861
808,1534,19680,15954
804,1592,19509,15830
811,1568,19818,16093
804,1581,19480,15791
808,1575,19691,15958
805,1569,19583,15864
806,1584,19637,15904
810,1557,19801,16031
803,1580,19502,15824
806,1583,19595,15898
804,1579,19534,15860
809,1562,19708,15970
811,1565,19735,15972
804,1570,19509,15844
808,1578,19709,15993
806,1575,19609,15923
820,1588,19924,16170
804,1581,19580,15898
803,1584,19519,15844
809,1557,19771,16023
807,1570,19639,15944
806,1575,19587,15890
806,1584,19609,15932
802,1579,19448,15798
807,1567,19675,15953
805,1584,19578,15887
807,1573,19677,15908
809,1580,19746,15987
804,1578,19473,15783
809,1568,19695,15997
806,1576,19587,15900
807,1592,19682,15949
808,1562,19720,15990
804,1589,19491,15821
809,1572,19777,16019
806,1562,19600,15931
807,1584,19634,15931
806,1574,19600,15896
806,1574,19557,15882
810,1601,19795,16064
806,1580,19576,15883
814,1566,19817,16090
819,1577,19885,16143
806,1568,19492,15812
810,1577,19772,16048
803,1582,19510,15810
808,1574,19713,15978
807,1564,19671,15948
801,1569,19490,15814
807,1565,19654,15971
817,1590,19872,16129
809,1561,19639,15904
806,1580,19624,15896
806,1585,19583,15898
809,1565,19744,16000
806,1579,19508,15829
806,1571,19599,15930
806,1611,19602,15939
804,1578,19537,15871
810,1570,19778,16045
803,1577,19499,15805
809,1567,19720,16030
804,1558,19526,15832
808,1581,19616,15948
814,1590,19783,16017
805,1574,19505,15816
807,1570,19645,15911
807,1574,19698,15940
806,1584,19594,15901
806,1572,19602,15915
804,1572,19491,15846
808,1571,19725,15988
807,1579,19671,15920
805,1586,19576,15887
806,1574,19631,15926
809,1577,19627,15929
821,1570,19974,16229
814,1584,19771,16072
810,1576,19719,16006
820,1592,20006,16192
808,1575,19637,15901
822,1569,19999,16249
805,1573,19531,15838
806,1579,19592,15909
806,1569,19631,15909
804,1576,19489,15785
806,1574,19717,15956
807,1576,19647,15914
806,1580,19631,15939
811,1578,19641,15928
802,1587,19467,15796
808,1564,19726,15989
804,1570,19571,15853
806,1571,19617,15932
806,1576,19629,15917
804,1585,19502,15825
808,1570,19694,15998
803,1569,19485,15805
805,1562,19577,15891
806,1567,19647,15925
805,1575,19562,15872
809,1556,19737,16025
803,1576,19480,15804
808,1578,19639,15965
807,1576,19606,15906
805,1581,19576,15864
809,1562,19752,16009
806,1578,19605,15850
809,1580,19694,15968
815,1574,19726,16015
805,1577,19534,15875
808,1563,19734,16009
805,1583,19607,15860
805,1573,19572,15870
803,1568,19569,15880
805,1581,19576,15900
808,1560,19704,16019
805,1576,19558,15877
806,1584,19574,15882
808,1567,19708,15974
808,1579,19642,15955
815,1583,19756,15999
803,1564,19513,15824
809,1578,19688,16010
804,1576,19584,15873
804,1573,19536,15845
810,1569,19765,16000
804,1577,19539,15805
808,1551,19755,16060
806,1580,19614,15917
809,1586,19652,15950
817,1586,19822,16057
804,1576,19532,15810
822,1564,20048,16296
805,1570,19563,15842
807,1582,19627,15923
806,1567,19605,15925
806,1575,19512,15797
807,1572,19679,15970
807,1581,19633,15882
808,1587,19674,15967
806,1576,19603,15896
803,1578,19456,15776
807,1574,19628,15959
806,1564,19639,15909
807,1582,19667,15936
809,1579,19761,15999
806,1575,19576,15837
809,1581,19727,16010
806,1584,19583,15885
810,1578,19603,15889
806,1579,19663,15935
805,1567,19599,15861
809,1568,19646,15948
804,1580,19526,15825
806,1561,19623,15936
811,1561,19725,16033
810,1581,19596,15894
809,1565,19718,16034
805,1582,19569,15850
805,1564,19582,15892
808,1570,19661,15952
805,1586,19546,15854
810,1570,19753,16054
804,1574,19505,15809
806,1570,19580,15869
806,1576,19628,15897
807,1564,19631,15907
808,1563,19687,15965
805,1572,19511,15859
809,1582,19695,15985
817,1595,19815,16026
806,1583,19574,15846
809,1572,19722,16002
804,1572,19508,15811
808,1578,19657,15962
808,1585,19610,15924
805,1577,19543,15885
808,1584,19630,15947
804,1579,19551,15828
809,1561,19754,16035
804,1578,19541,15848
806,1563,19596,15897
809,1557,19678,16017
803,1582,19486,15794
810,1558,19747,16027
806,1591,19630,15900
805,1580,19601,15851
806,1560,19599,15909
802,1582,19453,15800
806,1565,19617,15941
806,1582,19653,15932
805,1583,19614,15863
807,1584,19636,15930
801,1578,19468,15781
806,1570,19660,15963
804,1579,19541,15872
806,1579,19606,15922
805,1588,19590,15903
806,1577,19595,15873
810,1558,19755,16025
806,1577,19600,15917
806,1574,19592,15904
806,1585,19591,15906
805,1570,19563,15862
808,1581,19711,15994
804,1577,19556,15840
807,1576,19659,15926
806,1577,19620,15928
805,1569,19537,15854
807,1568,19660,15957
804,1580,19517,15808
807,1569,19652,15907
807,1560,19613,15931
804,1582,19570,15858
807,1561,19651,15974
805,1581,19552,15873
805,1575,19557,15897
809,1575,19679,15995
810,1570,19631,15890
810,1566,19766,16049
803,1579,19508,15817
813,1576,19776,16050
814,1566,19774,16057
815,1589,19775,16032
823,1569,20145,16342
813,1584,19775,16012
807,1575,19665,15931
805,1576,19566,15883
804,1573,19520,15858
808,1572,19695,15991
804,1582,19545,15828
810,1575,19752,16023
802,1576,19513,15819
805,1573,19589,15870
809,1564,19701,16006
803,1585,19482,15821
808,1564,19697,16004
805,1584,19554,15864
804,1579,19577,15852
807,1573,19649,15943
803,1574,19471,15787
806,1562,19594,15881
806,1577,19561,15892
806,1588,19610,15905
805,1571,19626,15904
803,1569,19496,15776
810,1579,19761,16016
806,1577,19637,15935
806,1573,19551,15855
806,1563,19598,15931
804,1568,19523,15823
807,1579,19702,15947
807,1566,19660,15962
805,1565,19592,15873
808,1581,19668,15949
810,1573,19575,15833
809,1571,19714,16005
803,1576,19497,15823
807,1567,19664,15925
805,1580,19603,15883
806,1576,19587,15899
808,1565,19686,15989
802,1581,19455,15792
808,1569,19685,15961
809,1574,19639,15902
809,1584,19717,15952
809,1567,19723,15951
803,1581,19491,15811
806,1567,19604,15926
806,1567,19570,15880
805,1580,19605,15897
811,1562,19825,16085
804,1571,19483,15799
806,1586,19605,15899
806,1567,19607,15922
812,1579,19731,16020
821,1568,19952,16209
817,1597,19844,16106
806,1580,19623,15914
806,1578,19599,15918
808,1572,19624,15937
806,1566,19638,15933
806,1586,19570,15866
807,1571,19602,15874
807,1582,19637,15921
805,1572,19576,15851
806,1582,19678,15937
802,1585,19465,15790
808,1563,19704,16019
803,1569,19590,15912
806,1572,19675,15936
806,1579,19659,15915
804,1571,19522,15839
809,1565,19737,16021
805,1578,19588,15898
805,1588,19556,15864
806,1570,19583,15926
802,1577,19451,15783
807,1573,19714,15967
805,1579,19560,15875
807,1584,19621,15915
805,1582,19583,15879
804,1583,19488,15833
807,1571,19630,15914
807,1569,19653,15945
808,1582,19644,15874
806,1578,19664,15915
803,1565,19450,15782
808,1564,19674,15997
807,1576,19619,15930
806,1588,19618,15890
806,1567,19648,15930
804,1556,19503,15822
807,1571,19660,15923
806,1592,19589,15887
805,1568,19549,15853
805,1578,19576,15895
808,1586,19638,15887
809,1573,19753,16017
805,1580,19568,15853
805,1579,19552,15869
812,1554,19778,16067
819,1582,19879,16150
807,1570,19699,15960
819,1582,19894,16131
806,1580,19642,15901
807,1571,19677,15933
818,1583,19909,16161
824,1570,20067,16308
806,1571,19568,15882
805,1583,19560,15827
808,1565,19706,15962
803,1573,19505,15813
808,1572,19714,15992
805,1567,19565,15863
804,1564,19505,15824
805,1575,19572,15883
804,1586,19510,15834
810,1553,19770,16045
803,1579,19492,15798
806,1579,19599,15905
806,1575,19605,15920
804,1583,19521,15839
807,1561,19679,15978
803,1577,19505,15811
810,1562,19769,16015
811,1572,19675,15903
804,1574,19536,15865
820,1564,20008,16250
806,1590,19570,15897
812,1579,19741,15968
807,1572,19661,15933
806,1578,19584,15897
809,1572,19735,16025
815,1592,19725,15996
817,1593,19844,16095
805,1581,19542,15859
805,1574,19529,15850
807,1574,19674,15948
801,1574,19464,15768
807,1576,19651,15962
806,1569,19584,15902
806,1573,19574,15912
821,1567,20020,16256
810,1591,19593,15847
806,1568,19663,15915
805,1587,19619,15880
807,1566,19599,15920
806,1575,19588,15912
805,1578,19540,15870
807,1561,19710,15977
804,1585,19584,15840
805,1577,19553,15868
807,1574,19668,15940
802,1580,19513,15824
808,1560,19674,16000
802,1579,19468,15801
806,1577,19612,15923
813,1570,19758,16022
805,1575,19562,15865
808,1568,19687,15974
805,1576,19528,15849
806,1571,19615,15934
806,1576,19650,15928
806,1576,19606,15890
810,1562,19789,16050
805,1584,19596,15854
808,1579,19658,15939
804,1576,19551,15866
805,1570,19559,15896
806,1567,19662,15947
804,1570,19547,15820
811,1570,19734,16013
819,1567,20002,16219
810,1580,19706,15992
817,1568,19887,16159
807,1583,19607,15899
813,1583,19698,15980
806,1565,19638,15908
805,1576,19533,15857
805,1567,19598,15895
804,1573,19526,15852
811,1579,19693,15992
804,1576,19582,15881
805,1576,19560,15851
807,1569,19663,15953
805,1577,19607,15877
807,1574,19671,15949
806,1584,19628,15935
803,1575,19504,15821
809,1562,19755,16029
811,1598,19651,15878
809,1572,19724,15999
804,1563,19596,15888
807,1571,19620,15932
804,1567,19570,15884
802,1564,19462,15788
809,1569,19715,16021
807,1573,19685,15935
807,1582,19627,15944
808,1569,19604,15883
803,1568,19497,15820
805,1561,19636,15975
819,1579,19922,16153
809,1553,19700,15985
810,1571,19696,15938
806,1574,19664,15924
810,1572,19738,16034
803,1578,19474,15789
808,1570,19650,15968
805,1587,19622,15880
806,1576,19618,15889
809,1568,19729,16015
804,1580,19534,15844
806,1587,19619,15930
807,1551,19643,15965
808,1584,19586,15872
808,1558,19711,16020
804,1576,19562,15843
806,1589,19620,15921
810,1583,19592,15886
807,1578,19627,15930
817,1578,19844,16113
803,1580,19500,15802
807,1575,19657,15950
810,1573,19670,15880
807,1574,19665,15931
807,1566,19678,15987
803,1584,19510,15830
820,1569,19973,16248
820,1589,19922,16153
818,1569,19873,16071
818,1578,19861,16120
805,1588,19578,15854
808,1572,19694,15993
810,1574,19698,16001
809,1572,19585,15869
808,1569,19651,15955
804,1590,19548,15831
808,1563,19667,15980
807,1576,19648,15958
805,1590,19609,15893
805,1584,19572,15878
803,1580,19512,15821
807,1571,19683,15973
807,1576,19689,15945
809,1591,19736,15980
808,1568,19604,15897
802,1579,19432,15785
807,1576,19657,15972
815,1572,19923,16163
807,1572,19688,15947
806,1573,19603,15899
806,1581,19551,15859
808,1568,19653,15935
809,1568,19731,16017
804,1587,19538,15847
810,1578,19718,16014
811,1595,19669,15908
807,1565,19690,15993
805,1583,19570,15872
805,1579,19567,15856
805,1564,19571,15906
805,1569,19562,15866
809,1540,19707,15993
805,1585,19545,15800
806,1567,19662,15904
807,1561,19652,15965
804,1580,19517,15829
809,1567,19721,16035
803,1575,19500,15781
807,1582,19679,15939
808,1557,19674,15990
807,1562,19666,15996
807,1575,19706,15997
804,1570,19494,15833
805,1570,19551,15876
808,1574,19687,15986
804,1581,19574,15862
810,1567,19773,16054
803,1573,19494,15826
804,1578,19508,15839
807,1574,19640,15974
803,1585,19534,15831
823,1562,20091,16312
803,1584,19538,15827
807,1563,19675,15930
806,1578,19582,15890
808,1576,19672,15965
815,1577,19762,16031
804,1574,19545,15831
809,1566,19776,16022
807,1574,19634,15953
807,1576,19661,15936
809,1570,19717,16015
803,1577,19461,15797
809,1575,19779,16041
805,1577,19544,15848
806,1587,19646,15915
805,1574,19601,15898
803,1584,19477,15811
809,1574,19722,16005
811,1564,19733,16028
820,1586,19953,16177
810,1570,19765,16025
806,1578,19535,15793
809,1569,19785,16008
807,1572,19650,15938
806,1579,19567,15888
805,1584,19566,15895
805,1577,19570,15857
810,1560,19797,16059
803,1580,19511,15828
807,1571,19666,15958
806,1571,19590,15893
804,1577,19506,15822
807,1577,19618,15935
804,1573,19515,15864
807,1580,19697,15946
805,1574,19613,15895
806,1567,19577,15885
809,1562,19697,15999
803,1570,19459,15817
806,1582,19607,15877
806,1569,19627,15937
805,1573,19581,15864
808,1570,19740,15985
805,1576,19529,15852
807,1566,19620,15932
803,1557,19543,15853
804,1566,19622,15903
811,1568,19824,16058
803,1580,19502,15814
807,1570,19661,15962
808,1570,19674,15971
805,1559,19582,15901
807,1577,19666,15982
805,1584,19564,15879
806,1567,19624,15902
807,1574,19650,15968
806,1587,19596,15901
808,1571,19703,16001
803,1580,19480,15832
807,1571,19660,15948
806,1566,19595,15898
805,1573,19601,15861
805,1560,19679,15925
804,1591,19511,15825
807,1566,19619,15909
805,1576,19592,15914
807,1586,19650,15919
807,1573,19682,15958
804,1578,19492,15810
808,1574,19740,16015
807,1573,19618,15921
805,1582,19549,15866
807,1574,19630,15952
803,1576,19480,15822
808,1570,19720,15971
806,1577,19617,15903
807,1565,19614,15930
805,1572,19579,15895
801,1583,19433,15780
818,1563,19943,16172
815,1574,19851,16093
816,1594,19808,16025
807,1567,19663,15894
806,1576,19565,15885
808,1568,19620,15934
807,1580,19631,15931
806,1573,19600,15878
808,1557,19700,15988
808,1586,19632,15936
819,1587,19908,16140
815,1598,19733,15994
819,1580,19934,16189
808,1566,19707,16016
804,1582,19526,15847
806,1573,19701,15978
805,1558,19545,15853
805,1568,19557,15868
806,1580,19658,15946
804,1578,19511,15843
808,1566,19686,15968
805,1572,19544,15843
806,1584,19636,15917
807,1573,19704,15961
806,1581,19544,15862
810,1566,19770,16055
807,1569,19505,15815
806,1574,19617,15898
807,1577,19687,15941
809,1572,19664,15918
810,1555,19760,16058
804,1588,19547,15853
809,1579,19668,15983
805,1580,19595,15914
804,1583,19549,15863
808,1570,19745,16018
804,1588,19491,15813
808,1571,19676,15968
803,1536,19519,15820
807,1570,19589,15909
807,1565,19659,15961
803,1582,19484,15782
809,1575,19761,16014
805,1566,19603,15871
806,1576,19568,15897
806,1576,19591,15899
803,1569,19501,15825
810,1573,19792,16075
806,1578,19638,15935
805,1567,19554,15876
806,1576,19608,15896
803,1568,19491,15813
807,1562,19638,15962
804,1586,19549,15872
804,1577,19560,15900
810,1580,19759,16006
804,1575,19493,15808
808,1557,19678,16002
807,1574,19637,15949
806,1572,19583,15922
809,1569,19707,15995
809,1585,19591,15843
809,1572,19765,16019
805,1570,19618,15868
807,1570,19653,15969
806,1565,19619,15924
804,1588,19502,15833
809,1570,19774,16023
803,1580,19531,15797
805,1567,19556,15877
808,1589,19725,15980
810,1582,19694,15978
819,1570,19925,16179
802,1580,19446,15800
807,1575,19599,15929
805,1569,19649,15929
806,1563,19590,15891
808,1572,19687,15984
802,1582,19485,15812
806,1572,19580,15903
805,1581,19596,15888
807,1581,19645,15927
808,1578,19713,15970
813,1579,19772,15983
810,1568,19690,15999
812,1586,19653,15951
804,1582,19515,15838
810,1550,19811,16076
804,1575,19550,15808
809,1580,19680,15973
808,1573,19678,15963
805,1579,19594,15892
808,1567,19672,15986
816,1592,19828,16100
808,1582,19632,15936
808,1573,19708,15963
805,1591,19528,15827
807,1570,19670,15956
803,1566,19492,15805
807,1564,19686,16003
804,1567,19596,15910
806,1574,19569,15883
805,1568,19610,15869
803,1572,19533,15801
805,1577,19584,15892
807,1569,19622,15936
805,1576,19560,15876
805,1565,19618,15906
804,1578,19537,15814
808,1595,19659,15976
806,1579,19641,15926
806,1579,19601,15910
805,1566,19561,15877
804,1588,19502,15816
806,1574,19607,15912
809,1567,19721,15954
804,1575,19568,15857
808,1558,19674,15994
803,1581,19486,15807
807,1564,19668,15989
804,1568,19546,15863
806,1575,19640,15930
807,1572,19680,15950
806,1587,19644,15888
806,1580,19643,15924
802,1580,19474,15798
806,1582,19589,15905
806,1574,19671,15943
805,1570,19565,15845
808,1570,19690,15991
803,1564,19499,15817
806,1578,19592,15901
806,1572,19586,15911
802,1564,19480,15819
810,1557,19739,16045
806,1583,19599,15883
804,1575,19538,15846
808,1572,19677,15968
804,1567,19520,15834
806,1562,19691,15999
804,1578,19520,15819
804,1579,19543,15829
807,1568,19661,15935
805,1570,19627,15883
808,1565,19694,16008
804,1573,19513,15851
807,1581,19592,15900
809,1566,19724,16009
814,1598,19685,15939
807,1574,19664,15950
804,1576,19550,15829
809,1568,19714,16007
806,1564,19612,15931
804,1577,19517,15850
805,1576,19586,15909
804,1577,19563,15832
807,1574,19661,15949
803,1562,19630,15929
805,1569,19536,15830
807,1567,19671,15979
809,1572,19578,15853
808,1555,19705,15997
805,1582,19618,15880
806,1579,19666,15907
807,1575,19635,15952
802,1580,19455,15797
810,1551,19766,16066
805,1580,19602,15888
806,1571,19639,15900
806,1569,19610,15926
804,1582,19521,15815
809,1570,19703,16001
804,1581,19544,15874
805,1578,19597,15902
806,1570,19600,15921
805,1568,19559,15838
807,1578,19682,15979
806,1574,19586,15889
806,1584,19604,15913
807,1577,19639,15967
805,1567,19581,15871
813,1577,19757,15988
804,1571,19575,15827
806,1570,19683,15934
804,1580,19580,15881
805,1580,19564,15899
809,1568,19713,16011
804,1583,19581,15850
806,1568,19643,15924
811,1560,19757,16053
815,1586,19837,16082
809,1559,19749,16043
803,1571,19455,15798
805,1566,19582,15913
805,1584,19580,15920
805,1578,19610,15883
804,1548,19669,16006
803,1581,19460,15803
808,1577,19634,15935
804,1579,19527,15865
805,1580,19586,15879
806,1569,19667,15942
805,1579,19564,15852
809,1581,19698,15926
805,1570,19594,15891
804,1582,19500,15827
809,1578,19714,16044
804,1581,19546,15834
811,1572,19828,16062
804,1579,19588,15878
819,1587,19905,16121
821,1579,19998,16263
802,1587,19462,15773
808,1569,19705,16008
806,1570,19538,15854
807,1568,19658,15948
806,1566,19607,15916
804,1584,19514,15842
807,1571,19648,15954
801,1564,19513,15873
805,1566,19580,15884
808,1584,19656,15943
803,1575,19488,15786
810,1561,19813,16049
805,1573,19570,15884
808,1583,19652,15981
805,1567,19567,15892
805,1563,19581,15864
804,1577,19699,15960
806,1570,19615,15938
805,1582,19594,15877
809,1560,19723,16000
799,1580,19407,15758
810,1562,19743,16051
802,1585,19464,15796
806,1576,19627,15916
806,1572,19632,15937
804,1572,19523,15859
810,1565,19751,16038
806,1588,19497,15815
806,1581,19627,15894
808,1581,19688,15960
805,1574,19602,15859
810,1565,19785,16036
803,1574,19516,15825
805,1573,19558,15881
806,1572,19612,15921
805,1572,19605,15901
809,1559,19762,16031
803,1583,19460,15797
813,1575,19788,16036
808,1580,19686,15979
806,1573,19527,15841
812,1572,19796,16092
805,1556,19479,15791
807,1570,19668,15944
807,1573,19653,15952
804,1577,19495,15828
807,1576,19649,15930
801,1581,19418,15777
810,1553,19758,16041
813,1585,19706,15953
806,1565,19645,15941
809,1571,19759,16012
803,1573,19475,15802
810,1554,19745,16046
806,1585,19610,15904
807,1578,19607,15913
807,1576,19698,15950
803,1575,19483,15816
806,1555,19640,15972
807,1578,19608,15909
806,1569,19613,15931
804,1576,19570,15878
804,1582,19504,15825
807,1572,19715,15987
803,1576,19583,15880
819,1562,19964,16215
810,1553,19737,16035
811,1583,19547,15867
808,1574,19756,16015
807,1573,19608,15888
808,1569,19695,15959
814,1553,19886,16115
811,1588,19670,15961
818,1571,19988,16244
803,1573,19496,15813
808,1583,19690,15968
813,1587,19760,15989
805,1585,19503,15832
807,1568,19702,15959
804,1571,19541,15842
803,1574,19511,15851
808,1581,19647,15952
804,1586,19506,15846
808,1567,19707,15994
804,1583,19523,15838
806,1568,19586,15904
806,1577,19601,15909
804,1584,19499,15828
808,1553,19745,16040
804,1575,19571,15877
805,1575,19606,15873
806,1573,19642,15889
804,1585,19540,15847
809,1573,19720,16050
805,1577,19542,15882
806,1575,19639,15912
806,1574,19650,15924
805,1570,19572,15885
811,1554,19813,16091
806,1570,19513,15809
807,1575,19641,15957
804,1563,19523,15854
803,1568,19507,15851
808,1574,19694,15948
803,1589,19523,15833
811,1564,19754,16048
815,1593,19726,16001
803,1579,19433,15777
806,1583,19648,15930
805,1576,19573,15856
807,1566,19717,15959
808,1579,19708,15963
804,1573,19491,15791
806,1556,19665,15989
803,1575,19482,15824
808,1562,19739,16003
806,1588,19637,15885
806,1588,19610,15903
806,1567,19616,15913
803,1580,19474,15803
807,1574,19647,15973
806,1573,19558,15890
804,1582,19537,15856
810,1567,19755,15990
806,1583,19586,15892
815,1579,19771,16037
803,1576,19538,15863
805,1576,19566,15910
806,1570,19637,15896
803,1567,19516,15811
805,1574,19692,15937
804,1581,19592,15853
805,1566,19597,15920
807,1574,19652,15965
804,1578,19483,15825
806,1569,19698,15969
803,1567,19507,15788
805,1565,19599,15909
808,1580,19695,15972
803,1584,19482,15822
809,1566,19725,16014
803,1575,19452,15787
807,1575,19638,15955
806,1568,19641,15894
806,1588,19613,15934
807,1555,19684,15993
804,1574,19497,15830
806,1575,19592,15935
805,1573,19592,15889
806,1583,19607,15902
808,1573,19770,16014
805,1573,19590,15871
805,1584,19564,15887
804,1576,19531,15855
804,1578,19490,15824
807,1567,19724,16009
803,1567,19535,15828
809,1580,19671,15972
806,1580,19608,15906
805,1570,19556,15876
809,1565,19701,16006
803,1575,19448,15779
809,1569,19704,16013
807,1590,19679,15922
804,1567,19543,15844
808,1565,19657,15975
803,1590,19484,15805
816,1571,19868,16149
809,1567,19700,15983
804,1583,19534,15817
805,1566,19636,15919
804,1590,19535,15813
810,1567,19755,16022
805,1576,19551,15882
805,1580,19557,15883
805,1571,19603,15885
807,1587,19598,15860
808,1570,19651,15946
804,1582,19573,15862
805,1562,19574,15906
806,1577,19598,15925
804,1580,19452,15774
807,1568,19651,15967
808,1599,19744,15997
820,1555,20015,16250
817,1597,19844,16069
805,1572,19484,15807
807,1563,19634,15966
809,1570,19652,15938
817,1587,19824,16058
812,1587,19699,15930
805,1586,19616,15888
809,1548,19785,16070
811,1589,19593,15875
804,1571,19529,15845
808,1569,19686,15963
808,1579,19665,15924
810,1565,19755,16068
805,1591,19516,15812
805,1572,19584,15892
805,1570,19559,15888
820,1574,19982,16227
808,1570,19698,16008
806,1575,19616,15881
807,1572,19579,15843
804,1569,19570,15888
806,1571,19543,15864
813,1572,19711,15994
803,1578,19506,15811
807,1571,19635,15932
805,1584,19642,15885
805,1569,19592,15849
811,1578,19800,16073
805,1568,19487,15791
811,1563,19733,16039
810,1571,19637,15877
805,1581,19647,15898
810,1570,19755,16051
810,1568,19596,15850
808,1560,19686,15991
804,1579,19547,15855
803,1583,19491,15815
807,1565,19632,15941
803,1572,19528,15802
809,1578,19735,16020
805,1585,19575,15884
804,1577,19573,15879
806,1563,19590,15929
803,1580,19477,15796
809,1572,19750,16006
806,1568,19637,15907
806,1574,19629,15888
806,1568,19645,15939
802,1587,19440,15772
808,1579,19691,15983
805,1567,19630,15898
807,1570,19680,15949
806,1574,19631,15929
804,1576,19527,15829
807,1582,19667,15964
802,1577,19488,15808
805,1568,19572,15894
808,1580,19704,15991
808,1572,19609,15847
810,1559,19756,16038
806,1566,19521,15807
806,1569,19619,15923
805,1573,19546,15860
805,1583,19562,15874
809,1545,19789,16067
805,1581,19571,15849
806,1578,19664,15930
806,1576,19596,15900
804,1565,19517,15838
810,1603,19768,16074
804,1575,19554,15854
805,1586,19621,15886
806,1567,19578,15908
809,1580,19595,15903
810,1565,19756,16054
802,1588,19449,15801
806,1579,19552,15886
806,1568,19592,15917
810,1573,19714,15981
807,1571,19678,15952
805,1575,19524,15852
804,1575,19531,15850
805,1574,19569,15897
805,1567,19549,15837
808,1577,19722,15995
803,1585,19520,15801
808,1577,19723,15966
804,1574,19559,15868
804,1582,19552,15858
810,1572,19731,16031
810,1583,19638,15876
808,1565,19741,15987
804,1572,19529,15865
807,1583,19631,15915
806,1565,19604,15905
802,1581,19442,15784
808,1568,19710,16025
804,1567,19547,15872
805,1590,19591,15896
808,1569,19611,15926
804,1572,19486,15808
808,1576,19723,16003
807,1575,19556,15861
807,1577,19664,15920
805,1576,19633,15898
808,1574,19661,15918
821,1596,19987,16175
815,1591,19759,16004
804,1577,19518,15830
806,1568,19615,15941
804,1583,19553,15848
809,1574,19756,16006
806,1616,19620,15923
810,1578,19757,16027
818,1581,19862,16105
816,1591,19739,16004
810,1566,19662,15957
806,1583,19520,15839
805,1577,19609,15890
807,1577,19641,15931
804,1584,19528,15851
823,1564,20058,16304
804,1577,19484,15813
805,1577,19619,15907
807,1560,19653,15952
806,1582,19625,15879
807,1574,19785,16033
807,1572,19603,15918
804,1571,19541,15831
810,1568,19698,16005
816,1585,19801,16015
809,1572,19723,15996
811,1580,19599,15891
806,1580,19581,15864
806,1578,19587,15884
803,1580,19495,15823
808,1560,19673,16001
802,1598,19471,15794
808,1578,19690,15963
804,1575,19537,15836
806,1568,19588,15909
807,1576,19593,15888
803,1576,19490,15806
808,1571,19703,15989
806,1578,19613,15901
805,1582,19597,15883
807,1557,19695,15960
803,1578,19508,15823
806,1567,19650,15979
808,1586,19643,15962
803,1566,19545,15815
807,1564,19670,15948
802,1578,19428,15761
808,1580,19717,16012
805,1568,19573,15893
819,1579,19940,16205
819,1589,19856,16106
814,1590,19643,15921
808,1571,19712,15959
806,1571,19576,15886
805,1574,19579,15882
807,1584,19624,15921
803,1573,19469,15804
807,1565,19676,15975
807,1575,19676,15934
805,1585,19642,15908
806,1588,19672,15912
804,1581,19522,15842
809,1575,19703,16011
803,1582,19519,15848
805,1577,19607,15904
807,1583,19677,15961
810,1591,19693,15962
811,1577,19710,15968
807,1591,19592,15846
804,1575,19544,15872
806,1565,19589,15888
805,1569,19542,15876
808,1566,19776,16031
802,1578,19458,15771
807,1585,19637,15935
805,1567,19560,15861
807,1583,19619,15927
807,1578,19664,15944
806,1578,19591,15874
809,1574,19698,15970
806,1575,19644,15892
806,1585,19599,15908
812,1578,19771,16059
803,1587,19454,15778
808,1576,19656,15954
807,1579,19646,15917
804,1567,19525,15840
807,1569,19662,15967
805,1584,19588,15897
818,1589,19810,16070
811,1585,19626,15915
805,1573,19581,15906
822,1563,20103,16295
802,1579,19491,15794
812,1561,19828,16084
808,1578,19569,15852
817,1588,19900,16183
810,1575,19764,16031
816,1582,19818,16058
811,1550,19834,16084
806,1557,19610,15875
806,1584,19605,15928
806,1567,19584,15907
802,1564,19456,15786
807,1579,19690,15955
806,1582,19656,15911
807,1590,19599,15905
805,1568,19576,15870
804,1570,19486,15814
807,1577,19632,15929
807,1565,19605,15924
805,1567,19573,15877
808,1576,19700,15956
804,1588,19502,15820
807,1570,19658,15977
806,1579,19628,15921
805,1571,19558,15866
808,1585,19677,15966
805,1588,19573,15860
812,1563,19839,16074
809,1576,19631,15867
805,1580,19603,15914
807,1569,19635,15966
803,1580,19525,15845
808,1563,19709,15970
803,1578,19548,15829
804,1589,19554,15848
807,1573,19687,15972
804,1577,19541,15860
808,1569,19717,16013
802,1570,19469,15807
804,1579,19532,15870
808,1567,19737,15981
808,1584,19580,15874
809,1568,19729,16016
807,1574,19601,15899
807,1584,19536,15846
807,1580,19651,15950
804,1566,19562,15842
811,1574,19807,16045
810,1580,19602,15846
809,1578,19687,15991
808,1577,19578,15884
805,1574,19606,15916
809,1569,19737,15996
805,1583,19606,15869
806,1570,19643,15939
805,1572,19580,15842
805,1590,19539,15860
811,1586,19657,15955
803,1580,19477,15821
808,1574,19679,15998
805,1570,19610,15894
805,1559,19627,15919
805,1559,19563,15863
802,1579,19482,15810
808,1572,19673,15988
806,1577,19610,15885
804,1573,19550,15863
820,1584,19954,16132
814,1586,19750,15939
806,1577,19609,15899
809,1567,19644,15955
805,1566,19499,15842
808,1568,19698,15974
804,1571,19513,15774
807,1560,19674,15986
807,1587,19636,15914
805,1562,19554,15895
805,1573,19587,15902
803,1573,19473,15811
809,1565,19711,16019
804,1581,19597,15847
807,1571,19664,15962
807,1567,19636,15932
804,1594,19530,15832
807,1556,19662,15984
806,1576,19590,15881
806,1571,19627,15905
806,1569,19638,15912
804,1589,19589,15858
811,1569,19780,16081
808,1581,19530,15826
807,1569,19634,15962
805,1587,19634,15902
806,1575,19640,15916
807,1564,19697,15994
805,1578,19559,15858
806,1578,19597,15915
804,1572,19556,15880
805,1578,19549,15871
810,1568,19758,16055
803,1579,19534,15825
806,1569,19625,15922
805,1588,19549,15880
803,1582,19514,15819
808,1558,19689,16004
804,1576,19544,15827
805,1577,19601,15900
807,1582,19636,15914
805,1581,19614,15865
806,1567,19635,15962
805,1563,19482,15789
808,1575,19697,16015
805,1566,19587,15886
810,1577,19704,15962
807,1569,19664,15959
804,1580,19547,15854
809,1558,19734,16046
812,1564,19748,16042
812,1586,19706,16000
816,1569,19847,16122
804,1562,19556,15834
808,1577,19680,15967
805,1572,19563,15883
805,1572,19553,15878
808,1570,19638,15962
801,1569,19423,15748
808,1571,19712,15986
805,1577,19636,15899
805,1579,19632,15891
805,1572,19608,15941
803,1588,19448,15784
806,1577,19634,15961
806,1567,19614,15890
806,1561,19625,15912
805,1577,19569,15882
804,1576,19505,15799
806,1572,19637,15957
804,1567,19530,15846
805,1584,19552,15859
805,1578,19569,15899
804,1577,19555,15834
809,1567,19764,16027
803,1573,19464,15798
807,1579,19605,15926
806,1572,19591,15908
807,1585,19636,15926
808,1577,19723,16008
805,1589,19581,15865
808,1581,19690,15939
804,1579,19579,15871
805,1576,19551,15900
811,1560,19793,16097
803,1584,19514,15819
806,1565,19629,15916
806,1583,19628,15922
803,1581,19533,15821
809,1556,19743,16047
805,1585,19517,15848
803,1571,19500,15840
808,1567,19656,15968
804,1572,19561,15845
805,1573,19628,15927
805,1591,19572,15863
806,1567,19586,15901
804,1564,19516,15867
805,1581,19546,15839
812,1558,19823,16106
805,1576,19541,15814
811,1565,19821,16063
806,1579,19574,15896
805,1570,19552,15891
805,1574,19578,15893
805,1578,19591,15869
808,1567,19724,15973
805,1581,19587,15907
804,1572,19532,15826
807,1571,19652,15968
804,1582,19512,15820
807,1570,19651,15984
808,1580,19661,15956
806,1577,19593,15860
808,1570,19680,15960
803,1570,19449,15773
810,1553,19756,16066
802,1576,19446,15800
809,1582,19713,15994
805,1574,19623,15888
805,1571,19583,15851
809,1563,19775,16012
811,1566,19662,15937
805,1573,19583,15895
808,1568,19695,16006
806,1586,19547,15837
808,1572,19713,15991
803,1574,19492,15811
819,1582,19953,16174
809,1573,19694,15996
805,1586,19547,15868
809,1580,19724,16012
803,1562,19479,15811
807,1581,19691,15951
806,1585,19601,15920
807,1567,19606,15910
807,1565,19664,15964
803,1567,19474,15812
806,1584,19624,15926
808,1578,19679,15975
805,1568,19614,15894
809,1568,19751,16005
804,1589,19528,15840
803,1580,19516,15844
807,1569,19634,15949
804,1581,19581,15856
811,1560,19818,16073
803,1571,19506,15820
807,1565,19630,15938
805,1574,19567,15897
806,1574,19609,15912
806,1564,19612,15910
803,1582,19514,15837
806,1578,19658,15918
805,1563,19547,15866
803,1586,19513,15835
812,1599,19817,16112
816,1598,19755,16030
823,1567,20093,16311
810,1566,19610,15890
806,1571,19628,15902
808,1577,19699,15960
802,1563,19442,15783
808,1565,19691,15989
805,1575,19550,15867
802,1568,19550,15841
807,1586,19669,15943
804,1582,19525,15849
809,1572,19758,16030
805,1581,19579,15870
802,1579,19512,15846
805,1571,19597,15886
804,1573,19497,15822
807,1559,19692,15961
810,1567,19692,15970
806,1572,19592,15913
807,1583,19643,15967
803,1567,19461,15800
815,1566,19881,16114
810,1560,19749,15996
809,1572,19645,15901
808,1574,19687,15955
803,1566,19484,15809
808,1567,19701,16012
804,1584,19539,15876
807,1574,19630,15929
805,1564,19654,15917
804,1565,19503,15847
807,1534,19713,16003
803,1571,19491,15820
805,1576,19571,15873
807,1577,19640,15956
804,1574,19534,15854
808,1573,19723,15971
803,1571,19491,15799
809,1566,19692,15993
806,1577,19624,15932
804,1595,19528,15858
809,1571,19729,16009
804,1575,19546,15837
807,1585,19653,15921
806,1586,19638,15873
805,1571,19576,15892
808,1556,19702,16033
804,1584,19495,15819
805,1581,19588,15862
808,1573,19717,15966
804,1584,19519,15826
809,1563,19774,16037
802,1578,19464,15804
808,1560,19665,15963
803,1564,19535,15872
807,1582,19600,15921
812,1567,19747,15980
804,1586,19522,15835
810,1571,19750,16049
805,1580,19587,15903
804,1561,19503,15838
806,1561,19603,15890
803,1586,19513,15815
807,1579,19705,15959
806,1591,19624,15874
805,1573,19564,15893
807,1575,19625,15947
802,1577,19432,15771
809,1567,19759,16013
807,1573,19649,15919
802,1570,19528,15847
806,1572,19639,15944
804,1588,19502,15828
808,1558,19712,16020
807,1582,19645,15946
805,1578,19564,15890
809,1566,19762,16023
803,1585,19491,15819
810,1578,19723,16017
807,1569,19669,15955
805,1573,19532,15872
808,1578,19701,15977
803,1575,19518,15820
813,1555,19875,16106
818,1599,19877,16070
805,1569,19565,15885
805,1580,19575,15887
806,1572,19557,15869
809,1574,19743,16009
804,1584,19546,15817
805,1575,19572,15890
807,1573,19693,15979
805,1573,19553,15880
809,1572,19707,15960
804,1587,19503,15841
804,1568,19537,15859
809,1570,19701,15972
805,1575,19584,15881
809,1549,19733,16048
804,1573,19497,15819
804,1580,19543,15860
812,1564,19780,16043
819,1585,19969,16200
822,1567,20030,16240
807,1575,19607,15839
808,1577,19666,15962
816,1591,19790,16060
811,1569,19613,15894
807,1557,19722,15995
802,1571,19519,15790
814,1573,19813,16093
812,1567,19784,16056
813,1596,19689,15949
805,1580,19602,15916
804,1564,19524,15832
808,1572,19667,15973
806,1579,19620,15914
808,1578,19649,15957
809,1585,19687,15921
804,1573,19519,15852
808,1566,19653,15949
806,1573,19612,15902
807,1628,19680,15951
807,1559,19670,15941
804,1580,19548,15819
806,1569,19646,15962
807,1585,19600,15919
805,1581,19538,15862
808,1569,19694,15982
803,1582,19516,15802
810,1581,19743,16028
809,1569,19739,16018
804,1575,19618,15902
807,1571,19640,15963
804,1579,19496,15826
811,1565,19774,16061
813,1586,19750,15913
806,1578,19619,15929
817,1551,19978,16232
803,1574,19494,15834
810,1573,19736,16035
805,1579,19531,15803
808,1568,19655,15947
806,1560,19650,15934
807,1573,19681,15944
808,1570,19659,15971
803,1589,19500,15819
804,1575,19515,15861
807,1583,19688,15958
805,1587,19604,15862
807,1568,19645,15945
811,1576,19635,15942
808,1574,19629,15948
805,1575,19584,15896
807,1573,19649,15951
808,1562,19712,16012
805,1572,19561,15837
807,1571,19653,15949
804,1572,19561,15863
804,1580,19555,15863
808,1561,19714,16043
805,1577,19523,15810
807,1577,19662,15951
806,1576,19622,15876
806,1569,19647,15897
807,1569,19662,15973
803,1575,19519,15824
808,1572,19674,15981
806,1571,19644,15919
806,1568,19606,15882
806,1554,19628,15945
805,1574,19589,15890
807,1563,19651,15946
804,1574,19543,15869
805,1567,19550,15894
806,1577,19624,15932
804,1591,19561,15833
808,1563,19712,15993
807,1565,19622,15952
807,1576,19608,15911
805,1571,19570,15898
806,1585,19558,15841
806,1562,19638,15915
807,1579,19657,15937
809,1583,19764,15992
812,1579,19699,15950
803,1577,19461,15796
808,1569,19701,15998
808,1557,19722,16002
807,1549,19595,15856
811,1568,19773,16034
805,1565,19541,15841
810,1576,19758,16041
804,1570,19537,15868
808,1568,19664,15966
806,1571,19599,15919
804,1571,19566,15865
812,1555,19817,16100
814,1602,19694,15958
805,1572,19554,15844
808,1566,19660,15971
810,1569,19617,15883
810,1572,19774,16032
803,1592,19519,15845
806,1563,19634,15886
807,1571,19655,15952
805,1573,19580,15909
810,1580,19684,15991
805,1573,19570,15845
808,1574,19725,15981
806,1569,19588,15885
805,1579,19578,15876
809,1565,19778,16055
805,1580,19531,15865
804,1577,19512,15859
807,1574,19633,15961
805,1577,19578,15873
810,1579,19765,16038
803,1574,19521,15831
808,1567,19634,15941
805,1574,19528,15860
806,1570,19649,15930
811,1571,19701,15954
803,1573,19563,15830
809,1566,19778,16028
805,1580,19594,15884
805,1586,19573,15881
813,1555,19825,16110
817,1592,19832,16039
819,1581,19951,16160
813,1591,19693,15944
806,1569,19613,15909
806,1562,19606,15912
806,1584,19562,15870
806,1574,19619,15934
808,1578,19654,15977
810,1573,19748,15991
810,1575,19645,15912
802,1581,19462,15805
809,1572,19703,16006
804,1572,19523,15857
807,1578,19651,15940
809,1573,19754,16010
803,1587,19491,15775
808,1571,19765,15999
806,1574,19601,15917
807,1586,19632,15935
809,1586,19630,15917
807,1568,19631,15906
807,1572,19692,15955
804,1574,19551,15865
805,1570,19596,15883
807,1579,19667,15955
806,1570,19599,15925
805,1580,19622,15925
805,1585,19519,15854
807,1576,19698,15950
805,1574,19606,15898
806,1571,19602,15916
807,1556,19651,15965
816,1589,19778,16051
811,1564,19728,16004
821,1569,20018,16244
809,1562,19662,15878
809,1569,19728,15981
803,1578,19498,15821
806,1577,19596,15914
813,1556,19841,16142
806,1577,19623,15907
814,1558,19921,16139
812,1585,19646,15928
807,1564,19649,15944
804,1571,19555,15871
803,1574,19531,15863
807,1576,19673,15973
804,1578,19503,15837
808,1584,19716,15963
804,1591,19562,15874
804,1590,19552,15858
807,1577,19659,15957
802,1571,19429,15775
809,1573,19744,16028
806,1577,19640,15924
805,1585,19594,15856
810,1578,19793,16035
807,1580,19539,15823
817,1560,19956,16232
810,1567,19700,15989
818,1591,19853,16091
820,1586,19956,16149
813,1587,19666,15941
805,1557,19635,15919
820,1586,19971,16209
805,1590,19527,15855
805,1558,19574,15883
804,1584,19496,15827
809,1573,19743,15985
807,1579,19627,15936
807,1576,19619,15934
808,1573,19652,15964
803,1574,19451,15801
808,1577,19735,16003
805,1575,19588,15870
808,1568,19684,15943
809,1567,19774,16011
806,1573,19551,15857
807,1579,19675,15988
804,1572,19528,15867
813,1573,19745,16026
806,1559,19650,15897
808,1565,19642,15936
813,1567,19769,16022
805,1578,19563,15866
805,1566,19581,15885
806,1582,19591,15912
804,1574,19545,15878
809,1581,19792,16032
804,1576,19516,15823
805,1574,19589,15913
809,1568,19697,16008
805,1578,19520,15841
807,1562,19721,16000
803,1569,19504,15800
807,1586,19669,15920
805,1580,19661,15895
808,1568,19664,15959
808,1580,19625,15912
803,1572,19493,15812
807,1576,19651,15925
805,1586,19642,15883
805,1575,19538,15881
810,1564,19738,15998
805,1578,19576,15884
805,1561,19582,15911
805,1574,19569,15886
806,1581,19598,15899
806,1567,19665,15941
805,1579,19557,15864
808,1570,19694,15981
805,1580,19560,15873
806,1576,19558,15886
806,1582,19646,15920
812,1585,19733,15983
811,1554,19841,16096
811,1574,19700,15926
806,1570,19579,15899
805,1566,19589,15911
805,1581,19533,15854
811,1566,19825,16083
806,1571,19633,15889
807,1577,19611,15933
807,1577,19663,15953
803,1590,19468,15786
805,1557,19633,15928
806,1573,19605,15929
804,1572,19527,15861
809,1568,19731,16001
803,1568,19492,15792
808,1579,19672,15981
804,1573,19588,15896
807,1567,19596,15927
806,1576,19635,15897
807,1573,19615,15898
807,1576,19718,15951
806,1571,19626,15875
809,1567,19679,15975
806,1579,19618,15911
804,1576,19540,15859
807,1558,19692,15975
806,1591,19607,15887
805,1581,19611,15900
806,1580,19642,15934
805,1582,19573,15886
809,1558,19722,16044
805,1577,19499,15864
808,1575,19667,15964
806,1578,19658,15924
804,1579,19568,15867
809,1572,19726,16004
803,1574,19475,15802
803,1575,19518,15845
806,1571,19651,15936
804,1575,19555,15875
812,1565,19860,16119
804,1571,19564,15836
808,1566,19665,15957
804,1590,19538,15846
807,1577,19587,15906
806,1570,19655,15920
804,1579,19577,15827
806,1571,19647,15957
805,1563,19617,15898
810,1567,19709,15997
821,1562,20030,16284
807,1586,19592,15904
815,1571,19757,16033
805,1576,19631,15904
806,1572,19593,15895
806,1553,19632,15931
803,1578,19461,15787
810,1563,19744,16066
809,1574,19631,15887
807,1573,19633,15931
806,1574,19636,15914
805,1573,19552,15835
809,1582,19731,16010
806,1575,19594,15901
804,1575,19556,15885
808,1562,19697,15968
802,1573,19496,15792
809,1576,19709,16015
806,1581,19635,15913
808,1572,19658,15978
804,1587,19573,15911
804,1586,19490,15830
807,1564,19650,15970
804,1571,19585,15856
806,1566,19616,15931
805,1575,19612,15925
806,1575,19587,15894
812,1575,19687,15979
802,1576,19473,15787
805,1583,19610,15896
808,1570,19695,15962
805,1583,19624,15898
809,1565,19709,16008
803,1580,19481,15827
804,1544,19572,15881
806,1569,19669,15952
806,1573,19618,15885
810,1571,19761,16058
804,1581,19523,15829
803,1575,19527,15841
806,1571,19575,15897
806,1562,19593,15930
807,1567,19679,16002
804,1578,19555,15823
807,1577,19630,15930
805,1573,19545,15866
811,1559,19725,16007
820,1561,19988,16202
806,1574,19551,15867
807,1572,19607,15883
807,1566,19672,15955
805,1581,19637,15891
810,1577,19678,16000
805,1577,19542,15869
806,1562,19627,15952
807,1574,19652,15940
806,1581,19631,15904
806,1561,19615,15934
804,1567,19509,15825
810,1565,19776,16066
812,1579,19681,15956
805,1586,19588,15900
805,1573,19600,15897
803,1582,19532,15802
808,1567,19727,16008
806,1562,19609,15932
806,1584,19591,15904
808,1584,19647,15943
803,1579,19496,15805
810,1557,19776,16062
806,1571,19632,15889
810,1575,19780,16011
807,1545,19573,15856
805,1572,19483,15826
807,1574,19649,15957
808,1584,19701,15957
807,1576,19700,15954
807,1564,19624,15945
807,1578,19624,15905
810,1568,19665,15963
805,1583,19559,15884
805,1571,19571,15908
807,1574,19663,15960
804,1592,19557,15816
811,1562,19814,16094
816,1591,19752,16017
809,1583,19616,15888
806,1571,19613,15949
808,1579,19675,15943
807,1564,19700,15963
805,1573,19568,15859
808,1572,19701,15966
806,1570,19632,15949
804,1569,19545,15869
808,1573,19712,16000
806,1581,19625,15919
806,1579,19641,15899
805,1584,19606,15899
804,1569,19581,15882
808,1572,19713,16028
803,1586,19481,15810
808,1572,19573,15881
805,1577,19576,15889
806,1566,19605,15859
807,1571,19673,16002
803,1584,19479,15811
805,1572,19615,15929
803,1589,19494,15837
804,1567,19544,15853
807,1572,19661,15964
804,1593,19577,15863
810,1571,19797,16041
805,1576,19539,15854
804,1582,19504,15837
808,1560,19704,15988
810,1584,19608,15880
808,1566,19739,15988
805,1577,19556,15867
805,1575,19583,15884
806,1575,19640,15948
802,1581,19438,15760
809,1574,19716,16010
811,1569,19742,16021
820,1577,19962,16196
810,1588,19659,15919
804,1580,19503,15832
808,1565,19664,15975
806,1568,19628,15941
812,1555,19790,16063
818,1582,19820,16060
809,1579,19602,15830
809,1568,19745,15989
804,1538,19533,15853
810,1574,19724,16028
821,1573,20005,16252
808,1574,19661,15918
818,1577,19910,16095
803,1565,19476,15801
806,1584,19628,15919
807,1563,19649,15950
806,1573,19584,15927
808,1568,19646,15950
804,1567,19512,15851
805,1574,19616,15881
809,1572,19719,16021
804,1587,19509,15834
810,1568,19759,16042
802,1583,19468,15793
816,1566,19917,16169
807,1576,19672,15958
806,1561,19659,15899
809,1567,19792,16027
803,1566,19505,15804
805,1580,19564,15894
806,1581,19622,15924
807,1585,19662,15941
809,1560,19783,16027
807,1631,19599,15932
805,1572,19585,15869
806,1570,19584,15909
804,1576,19518,15864
807,1564,19660,15995
803,1588,19465,15794
810,1565,19780,16020
805,1580,19565,15839
806,1583,19581,15904
806,1557,19643,15966
804,1582,19504,15849
809,1568,19724,16006
804,1579,19581,15872
807,1591,19678,15945
809,1577,19688,15958
805,1567,19557,15880
807,1579,19655,15962
807,1559,19640,15947
805,1576,19575,15861
807,1579,19663,15938
803,1567,19478,15783
809,1581,19759,16019
805,1579,19590,15891
808,1566,19683,15997
805,1581,19595,15908
803,1581,19488,15821
809,1573,19758,15999
810,1575,19742,16026
814,1570,19746,15969
806,1577,19608,15928
802,1580,19459,15788
808,1564,19694,15980
803,1573,19513,15813
808,1586,19723,15966
807,1579,19673,15934
804,1584,19550,15844
808,1574,19657,15984
805,1568,19544,15861
806,1570,19673,15942
810,1576,19771,16020
805,1568,19517,15821
816,1556,19939,16187
811,1571,19686,15950
811,1582,19726,16007
811,1585,19649,15924
805,1568,19558,15881
808,1563,19747,16015
804,1581,19521,15820
804,1573,19532,15857
808,1573,19674,15989
804,1576,19535,15859
807,1565,19697,15964
805,1588,19580,15868
805,1575,19640,15907
808,1570,19715,15969
805,1579,19543,15850
809,1568,19709,16031
803,1578,19496,15827
807,1570,19676,15952
805,1575,19620,15897
806,1575,19609,15916
807,1572,19707,15994
803,1584,19476,15804
806,1573,19622,15938
804,1570,19529,15861
804,1567,19538,15852
806,1580,19661,15938
805,1580,19537,15848
808,1562,19698,15979
806,1570,19610,15923
806,1574,19570,15889
805,1565,19658,15932
807,1574,19605,15901
815,1573,19820,16045
805,1585,19656,15919
804,1580,19548,15865
808,1563,19667,15989
803,1577,19435,15766
821,1561,20063,16298
806,1588,19663,15905
805,1579,19567,15878
808,1571,19690,15966
803,1583,19445,15777
807,1567,19651,15962
805,1578,19580,15900
809,1581,19648,15956
809,1563,19712,15994
803,1575,19522,15820
807,1562,19688,15996
806,1578,19602,15914
811,1581,19741,16049
816,1583,19801,16054
804,1573,19497,15790
807,1567,19734,15990
806,1581,19649,15888
804,1576,19541,15856
808,1566,19661,15990
804,1570,19493,15813
809,1568,19731,16007
804,1563,19547,15831
805,1576,19567,15890
806,1574,19648,15938
805,1578,19564,15877
810,1566,19665,15958
803,1583,19486,15828
805,1577,19563,15897
806,1574,19642,15909
811,1577,19728,16012
820,1571,19919,16191
810,1577,19581,15866
805,1586,19544,15888
805,1562,19591,15897
806,1572,19637,15899
808,1553,19754,16015
805,1566,19588,15846
820,1572,19968,16222
803,1573,19550,15859
817,1595,19766,16042
808,1574,19691,15933
805,1578,19589,15876
806,1575,19640,15931
806,1571,19657,15917
803,1570,19489,15824
805,1576,19584,15905
802,1577,19462,15795
807,1581,19649,15964
806,1566,19640,15899
806,1567,19589,15911
807,1572,19662,15976
806,1577,19555,15864
807,1571,19622,15928
807,1573,19641,15922
805,1576,19588,15875
808,1585,19699,15953
803,1580,19513,15767
811,1568,19780,16077
811,1573,19645,15920
808,1584,19657,15950
808,1563,19634,15900
805,1581,19566,15836
808,1575,19700,15989
808,1578,19619,15885
807,1606,19667,15961
807,1572,19639,15943
804,1571,19488,15825
808,1574,19712,16006
804,1573,19554,15840
806,1580,19599,15911
806,1583,19621,15920
803,1578,19507,15830
808,1582,19688,15996
802,1572,19496,15778
806,1571,19646,15928
807,1581,19684,15940
806,1579,19633,15895
807,1573,19676,15974
803,1594,19475,15815
807,1576,19612,15942
806,1572,19639,15933
807,1563,19645,15925
810,1577,19710,15986
805,1572,19537,15842
805,1587,19558,15876
806,1564,19597,15930
805,1587,19559,15871
822,1560,20103,16337
804,1575,19563,15837
808,1574,19661,15973
805,1561,19586,15901
805,1584,19581,15894
815,1568,19764,16040
803,1578,19500,15802
808,1578,19704,15982
807,1573,19704,15965
805,1578,19619,15883
807,1578,19647,15946
804,1583,19502,15849
807,1576,19642,15944
805,1587,19598,15861
807,1590,19665,15924
807,1567,19643,15949
803,1562,19478,15803
808,1553,19708,16000
807,1580,19626,15925
805,1575,19549,15857
804,1571,19547,15874
806,1579,19606,15866
807,1570,19672,15960
805,1588,19569,15889
807,1565,19610,15936
804,1583,19526,15850
807,1591,19595,15876
807,1580,19659,15917
806,1571,19650,15911
811,1564,19779,16045
809,1577,19611,15886
802,1589,19428,15766
808,1562,19706,16013
806,1574,19625,15893
807,1577,19653,15917
806,1584,19627,15929
819,1584,19915,16155
806,1569,19642,15966
804,1568,19551,15889
806,1572,19600,15877
807,1572,19630,15957
805,1574,19598,15880
807,1572,19663,15979
804,1572,19528,15846
805,1571,19572,15892
805,1580,19594,15925
808,1570,19675,15943
816,1567,19851,16070
804,1594,19541,15817
806,1575,19657,15908
805,1570,19568,15888
804,1585,19534,15857
812,1570,19778,16107
804,1582,19559,15830
805,1583,19589,15880
806,1569,19628,15919
804,1586,19548,15852
810,1556,19811,16102
803,1575,19460,15794
806,1580,19587,15907
805,1570,19584,15911
806,1559,19607,15887
808,1578,19716,16014
806,1568,19554,15860
806,1585,19573,15871
805,1574,19582,15914
805,1577,19561,15843
808,1570,19705,15993
804,1571,19558,15832
811,1568,19845,16057
805,1580,19544,15838
807,1584,19611,15912
808,1579,19588,15892
804,1580,19569,15836
809,1565,19768,16025
806,1572,19568,15881
804,1576,19558,15846
807,1576,19658,15953
802,1575,19438,15768
813,1566,19812,16094
818,1598,19844,16090
809,1586,19648,15882
802,1574,19611,15943
803,1572,19436,15779
808,1560,19698,16003
804,1584,19517,15859
807,1582,19638,15916
805,1560,19643,15931
805,1577,19574,15855
808,1572,19744,16005
806,1583,19600,15923
806,1572,19564,15868
808,1572,19661,15967
808,1566,19576,15831
823,1586,20119,16304
803,1583,19501,15819
804,1559,19608,15956
808,1585,19594,15900
805,1567,19541,15877
807,1567,19653,15978
802,1582,19454,15800
806,1574,19644,15919
808,1573,19682,15970
806,1590,19594,15912
807,1579,19658,15958
804,1593,19501,15831
806,1585,19581,15867
808,1572,19703,15989
805,1589,19622,15884
809,1563,19780,16034
807,1573,19499,15821
803,1563,19520,15845
806,1571,19611,15927
804,1581,19546,15831
810,1570,19813,16038
802,1578,19459,15786
804,1579,19607,15925
804,1585,19535,15833
806,1562,19553,15894
806,1576,19621,15935
803,1585,19466,15817
809,1574,19719,15983
807,1579,19615,15912
803,1582,19517,15845
808,1580,19700,15994
803,1586,19484,15831
807,1564,19691,15973
806,1583,19598,15885
804,1581,19591,15864
805,1571,19624,15884
804,1586,19522,15841
813,1556,19839,16126
820,1576,19963,16213
809,1582,19711,15980
811,1576,19683,15941
801,1582,19430,15775
808,1570,19706,15985
808,1577,19705,15981
810,1582,19592,15882
807,1571,19650,15967
802,1576,19426,15771
807,1577,19734,15996
805,1567,19551,15879
809,1578,19687,15994
809,1568,19626,15905
804,1580,19469,15823
809,1580,19763,16032
814,1595,19746,15973
806,1576,19636,15893
805,1560,19669,15942
804,1574,19524,15824
809,1578,19715,16016
808,1582,19550,15850
820,1566,20049,16249
818,1588,19897,16096
809,1571,19586,15865
808,1575,19713,15996
803,1569,19486,15810
810,1581,19595,15921
806,1571,19631,15946
805,1571,19539,15862
809,1568,19784,16047
803,1581,19481,15783
806,1583,19613,15918
804,1568,19561,15867
805,1577,19527,15872
810,1571,19788,16048
802,1567,19484,15787
809,1580,19734,15984
814,1588,19770,15984
803,1581,19510,15829
809,1557,19719,16035
803,1575,19480,15814
806,1573,19621,15899
805,1576,19598,15889
804,1566,19525,15849
811,1588,19804,16093
802,1569,19429,15773
812,1565,19754,16042
816,1586,19740,16020
802,1580,19495,15822
806,1576,19668,15922
805,1585,19515,15840
809,1566,19723,16019
805,1588,19557,15862
804,1579,19563,15871
806,1573,19617,15916
804,1590,19525,15844
822,1561,20132,16340
811,1579,19769,15996
806,1578,19548,15840
804,1574,19574,15881
802,1573,19448,15791
810,1576,19780,16017
816,1594,19813,16038
804,1582,19526,15843
808,1569,19705,15981
802,1576,19451,15763
808,1589,19688,15991
806,1567,19600,15914
806,1577,19602,15910
808,1562,19658,15949
804,1587,19534,15840
807,1549,19692,15988
803,1569,19544,15863
806,1572,19587,15905
805,1583,19570,15877
804,1589,19525,15820
808,1556,19732,15976
805,1578,19603,15866
809,1580,19659,15949
819,1578,19842,16111
812,1592,19632,15912
808,1552,19726,15980
805,1580,19572,15840
806,1580,19661,15952
807,1567,19695,15980
804,1576,19519,15839
810,1563,19744,16052
805,1586,19530,15859
803,1572,19477,15797
806,1576,19679,15925
806,1585,19609,15915
807,1584,19677,15966
802,1564,19443,15771
806,1582,19547,15902
806,1577,19647,15918
806,1570,19602,15897
808,1570,19719,15981
802,1579,19525,15797
805,1582,19562,15879
804,1572,19559,15873
805,1567,19524,15859
807,1568,19669,15949
806,1584,19587,15853
805,1574,19571,15889
812,1577,19775,16017
819,1585,19920,16174
819,1570,19902,16159
816,1580,19875,16147
813,1583,19712,15978
807,1585,19661,15914
805,1564,19577,15902
805,1569,19599,15896
803,1578,19463,15800
807,1567,19643,15972
805,1580,19600,15890
806,1567,19596,15897
807,1579,19698,15958
804,1585,19564,15816
807,1568,19643,15949
805,1565,19582,15914
805,1578,19558,15885
807,1585,19667,15931
803,1581,19548,15824
807,1564,19660,15964
806,1587,19599,15894
805,1588,19601,15903
806,1574,19587,15915
802,1574,19458,15763
813,1558,19803,16097
815,1574,19849,16076
807,1569,19655,15949
808,1559,19590,15892
805,1585,19523,15850
806,1568,19620,15946
803,1568,19482,15787
807,1587,19651,15918
807,1565,19678,15938
804,1569,19602,15852
808,1563,19692,15997
803,1586,19467,15788
808,1565,19651,15978
807,1578,19714,15974
807,1572,19608,15897
810,1561,19776,16048
805,1578,19563,15857
807,1604,19651,15972
806,1574,19595,15903
803,1583,19531,15854
809,1567,19734,16031
802,1572,19534,15804
805,1575,19585,15875
806,1584,19591,15913
805,1578,19531,15829
807,1566,19639,15977
804,1578,19585,15855
805,1575,19592,15895
806,1580,19662,15920
807,1561,19682,15930
809,1570,19649,15939
804,1587,19492,15809
808,1580,19671,15975
804,1587,19563,15841
809,1582,19681,15951
809,1565,19607,15891
804,1581,19530,15835
809,1559,19714,16028
805,1572,19566,15883
804,1579,19535,15867
807,1569,19648,15960
803,1584,19521,15795
808,1578,19691,15979
806,1573,19620,15921
804,1585,19538,15852
807,1577,19626,15948
803,1570,19478,15788
809,1566,19740,16016
811,1579,19669,15921
807,1584,19680,15928
805,1576,19604,15905
802,1593,19450,15796
806,1576,19632,15968
807,1572,19669,15932
806,1582,19619,15878
807,1575,19639,15955
804,1576,19547,15831
806,1566,19631,15942
804,1559,19513,15857
806,1585,19570,15871
806,1567,19596,15917
804,1583,19577,15855
807,1571,19666,15948
802,1574,19458,15768
806,1590,19585,15901
808,1570,19668,15993
805,1576,19554,15846
809,1575,19751,16004
805,1581,19616,15868
806,1570,19674,15946
810,1572,19720,16010
815,1600,19714,15991
807,1579,19665,15959
804,1588,19552,15835
806,1581,19648,15920
806,1572,19626,15933
806,1580,19614,15917
808,1559,19707,16019
802,1577,19460,15790
807,1578,19661,15964
807,1576,19572,15853
805,1576,19608,15862
807,1562,19644,15944
803,1583,19455,15797
806,1575,19601,15916
804,1574,19527,15855
805,1586,19564,15840
809,1575,19735,16020
804,1570,19504,15790
810,1567,19811,16046
805,1582,19551,15869
804,1570,19508,15841
808,1570,19643,15948
804,1586,19532,15813
808,1573,19729,16008
807,1584,19630,15941
803,1581,19531,15838
805,1573,19699,16004
803,1585,19435,15774
814,1561,19837,16103
817,1592,19818,16062
805,1583,19623,15882
807,1576,19661,15955
803,1590,19468,15796
809,1565,19691,16002
808,1571,19634,15967
811,1570,19629,15883
806,1571,19649,15941
805,1577,19548,15840
807,1572,19731,15936
805,1585,19548,15876
805,1586,19600,15910
807,1555,19611,15948
805,1583,19565,15837
810,1570,19788,16038
803,1567,19499,15807
810,1569,19732,16003
812,1575,19672,15942
805,1587,19517,15833
806,1568,19608,15927
803,1577,19494,15828
806,1574,19602,15870
808,1567,19712,15994
805,1571,19543,15852
808,1580,19686,15975
804,1578,19531,15851
807,1572,19630,15914
806,1572,19652,15938
806,1567,19633,15899
814,1559,19934,16158
811,1587,19628,15911
807,1572,19605,15914
805,1588,19570,15883
806,1590,19638,15902
810,1564,19816,16066
803,1577,19483,15814
807,1577,19659,15928
803,1568,19522,15835
804,1578,19539,15867
818,1574,19877,16137
803,1574,19460,15840
807,1584,19695,15949
805,1572,19607,15896
805,1564,19545,15873
806,1576,19611,15934
805,1578,19543,15881
811,1567,19761,16048
806,1571,19615,15887
805,1581,19574,15853
812,1575,19798,16039
813,1589,19653,15936
807,1572,19625,15926
806,1569,19592,15903
805,1572,19634,15918
804,1574,19608,15877
804,1576,19527,15845
808,1555,19687,15989
805,1580,19590,15902
806,1576,19611,15919
805,1555,19560,15889
802,1577,19439,15766
810,1581,19781,16026
805,1569,19585,15901
807,1576,19674,15985
807,1570,19643,15951
804,1579,19457,15788
808,1568,19749,15998
805,1572,19563,15892
807,1578,19672,15937
807,1581,19696,15938
806,1562,19572,15891
807,1573,19664,15959
803,1570,19472,15815
807,1586,19654,15943
810,1567,19758,16003
805,1571,19548,15874
809,1568,19728,16019
802,1574,19459,15803
804,1568,19528,15857
807,1559,19621,15949
806,1580,19598,15913
807,1566,19681,15948
804,1571,19534,15845
814,1562,19877,16158
806,1569,19605,15909
804,1586,19508,15844
810,1552,19797,16066
804,1583,19516,15807
805,1577,19637,15887
805,1574,19609,15888
805,1566,19587,15910
806,1568,19665,15996
804,1576,19540,15849
802,1579,19578,15844
806,1576,19663,15905
805,1582,19554,15872
810,1571,19802,16057
803,1578,19472,15808
822,1578,20055,16301
807,1585,19555,15869
804,1575,19504,15853
808,1565,19711,15984
803,1577,19482,15775
810,1580,19814,16102
806,1578,19555,15858
804,1565,19506,15857
808,1576,19676,15940
803,1584,19504,15801
810,1570,19786,16035
811,1570,19691,15914
805,1568,19566,15896
806,1573,19587,15906
804,1586,19509,15826
807,1563,19704,15976
808,1572,19700,15959
805,1572,19580,15892
806,1601,19639,15920
804,1578,19505,15837
808,1571,19677,15983
807,1570,19628,15960
805,1579,19564,15889
806,1580,19662,15918
815,1600,19807,16064
814,1572,19840,16101
814,1567,19802,16062
811,1557,19722,16024
809,1580,19672,15919
804,1571,19530,15843
810,1569,19780,16031
806,1569,19650,15916
804,1577,19565,15879
807,1577,19646,15951
806,1569,19588,15910
810,1563,19772,16046
803,1581,19543,15827
804,1576,19573,15882
807,1560,19630,15942
810,1565,19688,15985
817,1586,19818,16077
803,1587,19494,15813
804,1561,19544,15861
808,1558,19688,15975
807,1579,19572,15852
808,1559,19716,16017
803,1582,19488,15812
805,1587,19564,15908
805,1557,19571,15863
806,1582,19621,15912
808,1560,19726,15972
805,1573,19556,15829
806,1578,19604,15897
809,1570,19703,15998
812,1582,19630,15929
807,1572,19713,15974
804,1579,19569,15833
807,1576,19660,15981
805,1574,19581,15877
807,1569,19608,15931
805,1579,19591,15909
807,1582,19614,15923
809,1572,19660,15966
806,1573,19642,15917
804,1572,19541,15842
805,1571,19588,15918
802,1571,19465,15821
816,1559,19875,16155
808,1585,19676,15950
805,1577,19589,15867
803,1570,19592,15919
803,1573,19529,15791
811,1567,19773,16054
813,1585,19664,15951
806,1589,19602,15911
807,1567,19670,15948
807,1589,19565,15852
810,1569,19747,16039
806,1566,19618,15907
808,1573,19690,15977
806,1578,19626,15892
804,1574,19527,15848
807,1570,19672,15999
805,1577,19639,15890
804,1584,19551,15838
808,1564,19666,15995
802,1579,19489,15817
810,1576,19754,16062
805,1571,19495,15780
807,1570,19653,15933
807,1579,19631,15902
806,1584,19645,15885
809,1568,19745,16029
802,1595,19429,15785
806,1575,19596,15902
808,1576,19703,15986
805,1573,19616,15862
807,1576,19683,15974
804,1579,19511,15830
808,1581,19664,15953
814,1592,19729,16011
803,1572,19491,15832
808,1571,19706,16004
802,1580,19510,15803
805,1587,19563,15873
805,1571,19605,15913
804,1574,19525,15850
808,1573,19688,15999
803,1555,19499,15805
806,1568,19641,15940
808,1580,19709,15964
805,1579,19614,15878
807,1577,19668,15974
803,1582,19491,15825
810,1562,19765,16073
806,1584,19601,15860
807,1586,19673,15922
808,1579,19611,15891
803,1586,19474,15785
809,1567,19719,16031
805,1583,19542,15848
804,1571,19532,15845
807,1562,19673,15979
811,1592,19625,15878
808,1550,19779,16070
807,1565,19571,15856
804,1596,19571,15869
809,1578,19691,16011
809,1571,19558,15824
808,1570,19713,15993
806,1581,19638,15925
807,1592,19668,15930
808,1581,19627,15933
804,1571,19503,15848
809,1552,19750,16043
804,1585,19579,15840
807,1582,19674,15925
806,1583,19607,15910
804,1585,19536,15822
807,1566,19658,15975
802,1574,19471,15785
804,1571,19540,15877
805,1567,19580,15889
805,1590,19590,15874
808,1556,19704,16010
808,1581,19626,15909
817,1571,20015,16247
806,1570,19608,15926
805,1577,19591,15882
809,1567,19757,16017
806,1583,19623,15881
805,1572,19630,15883
805,1566,19584,15899
806,1586,19544,15889
807,1573,19680,15957
806,1572,19547,15865
805,1569,19603,15880
806,1577,19627,15928
805,1573,19540,15832
811,1570,19785,16066
802,1574,19452,15797
809,1576,19670,15993
812,1581,19664,15920
805,1574,19600,15873
807,1577,19679,15975
803,1576,19506,15812
808,1569,19689,15993
808,1583,19654,15958
806,1570,19580,15856
809,1567,19728,16010
803,1582,19520,15808
810,1566,19813,16069
805,1579,19602,15905
807,1584,19649,15934
804,1579,19558,15869
804,1587,19554,15848
806,1569,19661,15913
807,1579,19652,15952
806,1582,19612,15918
808,1567,19642,15960
802,1581,19435,15768
807,1572,19653,15967
807,1571,19607,15926
806,1568,19635,15892
807,1576,19671,15952
803,1580,19475,15800
807,1579,19640,15929
806,1571,19591,15922
806,1555,19588,15902
806,1587,19603,15904
807,1569,19634,15899
808,1567,19731,15974
806,1567,19615,15939
806,1566,19580,15874
808,1623,19670,16003
805,1576,19573,15864
809,1576,19781,16016
802,1563,19465,15786
807,1571,19665,15939
806,1569,19642,15940
803,1582,19497,15819
809,1565,19714,16002
802,1580,19459,15790
808,1575,19689,15950
806,1580,19630,15920
807,1579,19619,15913
807,1573,19706,15995
803,1571,19492,15835
805,1577,19568,15878
807,1573,19664,15949
806,1571,19630,15899
810,1563,19844,16087
799,1568,19454,15782
808,1579,19659,15958
813,1573,19692,15944
807,1561,19641,15907
808,1568,19752,16009
803,1589,19492,15814
805,1565,19594,15883
805,1574,19556,15876
806,1579,19571,15879
806,1577,19632,15948
803,1568,19477,15799
808,1561,19716,15992
805,1580,19583,15896
806,1592,19597,15911
808,1569,19699,15999
803,1579,19473,15788
810,1565,19767,16053
806,1583,19627,15914
808,1579,19676,15923
811,1579,19737,15956
803,1585,19511,15833
808,1575,19699,16002
805,1578,19592,15919
808,1572,19662,15936
805,1573,19605,15883
806,1561,19581,15887
810,1566,19703,15964
806,1574,19632,15936
805,1571,19539,15868
807,1571,19635,15951
804,1572,19494,15829
808,1573,19732,15998
804,1584,19556,15852
805,1567,19561,15884
810,1576,19750,16025
805,1578,19524,15842
808,1564,19714,16010
803,1576,19499,15798
808,1556,19688,15972
807,1538,19736,15972
806,1579,19576,15884
810,1558,19745,16044
803,1576,19488,15820
806,1577,19658,15924
807,1582,19674,15932
805,1577,19582,15900
809,1564,19731,16004
804,1575,19516,15828
806,1573,19622,15923
806,1570,19598,15914
805,1583,19544,15863
812,1575,19794,16034
807,1572,19609,15907
811,1573,19611,15920
804,1573,19580,15873
804,1579,19516,15861
810,1563,19773,16051
805,1572,19570,15859
807,1585,19653,15913
807,1580,19685,15933
807,1566,19606,15938
808,1572,19636,15945
807,1587,19568,15853
806,1575,19618,15903
816,1566,19993,16025
805,1590,19583,15890
809,1568,19702,16000
810,1584,19694,15919
807,1567,19640,15953
805,1567,19559,15896
806,1572,19611,15920
809,1583,19689,15934
804,1572,19500,15825
809,1575,19709,15989
805,1573,19568,15890
806,1588,19591,15929
811,1567,19820,15963
807,1574,19587,15867
811,1571,19805,16056
816,1570,19991,16040
807,1577,19625,15938
806,1581,19633,15937
809,1573,19676,15902
808,1579,19697,15972
808,1563,19687,15960
805,1580,19577,15881
818,1569,20051,16110
803,1575,19482,15805
807,1563,19686,15989
805,1571,19589,15920
807,1578,19575,15874
808,1571,19695,15972
800,1561,19498,15837
807,1562,19673,15980
805,1558,19556,15873
809,1566,19676,15987
809,1571,19673,15946
807,1580,19636,15909
807,1567,19686,15976
806,1576,19642,15891
804,1575,19561,15876
812,1570,19772,16011
804,1584,19487,15804
809,1565,19754,16010
805,1589,19594,15854
813,1577,19862,16010
816,1577,19997,16096
802,1569,19482,15823
807,1560,19687,16006
803,1573,19499,15818
807,1579,19682,15994
807,1577,19677,15943
808,1581,19686,15969
816,1578,19837,16076
808,1567,19557,15847
807,1582,19590,15912
807,1575,19655,15939
807,1567,19633,15924
811,1567,19847,16071
810,1584,19659,15882
808,1557,19685,16001
806,1579,19600,15913
807,1576,19628,15958
814,1565,19938,16028
805,1570,19592,15867
806,1572,19654,15967
812,1581,19795,16055
820,1581,19930,16040
816,1563,19979,16072
804,1580,19495,15833
809,1567,19678,15971
806,1572,19665,15940
806,1586,19613,15891
808,1579,19668,15959
810,1583,19768,15938
807,1566,19677,15985
807,1580,19656,15950
820,1584,20009,16244
810,1580,19786,16018
805,1561,19538,15791
808,1577,19698,15984
806,1573,19622,15927
806,1581,19616,15937
809,1571,19739,15997
805,1580,19555,15848
808,1570,19700,16012
806,1581,19635,15938
808,1562,19655,15973
808,1568,19655,15988
806,1581,19595,15902
808,1565,19705,16020
804,1589,19591,15856
808,1578,19691,15981
809,1573,19700,15998
806,1568,19591,15894
808,1556,19661,15975
803,1580,19520,15810
808,1581,19704,15971
807,1573,19692,15949
810,1574,19752,15990
809,1564,19737,16044
805,1585,19547,15871
808,1574,19679,15971
806,1579,19658,15932
807,1569,19696,15953
814,1575,19791,16057
805,1577,19560,15863
806,1583,19595,15906
807,1573,19658,15948
812,1572,19745,16053
822,1579,19994,16234
815,1598,19780,15995
811,1572,19649,15931
806,1581,19632,15913
807,1566,19605,15909
809,1569,19729,16031
805,1589,19573,15857
809,1566,19707,16002
807,1571,19666,15927
804,1576,19602,15880
810,1571,19749,16047
804,1572,19601,15962
811,1561,19792,16088
804,1582,19579,15860
808,1581,19675,15942
810,1569,19677,15963
806,1576,19603,15901
811,1563,19786,16058
806,1575,19590,15895
812,1579,19722,16019
816,1570,19865,16082
819,1573,19966,16184
813,1572,19797,16053
810,1570,19751,16039
810,1563,19724,16028
806,1571,19613,15929
803,1581,19486,15783
807,1573,19706,15976
809,1576,19777,16018
816,1575,19926,16145
821,1590,19958,16198
804,1579,19511,15825
820,1582,19903,16170
816,1599,19801,16017
812,1570,19720,15958
809,1574,19733,16016
807,1574,19606,15876
808,1568,19714,16013
804,1579,19492,15827
808,1571,19658,15966
807,1560,19593,15900
807,1575,19676,15958
812,1569,19813,16104
804,1567,19470,15787
809,1565,19669,15956
814,1558,19674,15946
806,1575,19577,15872
812,1559,19890,16097
805,1567,19576,15837
808,1570,19691,15933
805,1574,19601,15925
806,1568,19578,15893
822,1557,20060,16325
806,1571,19615,15869
806,1578,19560,15832
803,1575,19529,15860
805,1578,19555,15856
807,1581,19630,15946
803,1580,19498,15804
808,1573,19622,15938
804,1579,19505,15827
803,1580,19548,15816
806,1581,19622,15910
804,1591,19522,15810
807,1568,19667,15967
803,1575,19453,15787
803,1573,19517,15819
804,1565,19564,15863
801,1584,19451,15743
806,1579,19686,15958
803,1563,19477,15796
803,1578,19482,15820
803,1576,19518,15844
806,1577,19499,15771
804,1584,19613,15899
804,1579,19550,15851
805,1587,19526,15834
801,1574,19521,15861
803,1573,19436,15789
805,1577,19531,15837
805,1578,19573,15890
805,1582,19607,15873
803,1573,19544,15853
802,1579,19437,15780
804,1584,19534,15873
802,1576,19480,15814
807,1575,19648,15942
804,1575,19531,15829
804,1591,19581,15846
806,1569,19673,15946
802,1576,19475,15794
804,1570,19517,15846
805,1584,19568,15897
810,1586,19614,15868
807,1565,19709,15961
802,1573,19478,15802
804,1570,19533,15817
802,1578,19509,15837
803,1564,19470,15814
805,1578,19585,15925
803,1575,19464,15819
804,1570,19583,15844
803,1570,19545,15856
801,1572,19433,15777
811,1566,19772,16046
811,1579,19588,15896
804,1565,19537,15846
804,1573,19550,15844
803,1568,19563,15851
810,1580,19820,16049
804,1579,19446,15762
804,1560,19554,15891
804,1576,19512,15842
805,1578,19603,15886
805,1571,19636,15915
805,1579,19534,15831
804,1568,19643,15908
804,1568,19515,15857
804,1581,19528,15837
806,1574,19619,15931
803,1578,19485,15816
807,1558,19709,15976
806,1580,19609,15928
805,1586,19559,15867
803,1563,19535,15859
803,1576,19439,15783
805,1580,19635,15900
804,1569,19572,15870
805,1575,19611,15894
806,1557,19640,15859
806,1573,19499,15834
805,1584,19574,15900
807,1574,19640,15949
804,1558,19524,15806
811,1582,19760,15982
803,1581,19416,15747
806,1565,19647,15941
805,1573,19581,15882
804,1563,19521,15856
807,1564,19655,15967
801,1579,19426,15763
809,1563,19746,15992
803,1567,19497,15812
812,1570,19756,16045
819,1582,19955,16192
814,1599,19696,15988
813,1578,19751,15997
801,1579,19473,15773
805,1574,19646,15906
812,1585,19827,16033
818,1594,19896,16162
805,1573,19594,15917
802,1576,19466,15799
806,1574,19618,15902
807,1571,19694,15959
803,1585,19514,15820
806,1569,19669,15961
802,1570,19423,15756
803,1582,19498,15830
805,1567,19556,15897
804,1569,19517,15850
807,1555,19711,15970
801,1581,19423,15755
804,1573,19531,15872
804,1573,19528,15860
806,1569,19570,15910
809,1558,19741,16017
804,1579,19504,15815
804,1567,19564,15850
806,1564,19644,15916
804,1570,19542,15860
805,1567,19581,15898
806,1575,19560,15843
806,1569,19648,15907
807,1568,19652,15943
803,1580,19492,15792
808,1565,19698,15958
805,1589,19459,15770
805,1573,19725,16028
803,1565,19498,15837
804,1585,19519,15841
805,1573,19606,15891
805,1571,19576,15898
811,1584,19687,15950
804,1572,19556,15860
803,1576,19505,15849
803,1573,19543,15835
801,1580,19448,15751
808,1573,19723,15972
804,1581,19613,15868
805,1557,19571,15882
806,1578,19590,15909
808,1568,19546,15830
806,1568,19655,15939
810,1577,19754,15985
808,1563,19562,15851
805,1568,19652,15944
809,1593,19558,15850
806,1567,19644,15953
804,1577,19532,15851
805,1569,19550,15869
803,1544,19606,15866
804,1591,19535,15855
809,1563,19746,16037
810,1581,19573,15863
805,1579,19552,15891
808,1565,19689,15969
804,1572,19532,15829
809,1566,19774,16026
804,1574,19583,15852
807,1581,19598,15909
804,1581,19557,15882
806,1576,19595,15915
809,1577,19771,16025
804,1574,19579,15847
804,1566,19539,15855
806,1582,19567,15857
808,1580,19648,15934
811,1565,19666,15971
803,1574,19500,15825
803,1578,19497,15830
805,1587,19578,15867
804,1567,19593,15873
806,1558,19633,15928
809,1580,19620,15913
819,1593,19862,16118
812,1582,19659,15925
803,1578,19506,15804
807,1563,19715,15969
804,1584,19548,15821
809,1563,19732,16035
803,1570,19525,15856
804,1570,19506,15834
806,1566,19677,15940
803,1591,19522,15810
813,1571,19756,16053
804,1575,19586,15860
804,1578,19535,15855
805,1578,19558,15900
801,1572,19416,15765
808,1567,19689,15986
804,1569,19591,15846
807,1571,19631,15926
