2419,10000
806,1582,19605,15912
804,1581,19541,15827
818,1571,19963,16192
821,1557,20060,16312
802,1559,19462,15790
805,1578,19595,15905
805,1587,19606,15910
805,1582,19573,15889
810,1566,19752,16060
804,1580,19555,15832
807,1562,19612,15959
808,1568,19583,15859
804,1577,19518,15843
806,1570,19607,15944
817,1595,19915,16138
815,1573,19886,16111
819,1583,19961,16157
805,1574,19590,15848
806,1569,19652,15960
803,1581,19479,15820
807,1562,19682,16000
807,1574,19650,15927
807,1575,19662,15919
804,1577,19584,15880
805,1574,19514,15832
807,1576,19664,15971
812,1577,19768,16042
819,1593,19915,16164
807,1577,19637,15940
802,1569,19487,15776
806,1576,19654,15942
806,1560,19598,15908
803,1580,19508,15823
805,1582,19573,15905
805,1575,19549,15839
806,1556,19650,15926
807,1588,19694,15949
810,1589,19689,15906
805,1584,19585,15920
803,1579,19481,15828
808,1554,19662,15980
805,1586,19583,15859
806,1571,19643,15917
806,1570,19590,15918
806,1577,19596,15899
805,1571,19611,15939
803,1581,19471,15816
804,1571,19555,15868
804,1557,19523,15857
808,1570,19623,15895
808,1582,19714,15993
803,1583,19479,15817
806,1581,19602,15910
808,1575,19575,15872
804,1568,19559,15846
814,1563,19906,16139
812,1585,19672,15899
805,1571,19624,15895
801,1573,19574,15894
803,1584,19525,15847
809,1567,19702,16031
803,1578,19505,15807
806,1566,19634,15897
806,1573,19582,15871
802,1579,19501,15814
813,1569,19785,16075
815,1589,19700,15968
819,1584,19726,16008
805,1573,19544,15882
806,1578,19626,15877
805,1558,19583,15867
804,1571,19552,15874
809,1568,19701,15989
803,1583,19492,15827
806,1574,19602,15901
805,1567,19613,15918
803,1561,19469,15770
807,1573,19715,15966
806,1569,19617,15934
805,1578,19543,15885
803,1582,19545,15841
802,1576,19505,15775
807,1577,19718,15972
805,1576,19577,15880
813,1594,19686,15941
805,1565,19571,15885
811,1579,19576,15860
807,1568,19629,15944
810,1584,19706,16005
813,1570,19700,15940
806,1587,19608,15907
801,1582,19454,15796
808,1561,19701,16011
802,1567,19465,15813
805,1562,19598,15883
806,1572,19635,15930
812,1596,19757,16002
818,1555,19971,16183
810,1574,19645,15927
819,1569,19944,16207
810,1570,19617,15917
806,1567,19587,15890
808,1565,19752,15987
804,1573,19494,15828
805,1576,19557,15867
804,1577,19594,15903
804,1571,19498,15849
809,1576,19715,16018
803,1582,19485,15830
810,1582,19764,16002
810,1573,19713,15998
810,1568,19602,15875
808,1567,19705,16018
801,1570,19434,15787
807,1570,19612,15925
803,1581,19506,15807
805,1574,19624,15895
813,1565,19874,16086
809,1589,19577,15868
807,1573,19620,15941
805,1564,19543,15886
802,1577,19534,15808
809,1571,19738,15998
804,1585,19476,15768
809,1565,19710,15974
803,1574,19502,15828
803,1585,19503,15829
808,1570,19659,15967
804,1568,19441,15760
809,1594,19765,16025
808,1566,19662,15957
814,1608,19697,15953
805,1584,19575,15900
801,1573,19394,15763
806,1575,19663,15941
804,1575,19568,15866
807,1566,19635,15915
808,1577,19653,15883
802,1575,19440,15764
809,1565,19678,15982
804,1590,19528,15866
812,1560,19785,16024
813,1576,19783,16011
804,1582,19523,15838
806,1565,19659,15941
819,1579,19943,16193
804,1574,19536,15849
805,1568,19599,15942
805,1567,19528,15851
807,1569,19666,15913
804,1587,19515,15824
805,1569,19569,15897
805,1563,19594,15894
803,1577,19473,15820
808,1578,19713,16009
803,1578,19480,15789
806,1580,19669,15938
806,1555,19674,15942
804,1576,19539,15857
806,1563,19625,15937
803,1571,19489,15817
806,1581,19620,15898
807,1569,19685,15956
803,1578,19525,15844
807,1573,19718,15988
802,1574,19460,15789
805,1580,19568,15896
804,1578,19556,15871
802,1569,19470,15818
809,1564,19747,16041
806,1593,19557,15862
811,1593,19631,15912
804,1532,19514,15830
803,1584,19492,15819
807,1568,19689,15966
803,1571,19507,15826
808,1574,19725,15966
805,1569,19695,15943
807,1595,19555,15851
806,1567,19614,15946
802,1564,19440,15802
806,1578,19679,15958
806,1572,19663,15910
803,1574,19490,15809
805,1569,19616,15913
802,1579,19466,15796
806,1573,19620,15933
806,1568,19662,15958
803,1575,19494,15822
807,1572,19671,15933
804,1570,19514,15836
806,1579,19629,15933
803,1568,19517,15849
805,1583,19545,15903
805,1584,19606,15917
802,1573,19470,15770
808,1569,19725,15987
804,1569,19611,15868
805,1577,19558,15884
807,1572,19642,15942
801,1575,19465,15780
807,1578,19685,15963
804,1582,19563,15851
807,1575,19582,15861
806,1570,19643,15936
802,1579,19480,15785
807,1565,19663,15962
804,1566,19483,15824
807,1581,19604,15926
804,1579,19602,15855
803,1573,19527,15826
808,1561,19694,16002
804,1583,19505,15835
803,1583,19493,15834
811,1571,19774,16021
818,1586,19858,16113
822,1575,20028,16217
807,1582,19583,15820
806,1577,19586,15902
804,1573,19554,15882
806,1582,19566,15884
813,1579,19794,16006
803,1582,19534,15821
805,1566,19553,15875
804,1574,19538,15853
807,1571,19600,15904
807,1565,19615,15935
802,1567,19442,15771
807,1570,19627,15940
805,1569,19578,15883
803,1575,19518,15837
805,1571,19613,15926
804,1581,19488,15812
807,1567,19678,15985
800,1562,19554,15860
805,1584,19574,15857
805,1575,19626,15901
802,1570,19493,15762
807,1563,19671,15970
804,1576,19552,15876
802,1578,19483,15814
809,1567,19723,15983
811,1581,19637,15865
805,1565,19544,15853
806,1580,19623,15915
804,1584,19550,15878
805,1582,19574,15897
802,1587,19453,15786
808,1567,19637,15959
805,1577,19595,15845
805,1564,19583,15891
807,1579,19634,15958
803,1586,19447,15782
807,1582,19645,15966
805,1569,19581,15891
804,1583,19587,15877
807,1583,19689,15966
804,1581,19546,15826
813,1562,19830,16097
803,1571,19443,15767
805,1574,19581,15890
807,1580,19720,15965
805,1576,19555,15832
809,1567,19727,16008
808,1574,19554,15822
804,1575,19533,15860
803,1583,19510,15836
804,1585,19521,15841
808,1564,19675,15978
803,1566,19513,15800
804,1571,19540,15865
805,1584,19591,15895
805,1573,19557,15883
808,1569,19694,16032
802,1570,19490,15773
804,1579,19553,15853
806,1579,19642,15917
805,1565,19558,15813
808,1567,19694,15996
803,1588,19473,15776
805,1580,19563,15879
805,1574,19598,15866
818,1586,19964,16173
815,1587,19749,16016
802,1569,19455,15772
810,1568,19731,16024
805,1571,19519,15834
807,1578,19570,15903
805,1569,19596,15893
803,1580,19533,15801
805,1583,19622,15930
806,1575,19595,15912
803,1567,19494,15828
818,1585,19878,16147
816,1595,19761,16012
821,1567,20015,16259
810,1572,19725,15987
804,1559,19550,15813
806,1578,19617,15913
802,1544,19429,15764
809,1558,19702,16007
806,1571,19575,15845
805,1583,19600,15868
806,1578,19595,15909
806,1578,19543,15831
803,1567,19601,15973
806,1567,19542,15853
805,1582,19554,15883
803,1563,19514,15863
804,1588,19554,15837
806,1568,19674,15950
804,1580,19548,15859
805,1575,19545,15870
806,1572,19604,15936
807,1583,19580,15867
808,1559,19708,15986
803,1564,19519,15800
805,1586,19646,15889
804,1576,19575,15893
804,1570,19514,15854
808,1567,19682,16004
802,1578,19511,15790
805,1584,19604,15859
807,1554,19650,15945
805,1567,19565,15861
806,1568,19671,15961
803,1591,19486,15816
804,1569,19543,15876
804,1571,19500,15827
803,1579,19574,15836
809,1580,19731,16030
804,1579,19495,15831
807,1595,19610,15925
804,1572,19532,15855
803,1588,19546,15841
812,1562,19798,16085
818,1586,19882,16089
810,1573,19784,16035
813,1580,19699,15952
802,1589,19475,15791
805,1569,19574,15894
805,1572,19582,15849
806,1580,19680,15944
807,1583,19644,15935
806,1575,19556,15843
806,1566,19652,15963
802,1583,19443,15775
807,1562,19661,15965
805,1577,19575,15896
805,1584,19605,15865
809,1570,19705,15996
807,1575,19510,15809
808,1567,19668,15986
804,1576,19539,15863
806,1576,19649,15901
805,1588,19590,15878
816,1595,19806,16029
815,1568,19922,16118
816,1579,19811,16058
817,1588,19809,16070
810,1578,19615,15900
804,1578,19550,15821
808,1564,19711,15959
806,1572,19609,15919
809,1587,19648,15914
805,1568,19575,15873
805,1589,19540,15855
803,1569,19593,15920
803,1574,19490,15811
806,1576,19643,15901
807,1572,19653,15944
804,1563,19578,15882
809,1573,19718,16022
805,1581,19542,15865
804,1574,19532,15828
808,1580,19703,15970
804,1565,19597,15880
809,1569,19770,16015
802,1585,19486,15795
802,1566,19483,15809
806,1576,19604,15925
806,1567,19598,15905
807,1548,19699,15981
804,1588,19509,15834
806,1579,19558,15842
806,1584,19621,15917
804,1574,19546,15872
807,1572,19662,15960
804,1583,19506,15842
808,1577,19700,15953
804,1573,19530,15850
804,1570,19520,15844
804,1577,19571,15877
805,1583,19528,15864
808,1573,19670,15916
806,1576,19603,15907
804,1580,19557,15831
807,1558,19662,15942
802,1572,19450,15776
810,1572,19729,16039
803,1582,19515,15835
805,1567,19610,15884
805,1573,19638,15896
801,1575,19436,15769
806,1567,19654,15942
805,1578,19580,15895
803,1567,19497,15852
806,1577,19618,15928
802,1572,19444,15782
807,1571,19706,15972
806,1568,19583,15898
804,1577,19527,15843
811,1585,19735,16015
815,1580,19804,16092
809,1555,19774,16025
805,1572,19536,15832
807,1575,19654,15922
807,1566,19720,15981
812,1579,19600,15887
801,1579,19602,15943
801,1567,19413,15772
808,1571,19685,15969
805,1573,19630,15880
806,1576,19549,15884
808,1558,19746,16022
804,1576,19504,15831
803,1580,19525,15856
808,1569,19658,15974
806,1563,19571,15892
810,1562,19790,16056
802,1586,19447,15758
804,1584,19546,15850
804,1570,19549,15886
806,1575,19633,15900
807,1565,19677,15972
802,1574,19484,15779
805,1568,19603,15878
809,1569,19638,15893
805,1578,19564,15873
806,1558,19638,15971
811,1573,19667,15951
809,1580,19726,15978
813,1579,19727,15975
804,1585,19530,15838
809,1563,19746,16030
807,1571,19517,15825
806,1585,19626,15935
803,1574,19493,15825
806,1570,19562,15872
806,1563,19650,15924
804,1578,19519,15827
806,1611,19654,15958
806,1580,19606,15917
802,1578,19485,15823
809,1584,19743,16005
815,1577,19711,15973
809,1554,19746,16029
808,1587,19649,15873
805,1583,19598,15892
809,1584,19595,15898
803,1579,19484,15802
808,1568,19660,15917
807,1576,19648,15932
803,1577,19559,15870
806,1564,19632,15940
803,1588,19475,15815
807,1571,19637,15945
806,1567,19600,15926
805,1562,19525,15832
816,1593,19839,16038
805,1584,19557,15857
808,1563,19713,15991
802,1566,19461,15793
807,1574,19616,15951
807,1577,19622,15877
805,1577,19544,15843
823,1573,20102,16264
807,1587,19647,15891
815,1594,19735,15996
806,1572,19572,15870
805,1573,19567,15891
808,1557,19772,16022
803,1579,19537,15822
805,1572,19580,15906
805,1577,19592,15901
804,1579,19562,15882
806,1573,19630,15955
805,1583,19544,15861
804,1569,19519,15863
806,1574,19683,15947
804,1572,19539,15789
808,1570,19718,16014
803,1578,19506,15807
814,1580,19790,16067
806,1573,19672,15953
808,1565,19607,15871
807,1571,19712,15969
802,1580,19530,15789
806,1573,19611,15907
807,1561,19648,15967
816,1591,19771,16038
819,1559,20014,16215
816,1584,19781,16003
812,1574,19713,15980
806,1576,19609,15910
803,1573,19488,15819
805,1578,19584,15901
807,1583,19567,15881
815,1572,19764,16014
804,1579,19595,15874
806,1563,19582,15904
804,1570,19579,15878
809,1579,19615,15915
813,1568,19822,16122
813,1588,19727,15977
805,1580,19607,15877
806,1582,19614,15885
804,1589,19561,15820
813,1570,19783,16073
807,1584,19623,15926
804,1581,19550,15871
807,1565,19663,15933
803,1585,19549,15822
805,1573,19611,15932
806,1574,19622,15903
805,1581,19573,15881
808,1564,19666,15978
803,1575,19481,15814
808,1569,19662,15982
807,1585,19568,15819
807,1562,19628,15939
804,1557,19543,15843
804,1574,19513,15834
807,1563,19663,15967
803,1572,19496,15803
804,1581,19553,15853
808,1559,19723,15986
808,1571,19689,15938
808,1567,19708,16004
805,1567,19527,15852
806,1581,19554,15839
805,1581,19606,15904
807,1568,19661,15940
808,1574,19711,15971
816,1576,19868,16095
804,1580,19538,15855
805,1574,19562,15890
803,1572,19490,15812
807,1570,19654,15981
802,1579,19530,15803
808,1578,19702,15982
803,1579,19512,15830
803,1588,19504,15827
806,1551,19652,15982
803,1570,19484,15807
809,1576,19756,16024
805,1564,19599,15893
803,1578,19558,15835
806,1566,19637,15937
803,1568,19448,15788
808,1580,19664,15978
804,1570,19582,15871
805,1569,19572,15867
808,1575,19672,15972
801,1573,19469,15768
806,1573,19644,15947
804,1582,19529,15844
805,1565,19529,15861
805,1576,19577,15896
804,1578,19546,15822
808,1561,19717,16015
805,1567,19579,15891
805,1576,19588,15885
805,1570,19560,15907
804,1577,19546,15853
804,1584,19659,15930
804,1562,19569,15867
807,1579,19686,15940
806,1567,19628,15945
803,1579,19445,15794
806,1576,19631,15941
802,1571,19525,15802
807,1581,19665,15935
807,1574,19650,15952
804,1570,19542,15836
806,1571,19638,15931
802,1563,19477,15808
804,1578,19523,15867
808,1563,19674,15986
805,1582,19595,15858
810,1574,19745,16039
804,1578,19476,15808
805,1570,19558,15888
806,1566,19585,15925
806,1576,19604,15890
811,1569,19824,16068
805,1576,19538,15811
804,1574,19603,15854
805,1564,19583,15909
804,1580,19522,15845
810,1572,19765,16057
808,1582,19580,15844
807,1563,19677,15943
804,1581,19512,15825
807,1564,19628,15907
806,1571,19638,15962
803,1584,19482,15824
806,1571,19625,15948
805,1578,19549,15850
805,1575,19639,15914
805,1571,19627,15910
804,1567,19525,15839
807,1567,19670,15986
807,1571,19631,15958
807,1571,19584,15829
806,1567,19612,15896
804,1579,19569,15861
809,1566,19757,16024
805,1552,19571,15875
803,1567,19509,15850
806,1573,19617,15944
802,1574,19470,15756
809,1565,19765,16019
805,1578,19582,15897
806,1557,19677,15977
806,1578,19607,15909
802,1584,19456,15774
808,1548,19713,16020
803,1575,19520,15871
807,1577,19713,15957
805,1575,19597,15906
807,1587,19605,15915
819,1584,19886,16118
803,1573,19447,15785
814,1582,19836,16079
811,1568,19800,16044
810,1588,19625,15886
807,1575,19726,15983
803,1570,19491,15805
807,1577,19627,15933
806,1571,19581,15890
807,1574,19646,15913
814,1570,19804,16032
803,1566,19476,15806
805,1567,19609,15910
806,1581,19605,15923
805,1579,19568,15883
808,1566,19684,16013
803,1572,19482,15819
805,1578,19614,15886
805,1576,19605,15900
805,1576,19567,15880
808,1554,19711,16024
804,1581,19499,15838
804,1582,19595,15870
804,1570,19575,15853
806,1573,19635,15897
807,1574,19714,15967
802,1584,19467,15790
807,1576,19645,15950
804,1573,19527,15851
807,1577,19617,15914
805,1588,19649,15898
802,1583,19470,15811
810,1574,19798,16055
805,1573,19547,15834
804,1580,19506,15829
806,1571,19585,15916
803,1588,19480,15815
809,1579,19762,16024
805,1573,19576,15894
806,1589,19573,15919
812,1589,19753,16033
814,1583,19763,16048
821,1555,20048,16289
805,1582,19601,15881
805,1589,19602,15853
807,1572,19670,15950
802,1579,19448,15763
808,1569,19667,15985
804,1580,19546,15883
806,1567,19638,15911
807,1577,19672,15921
802,1586,19462,15781
810,1583,19764,16042
803,1575,19487,15819
804,1584,19548,15870
807,1567,19640,15969
805,1572,19526,15863
809,1568,19697,15961
802,1582,19470,15791
806,1567,19618,15934
805,1582,19600,15900
805,1582,19532,15877
807,1575,19665,15956
804,1575,19543,15844
806,1562,19634,15901
807,1565,19700,15964
804,1565,19499,15810
809,1569,19709,16004
804,1582,19508,15836
805,1568,19611,15879
805,1565,19599,15898
810,1576,19712,16009
817,1580,19863,16093
804,1573,19472,15798
806,1568,19577,15906
804,1578,19519,15851
804,1578,19510,15848
811,1556,19804,16056
805,1565,19521,15845
806,1574,19608,15911
805,1574,19562,15892
809,1568,19640,15964
820,1580,19942,16150
801,1566,19456,15766
811,1571,19809,16052
805,1574,19644,15886
804,1568,19519,15849
811,1568,19761,16043
812,1595,19619,15901
808,1572,19740,16010
805,1581,19634,15883
805,1572,19541,15866
804,1575,19593,15907
803,1575,19477,15802
806,1559,19642,15971
805,1576,19557,15902
807,1603,19610,15961
807,1579,19702,15953
802,1592,19467,15785
806,1561,19639,15948
805,1574,19599,15904
804,1571,19491,15835
808,1568,19677,15949
803,1575,19505,15802
807,1575,19686,15967
806,1572,19635,15899
806,1571,19586,15913
805,1579,19573,15897
805,1569,19523,15847
809,1572,19736,16019
803,1567,19532,15825
805,1565,19549,15865
806,1566,19673,15962
806,1579,19595,15897
807,1576,19634,15968
802,1578,19454,15781
805,1586,19575,15895
806,1574,19713,15949
804,1572,19547,15859
810,1563,19758,16045
809,1579,19570,15844
806,1566,19562,15903
805,1580,19601,15878
806,1578,19630,15923
808,1561,19739,16010
803,1588,19538,15820
807,1592,19638,15948
804,1568,19518,15846
804,1586,19535,15839
810,1559,19807,16075
805,1569,19514,15802
806,1579,19616,15929
805,1560,19583,15875
805,1581,19538,15861
805,1569,19591,15924
804,1574,19518,15856
806,1573,19616,15945
806,1570,19634,15905
805,1571,19576,15887
806,1578,19604,15921
802,1579,19474,15800
809,1559,19712,16035
809,1570,19624,15874
805,1577,19571,15875
810,1572,19760,16030
805,1573,19557,15802
806,1570,19657,15962
804,1568,19543,15865
806,1575,19599,15904
805,1575,19614,15885
805,1583,19574,15843
807,1563,19664,15969
808,1573,19689,15981
804,1586,19517,15849
808,1567,19658,15981
803,1573,19433,15762
806,1567,19638,15948
806,1571,19623,15907
810,1577,19662,15939
805,1571,19588,15894
803,1577,19506,15832
808,1566,19661,15996
804,1574,19521,15840
806,1575,19633,15919
806,1577,19596,15874
806,1579,19626,15880
808,1576,19676,15969
803,1573,19475,15804
816,1570,19916,16199
806,1571,19635,15891
804,1583,19573,15856
810,1559,19758,16067
803,1579,19519,15811
804,1572,19581,15875
810,1581,19714,16015
806,1570,19531,15819
813,1573,19763,16018
803,1570,19519,15791
807,1576,19655,15954
805,1567,19570,15908
804,1582,19529,15846
808,1563,19655,15998
803,1569,19467,15784
805,1569,19581,15871
804,1570,19587,15874
808,1579,19736,15969
809,1565,19633,15918
803,1577,19481,15812
809,1577,19712,16010
804,1569,19556,15845
807,1565,19674,15938
807,1563,19650,15960
804,1588,19500,15801
807,1573,19651,15957
803,1577,19506,15826
804,1571,19512,15834
804,1585,19559,15894
804,1578,19562,15841
809,1560,19744,16015
805,1581,19581,15896
804,1583,19548,15862
805,1581,19594,15926
803,1591,19530,15813
814,1583,19801,16041
805,1575,19605,15862
807,1573,19685,15912
805,1577,19564,15873
801,1574,19419,15773
808,1568,19678,15994
807,1575,19683,15963
804,1575,19598,15853
809,1576,19704,16014
819,1585,19891,16141
808,1566,19689,15994
803,1582,19518,15842
805,1576,19559,15884
807,1576,19635,15950
804,1565,19557,15824
807,1576,19685,15967
803,1585,19457,15780
807,1578,19621,15917
807,1568,19566,15878
804,1572,19531,15844
807,1571,19670,15940
804,1572,19549,15807
805,1571,19603,15873
809,1575,19689,16001
803,1573,19503,15801
809,1566,19732,16034
805,1580,19546,15821
806,1574,19647,15921
804,1582,19565,15887
808,1570,19702,15965
811,1561,19689,15975
803,1578,19476,15825
805,1589,19565,15886
803,1581,19539,15865
803,1571,19554,15843
809,1567,19723,16009
802,1578,19457,15792
807,1566,19647,15964
804,1591,19517,15842
804,1568,19543,15854
806,1576,19630,15925
804,1575,19562,15825
807,1559,19696,15953
806,1579,19610,15908
802,1572,19493,15823
806,1586,19597,15927
812,1576,19774,16028
809,1551,19741,16029
809,1561,19684,15989
805,1578,19534,15830
804,1577,19579,15895
804,1584,19510,15842
806,1567,19640,15957
806,1569,19602,15919
805,1574,19630,15901
807,1563,19661,15965
804,1583,19460,15771
812,1566,19802,16069
815,1592,19756,16042
808,1576,19595,15886
807,1580,19661,15960
804,1566,19530,15795
808,1569,19742,16000
802,1578,19509,15838
805,1571,19557,15877
804,1574,19569,15878
807,1582,19650,15904
807,1586,19691,15959
804,1577,19508,15832
805,1566,19581,15885
806,1561,19624,15937
804,1584,19507,15833
808,1567,19664,15987
801,1587,19458,15801
814,1560,19909,16122
807,1565,19642,15962
807,1571,19628,15939
805,1558,19626,15942
803,1588,19481,15830
807,1582,19630,15918
804,1556,19528,15835
807,1574,19656,15930
808,1566,19776,16002
807,1578,19549,15867
806,1583,19588,15904
804,1570,19535,15863
806,1571,19635,15916
808,1575,19757,16009
803,1567,19483,15804
805,1577,19604,15893
806,1578,19609,15920
803,1574,19483,15840
806,1568,19607,15919
803,1583,19482,15815
808,1570,19727,15977
804,1576,19537,15823
805,1564,19557,15900
801,1556,19579,15892
802,1578,19453,15805
807,1575,19676,15961
804,1567,19580,15883
809,1565,19615,15887
807,1578,19705,15954
802,1587,19465,15788
808,1560,19690,16004
806,1575,19586,15895
806,1578,19651,15926
806,1573,19619,15894
803,1574,19481,15802
806,1569,19658,15956
809,1570,19661,15987
809,1584,19577,15878
805,1573,19569,15898
803,1569,19478,15817
807,1575,19709,15952
803,1543,19556,15848
815,1574,19861,16107
807,1551,19663,15972
805,1570,19529,15869
809,1574,19748,16033
808,1581,19666,15939
806,1576,19606,15878
806,1574,19677,15936
807,1579,19610,15901
807,1569,19603,15924
803,1592,19473,15803
807,1578,19693,15965
806,1564,19639,15894
804,1564,19559,15869
806,1567,19658,15940
803,1582,19470,15806
809,1578,19657,15960
804,1575,19542,15866
804,1586,19529,15869
809,1565,19762,16008
803,1583,19486,15815
804,1572,19568,15875
806,1567,19590,15924
804,1579,19520,15853
808,1570,19753,16027
803,1575,19554,15822
805,1575,19606,15891
806,1574,19650,15908
804,1579,19536,15862
805,1572,19596,15911
805,1574,19576,15899
807,1576,19640,15929
807,1588,19673,15940
809,1583,19576,15865
807,1577,19662,15937
801,1580,19445,15766
807,1567,19638,15947
805,1578,19556,15886
803,1579,19501,15831
803,1564,19649,15925
802,1580,19442,15781
807,1574,19665,15966
804,1580,19544,15856
806,1561,19598,15944
807,1562,19664,15940
802,1586,19437,15753
807,1571,19727,15979
807,1571,19659,15937
805,1578,19529,15850
809,1558,19695,15986
805,1575,19453,15772
809,1564,19742,16018
807,1561,19699,15971
808,1566,19604,15916
806,1552,19559,15896
806,1582,19579,15898
812,1572,19705,15971
804,1573,19510,15841
805,1573,19561,15887
806,1573,19665,15921
804,1570,19518,15815
809,1572,19691,15992
798,1585,19405,15748
804,1570,19529,15876
808,1579,19713,15985
804,1591,19560,15856
807,1566,19711,15961
803,1575,19524,15788
805,1574,19583,15904
804,1573,19550,15875
804,1584,19519,15859
807,1552,19717,15997
804,1567,19557,15833
805,1587,19572,15870
805,1570,19613,15909
804,1578,19546,15850
810,1576,19702,15966
802,1571,19448,15773
806,1579,19611,15934
807,1562,19627,15870
804,1571,19537,15863
808,1567,19702,16005
802,1585,19472,15792
807,1574,19641,15963
805,1582,19575,15863
803,1579,19549,15848
807,1565,19697,15965
805,1573,19576,15834
808,1556,19747,16040
805,1576,19572,15901
804,1573,19520,15856
806,1572,19624,15906
803,1581,19520,15815
807,1570,19670,15978
805,1570,19562,15846
806,1571,19610,15916
805,1556,19582,15919
804,1580,19488,15816
810,1560,19731,16042
807,1572,19607,15868
807,1586,19630,15939
808,1571,19668,15962
806,1553,19468,15781
807,1565,19659,15978
805,1580,19633,15937
806,1576,19597,15897
806,1570,19637,15895
803,1574,19543,15824
810,1571,19737,16031
803,1573,19488,15823
805,1565,19563,15939
806,1568,19617,15907
804,1584,19564,15828
807,1569,19656,15978
799,1578,19445,15747
806,1575,19620,15920
820,1566,20009,16272
813,1590,19752,16039
821,1541,20032,16296
807,1569,19692,15945
811,1585,19665,15936
806,1570,19598,15914
804,1574,19542,15854
816,1587,19809,16066
803,1582,19528,15819
806,1563,19620,15905
807,1575,19649,15919
805,1572,19624,15897
807,1574,19678,15985
802,1568,19476,15808
804,1572,19527,15852
806,1580,19606,15895
803,1570,19533,15837
811,1560,19754,16050
805,1575,19524,15793
806,1575,19596,15912
804,1587,19550,15873
805,1568,19563,15898
806,1562,19665,15978
803,1568,19522,15793
808,1562,19715,16016
804,1581,19545,15857
804,1575,19539,15870
805,1558,19566,15914
802,1587,19485,15814
807,1554,19665,15947
808,1568,19668,15945
804,1577,19626,15892
806,1576,19610,15908
802,1584,19394,15753
806,1570,19648,15973
806,1580,19630,15906
804,1575,19580,15867
804,1588,19506,15819
804,1578,19525,15825
808,1575,19682,15965
802,1558,19501,15838
806,1569,19564,15908
807,1576,19611,15934
805,1583,19604,15880
807,1568,19641,15951
805,1572,19577,15902
806,1566,19590,15908
806,1587,19615,15935
807,1578,19622,15918
808,1565,19642,15931
804,1576,19558,15824
803,1566,19648,15899
805,1574,19581,15870
804,1576,19521,15840
806,1566,19633,15946
803,1589,19524,15809
805,1588,19608,15880
806,1577,19614,15913
806,1583,19612,15889
808,1567,19714,16016
804,1574,19507,15834
806,1577,19603,15925
803,1573,19552,15856
804,1587,19591,15862
809,1567,19753,16045
805,1576,19526,15852
803,1583,19502,15825
807,1581,19641,15944
803,1565,19500,15799
809,1568,19702,15993
807,1581,19549,15814
809,1584,19738,15961
804,1582,19554,15880
805,1569,19549,15872
805,1572,19584,15912
806,1582,19620,15902
812,1565,19764,15986
812,1567,19740,16021
818,1594,19890,16100
820,1577,20000,16262
805,1589,19555,15883
808,1578,19658,15934
805,1576,19583,15910
805,1588,19599,15854
807,1563,19663,15953
803,1574,19459,15770
808,1554,19720,16036
806,1568,19610,15946
803,1584,19527,15816
807,1584,19676,15956
802,1586,19499,15778
808,1558,19716,15973
805,1570,19574,15867
803,1575,19519,15851
806,1579,19604,15904
814,1565,19826,16089
807,1572,19647,15926
805,1571,19598,15897
814,1567,19801,16065
817,1573,19937,16209
804,1567,19457,15788
806,1561,19622,15946
804,1585,19520,15838
805,1565,19646,15900
806,1577,19601,15904
807,1575,19612,15915
808,1568,19696,16000
803,1585,19464,15809
805,1558,19595,15915
809,1567,19709,15983
805,1578,19573,15836
810,1571,19801,16031
803,1570,19474,15795
807,1572,19594,15904
806,1582,19575,15884
807,1580,19632,15910
808,1565,19748,15989
805,1582,19522,15835
811,1577,19745,16035
814,1577,19827,16075
802,1577,19465,15795
811,1565,19780,16072
803,1582,19444,15761
812,1572,19797,16045
817,1573,19935,16170
804,1582,19518,15840
808,1565,19690,15967
802,1570,19435,15795
809,1571,19731,15992
809,1574,19608,15887
805,1566,19602,15870
804,1547,19677,15941
803,1585,19481,15824
809,1561,19732,16038
805,1568,19511,15834
819,1595,19949,16190
812,1580,19717,15946
802,1571,19458,15786
810,1564,19767,16025
803,1568,19518,15856
804,1593,19523,15850
806,1578,19598,15926
802,1566,19433,15780
808,1583,19730,15978
805,1574,19584,15883
804,1590,19552,15872
806,1580,19633,15925
803,1571,19451,15782
807,1574,19655,15929
808,1564,19734,15985
806,1576,19612,15871
809,1576,19756,15985
804,1573,19525,15850
805,1562,19615,15930
802,1582,19487,15799
806,1575,19620,15888
809,1568,19814,16066
814,1575,19684,15959
808,1548,19719,16015
804,1592,19491,15829
806,1569,19606,15927
809,1562,19683,16002
805,1568,19505,15805
809,1571,19751,15989
804,1585,19508,15829
804,1584,19545,15852
807,1562,19674,15959
805,1578,19508,15855
811,1560,19797,16076
807,1570,19532,15820
803,1570,19670,15915
805,1582,19639,15880
807,1564,19601,15913
807,1574,19650,15966
803,1573,19489,15805
804,1573,19558,15850
807,1567,19674,15924
807,1569,19562,15842
807,1570,19696,15975
803,1576,19495,15805
805,1569,19606,15927
805,1563,19561,15898
803,1586,19514,15840
809,1572,19751,16000
806,1578,19531,15826
806,1562,19658,15952
805,1574,19547,15870
804,1580,19509,15851
804,1576,19570,15870
804,1564,19535,15820
809,1554,19772,16018
809,1584,19644,15878
804,1582,19545,15857
802,1561,19526,15850
804,1567,19480,15820
821,1566,20090,16293
818,1591,19852,16067
806,1574,19615,15916
805,1579,19590,15884
804,1585,19535,15831
806,1572,19626,15946
805,1578,19580,15893
805,1573,19589,15923
805,1576,19657,15924
803,1577,19501,15795
807,1556,19669,15985
804,1576,19533,15863
805,1577,19578,15919
810,1576,19758,16017
804,1577,19528,15815
808,1559,19723,16004
806,1575,19571,15816
807,1564,19626,15950
812,1580,19695,15969
803,1586,19506,15840
807,1573,19687,15953
803,1567,19530,15819
805,1572,19559,15883
810,1577,19764,16020
815,1575,19807,16059
813,1562,19840,16100
810,1581,19561,15866
806,1588,19580,15892
805,1579,19628,15917
805,1570,19558,15863
809,1576,19746,16026
802,1574,19475,15802
807,1582,19589,15907
811,1576,19694,15943
806,1573,19633,15923
808,1569,19688,15950
804,1580,19586,15834
806,1574,19585,15884
805,1576,19552,15865
804,1585,19531,15855
807,1578,19698,15964
804,1569,19573,15855
812,1570,19801,16070
820,1571,19962,16201
814,1576,19856,16106
808,1560,19667,15983
801,1567,19454,15801
807,1573,19661,15962
804,1567,19583,15854
805,1581,19590,15875
807,1579,19666,15947
802,1573,19402,15740
810,1556,19727,16047
819,1580,19967,16204
804,1589,19566,15858
809,1575,19693,15941
804,1569,19545,15810
808,1562,19673,15998
804,1583,19526,15845
807,1590,19662,15978
805,1585,19618,15903
807,1580,19624,15899
810,1576,19670,15939
805,1584,19585,15885
804,1578,19581,15880
805,1578,19569,15899
804,1571,19520,15855
805,1572,19585,15917
806,1572,19603,15883
806,1571,19630,15939
806,1567,19620,15926
808,1593,19670,15942
811,1562,19769,16080
816,1592,19777,16029
812,1578,19695,15956
807,1571,19662,15903
806,1567,19618,15877
806,1567,19674,15987
805,1575,19531,15861
805,1573,19524,15841
806,1576,19648,15923
806,1584,19614,15900
808,1572,19723,16030
803,1558,19489,15791
807,1567,19642,15945
808,1590,19594,15867
804,1567,19519,15848
805,1569,19621,15932
805,1586,19582,15856
805,1565,19570,15870
805,1565,19573,15890
806,1569,19510,15802
806,1564,19647,15956
808,1582,19573,15828
806,1572,19661,15953
805,1567,19586,15873
806,1591,19633,15883
807,1563,19645,15958
806,1579,19521,15813
806,1569,19639,15950
807,1570,19654,15930
807,1587,19652,15917
804,1577,19580,15882
805,1579,19518,15837
808,1576,19710,16012
803,1574,19540,15866
807,1577,19622,15916
807,1580,19642,15964
810,1581,19589,15841
807,1586,19660,15957
803,1585,19531,15851
807,1568,19615,15943
804,1566,19560,15894
803,1586,19456,15758
808,1570,19683,15991
804,1578,19584,15860
807,1574,19705,15952
806,1578,19638,15937
804,1586,19502,15829
809,1557,19729,16035
803,1572,19528,15831
806,1571,19664,15913
806,1583,19650,15950
805,1580,19596,15875
808,1571,19638,15927
804,1579,19528,15844
807,1569,19612,15949
806,1567,19600,15915
806,1584,19568,15853
807,1581,19690,15972
802,1579,19479,15782
806,1581,19611,15913
805,1571,19557,15870
803,1577,19532,15848
808,1575,19731,16024
804,1567,19557,15839
807,1575,19635,15911
806,1571,19625,15914
803,1583,19521,15859
810,1557,19745,16058
803,1586,19503,15802
808,1582,19691,15963
808,1585,19586,15879
806,1581,19593,15888
805,1570,19616,15936
803,1584,19484,15823
810,1565,19735,16040
805,1580,19569,15899
805,1586,19615,15874
805,1581,19617,15911
803,1575,19504,15811
806,1578,19635,15921
804,1575,19530,15880
804,1575,19532,15838
805,1574,19618,15914
803,1570,19525,15827
810,1574,19812,16036
805,1563,19541,15836
811,1583,19704,15995
814,1564,19880,16143
809,1590,19641,15892
822,1559,20105,16317
815,1587,19771,16031
803,1587,19565,15838
807,1578,19643,15947
801,1552,19398,15714
806,1563,19651,15980
803,1577,19534,15847
805,1583,19634,15896
806,1575,19639,15932
803,1575,19471,15808
806,1570,19599,15924
803,1578,19481,15834
805,1566,19597,15900
806,1567,19665,15990
804,1575,19537,15822
810,1570,19817,16057
802,1566,19463,15782
808,1570,19666,15974
805,1569,19593,15914
806,1585,19625,15897
808,1575,19754,15990
801,1581,19449,15805
808,1580,19649,15915
805,1572,19611,15920
807,1573,19609,15926
807,1566,19631,15938
804,1582,19514,15838
805,1573,19602,15879
806,1572,19616,15937
803,1567,19509,15828
808,1576,19721,16008
802,1577,19448,15781
805,1561,19589,15883
809,1582,19628,15892
804,1579,19568,15847
807,1555,19705,15950
803,1575,19513,15815
805,1582,19539,15876
806,1579,19585,15900
805,1572,19590,15873
809,1554,19733,16006
803,1586,19480,15807
809,1567,19749,16026
804,1585,19530,15835
806,1568,19568,15905
804,1573,19564,15875
802,1576,19434,15780
811,1562,19804,16052
818,1559,19966,16236
808,1577,19638,15948
805,1578,19584,15869
802,1582,19410,15782
807,1569,19658,15945
807,1583,19633,15919
804,1576,19600,15860
806,1576,19689,15936
802,1575,19487,15818
807,1572,19662,15967
805,1581,19581,15907
805,1569,19619,15898
806,1576,19634,15917
802,1581,19460,15795
808,1572,19683,15981
803,1574,19518,15837
806,1580,19605,15910
805,1578,19588,15900
801,1577,19478,15791
808,1551,19715,15995
802,1582,19485,15788
806,1580,19636,15965
809,1564,19597,15926
805,1575,19530,15865
808,1568,19732,16015
803,1570,19486,15804
806,1577,19623,15909
805,1571,19698,15943
805,1585,19555,15867
809,1568,19720,16026
802,1573,19453,15800
806,1577,19635,15936
815,1582,19812,16022
806,1587,19585,15885
807,1573,19694,15983
805,1577,19519,15834
807,1573,19595,15927
805,1613,19573,15912
806,1577,19611,15937
807,1560,19737,15990
803,1583,19516,15815
806,1571,19589,15907
805,1570,19517,15837
803,1569,19502,15856
809,1564,19728,16014
804,1583,19513,15785
807,1563,19698,15968
809,1570,19719,15956
818,1595,19841,16110
818,1567,19953,16244
803,1564,19457,15760
809,1573,19759,16018
807,1562,19690,15965
804,1580,19533,15864
808,1575,19712,15993
803,1570,19481,15801
806,1583,19640,15940
804,1561,19547,15890
809,1563,19641,15960
820,1590,19957,16152
804,1589,19481,15780
809,1555,19696,16011
809,1576,19626,15903
804,1565,19529,15847
807,1570,19667,15952
803,1584,19498,15808
808,1561,19708,15963
805,1578,19640,15899
807,1566,19675,15973
805,1557,19544,15870
804,1578,19509,15872
806,1570,19654,15929
804,1580,19579,15848
805,1578,19589,15900
807,1564,19642,15951
803,1578,19468,15802
806,1569,19635,15960
804,1577,19497,15840
805,1567,19562,15895
806,1584,19614,15885
803,1578,19526,15812
815,1553,19894,16172
812,1569,19718,16000
806,1578,19610,15937
814,1587,19777,15989
804,1544,19563,15882
810,1574,19834,16074
805,1578,19560,15808
805,1573,19591,15902
805,1590,19588,15897
806,1570,19588,15903
807,1571,19674,15957
805,1582,19585,15864
804,1569,19541,15843
805,1580,19594,15890
804,1583,19493,15819
807,1566,19696,16009
805,1581,19476,15796
805,1571,19595,15919
807,1571,19654,15927
805,1567,19525,15829
806,1578,19642,15959
803,1582,19465,15794
807,1573,19680,15989
814,1586,19705,15951
814,1575,19788,16039
811,1566,19783,16040
818,1588,19849,16055
821,1554,20054,16298
816,1584,19761,16015
804,1575,19490,15822
806,1583,19620,15902
804,1572,19548,15831
805,1581,19618,15932
807,1564,19676,15962
806,1586,19568,15885
806,1576,19613,15914
806,1583,19561,15851
812,1574,19690,15961
808,1567,19699,15958
806,1583,19612,15909
805,1563,19609,15916
804,1586,19520,15827
805,1574,19585,15962
804,1576,19559,15868
806,1581,19622,15919
807,1572,19693,15960
810,1582,19626,15844
808,1572,19712,15996
802,1569,19452,15781
804,1583,19526,15847
811,1585,19781,16033
810,1580,19618,15866
808,1577,19679,15982
804,1568,19538,15833
807,1577,19612,15918
806,1573,19586,15910
803,1580,19457,15801
809,1576,19691,15996
802,1575,19504,15771
805,1577,19585,15905
806,1584,19592,15892
802,1571,19486,15786
807,1567,19642,15963
805,1581,19565,15844
810,1576,19728,15993
818,1558,19977,16150
806,1587,19642,15882
808,1568,19711,16015
803,1578,19516,15828
805,1574,19510,15834
807,1577,19644,15942
803,1584,19564,15827
805,1561,19599,15912
807,1588,19614,15874
802,1575,19636,15939
804,1576,19526,15866
804,1575,19510,15838
804,1584,19576,15897
803,1584,19511,15794
809,1568,19720,16017
805,1571,19568,15899
805,1569,19542,15868
804,1565,19533,15867
803,1583,19500,15806
810,1576,19768,16032
805,1577,19579,15856
807,1562,19650,15908
805,1572,19580,15890
805,1590,19544,15851
807,1575,19595,15892
808,1563,19695,15967
806,1580,19620,15854
807,1565,19621,15939
803,1583,19481,15782
809,1566,19695,16001
805,1578,19570,15880
803,1590,19531,15859
808,1572,19668,15971
807,1584,19588,15822
807,1566,19682,15950
802,1570,19464,15788
806,1570,19605,15923
805,1572,19550,15891
804,1572,19540,15844
808,1566,19719,15995
804,1567,19532,15819
809,1552,19736,15986
812,1580,19661,15954
804,1580,19471,15817
807,1575,19665,15980
803,1571,19511,15798
805,1584,19604,15897
805,1574,19571,15875
803,1585,19525,15806
807,1570,19647,15948
805,1570,19527,15852
804,1567,19533,15876
802,1575,19489,15881
804,1569,19567,15841
807,1570,19694,15999
803,1579,19452,15769
804,1572,19552,15856
805,1578,19575,15919
804,1592,19564,15849
806,1580,19633,15934
804,1579,19563,15834
810,1570,19783,16021
805,1574,19568,15878
803,1575,19506,15836
806,1571,19626,15938
804,1580,19526,15823
814,1575,19892,16076
803,1575,19543,15852
805,1576,19551,15859
806,1583,19599,15893
801,1579,19436,15781
805,1575,19595,15923
805,1581,19559,15875
808,1567,19656,15933
809,1588,19626,15885
802,1573,19423,15762
807,1557,19648,15967
803,1587,19491,15842
807,1576,19641,15940
805,1570,19566,15868
802,1570,19471,15763
815,1571,19932,16142
820,1575,19967,16219
805,1573,19529,15852
809,1571,19685,15984
804,1572,19511,15790
809,1558,19772,16022
803,1570,19476,15806
805,1581,19605,15897
805,1562,19575,15881
804,1583,19530,15847
807,1577,19667,15975
804,1567,19453,15779
808,1573,19703,15961
813,1584,19721,15979
803,1575,19477,15816
807,1570,19664,15970
800,1578,19398,15749
807,1576,19680,15959
808,1578,19618,15880
801,1573,19593,15851
808,1575,19741,15999
803,1568,19505,15824
805,1577,19556,15877
804,1574,19540,15863
804,1578,19596,15879
810,1566,19802,16047
803,1576,19476,15778
805,1564,19618,15885
804,1573,19508,15840
804,1579,19534,15844
804,1567,19559,15903
805,1581,19505,15847
807,1575,19646,15899
803,1565,19550,15850
807,1584,19588,15895
805,1567,19611,15934
804,1570,19498,15832
812,1569,19850,16103
815,1585,19830,16033
808,1582,19626,15848
806,1567,19697,15971
808,1585,19625,15924
819,1569,19930,16197
810,1584,19609,15911
805,1572,19587,15869
805,1576,19632,15895
802,1580,19470,15803
807,1572,19664,15952
804,1576,19552,15872
806,1579,19596,15898
805,1571,19556,15889
801,1572,19373,15736
807,1571,19708,15976
806,1572,19604,15902
805,1560,19556,15875
803,1571,19561,15880
803,1592,19444,15784
808,1552,19671,15920
804,1574,19588,15882
808,1569,19691,15959
806,1582,19668,15926
805,1581,19538,15868
807,1571,19658,15973
802,1565,19468,15819
804,1564,19564,15869
810,1579,19732,15984
806,1579,19595,15895
806,1573,19661,15943
803,1578,19499,15833
804,1579,19560,15866
804,1576,19559,15876
804,1567,19525,15844
809,1570,19796,16055
804,1590,19525,15837
806,1573,19585,15893
804,1585,19562,15859
803,1567,19484,15853
815,1551,19881,16133
816,1585,19820,16064
805,1578,19598,15889
807,1562,19678,15916
805,1571,19557,15855
806,1576,19607,15932
805,1594,19543,15882
811,1567,19679,15901
805,1583,19607,15870
804,1579,19543,15846
811,1567,19781,16031
812,1583,19614,15897
806,1569,19627,15951
805,1571,19573,15895
804,1590,19520,15841
805,1562,19603,15879
803,1572,19451,15784
807,1574,19693,15983
804,1582,19567,15923
804,1572,19458,15785
808,1568,19685,15973
804,1573,19479,15770
809,1578,19754,16023
806,1580,19635,15908
810,1575,19703,15973
819,1585,19937,16210
806,1569,19561,15864
817,1578,19849,16067
806,1583,19631,15887
804,1581,19532,15855
805,1570,19597,15894
805,1560,19584,15895
806,1564,19596,15925
805,1582,19573,15886
805,1569,19582,15910
806,1565,19637,15921
803,1586,19485,15794
808,1567,19710,16015
802,1569,19484,15794
806,1575,19595,15928
805,1573,19605,15901
805,1583,19564,15850
807,1569,19695,15969
811,1569,19745,15975
817,1575,19822,16073
810,1586,19623,15905
805,1576,19552,15878
808,1565,19738,15992
803,1581,19541,15815
806,1584,19609,15918
806,1578,19631,15938
803,1583,19475,15801
808,1565,19700,16009
802,1571,19486,15814
807,1579,19549,15852
812,1571,19807,16033
809,1568,19671,15969
821,1560,20016,16265
808,1575,19618,15909
812,1584,19655,15936
804,1587,19552,15843
806,1563,19624,15923
807,1549,19695,15961
804,1582,19562,15835
807,1574,19636,15943
803,1574,19522,15839
803,1538,19494,15803
804,1563,19617,15875
803,1584,19503,15809
808,1577,19671,15958
803,1551,19562,15833
807,1572,19553,15839
806,1570,19613,15939
802,1576,19457,15785
807,1571,19643,15961
809,1567,19725,15971
805,1574,19572,15889
806,1582,19612,15912
803,1567,19466,15785
806,1562,19629,15958
804,1582,19582,15874
807,1574,19634,15925
807,1585,19715,15977
802,1580,19525,15787
811,1592,19758,16065
805,1574,19546,15880
809,1571,19689,16000
806,1576,19609,15895
804,1582,19544,15828
807,1554,19665,15980
804,1567,19550,15848
805,1589,19544,15854
805,1570,19579,15897
805,1573,19542,15862
806,1569,19621,15936
804,1576,19528,15809
805,1582,19584,15904
806,1565,19620,15933
803,1573,19501,15816
814,1554,19892,16178
808,1583,19566,15843
805,1570,19624,15885
807,1570,19714,15969
804,1568,19612,15861
807,1565,19661,15963
802,1577,19477,15802
803,1573,19514,15842
804,1590,19598,15873
804,1587,19583,15859
808,1575,19692,15996
803,1585,19502,15801
809,1583,19709,15985
813,1596,19687,15965
803,1587,19508,15839
808,1569,19684,16010
806,1571,19593,15860
806,1579,19630,15912
804,1567,19549,15868
804,1579,19545,15851
812,1565,19764,16067
815,1596,19761,16008
811,1581,19723,15975
805,1580,19639,15889
804,1584,19529,15830
807,1563,19667,15974
803,1574,19475,15807
808,1577,19671,15976
805,1576,19609,15889
804,1573,19562,15837
806,1568,19584,15902
818,1586,19888,16109
808,1579,19669,15975
802,1577,19545,15900
805,1585,19553,15873
806,1585,19566,15887
803,1583,19491,15787
808,1575,19704,16006
804,1575,19541,15849
808,1576,19692,15976
809,1581,19593,15894
807,1577,19615,15902
809,1580,19640,15898
805,1570,19598,15883
805,1586,19677,15910
821,1580,19986,16221
805,1595,19550,15885
807,1568,19649,15949
802,1572,19534,15833
808,1567,19694,15949
805,1577,19578,15882
805,1583,19567,15860
808,1570,19690,16003
801,1574,19422,15778
808,1567,19654,15966
814,1591,19743,15999
804,1563,19712,15980
813,1574,19763,16012
803,1582,19503,15817
805,1582,19572,15880
806,1583,19594,15923
804,1574,19564,15871
809,1569,19752,16029
802,1580,19527,15789
806,1573,19674,15918
805,1578,19575,15880
803,1581,19520,15839
806,1565,19650,15962
803,1572,19507,15785
816,1573,19923,16132
805,1581,19576,15886
802,1585,19499,15812
807,1566,19654,15973
812,1583,19714,15987
808,1571,19706,15998
804,1558,19510,15855
812,1570,19755,15994
815,1593,19782,16013
803,1579,19468,15785
810,1570,19750,16054
813,1578,19695,15968
805,1581,19551,15845
812,1576,19802,16051
811,1577,19719,15969
816,1560,19940,16152
820,1577,19945,16189
807,1587,19626,15929
809,1571,19589,15892
804,1585,19520,15818
807,1566,19684,15940
805,1574,19553,15882
805,1573,19624,15890
806,1567,19634,15932
805,1588,19525,15849
807,1559,19637,15963
802,1575,19534,15849
807,1585,19690,15942
808,1567,19675,15977
806,1581,19586,15910
806,1577,19621,15932
802,1567,19461,15794
810,1576,19743,16020
815,1589,19783,16020
804,1579,19551,15829
811,1577,19825,16038
802,1576,19438,15786
806,1576,19598,15916
806,1565,19621,15925
805,1567,19584,15858
813,1554,19905,16149
817,1587,19803,16057
819,1563,19988,16221
811,1571,19747,16021
811,1590,19581,15873
808,1563,19699,16017
803,1575,19498,15823
808,1571,19705,15952
803,1579,19550,15846
806,1585,19585,15879
809,1555,19800,16089
803,1577,19447,15801
805,1581,19617,15889
806,1580,19621,15920
805,1585,19623,15891
808,1573,19753,15992
802,1573,19475,15803
806,1584,19622,15902
803,1530,19519,15846
819,1590,19869,16086
816,1589,19858,16042
801,1567,19433,15769
810,1567,19772,16050
805,1579,19550,15867
805,1579,19538,15865
806,1580,19633,15943
802,1574,19456,15804
810,1567,19760,16021
805,1580,19576,15877
804,1576,19556,15861
805,1573,19578,15903
802,1581,19461,15793
809,1574,19742,16003
804,1567,19586,15856
807,1574,19682,15931
809,1574,19731,15978
802,1567,19400,15748
809,1562,19718,16018
804,1582,19529,15860
805,1583,19641,15913
807,1570,19670,15934
803,1581,19493,15806
807,1572,19689,15963
803,1574,19511,15851
805,1575,19577,15906
810,1575,19715,16015
803,1581,19474,15797
807,1567,19727,15990
803,1580,19475,15811
806,1568,19609,15926
805,1560,19610,15926
803,1573,19505,15855
808,1582,19714,16000
804,1572,19506,15786
806,1575,19638,15911
806,1579,19670,15932
807,1570,19627,15927
806,1562,19653,15942
803,1582,19504,15835
809,1579,19710,15967
804,1574,19605,15868
806,1565,19600,15906
811,1556,19801,16066
804,1581,19523,15839
804,1571,19543,15861
808,1567,19672,15988
808,1585,19551,15850
810,1567,19810,16042
804,1583,19478,15774
807,1574,19658,15979
805,1568,19570,15879
804,1593,19494,15846
806,1579,19649,15919
804,1571,19504,15810
808,1577,19758,16003
804,1538,19661,15896
811,1582,19684,15977
814,1567,19819,16096
817,1579,19851,16125
812,1568,19848,16088
818,1591,19893,16096
818,1586,19847,16114
820,1579,20002,16233
807,1571,19598,15898
816,1574,19793,16070
805,1583,19531,15860
805,1574,19587,15888
807,1568,19670,15953
802,1568,19446,15758
809,1571,19752,16037
805,1569,19554,15884
805,1581,19583,15890
806,1584,19581,15877
804,1571,19527,15836
808,1571,19742,15999
803,1560,19566,15842
805,1577,19600,15897
805,1577,19585,15908
803,1581,19477,15811
809,1569,19749,16027
804,1571,19526,15806
807,1577,19654,15965
808,1579,19691,15989
804,1578,19528,15854
809,1575,19717,16034
802,1582,19444,15776
805,1580,19559,15890
809,1567,19738,15981
804,1577,19552,15875
817,1583,19849,16094
802,1574,19461,15777
812,1559,19727,16046
821,1585,19971,16192
818,1586,19964,16176
815,1569,19905,16128
810,1571,19726,15945
819,1560,19942,16204
814,1594,19717,15977
805,1580,19540,15886
807,1594,19723,15990
803,1571,19549,15806
805,1573,19604,15914
805,1569,19590,15884
805,1579,19550,15858
805,1572,19594,15919
806,1576,19585,15897
811,1584,19677,15968
806,1583,19645,15915
806,1573,19573,15862
809,1567,19729,16032
802,1577,19477,15801
808,1572,19704,16007
805,1577,19584,15871
805,1565,19584,15877
806,1585,19653,15915
803,1578,19526,15801
806,1566,19656,15959
811,1578,19717,15999
811,1586,19607,15899
806,1570,19621,15914
803,1585,19517,15791
806,1564,19629,15934
806,1575,19641,15918
804,1574,19535,15856
810,1568,19741,16047
806,1580,19487,15803
809,1571,19710,16033
806,1577,19653,15913
804,1583,19595,15893
806,1566,19602,15924
803,1566,19476,15794
806,1569,19607,15928
805,1582,19580,15871
804,1579,19570,15858
808,1563,19712,15982
805,1577,19583,15872
814,1569,19862,16120
809,1581,19627,15911
818,1595,19826,16079
815,1583,19767,16006
804,1579,19549,15818
810,1581,19747,16046
803,1589,19522,15821
805,1573,19564,15878
808,1560,19662,15991
808,1584,19650,15969
813,1574,19728,16008
800,1580,19520,15803
807,1567,19614,15927
805,1574,19602,15934
803,1574,19510,15837
812,1569,19797,16095
812,1579,19644,15909
806,1569,19607,15909
807,1557,19640,15923
804,1580,19578,15827
817,1580,19825,16093
811,1583,19597,15879
807,1578,19637,15932
804,1576,19597,15870
806,1587,19604,15894
806,1574,19630,15928
803,1576,19512,15817
808,1581,19687,15987
805,1580,19557,15886
803,1569,19550,15868
808,1567,19676,16001
804,1571,19590,15877
807,1569,19668,15950
819,1575,20005,16235
810,1571,19708,15978
817,1590,19771,16055
802,1584,19461,15768
809,1561,19712,15998
807,1584,19653,15914
807,1569,19686,15931
806,1580,19593,15901
802,1569,19430,15778
808,1563,19700,16015
811,1584,19752,15990
808,1575,19631,15874
808,1560,19674,15977
804,1583,19522,15822
809,1567,19733,16035
806,1565,19585,15898
805,1581,19528,15849
806,1574,19651,15956
805,1582,19601,15866
808,1567,19687,15989
802,1574,19446,15786
807,1567,19631,15949
805,1577,19575,15901
815,1568,19804,16056
808,1563,19732,16028
805,1573,19563,15847
807,1563,19693,15942
807,1586,19665,15967
804,1582,19534,15850
809,1566,19743,16038
803,1577,19521,15803
807,1568,19682,15930
804,1569,19555,15884
807,1581,19628,15909
807,1571,19670,15970
803,1572,19493,15839
805,1576,19567,15876
804,1573,19527,15865
804,1580,19602,15848
807,1558,19675,15974
806,1581,19541,15873
809,1591,19607,15890
808,1573,19635,15965
803,1581,19523,15845
814,1555,19910,16152
805,1572,19588,15865
811,1571,19805,16043
804,1569,19562,15867
805,1576,19578,15911
807,1574,19629,15935
804,1581,19562,15840
810,1563,19785,16051
804,1569,19538,15840
806,1584,19603,15893
806,1578,19593,15911
803,1580,19482,15825
808,1566,19684,15998
807,1571,19621,15945
805,1580,19597,15858
806,1575,19585,15882
804,1580,19494,15812
808,1562,19679,15991
805,1569,19548,15882
811,1569,19759,16004
817,1582,19817,16043
804,1592,19509,15801
809,1572,19771,16015
806,1572,19561,15871
806,1569,19588,15910
807,1561,19642,15970
804,1566,19536,15846
808,1560,19709,15975
800,1575,19462,15789
805,1587,19575,15867
812,1557,19793,16057
810,1576,19587,15870
808,1578,19675,15976
802,1574,19441,15782
807,1559,19688,15957
811,1571,19675,15937
806,1576,19591,15901
806,1577,19625,15945
805,1587,19516,15851
808,1568,19671,15972
805,1579,19579,15878
806,1581,19625,15901
808,1564,19762,16001
814,1568,19809,16113
806,1575,19605,15929
804,1574,19527,15851
806,1585,19640,15916
808,1571,19756,16014
803,1569,19507,15835
807,1580,19667,15940
807,1564,19623,15931
804,1572,19522,15844
808,1588,19707,16008
802,1573,19454,15797
809,1572,19774,16020
805,1582,19565,15875
804,1577,19531,15849
802,1560,19620,15908
804,1578,19498,15828
810,1560,19745,16029
805,1580,19593,15895
806,1567,19624,15903
807,1568,19699,15960
804,1583,19520,15835
808,1571,19725,16036
806,1572,19587,15928
805,1578,19589,15872
806,1561,19662,15917
802,1576,19421,15759
821,1562,20057,16289
806,1579,19564,15857
819,1573,19955,16210
806,1570,19608,15928
804,1570,19482,15817
806,1580,19693,15958
807,1600,19689,15991
806,1589,19605,15906
811,1577,19757,16045
816,1590,19752,16030
816,1578,19835,16072
799,1575,19449,15753
806,1562,19654,15928
815,1576,19881,16085
808,1570,19638,15932
816,1579,19802,16056
801,1562,19419,15745
815,1576,19866,16099
813,1570,19839,16070
818,1568,19928,16170
809,1555,19771,16054
805,1581,19558,15866
808,1566,19663,15983
805,1577,19571,15910
807,1572,19600,15932
818,1568,19907,16101
802,1569,19481,15782
805,1575,19582,15877
804,1576,19547,15858
811,1577,19683,15983
823,1558,20155,16354
816,1582,19766,16027
813,1587,19698,15922
807,1576,19691,15941
803,1586,19518,15829
808,1575,19685,15984
802,1575,19453,15789
812,1572,19825,16062
812,1584,19699,15922
806,1567,19586,15905
805,1576,19603,15898
805,1581,19514,15807
806,1564,19643,15961
804,1574,19533,15849
804,1582,19513,15856
807,1580,19695,15939
804,1577,19472,15775
808,1563,19680,15973
806,1569,19603,15922
805,1569,19550,15876
805,1571,19563,15855
803,1571,19540,15852
818,1554,20034,16263
808,1580,19658,15891
808,1571,19688,15978
807,1571,19569,15871
804,1577,19480,15820
806,1588,19657,15925
806,1551,19651,15922
806,1532,19623,15924
808,1578,19636,15893
804,1580,19498,15840
807,1567,19644,15962
802,1573,19497,15831
806,1571,19594,15921
808,1590,19734,15978
807,1575,19631,15912
808,1568,19653,15951
802,1578,19467,15784
804,1571,19540,15872
809,1564,19731,16016
804,1567,19540,15826
822,1582,20077,16279
805,1574,19617,15851
808,1575,19679,15990
818,1569,19858,16130
818,1590,19891,16143
810,1577,19818,16098
804,1587,19547,15815
806,1567,19598,15908
808,1583,19644,15904
807,1579,19635,15940
807,1565,19630,15941
804,1578,19516,15836
804,1580,19518,15841
806,1582,19663,15910
804,1583,19528,15846
805,1555,19692,15997
801,1588,19445,15788
809,1583,19675,15989
805,1576,19578,15858
807,1569,19618,15906
806,1584,19669,15928
809,1583,19722,15941
822,1563,20070,16312
806,1578,19524,15838
811,1567,19707,15986
817,1598,19886,16105
806,1573,19561,15798
810,1562,19750,16049
804,1578,19555,15856
806,1567,19591,15877
807,1561,19630,15939
802,1581,19434,15772
807,1563,19648,15968
806,1568,19604,15892
806,1580,19606,15885
806,1562,19575,15900
802,1576,19445,15772
809,1565,19721,16040
805,1572,19601,15900
805,1569,19633,15918
804,1567,19630,15903
802,1572,19507,15793
808,1556,19718,16011
804,1577,19547,15889
800,1578,19479,15837
817,1571,19995,16212
804,1568,19534,15816
809,1572,19712,16010
804,1576,19556,15842
805,1567,19579,15881
811,1567,19811,16094
812,1582,19726,16005
819,1595,19889,16146
810,1585,19641,15881
804,1571,19575,15870
806,1583,19609,15918
803,1584,19557,15867
807,1567,19643,15961
810,1586,19666,15946
807,1576,19593,15860
805,1573,19649,15903
806,1564,19609,15895
808,1565,19708,16010
805,1578,19529,15841
804,1568,19523,15855
806,1568,19638,15901
804,1583,19600,15886
807,1577,19700,15987
802,1574,19509,15799
807,1575,19630,15953
804,1567,19524,15842
804,1583,19556,15873
807,1577,19642,15957
807,1577,19677,15923
822,1571,20038,16262
808,1579,19675,15978
813,1586,19628,15906
805,1566,19583,15931
804,1585,19519,15817
810,1563,19793,16077
805,1580,19616,15878
805,1582,19640,15884
807,1542,19656,15958
802,1573,19461,15810
809,1561,19715,16028
806,1572,19587,15866
808,1576,19682,15940
806,1569,19596,15933
803,1580,19528,15816
806,1577,19641,15940
806,1571,19589,15908
806,1584,19609,15913
806,1571,19607,15930
802,1565,19481,15768
807,1575,19673,15979
805,1571,19583,15899
805,1568,19569,15892
804,1577,19533,15879
804,1577,19535,15845
808,1581,19722,15992
805,1577,19635,15878
816,1575,19919,16119
809,1576,19703,15995
803,1584,19497,15817
807,1565,19689,16012
804,1567,19534,15824
805,1578,19623,15882
805,1587,19595,15889
806,1580,19598,15901
807,1570,19635,15950
804,1587,19514,15850
819,1580,19934,16185
805,1579,19597,15906
806,1583,19660,15911
808,1577,19708,16001
805,1562,19543,15867
807,1573,19625,15922
805,1582,19594,15927
818,1591,19844,16089
816,1572,19833,16062
808,1571,19560,15860
805,1585,19622,15900
804,1581,19559,15865
806,1569,19581,15909
808,1569,19612,15913
804,1592,19570,15871
808,1577,19698,15955
804,1580,19537,15847
804,1572,19562,15854
806,1547,19653,16017
803,1586,19473,15789
808,1567,19710,16007
809,1575,19680,15982
804,1572,19564,15822
806,1568,19640,15941
803,1575,19489,15818
809,1565,19751,16045
804,1583,19519,15863
811,1586,19760,15971
805,1572,19621,15894
805,1584,19554,15845
808,1568,19746,15985
807,1569,19643,15962
804,1574,19529,15854
806,1571,19586,15922
802,1585,19466,15770
810,1568,19799,16046
806,1570,19590,15909
805,1578,19592,15887
807,1579,19648,15959
803,1571,19453,15789
808,1563,19703,16000
812,1571,19740,16037
818,1595,19878,16096
821,1575,19985,16241
804,1568,19510,15838
809,1571,19734,16024
803,1583,19489,15830
810,1566,19760,16039
807,1574,19657,15960
807,1588,19649,15912
807,1572,19732,15976
808,1588,19633,15926
805,1580,19559,15881
806,1558,19615,15926
804,1582,19565,15851
807,1564,19703,15962
805,1577,19518,15851
804,1536,19606,15878
808,1554,19668,15983
804,1581,19531,15847
809,1573,19748,16033
801,1577,19425,15776
804,1570,19613,15884
805,1570,19596,15885
806,1580,19577,15893
809,1567,19727,16024
805,1566,19527,15841
809,1576,19682,15965
808,1578,19688,15904
806,1569,19606,15888
808,1564,19709,15982
808,1566,19657,15879
807,1570,19630,15942
805,1582,19552,15871
806,1574,19598,15883
808,1573,19674,15942
803,1570,19486,15809
808,1571,19689,15982
806,1575,19616,15938
809,1577,19664,15969
816,1566,19904,16204
810,1588,19583,15875
808,1577,19729,15991
807,1571,19633,15924
803,1585,19539,15865
808,1572,19700,15982
801,1579,19407,15750
808,1573,19746,16031
806,1576,19623,15891
806,1578,19642,15963
808,1569,19727,15966
805,1578,19514,15827
809,1569,19716,16028
804,1568,19546,15862
809,1560,19721,15989
813,1581,19753,15976
806,1585,19558,15876
808,1573,19712,15970
804,1583,19540,15864
805,1561,19567,15889
811,1568,19747,16054
807,1576,19540,15840
809,1557,19740,16014
804,1578,19514,15828
805,1581,19615,15938
808,1577,19654,15957
804,1578,19552,15879
808,1567,19730,16008
805,1575,19568,15875
805,1580,19616,15863
810,1567,19756,16019
805,1583,19547,15879
812,1573,19809,16088
807,1575,19526,15822
805,1578,19600,15898
806,1582,19657,15905
805,1575,19537,15875
810,1554,19800,16057
803,1575,19475,15804
807,1577,19597,15911
804,1583,19574,15873
806,1575,19569,15898
806,1567,19671,15957
807,1577,19594,15890
823,1558,20098,16335
808,1572,19660,15977
805,1564,19545,15886
803,1575,19550,15868
805,1584,19563,15858
811,1570,19784,16005
809,1571,19735,15978
808,1573,19657,15957
806,1572,19585,15904
803,1578,19484,15813
807,1571,19699,15970
806,1583,19650,15916
807,1572,19609,15934
808,1563,19729,16015
812,1576,19726,16004
809,1572,19699,16010
805,1571,19582,15912
808,1555,19677,16005
807,1579,19674,15922
812,1577,19805,15959
809,1568,19734,16034
807,1571,19651,15964
812,1571,19748,15987
821,1581,19999,16215
809,1575,19697,15966
811,1556,19757,15990
806,1569,19681,15935
806,1576,19606,15920
805,1573,19564,15887
804,1580,19571,15893
817,1572,19966,16172
819,1592,19979,16200
807,1567,19646,15936
806,1558,19606,15893
808,1585,19693,15919
808,1564,19670,15981
804,1577,19498,15826
807,1574,19630,15938
810,1561,19767,16048
804,1567,19571,15868
809,1572,19736,16018
803,1578,19499,15815
805,1583,19551,15889
808,1570,19672,15964
805,1571,19596,15892
809,1570,19756,16009
804,1575,19571,15833
806,1577,19592,15915
808,1580,19670,15977
805,1566,19558,15886
811,1566,19801,16066
807,1575,19618,15840
809,1562,19732,16042
806,1573,19582,15886
806,1575,19616,15919
811,1568,19786,16082
813,1592,19669,15943
808,1567,19646,15971
806,1583,19628,15904
807,1564,19621,15930
807,1563,19641,15946
806,1583,19536,15870
809,1574,19704,16002
807,1564,19661,15959
806,1569,19610,15900
810,1556,19810,16069
805,1580,19546,15831
811,1564,19783,16069
807,1566,19582,15888
807,1574,19613,15938
806,1590,19633,15911
803,1577,19520,15811
807,1569,19676,15976
808,1568,19692,15980
808,1580,19672,15962
804,1581,19582,15887
814,1583,19761,16036
809,1553,19737,16046
805,1562,19613,15889
806,1580,19588,15934
807,1569,19618,15943
806,1582,19592,15890
811,1558,19816,16118
804,1568,19543,15839
806,1571,19702,15984
810,1568,19687,15941
807,1574,19659,15918
809,1561,19717,16007
808,1577,19616,15925
811,1581,19627,15916
807,1573,19656,15929
806,1565,19610,15894
810,1555,19771,16068
805,1584,19576,15862
814,1572,19909,16018
812,1562,19795,16061
806,1575,19574,15908
810,1566,19763,16061
817,1581,20014,16059
811,1572,19675,15946
817,1562,20021,16087
808,1567,19652,15963
807,1556,19675,15974
807,1575,19640,15924
807,1574,19644,15925
807,1564,19673,15938
808,1562,19652,15895
808,1568,19696,16001
803,1582,19497,15807
807,1569,19660,15962
808,1573,19710,15976
807,1580,19667,15928
807,1563,19642,15974
806,1573,19638,15912
806,1568,19647,15959
806,1565,19592,15905
803,1578,19498,15826
805,1574,19585,15910
805,1581,19549,15841
808,1551,19705,16004
805,1586,19563,15890
807,1587,19602,15921
805,1588,19593,15908
804,1589,19527,15841
806,1574,19658,15933
815,1571,19849,16083
822,1560,20061,16259
815,1593,19754,16011
805,1573,19476,15768
809,1565,19697,16022
805,1572,19608,15891
807,1569,19693,15946
810,1589,19607,15916
803,1581,19520,15815
806,1557,19645,15950
804,1584,19511,15842
804,1581,19558,15867
804,1573,19534,15859
804,1587,19568,15830
809,1555,19715,15999
804,1576,19449,15772
804,1546,19549,15855
807,1561,19654,15943
802,1576,19502,15814
804,1580,19597,15910
804,1575,19558,15832
801,1572,19519,15838
806,1569,19600,15925
810,1579,19565,15854
804,1560,19612,15929
808,1570,19622,15862
817,1593,19886,16088
804,1572,19533,15869
804,1567,19527,15834
808,1567,19682,15986
801,1576,19404,15751
801,1577,19430,15764
804,1569,19544,15874
805,1561,19609,15873
806,1567,19632,15951
802,1588,19449,15772
802,1559,19495,15813
807,1584,19592,15878
802,1576,19478,15789
806,1575,19633,15947
802,1571,19509,15779
805,1564,19641,15915
802,1575,19462,15793
801,1586,19479,15811
807,1568,19646,15962
813,1582,19654,15902
808,1573,19705,15919
803,1567,19521,15855
811,1576,19828,15933
805,1570,19558,15901
807,1570,19623,15816
813,1561,19793,16069
812,1563,19737,16026
810,1561,19738,15978
828,1573,20284,16261
804,1582,19476,15787
813,1583,19696,15918
803,1585,19522,15869
810,1572,19786,15913
804,1580,19635,15916
802,1570,19506,15783
806,1567,19691,15940
811,1582,19788,15869
811,1566,19828,15932
806,1566,19641,15975
802,1576,19504,15789
813,1564,19879,16112
808,1589,19607,15910
812,1570,19766,16013
814,1574,19808,16051
816,1589,19859,16120
810,1573,19645,15922
807,1579,19649,15865
805,1570,19597,15892
806,1567,19626,15901
805,1566,19536,15816
810,1565,19764,16061
807,1578,19484,15802
810,1588,19744,15924
807,1570,19637,15872
810,1564,19752,15950
811,1573,19819,16011
805,1581,19533,15807
805,1567,19542,15855
805,1577,19573,15857
805,1571,19607,15851
810,1564,19776,16007
805,1564,19541,15795
809,1564,19743,15964
805,1577,19610,15892
805,1593,19563,15856
805,1565,19586,15921
802,1576,19458,15790
807,1561,19718,15966
804,1579,19543,15843
803,1579,19505,15835
804,1576,19557,15872
805,1581,19499,15853
806,1572,19667,15937
805,1577,19576,15890
802,1586,19503,15794
803,1581,19592,15854
800,1582,19404,15731
805,1575,19614,15916
804,1574,19491,15796
806,1571,19614,15888
805,1566,19581,15853
802,1575,19449,15792
807,1573,19659,15941
804,1569,19529,15852
804,1579,19517,15853
804,1570,19552,15868
803,1581,19471,15811
815,1578,19884,16126
806,1565,19608,15910
807,1573,19566,15832
809,1575,19758,15967
803,1582,19455,15801
812,1563,19815,16064
806,1578,19529,15804
804,1576,19570,15860
813,1577,19899,15928
804,1578,19552,15863
806,1567,19628,15940
811,1577,19795,15912
805,1569,19592,15894
809,1573,19625,15906
802,1575,19459,15794
809,1570,19757,16033
809,1573,19710,15831
808,1580,19638,15874
804,1570,19552,15878
803,1567,19497,15838
808,1566,19733,15974
803,1571,19499,15814
804,1568,19565,15889
803,1577,19528,15837
802,1581,19450,15820
807,1563,19706,15992
801,1574,19444,15736
806,1574,19607,15888
808,1577,19688,15901
804,1564,19513,15842
807,1563,19622,15940
807,1582,19525,15828
806,1570,19643,15928
802,1575,19531,15825
803,1576,19506,15826
805,1577,19622,15924
800,1570,19370,15722
809,1568,19746,16032
803,1559,19481,15804
804,1582,19513,15844
806,1581,19692,15939
801,1571,19430,15746
806,1565,19635,15935
804,1567,19542,15862
804,1560,19483,15853
804,1573,19609,15902
802,1574,19487,15796
807,1571,19712,15966
805,1568,19617,15873
804,1571,19545,15874
804,1576,19555,15863
801,1571,19391,15723
808,1559,19711,15996
805,1575,19618,15893
819,1571,19930,16197
812,1575,19697,15937
804,1576,19498,15816
808,1558,19681,16004
803,1583,19476,15824
805,1572,19579,15893
804,1573,19609,15887
802,1575,19491,15809
805,1559,19595,15906
802,1583,19454,15789
804,1573,19541,15891
808,1567,19728,15987
811,1587,19642,15903
807,1573,19718,15978
802,1575,19541,15831
