2539,5000
2843
2989
2924
2887
3001
2847
2987
2916
2893
2992
2860
2997
2893
2902
2992
2841
2993
2888
2906
2979
2847
3007
2879
2909
2971
2846
3002
2863
2938
2980
2855
3008
2851
2949
2964
2862
2995
2852
2948
2958
2869
3007
2831
2964
2939
2879
2997
2826
2972
2936
2885
3003
2822
2975
2919
2898
2990
2816
2985
2894
2880
3000
2830
2979
2900
2904
2984
2842
3001
2887
2902
2981
2842
2995
2872
2928
2973
2842
2997
2861
2942
2975
2853
2997
2864
2930
2965
2865
3000
2841
2943
2954
2854
3000
2821
2951
2946
2860
2991
2809
2951
2929
2873
2980
2803
2957
2904
2881
2981
2838
2969
2906
2889
2980
2823
2987
2878
2893
2981
2833
2983
2872
2895
2966
2821
2987
2862
2890
2979
2834
2994
2852
2904
2967
2852
2987
2848
2917
2951
2852
3001
2829
2950
2940
2843
2985
2824
2943
2934
2851
2993
2821
2957
2932
2868
2990
2801
2964
2911
2879
2979
2812
2972
2899
2868
2979
2817
2967
2890
2885
2977
2833
2983
2881
2892
2981
2833
2990
2865
2892
2972
2848
2993
2845
2908
2951
2856
2988
2851
2918
2965
2844
2993
2839
2936
2945
2841
2990
2812
2941
2945
2861
2987
2806
2958
2921
2870
2981
2814
2959
2923
2865
2976
2823
2962
2919
2867
2973
2841
2970
2896
2890
2988
2822
2974
2879
2887
2982
2832
2991
2857
2900
2962
2841
2986
2851
2896
2953
2831
2985
2837
2926
2955
2831
2981
2834
2933
2939
2854
2994
2825
2939
2930
2847
2992
2810
2953
2919
2862
2985
2800
2962
2922
2868
2976
2815
2959
2900
2868
2988
2822
2966
2894
2878
2987
2828
2984
2868
2892
2972
2822
2996
2887
2886
2969
2830
2993
2850
2910
2963
2847
2988
2857
2925
2958
2838
2994
2826
2927
2958
2844
2994
2836
2936
2932
2854
2981
2805
2954
2931
2856
2990
2807
2953
2930
2865
2975
2804
2957
2900
2879
2978
2830
2962
2879
2882
2975
2833
2977
2885
2889
2969
2832
2988
2863
2888
2971
2827
2981
2849
2905
2978
2833
2981
2835
2901
2970
2855
2993
2833
2926
2944
2853
2987
2830
2932
2948
2865
2986
2823
2959
2942
2853
2987
2814
2949
2920
2865
2978
2808
2956
2918
2862
2988
2822
2978
2889
2883
2980
2832
2985
2885
2884
2981
2841
2977
2876
2897
2985
2828
2993
2854
2889
2961
2847
2995
2843
2924
2958
2849
2991
2834
2936
2947
2847
2986
2831
2934
2938
2857
2981
2822
2939
2932
2852
2983
2805
2945
2932
2876
2979
2823
2960
2911
2885
2977
2822
2967
2894
2885
2981
2813
2979
2897
2896
2973
2815
2987
2872
2881
2970
2826
2988
2849
2887
2975
2851
2996
2852
2915
2955
2847
2987
2846
2923
2946
2843
2991
2825
2941
2942
2858
2987
2805
2935
2926
2864
2984
2834
2956
2933
2865
2977
2824
2958
2919
2873
2983
2813
2970
2892
2879
2985
2812
2976
2882
2887
2983
2832
2988
2880
2888
2977
2833
2992
2857
2886
2969
2832
2996
2842
2914
2957
2841
2982
2828
2934
2948
2849
2987
2833
2922
2941
2865
2995
2821
2948
2929
2866
2979
2819
2948
2937
2874
2974
2824
2952
2907
2874
2981
2814
2978
2895
2873
2987
2817
2965
2873
2880
2969
2832
2978
2879
2876
2963
2817
2978
2869
2900
2979
2831
2999
2858
2901
2964
2842
2982
2843
2916
2953
2835
2986
2838
2921
2955
2839
2981
2827
2941
2949
2850
2980
2819
2952
2925
2869
2982
2806
2962
2905
2884
2977
2822
2955
2900
2884
2979
2827
2974
2893
2873
2982
2823
2976
2871
2893
2971
2818
2990
2869
2889
2973
2844
2996
2844
2905
2958
2855
2984
2839
2914
2956
2831
2997
2833
2922
2936
2858
2993
2812
2949
2956
2862
2980
2815
2942
2940
2853
2990
2816
2951
2914
2872
2980
2835
2962
2904
2863
2986
2808
2974
2900
2888
2969
2826
2971
2869
2882
2968
2824
2991
2867
2891
2973
2827
2995
2848
2893
2959
2846
2995
2843
2923
2966
2837
2988
2826
2934
2949
2857
2985
2817
2931
2937
2857
2985
2817
2946
2938
2869
2992
2815
2964
2922
2853
2977
2809
2971
2904
2873
2988
2817
2968
2890
2887
2983
2816
2976
2886
2886
2976
2839
2990
2857
2894
2961
2838
2985
2864
2898
2959
2846
2989
2850
2909
2952
2834
2984
2845
2929
2943
2855
2994
2813
2930
2931
2859
2994
2814
2954
2943
2860
2988
2823
2961
2919
2869
2976
2823
2961
2914
2870
2982
2824
2967
2898
2873
2988
2823
2975
2886
2894
2970
2826
2983
2879
2890
2963
2840
2987
2864
2900
2971
2831
2980
2850
2907
2951
2844
2997
2834
2929
2947
2852
2995
2829
2938
2942
2855
2980
2833
2947
2941
2871
2980
2800
2960
2921
2858
2988
2811
2973
2909
2883
2983
2826
2981
2897
2883
2980
2836
2982
2890
2872
2975
2833
2995
2867
2907
2973
2837
2990
2855
2912
2962
2834
2983
2840
2925
2952
2833
2986
2837
2934
2949
2830
2992
2844
2929
2947
2857
2983
2820
2938
2943
2864
2986
2808
2957
2932
2860
2993
2823
2953
2916
2862
2986
2811
2976
2895
2878
2973
2818
2971
2893
2883
2988
2836
2995
2869
2881
2971
2842
2981
2851
2898
2961
2829
2994
2851
2902
2965
2844
2988
2859
2923
2953
2832
2985
2822
2941
2940
2870
2987
2806
2945
2936
2865
2985
2823
2953
2935
2863
2979
2823
2960
2921
2864
2988
2815
2967
2907
2886
2977
2809
2965
2882
2889
2981
2820
2989
2873
2895
2971
2832
2993
2869
2897
2972
2840
2984
2863
2917
2955
2854
2983
2850
2929
2952
2853
2998
2826
2941
2959
2848
2997
2813
2946
2946
2854
2991
2818
2954
2945
2878
2992
2812
2975
2919
2889
2989
2819
2961
2912
2876
2980
2837
2981
2886
2890
2985
2822
2992
2880
2886
2976
2833
2984
2865
2901
2973
2847
2993
2855
2904
2971
2835
2998
2844
2910
2950
2862
2993
2848
2928
2948
2852
2997
2830
2949
2949
2848
2992
2818
2949
2944
2855
2984
2809
2953
2920
2890
2993
2817
2969
2904
2869
2990
2818
2970
2891
2902
2981
2832
2984
2889
2885
2968
2825
2993
2861
2906
2970
2839
2984
2863
2902
2978
2852
2989
2843
2930
2955
2852
2998
2849
2928
2941
2843
2996
2833
2938
2942
2860
2997
2810
2954
2931
2857
2995
2826
2959
2928
2876
2982
2826
2956
2918
2874
2987
2822
2968
2905
2876
2970
2811
2986
2882
2905
2975
2841
2985
2875
2893
2971
2837
2989
2853
2908
2961
2843
3002
2853
2914
2950
2843
2995
2841
2918
2946
2857
2986
2835
2938
2950
2848
2992
2813
2954
2940
2850
2982
2814
2956
2926
2861
2988
2819
2967
2921
2876
2976
2835
2978
2897
2890
2973
2812
2975
2888
2902
2974
2850
2983
2876
2879
2970
2842
2991
2855
2892
2971
2835
2985
2862
2908
2961
2829
2985
2836
2914
2967
2843
2995
2819
2924
2941
2846
2984
2815
2958
2934
2851
2986
2824
2953
2937
2855
2994
2833
2960
2911
2878
2977
2805
2961
2906
2887
2984
2833
2985
2885
2890
2978
2837
2985
2879
2885
2980
2826
2994
2860
2892
2958
2823
2982
2859
2905
2967
2835
2998
2840
2929
2948
2845
2987
2834
2928
2950
2846
2993
2832
2943
2932
2849
2988
2827
2966
2939
2861
2992
2820
2972
2910
2867
2991
2815
2968
2899
2883
2991
2824
2972
2880
2871
2981
2823
2982
2885
2887
2981
2844
2991
2869
2904
2975
2825
2982
2862
2902
2957
2852
2991
2835
2932
2950
2839
2989
2844
2932
2965
2852
2992
2832
2945
2942
2873
2999
2814
2947
2930
2884
2988
2821
2955
2916
2865
2982
2816
2972
2914
2886
2986
2830
2972
2905
2879
2986
2826
2992
2895
2891
2986
2842
2988
2869
2902
2974
2843
2998
2872
2917
2963
2849
2994
2859
2930
2949
2863
2995
2844
2930
2959
2851
2982
2816
2949
2943
2852
2994
2820
2948
2932
2884
2994
2823
2953
2927
2865
2991
2814
2965
2908
2882
2980
2811
2980
2892
2882
2979
2844
2978
2872
2898
2984
2836
2991
2878
2893
2977
2835
2988
2855
2920
2964
2841
2991
2863
2911
2965
2848
2988
2841
2924
2948
2845
2986
2833
2938
2940
2850
3004
2813
2953
2930
2867
2983
2811
2961
2920
2878
2989
2816
2980
2909
2886
2993
2811
2980
2905
2898
2995
2825
2986
2874
2891
2978
2841
2989
2874
2890
2985
2827
2989
2857
2900
2970
2833
2987
2856
2918
2965
2847
2988
2829
2928
2958
2848
2999
2825
2948
2945
2862
2986
2830
2948
2932
2865
2994
2810
2965
2925
2871
2976
2819
2958
2905
2882
2986
2830
2974
2907
2880
2988
2825
2989
2883
2900
2979
2823
2983
2882
2895
2965
2822
2990
2859
2896
2972
2849
2994
2842
2927
2958
2840
2997
2832
2938
2946
2852
2993
2849
2938
2938
2843
2991
2816
2955
2943
2863
2992
2819
2962
2947
2869
2984
2826
2963
2921
2869
2983
2835
2981
2905
2889
2990
2838
2980
2890
2906
2983
2832
2988
2884
2897
2989
2839
2988
2878
2904
2968
2854
3001
2866
2908
2965
2849
2994
2858
2938
2959
2861
3002
2846
2955
2954
2868
2994
2827
2961
2954
2870
2998
2813
2970
2928
2878
2992
2833
2972
2919
2873
2993
2830
2973
2907
2881
2992
2833
2992
2890
2890
2984
2838
2990
2869
2905
2984
2839
3000
2869
2910
2969
2853
2996
2870
2914
2970
2849
2994
2859
2929
2957
2841
3007
2837
2949
2951
2857
2993
2832
2956
2941
2875
2993
2836
2953
2942
2869
2985
2840
2963
2924
2890
2983
2826
2971
2919
2882
2986
2844
2985
2892
2896
2985
2830
2991
2879
2905
2979
2839
2991
2885
2900
2977
2847
2992
2873
2918
2968
2860
2997
2846
2923
2970
2855
3002
2839
2947
2953
2868
2994
2827
2941
2956
2857
2995
2823
2960
2933
2875
2987
2813
2969
2924
2877
2985
2823
2980
2918
2880
2995
2826
2964
2892
2882
2977
2829
2979
2884
2889
2963
2830
2976
2867
2882
2965
2827
2984
2849
2890
2960
2834
2973
2822
2908
2938
2835
2991
2814
2919
2928
2835
2969
2799
2932
2913
2827
2973
2810
2935
2913
2860
2965
2814
2939
2900
2867
2971
2797
2949
2900
2854
2975
2796
2966
2863
2861
2964
2790
2954
2865
2864
2944
2796
2961
2859
2880
2955
2821
2987
2868
2907
2967
2837
2980
2828
2905
2944
2822
2974
2819
2909
2926
2822
2979
2832
2933
2946
2864
2994
2822
2967
2952
2901
3006
2853
2980
2956
2903
3009
2848
2990
2927
2889
3008
2835
2983
2913
2902
3003
2847
3001
2908
2910
2999
2856
3021
2901
2935
3001
2868
3015
2900
2924
2983
2872
3017
2877
2938
2974
2860
3000
2841
2945
2949
2851
2980
2844
2935
2954
2864
3000
2833
2957
2956
2877
3000
2844
2975
2950
2901
3004
2864
2984
2947
2893
3010
2842
2995
2918
2903
2997
2841
2993
2909
2914
2995
2849
3004
2899
2917
2986
2869
3009
2897
2922
2987
2872
3006
2884
2933
2984
2861
3004
2858
2946
2980
2878
3013
2858
2964
2959
2877
3016
2845
2961
2951
2888
3004
2846
2970
2945
2878
2992
2839
2975
2927
2890
2995
2850
2986
2924
2908
3005
2854
2991
2925
2911
2994
2860
3011
2896
2915
2998
2854
2999
2890
2922
2993
2861
3010
2883
2940
2974
2871
3001
2870
2941
2966
2885
3008
2858
2957
2963
2872
3011
2840
2971
2957
2885
3005
2827
2966
2952
2880
3003
2829
2972
2941
2894
2999
2850
2979
2921
2898
3010
2837
2995
2922
2908
3006
2845
2995
2905
2911
2994
2845
3015
2879
2909
2991
2859
2997
2872
2921
2986
2862
2999
2862
2934
2956
2861
2995
2850
2951
2959
2865
2995
2830
2956
2962
2878
3005
2841
2969
2949
2890
3004
2833
2972
2925
2893
2994
2844
2980
2909
2883
3000
2845
2988
2914
2900
2995
2837
2993
2884
2920
2985
2860
2999
2881
2900
2984
2863
3009
2866
2913
2963
2855
2999
2849
2943
2956
2870
3009
2851
2947
2951
2871
2996
2843
2950
2945
2864
2992
2825
2951
2937
2875
2987
2823
2960
2913
2877
2983
2818
2979
2911
2892
2985
2834
2984
2894
2883
2991
2832
2984
2872
2897
2975
2833
2994
2861
2897
2974
2842
2987
2865
2908
2962
2850
3002
2847
2929
2973
2855
2995
2840
2949
2945
2870
2988
2824
2946
2946
2858
2992
2810
2950
2940
2861
2989
2813
2969
2920
2874
2985
2820
2972
2907
2872
2995
2812
2967
2886
2885
2982
2832
2985
2868
2891
2966
2825
2986
2873
2887
2965
2835
2998
2864
2904
2956
2826
2991
2855
2909
2956
2847
2986
2825
2924
2950
2844
3003
2844
2937
2941
2856
2989
2834
2948
2941
2857
2980
2800
2961
2923
2862
2988
2820
2958
2898
2893
2983
2830
2969
2884
2889
2987
2819
2987
2888
2880
2973
2825
2982
2871
2887
2981
2831
2994
2851
2896
2969
2844
2994
2833
2924
2956
2844
2994
2841
2916
2949
2835
2982
2832
2938
2945
2860
2984
2820
2949
2949
2854
2985
2807
2959
2909
2860
2979
2811
2955
2904
2860
2984
2821
2975
2891
2895
2973
2828
2975
2885
2888
2965
2818
2981
2860
2895
2970
2845
2993
2855
2894
2959
2834
2993
2853
2916
2947
2834
3002
2832
2939
2948
2837
3001
2824
2932
2948
2856
2978
2801
2956
2926
2852
2992
2809
2963
2919
2879
2987
2808
2974
2902
2861
2984
2826
2970
2889
2887
2972
2827
2973
2875
2893
2976
2835
2985
2861
2903
2965
2844
2986
2869
2890
2967
2828
2983
2850
2906
2959
2850
2989
2836
2932
2945
2843
2997
2823
2938
2935
2861
2993
2824
2950
2942
2855
2987
2811
2952
2931
2860
2976
2809
2972
2914
2867
2990
2811
2964
2896
2890
2984
2825
2973
2897
2887
2972
2837
2986
2875
2884
2973
2850
2990
2853
2912
2962
2845
2983
2856
2905
2957
2848
2983
2850
2918
2958
2848
2986
2832
2932
2944
2852
2994
2815
2947
2937
2867
2983
2807
2969
2928
2856
2995
2831
2955
2922
2873
2979
2813
2959
2900
2879
2982
2818
2973
2895
2877
2976
2826
2991
2885
2887
2987
2842
2985
2861
2908
2969
2840
2992
2848
2900
2968
2839
2996
2843
2926
2961
2855
2992
2828
2924
2938
2845
2988
2813
2941
2946
2859
2998
2815
2959
2938
2872
2986
2810
2956
2936
2874
2981
2828
2967
2907
2876
2980
2829
2985
2891
2893
2973
2827
2983
2874
2900
2972
2827
2995
2859
2890
2972
2846
2999
2868
2912
2964
2848
2999
2865
2915
2956
2837
2985
2831
2940
2952
2856
2990
2827
2935
2937
2864
2990
2811
2958
2931
2882
2995
2829
2954
2938
2870
2982
2841
2974
2915
2885
2988
2829
2972
2898
2879
2979
2823
2974
2882
2883
2985
2840
2995
2879
2897
2983
2847
2990
2861
2905
2962
2835
2988
2846
2924
2968
2847
2989
2850
2944
2953
2845
2993
2823
2947
2953
2866
2991
2827
2963
2936
2849
2983
2825
2954
2922
2854
2983
2808
2953
2909
2878
2971
2806
2957
2898
2876
2984
2817
2979
2883
2884
2984
2821
3000
2853
2889
2961
2836
2981
2859
2904
2957
2820
2988
2839
2904
2950
2835
3003
2832
2916
2953
2859
2991
2814
2929
2932
2856
2984
2804
2939
2933
2844
2991
2808
2952
2920
2869
2978
2816
2954
2916
2867
2998
2823
2964
2903
2876
2987
2821
2976
2888
2876
2969
2820
3000
2868
2886
2970
2836
2983
2869
2904
2966
2835
2985
2846
2921
2960
2852
3008
2837
2929
2950
2855
2992
2833
2931
2954
2854
2986
2843
2954
2940
2852
2985
2828
2953
2927
2869
2993
2812
2966
2919
2865
2993
2816
2965
2910
2879
2990
2820
2982
2905
2893
2972
2837
2988
2876
2898
2985
2833
2977
2868
2892
2973
2829
2988
2846
2912
2956
2848
2991
2850
2921
2946
2858
2985
2837
2938
2948
2846
2977
2822
2940
2940
2845
2990
2804
2954
2928
2868
2983
2823
2952
2910
2861
2977
2820
2966
2912
2871
2981
2810
2970
2896
2876
2977
2843
2975
2874
2893
2975
2830
2978
2862
2882
2983
2838
2986
2858
2907
2968
2829
2986
2859
2918
2949
2837
2996
2828
2920
2957
2853
2988
2829
2942
2938
2859
2987
2809
2947
2927
2860
2979
2821
2955
2928
2869
2982
2807
2968
2909
2888
2975
2816
2979
2887
2882
2979
2817
2982
2869
2881
2971
2835
2981
2887
2882
2974
2830
2991
2862
2892
2969
2829
2992
2849
2912
2961
2851
2983
2827
2924
2949
2861
2988
2836
2933
2935
2855
2985
2828
2950
2935
2854
2978
2809
2956
2933
2870
2976
2799
2967
2911
2873
2989
2817
2974
2893
2882
2979
2838
2970
2877
2871
2984
2826
2984
2871
2884
2975
2823
2988
2859
2900
2963
2829
2991
2862
2896
2956
2836
2994
2841
2917
2953
2850
2984
2846
2930
2945
2848
2980
2836
2944
2946
2861
2985
2824
2947
2927
2878
2983
2829
2954
2916
2882
2985
2825
2971
2903
2864
2983
2818
2968
2892
2885
2974
2831
2975
2875
2880
2983
2831
2989
2865
2885
2972
2844
2985
2850
2903
2956
2844
2985
2844
2928
2956
2852
2992
2837
2930
2965
2840
2980
2817
2929
2949
2847
2992
2811
2933
2938
2858
2979
2822
2958
2921
2868
2978
2817
2965
2906
2864
2972
2809
2971
2891
2873
2984
2810
2975
2876
2890
2972
2832
2978
2877
2891
2977
2828
2996
2860
2894
2973
2851
2990
2867
2899
2967
2832
2978
2839
2915
2961
2836
2992
2834
2935
2940
2845
2983
2816
2940
2939
2851
2978
2804
2957
2930
2851
2982
2812
2969
2927
2864
2977
2824
2965
2907
2871
2990
2825
2979
2894
2873
2975
2828
2980
2872
2874
2964
2836
2991
2863
2897
2983
2836
2991
2848
2905
2961
2832
2986
2850
2905
2958
2839
2986
2834
2927
2950
2833
2994
2824
2941
2937
2856
2985
2821
2946
2931
2850
2975
2816
2953
2924
2860
2978
2823
2959
2899
2869
2978
2823
2967
2904
2874
2984
2812
2971
2893
2883
2978
2817
2980
2862
2884
2966
2824
2978
2863
2885
2967
2835
2993
2842
2916
2960
2853
2985
2837
2930
2943
2832
2988
2835
2927
2952
2849
2988
2819
2941
2949
2854
2990
2812
2953
2936
2850
2990
2811
2960
2918
2868
2981
2818
2960
2904
2868
2970
2810
2959
2882
2896
2991
2816
2982
2882
2874
2979
2822
2982
2856
2893
2976
2825
