2323,5000
2979
2801
2961
2928
2854
2973
2795
2949
2917
2863
2974
2805
2961
2907
2877
2984
2820
2966
2876
2867
2971
2812
2982
2876
2879
2962
2823
2980
2858
2885
2961
2823
2981
2845
2891
2956
2828
2984
2835
2899
2944
2831
2990
2848
2926
2934
2832
2989
2819
2941
2940
2843
2977
2805
2948
2927
2849
2985
2826
2952
2913
2855
2984
2805
2953
2915
2858
2969
2805
2959
2897
2871
2980
2831
2968
2883
2878
2969
2809
2969
2868
2902
2970
2834
2997
2861
2887
2956
2837
2983
2868
2904
2950
2828
2989
2856
2920
2954
2827
2995
2831
2927
2946
2849
2996
2824
2922
2926
2862
2988
2832
2942
2924
2851
2973
2817
2962
2925
2851
2979
2828
2963
2918
2879
2979
2801
2956
2894
2882
2979
2809
2966
2877
2887
2977
2814
2976
2863
2875
2969
2829
2978
2855
2899
2967
2833
2992
2851
2901
2950
2829
2992
2847
2907
2941
2834
2983
2831
2929
2954
2847
2992
2824
2944
2934
2841
2977
2798
2950
2925
2872
2978
2804
2949
2915
2871
2986
2823
2954
2905
2886
2972
2804
2963
2894
2883
2978
2806
2967
2883
2886
2975
2828
2985
2880
2897
2964
2825
2984
2845
2897
2962
2823
2981
2845
2908
2952
2823
2983
2850
2919
2943
2850
2993
2827
2933
2954
2845
2986
2811
2932
2938
2848
2995
2806
2940
2923
2844
2972
2807
2962
2922
2857
2974
2805
2966
2905
2888
2980
2821
2960
2885
2869
2972
2817
2976
2881
2876
2978
2840
2979
2859
2882
2965
2833
2983
2854
2890
2969
2834
2980
2838
2901
2951
2841
2978
2839
2911
2942
2837
2979
2835
2939
2942
2846
2986
2828
2932
2929
2836
2977
2808
2956
2931
2849
2972
2803
2936
2915
2858
2985
2813
2950
2907
2867
2987
2813
2971
2887
2861
2984
2818
2962
2879
2874
2969
2812
2968
2880
2881
2987
2833
2983
2879
2883
2972
2831
2981
2841
2902
2961
2828
2990
2856
2909
2957
2831
2984
2840
2923
2956
2841
2990
2816
2926
2951
2859
2982
2831
2946
2930
2853
2977
2812
2954
2921
2855
2980
2807
2951
2905
2872
2978
2807
2966
2894
2869
2976
2811
2972
2878
2878
2984
2839
2977
2873
2882
2969
2820
2974
2858
2893
2976
2834
2993
2861
2897
2964
2821
2979
2834
2904
2947
2830
2981
2833
2912
2951
2835
2983
2829
2928
2948
2849
2995
2823
2937
2941
2839
2975
2807
2945
2916
2865
2995
2812
2952
2895
2860
2977
2830
2958
2895
2876
2977
2810
2968
2895
2872
2968
2821
2980
2874
2873
2973
2816
2980
2856
2877
2962
2823
2989
2871
2900
2963
2824
2980
2842
2898
2955
2831
2982
2840
2927
2956
2843
2977
2815
2940
2945
2837
2996
2810
2945
2950
2844
2981
2811
2952
2915
2865
2986
2820
2956
2919
2869
2975
2805
2972
2891
2862
2977
2827
2968
2875
2871
2976
2831
2977
2872
2872
2967
2827
2974
2859
2891
2959
2817
2974
2848
2902
2974
2838
2981
2837
2904
2950
2832
2976
2826
2920
2962
2843
2987
2820
2936
2938
2830
2990
2815
2944
2932
2846
2979
2819
2954
2933
2855
2973
2816
2966
2926
2860
2977
2809
2966
2891
2855
2985
2835
2963
2878
2868
2981
2817
2973
2871
2874
2976
2834
2979
2856
2881
2975
2831
2974
2842
2887
2963
2825
2991
2840
2906
2954
2825
2992
2832
2915
2940
2830
2980
2818
2925
2950
2853
2989
2802
2933
2939
2842
2980
2811
2952
2933
2847
2977
2819
2950
2905
2875
2979
2827
2956
2897
2877
2984
2808
2974
2895
2876
2977
2820
2969
2869
2874
2978
2818
2976
2868
2883
2970
2824
2987
2855
2894
2963
2836
2978
2848
2909
2951
2828
2991
2845
2931
2965
2840
2988
2835
2935
2943
2835
2980
2839
2948
2936
2846
2979
2806
2951
2938
2851
2977
2807
2947
2919
2876
2996
2806
2953
2907
2880
2988
2814
2963
2878
2871
2987
2822
2969
2869
2871
2970
2816
2982
2880
2892
2968
2815
2973
2865
2889
2957
2830
2980
2843
2901
2967
2839
2982
2841
2916
2959
2833
2981
2837
2926
2941
2832
2975
2814
2932
2946
2854
2979
2809
2946
2928
2844
2978
2808
2964
2918
2850
2976
2822
2960
2912
2866
2981
2822
2965
2888
2866
2986
2809
2974
2872
2880
2987
2829
2973
2879
2889
2985
2834
2995
2863
2892
2967
2822
2981
2847
2902
2967
2834
2982
2829
2905
2947
2836
2978
2830
2915
2940
2848
2988
2816
2940
2946
2844
2989
2811
2936
2933
2854
2982
2824
2944
2914
2852
2987
2805
2951
2917
2864
2982
2820
2957
2893
2872
2975
2810
2972
2895
2881
2974
2814
2978
2874
2875
2982
2831
2973
2853
2893
2968
2824
2982
2862
2891
2965
2822
2981
2842
2903
2944
2822
2981
2832
2933
2949
2845
2982
2817
2935
2959
2845
2982
2816
2933
2928
2845
2980
2811
2956
2923
2844
2979
2805
2953
2915
2859
2989
2815
2965
2908
2875
2978
2805
2961
2879
2885
2986
2830
2972
2863
2870
2970
2820
2982
2874
2890
2970
2820
2984
2850
2889
2956
2834
2978
2854
2902
2965
2848
2985
2827
2924
2959
2837
2982
2832
2921
2948
2842
2989
2820
2931
2929
2835
2979
2813
2937
2940
2856
2974
2802
2949
2919
2852
2975
2807
2955
2907
2863
2987
2829
2970
2893
2871
2972
2813
2966
2887
2880
2969
2814
2970
2874
2899
2974
2831
2984
2858
2899
2974
2848
2991
2850
2893
2963
2839
2986
2836
2907
2944
2824
2977
2825
2929
2950
2833
2979
2812
2925
2935
2854
2982
2805
2932
2925
2855
2976
2820
2954
2920
2851
2975
2804
2953
2900
2862
2988
2831
2966
2895
2863
2980
2820
2976
2893
2876
2979
2832
2982
2869
2878
2977
2832
2977
2854
2881
2970
2823
2974
2862
2906
2970
2828
2989
2848
2899
2951
2842
2999
2829
2930
2947
2845
2985
2823
2926
2948
2859
2989
2812
2938
2932
2852
2980
2815
2943
2921
2855
2978
2803
2948
2916
2866
2985
2820
2964
2908
2869
2973
2813
2964
2887
2875
2974
2834
2979
2882
2896
2979
2829
2969
2851
2887
2983
2838
2977
2850
2886
2967
2839
2992
2847
2895
2948
2839
2995
2830
2922
2965
2827
2986
2818
2929
2960
2842
2978
2817
2944
2939
2852
2988
2822
2937
2924
2850
2976
2806
2953
2924
2849
2974
2801
2953
2912
2858
2976
2808
2960
2881
2866
2976
2825
2973
2894
2869
2982
2817
2978
2883
2879
2977
2825
2985
2866
2898
2967
2823
2988
2842
2904
2970
2843
2983
2846
2914
2946
2840
2985
2830
2910
2950
2838
2978
2816
2928
2949
2843
2980
2818
2945
2935
2847
2972
2815
2946
2928
2872
2989
2806
2946
2911
2850
2979
2810
2962
2911
2869
2975
2807
2965
2881
2889
2972
2821
2983
2889
2872
2980
2830
2977
2862
2870
2962
2846
2983
2865
2902
2965
2820
2992
2844
2914
2955
2837
2983
2846
2913
2957
2833
2978
2817
2926
2952
2848
2989
2836
2944
2944
2855
2997
2832
2944
2919
2846
2978
2811
2945
2912
2853
2973
2817
2956
2906
2870
2989
2821
2963
2894
2865
2977
2815
2980
2870
2865
2969
2828
2973
2866
2881
2963
2814
2975
2864
2886
2962
2827
2990
2862
2895
2967
2835
2993
2836
2901
2950
2829
2990
2837
2916
2941
2853
2982
2823
2939
2945
2848
2979
2811
2932
2934
2853
2991
2806
2949
2941
2857
2985
2808
2951
2914
2864
2983
2815
2965
2915
2865
2979
2812
2974
2896
2872
2990
2820
2966
2866
2873
2970
2819
2976
2853
2872
2962
2820
2980
2861
2895
2960
2827
2981
2846
2901
2956
2821
2976
2832
2909
2955
2843
2988
2816
2917
2946
2842
2988
2821
2940
2937
2839
2985
2826
2954
2935
2853
2978
2821
2955
2935
2871
2979
2817
2952
2907
2858
2979
2811
2971
2905
2865
2982
2840
2978
2883
2873
2969
2816
2971
2865
2889
2985
2831
2984
2853
2887
2962
2848
2988
2845
2893
2956
2828
2982
2843
2900
2947
2828
2989
2834
2926
2947
2840
2984
2838
2933
2942
2854
2992
2825
2953
2933
2857
2985
2828
2940
2918
2848
2989
2830
2959
2915
2853
2975
2804
2956
2898
2861
2977
2817
2959
2880
2881
2980
2817
2968
2875
2883
2978
2817
2975
2865
2877
2975
2820
2976
2856
2885
2974
2829
2980
2842
2897
2961
2828
2996
2832
2918
2966
2836
2995
2840
2922
2943
2831
2997
2827
2929
2938
2853
2996
2806
2942
2945
2853
2973
2805
2957
2916
2853
2990
2811
2950
2897
2854
2986
2822
2964
2890
2878
2977
2813
2964
2901
2884
2977
2819
2988
2885
2871
2984
2847
2990
2853
2875
2967
2840
2981
2854
2890
2966
2838
2987
2845
2909
2949
2825
2991
2845
2913
2948
2834
2997
2837
2930
2949
2850
2979
2826
2952
2944
2839
2986
2815
2950
2938
2847
2988
2813
2952
2924
2869
2995
2811
2949
2899
2867
2978
2814
2960
2889
2886
2986
2821
2970
2871
2868
2974
2836
2977
2867
2878
2976
2815
2981
2872
2895
2973
2824
2991
2851
2904
2957
2829
2984
2834
2916
2953
2830
2983
2832
2916
2950
2840
2982
2841
2926
2943
2843
2989
2819
2936
2933
2867
2990
2814
2937
2923
2862
2988
2822
2949
2906
2864
2976
2810
2967
2897
2862
2979
2811
2961
2897
2873
2977
2811
2971
2874
2871
2980
2833
2976
2859
2870
2962
2837
2982
2862
2892
2974
2841
2987
2846
2911
2966
2822
2981
2836
2908
2947
2834
2994
2836
2912
2938
2837
2992
2828
2929
2956
2853
2978
2810
2940
2943
2843
2987
2813
2945
2921
2870
2982
2804
2947
2899
2859
2982
2809
2961
2907
2865
2984
2815
2974
2901
2883
2983
2825
2971
2873
2875
2980
2818
2978
2851
2882
2966
2825
2987
2866
2895
2958
2827
2985
2856
2909
2962
2827
2981
2843
2912
2950
2829
2976
2821
2921
2943
2852
2987
2815
2930
2936
2844
2984
2813
2937
2925
2851
2986
2825
2953
2917
2855
2986
2818
2970
2904
2866
2983
2827
2975
2901
2877
2979
2831
2982
2888
2876
2982
2821
2976
2874
2874
2978
2842
2978
2862
2887
2969
2834
2991
2854
2900
2967
2842
2986
2847
2918
2975
2858
2992
2837
2920
2954
2836
2987
2825
2929
2957
2848
2994
2826
2955
2950
2850
2983
2815
2946
2941
2857
2985
2829
2955
2917
2870
2987
2814
2965
2920
2867
2977
2822
2981
2896
2892
2978
2816
2971
2874
2871
2991
2828
2969
2858
2881
2969
2820
2976
2867
2889
2965
2820
2987
2845
2895
2951
2819
2978
2847
2914
2951
2846
2980
2833
2911
2944
2834
2980
2820
2939
2946
2836
2990
2815
2947
2943
2844
2978
2812
2955
2942
2865
2978
2810
2950
2909
2874
2998
2827
2966
2904
2872
2987
2823
2964
2875
2872
2987
2831
2969
2874
2882
2968
2831
2974
2865
2896
2970
2834
2981
2859
2890
2964
2835
2985
2853
2904
2950
2831
2977
2836
2912
2947
2836
2977
2819
2939
2939
2856
2996
2832
2940
2930
2862
2992
2822
2945
2923
2860
2979
2824
2959
2918
2867
2978
2829
2971
2905
2894
2980
2826
2965
2899
2876
2984
2829
2976
2885
2877
2967
2829
2990
2870
2879
2964
2820
2980
2851
2890
2977
2828
2982
2849
2906
2955
2843
2997
2849
2920
2944
2845
2988
2822
2928
2937
2837
2982
2818
2931
2945
2863
2986
2833
2946
2931
2869
2985
2808
2952
2939
2867
2978
2806
2953
2901
2865
2978
2822
2960
2900
2870
2975
2819
2970
2892
2875
2971
2837
2976
2873
2887
2976
2820
2976
2861
2890
2976
2832
2980
2853
2901
2963
2829
2993
2850
2897
2950
2835
2986
2839
2915
2959
2837
2998
2822
2937
2940
2855
2984
2826
2932
2937
2857
2978
2813
2938
2931
2863
2978
2808
2951
2922
2872
2972
2813
2962
2906
2866
2984
2813
2960
2898
2871
2975
2814
2964
2873
2895
2977
2819
2977
2867
2877
2963
2823
2997
2855
2888
2961
2823
2984
2853
2890
2963
2830
2982
2847
2914
2954
2830
2987
2834
2908
2939
2842
2994
2836
2920
2933
2841
2982
2817
2933
2927
2849
2985
2801
2945
2924
2857
2980
2809
2946
2910
2866
2979
2812
2956
2898
2868
2971
2810
2970
2903
2878
2979
2813
2981
2876
2877
2988
2829
2975
2873
2890
2977
2838
2981
2857
2901
2967
2824
2990
2853
2898
2953
2825
2981
2853
2918
2953
2852
2995
2838
2923
2954
2854
2993
2839
2941
2946
2851
2983
2833
2945
2932
2853
2980
2813
2944
2940
2856
2976
2807
2958
2932
2874
2988
2829
2964
2912
2862
2984
2819
2964
2891
2865
2979
2816
2968
2886
2881
2973
2829
2974
2871
2880
2975
2829
2981
2863
2907
2971
2837
2985
2854
2909
2968
2857
2987
2853
2908
2954
2833
2980
2853
2930
2954
2847
2992
2828
2930
2945
2852
2998
2829
2945
2952
2857
2985
2823
2951
2943
2853
2977
2840
2951
2933
2885
2989
2823
2958
2919
2882
2987
2813
2972
2902
2879
2978
2821
2973
2876
2873
2990
2823
2977
2872
2882
2970
2828
2983
2873
2897
2966
2830
2984
2865
2907
2958
2839
2993
2840
2909
2947
2840
2986
2836
2923
2950
2854
2989
2820
2954
2951
2859
2998
2817
2944
2938
2871
2985
2806
2944
2922
2866
2986
2822
2965
2920
2866
2977
2814
2965
2903
2885
2979
2823
2975
2905
2891
2990
2844
2990
2876
2888
2976
2840
2997
2874
2904
2977
2847
3006
2875
2903
2967
2840
3001
2854
2914
2960
2841
2995
2845
2924
2957
2850
2990
2848
2933
2943
2848
2989
2825
2938
2936
2854
2993
2823
2949
2935
2854
2980
2824
2959
2927
2868
2983
2825
2964
2911
2883
2988
2831
2977
2910
2879
2977
2842
2976
2889
2876
2984
2826
2989
2883
2898
2991
2836
2983
2863
2888
2978
2840
2983
2856
2906
2967
2832
2987
2852
2914
2963
2833
2988
2840
2926
2948
2843
2987
2831
2929
2952
2849
2980
2814
2933
2933
2846
2995
2815
2941
2925
2847
2982
2824
2951
2941
2866
2989
2806
2959
2908
2868
2984
2815
2963
2903
2885
2983
2815
2974
2889
2874
2981
2821
2978
2884
2889
2974
2821
2992
2869
2888
2961
2826
2991
2852
2905
2976
2836
2990
2850
2897
2961
2841
2983
2842
2916
2950
2837
2997
2839
2944
2943
2850
2983
2816
2937
2933
2875
2976
2801
2939
2939
2866
2996
2816
2951
2927
2867
2983
2824
2961
2902
2878
2987
2814
2962
2894
2878
2986
2826
2966
2888
2881
2981
2840
2989
2873
2893
2969
2831
2982
2855
2895
2965
2826
2982
2853
2897
2957
2827
2980
2839
2907
2951
2851
2989
2832
2913
2965
2859
2997
2832
2944
2942
2862
2985
2820
2953
2949
2856
2977
2809
2951
2939
2871
2994
2821
2956
2928
2882
2997
2821
2965
2914
2868
2979
2816
2975
2898
2881
2972
2830
2980
2881
2894
2975
2820
2984
2896
2893
2973
2824
2991
2861
2897
2966
2846
3002
2852
2907
2973
2842
2996
2851
2906
2957
2851
2995
2850
2933
2945
2842
2980
2849
2933
2942
2858
2993
2810
2935
2925
2856
2982
2824
2954
2926
2858
2977
2836
2959
2919
2862
2975
2821
2966
2902
2885
2979
2824
2976
2901
2882
2989
2843
2978
2902
2885
2984
2840
2980
2877
2895
2973
2825
2984
2871
2893
2976
2838
2981
2859
2901
2957
2838
2986
2844
2922
2954
2852
2991
2839
2916
2952
2846
2993
2839
2932
2960
2849
2977
2814
2948
2948
2855
2984
2818
2955
2942
2881
2981
2813
2965
2921
2863
2976
2811
2965
2904
2879
2983
2808
2966
2904
2884
2975
2822
2973
2883
2894
2976
2841
2979
2874
2892
2966
2827
2983
2875
2893
2967
2826
2983
2865
2904
2956
2837
2994
2839
2910
2953
2845
2982
2832
2927
2954
2860
2987
2843
2929
2944
2857
2989
2817
2940
2933
2870
2984
2825
2962
2943
2872
2983
2809
2955
2915
2869
2988
2827
2967
2912
2874
2977
2822
2970
2906
2902
2979
2825
2987
2885
2909
2974
2836
2983
2871
2889
2969
2838
2985
2863
2900
2964
2838
2986
2849
2903
2957
2837
2992
2861
2911
2947
2838
2993
2847
2933
2948
2852
2983
2818
2930
2939
2847
2983
2814
2941
2928
2865
2988
2811
2952
2918
2854
2986
2813
2961
2936
2877
2987
2829
2959
2905
2869
2977
2825
2966
2889
2882
2974
2823
2983
2870
2873
2969
2835
2982
2889
2886
2969
2828
2976
2856
2905
2967
2844
2991
2850
2906
2972
2851
2989
2842
2914
2962
2845
2983
2837
2934
2945
2838
2989
2825
2938
2943
2850
2980
2825
2949
2930
2859
2984
2813
2945
2921
2867
2978
2810
2973
2915
2864
2970
2809
2961
2896
2874
2988
2811
2974
2884
2892
2975
2811
2969
2872
2886
2967
2823
2985
2862
2880
2961
2827
2984
2869
2906
2961
2826
2979
2867
2902
2954
2831
2994
2840
2921
2958
2852
2985
2824
2915
2945
2839
2988
2818
2944
2938
2846
2980
2823
2942
2931
2863
2979
2805
2951
2934
2866
2978
2802
2963
2904
2876
2980
2812
2969
2921
2874
2983
2815
2971
2896
2886
2989
2815
2972
2871
2882
2981
2822
2974
2859
2880
2968
2833
2980
2866
2887
2967
2831
2995
2849
2906
2951
2832
2983
2838
2925
2962
2838
2998
2844
2920
2943
2851
2998
2822
2938
2944
2857
2986
2824
2949
2941
2858
2979
2811
2959
2924
2851
2976
2798
2955
2922
2874
2979
2823
2962
2905
2883
2985
2826
2967
2878
2871
2981
2838
2981
2879
2878
2964
2816
2987
2887
2893
2979
2832
2981
2850
2890
2979
2853
2985
2850
