2790,10000
816,1554,19888,16153
817,1571,19987,16242
814,1574,19859,16119
820,1549,20122,16316
824,1567,20121,16283
816,1569,19913,16180
818,1559,19993,16273
815,1588,19825,16104
816,1565,19956,16197
821,1557,20091,16311
815,1578,19898,16167
820,1547,20104,16330
814,1566,19843,16124
816,1557,19926,16211
817,1539,19929,16206
817,1563,19969,16226
817,1554,20033,16239
822,1561,20062,16290
819,1559,20032,16270
816,1560,19922,16184
826,1584,20065,16302
820,1546,20062,16287
816,1574,19881,16145
826,1555,20236,16415
822,1548,20145,16340
821,1572,19953,16188
818,1554,20020,16290
819,1564,19972,16229
815,1565,19939,16160
831,1563,20383,16538
818,1559,20026,16266
820,1558,20086,16327
814,1572,19869,16112
818,1551,20001,16277
820,1569,20018,16264
815,1573,19858,16123
818,1562,20032,16265
815,1580,19867,16138
819,1556,20026,16273
817,1567,19954,16215
816,1574,19893,16184
820,1553,20062,16289
816,1572,19937,16174
822,1544,20170,16366
818,1550,20039,16260
815,1559,19896,16170
824,1542,20058,16333
814,1571,19810,16101
820,1542,20098,16331
816,1553,19999,16226
826,1563,20228,16476
817,1560,19965,16205
815,1571,19824,16109
821,1543,20079,16330
820,1560,20046,16305
820,1570,20047,16295
818,1579,19993,16199
819,1567,19979,16228
818,1558,20015,16261
817,1569,19976,16225
816,1590,19914,16197
818,1557,20022,16273
818,1566,19987,16241
819,1547,20105,16320
819,1589,19947,16173
818,1554,19992,16248
820,1550,20075,16333
819,1581,19917,16153
821,1556,20102,16326
814,1579,19832,16060
817,1563,19957,16217
818,1549,20003,16258
816,1563,19899,16190
829,1543,20270,16483
817,1568,19935,16211
817,1577,19934,16218
818,1558,20030,16253
829,1567,20286,16509
820,1543,20098,16331
822,1553,20063,16295
829,1577,20184,16406
826,1569,20130,16303
817,1567,19959,16209
820,1546,20123,16351
816,1564,19954,16179
817,1566,19927,16206
818,1557,19984,16264
815,1570,19903,16187
818,1553,20047,16272
816,1563,19937,16176
819,1548,20037,16294
818,1572,20010,16250
820,1561,20045,16278
833,1552,20312,16523
830,1577,20234,16429
822,1553,20153,16394
818,1555,20033,16248
817,1575,19921,16138
819,1555,20047,16306
813,1581,19821,16101
820,1547,20041,16312
817,1564,19960,16188
816,1578,19952,16181
816,1536,20001,16224
824,1562,20127,16311
820,1549,20064,16308
817,1553,19951,16243
816,1556,19896,16185
822,1550,20155,16370
820,1592,19936,16128
819,1551,20048,16300
818,1558,20006,16265
825,1572,20136,16327
820,1572,20067,16327
814,1579,19839,16124
818,1564,20029,16284
818,1557,20020,16253
818,1556,20002,16242
819,1548,20026,16260
820,1570,20037,16289
827,1573,20151,16358
815,1575,19942,16173
832,1553,20379,16544
828,1570,20198,16351
818,1565,20001,16205
820,1544,20086,16326
814,1571,19841,16107
818,1566,19988,16249
819,1545,20032,16282
816,1576,19983,16206
823,1554,20169,16418
818,1570,19886,16107
818,1562,19968,16251
818,1549,19992,16245
831,1573,20327,16520
832,1567,20294,16497
826,1555,20187,16367
822,1565,20094,16332
825,1581,20090,16313
815,1573,19893,16170
820,1546,20058,16330
816,1566,19901,16146
819,1563,20016,16264
821,1547,20109,16330
816,1571,19961,16175
820,1554,20083,16317
817,1575,19930,16195
822,1550,20090,16340
817,1572,19954,16195
819,1549,20024,16256
817,1563,19977,16243
816,1574,19929,16180
821,1536,20119,16374
818,1546,20009,16278
814,1571,19867,16154
818,1564,19988,16253
816,1578,19931,16167
824,1549,20107,16319
817,1552,19970,16233
818,1576,20008,16251
816,1565,19911,16221
816,1577,19915,16150
824,1548,20201,16403
823,1558,20058,16237
819,1560,20075,16270
817,1570,19948,16215
813,1571,19797,16093
820,1549,20043,16296
816,1565,19995,16212
819,1569,20041,16271
821,1564,20074,16313
815,1581,19840,16126
821,1551,20117,16359
815,1565,19903,16170
817,1567,19951,16227
817,1570,19962,16227
816,1573,19941,16174
820,1556,20077,16331
815,1571,19897,16171
818,1557,19993,16241
832,1577,20355,16573
815,1570,19884,16153
823,1544,20177,16386
817,1575,19882,16112
832,1569,20435,16576
822,1542,20109,16357
822,1580,19974,16202
819,1544,20016,16301
813,1572,19898,16150
819,1552,20064,16252
819,1544,20030,16302
816,1569,19910,16186
822,1549,20162,16395
813,1578,19811,16099
819,1563,19998,16253
816,1567,19954,16205
819,1575,20029,16251
819,1548,20052,16303
822,1564,20049,16293
827,1585,20127,16334
816,1561,19909,16190
817,1558,19997,16248
820,1537,20098,16339
829,1555,20302,16478
831,1567,20301,16452
818,1564,19982,16242
816,1565,19916,16192
818,1555,19987,16272
815,1571,19878,16126
819,1550,20095,16300
817,1572,19950,16224
817,1562,19954,16188
818,1553,19993,16262
821,1555,20005,16267
833,1574,20398,16606
817,1567,19944,16228
817,1565,19959,16191
819,1544,20019,16286
818,1580,19953,16217
822,1560,20043,16275
817,1549,19939,16228
816,1560,19958,16196
826,1567,20123,16306
815,1588,19902,16133
820,1548,20122,16298
820,1545,20051,16314
818,1557,19949,16225
818,1560,19986,16248
816,1569,19947,16176
821,1538,20119,16324
829,1565,20320,16528
831,1567,20363,16548
821,1560,20094,16339
814,1564,19855,16132
820,1563,20039,16312
816,1571,19913,16178
823,1563,20054,16239
820,1557,20072,16318
817,1585,19864,16141
823,1546,20160,16390
829,1586,20169,16382
825,1560,20185,16369
834,1552,20418,16580
816,1568,19944,16190
822,1545,20198,16404
820,1583,19947,16204
818,1576,19924,16194
818,1546,19966,16241
823,1585,20039,16214
822,1547,20160,16372
814,1566,19818,16086
819,1558,20050,16302
817,1554,19941,16200
817,1581,19919,16204
818,1514,20036,16305
824,1567,20104,16335
833,1566,20428,16561
832,1556,20370,16533
818,1567,20012,16255
814,1541,20010,16270
817,1568,19919,16213
828,1545,20290,16458
821,1559,20109,16335
827,1585,20172,16296
818,1562,20048,16253
818,1583,19959,16201
824,1550,20064,16304
818,1559,19958,16236
817,1551,19979,16204
818,1575,20010,16220
814,1578,19837,16111
819,1546,20057,16286
818,1581,19965,16223
815,1568,19861,16142
819,1549,19985,16279
813,1576,19791,16059
821,1547,20142,16356
818,1561,20004,16266
817,1573,19965,16238
817,1555,19954,16232
814,1578,19810,16103
818,1549,20052,16303
819,1553,20038,16285
820,1564,20064,16285
820,1549,20096,16295
815,1572,19859,16129
819,1570,20029,16304
816,1563,19943,16203
818,1554,19989,16245
818,1546,20035,16272
816,1564,19898,16168
819,1565,20053,16280
827,1551,20240,16451
821,1557,20080,16322
827,1571,20274,16499
816,1563,19883,16184
823,1540,20172,16383
813,1567,19840,16090
817,1541,19982,16240
817,1568,19976,16248
819,1563,19981,16277
823,1547,20202,16414
824,1586,19962,16177
828,1576,20205,16362
819,1554,20075,16296
816,1568,19902,16160
821,1539,20098,16356
815,1578,19823,16109
817,1570,19985,16225
819,1555,20032,16259
816,1560,19904,16157
819,1551,20061,16290
824,1567,20130,16372
832,1572,20349,16562
832,1562,20311,16518
821,1561,20045,16303
830,1566,20325,16472
821,1588,19950,16158
821,1550,20066,16325
817,1564,19941,16189
817,1564,19925,16207
822,1547,20150,16383
816,1579,19854,16102
820,1545,20128,16332
819,1564,20054,16268
816,1556,19889,16181
819,1542,20010,16273
812,1589,19759,16053
820,1547,20121,16336
818,1555,20010,16255
817,1556,19978,16230
817,1573,19960,16206
817,1582,19902,16184
834,1567,20391,16600
817,1554,19942,16215
820,1565,20050,16277
819,1567,20027,16265
814,1573,19835,16103
819,1554,20044,16293
818,1547,20005,16254
816,1575,19911,16180
821,1537,20082,16323
815,1583,19882,16138
819,1543,20097,16319
816,1556,20013,16197
819,1563,20010,16272
818,1553,20014,16282
817,1561,19920,16187
820,1551,20111,16331
816,1569,19940,16164
816,1565,19924,16197
818,1553,20021,16240
820,1552,20012,16277
819,1529,20017,16302
815,1582,19870,16155
831,1616,20230,16461
827,1565,20155,16330
816,1563,19932,16198
820,1544,20107,16358
817,1580,19930,16190
823,1553,20107,16371
816,1544,19965,16227
817,1569,19994,16230
821,1550,20159,16369
814,1570,19886,16120
821,1558,20065,16332
816,1571,19884,16149
825,1568,20159,16371
829,1559,20338,16515
826,1559,20262,16445
816,1564,19921,16178
819,1565,20074,16301
816,1562,19907,16176
823,1554,20118,16373
817,1564,19935,16212
818,1556,19994,16270
832,1556,20347,16515
821,1545,20118,16353
818,1563,20013,16281
816,1566,19886,16150
818,1557,20004,16291
827,1584,20173,16360
817,1568,19959,16207
820,1555,20087,16286
815,1574,19893,16086
821,1546,20092,16338
816,1568,19898,16191
821,1541,20064,16312
817,1557,19980,16204
830,1569,20285,16453
823,1552,20068,16286
818,1567,20018,16249
817,1571,19971,16234
817,1557,19956,16240
815,1581,19834,16113
819,1553,20043,16293
818,1562,19990,16222
818,1536,19982,16234
819,1547,20031,16298
814,1574,19839,16124
820,1550,20075,16342
818,1556,20010,16265
817,1569,19965,16201
820,1548,20077,16287
816,1562,19969,16176
826,1550,20222,16456
823,1558,20050,16292
823,1548,20086,16338
823,1580,20073,16261
817,1559,19999,16214
819,1536,20021,16261
815,1567,19880,16124
819,1542,20030,16297
818,1566,19984,16249
820,1552,20026,16284
823,1557,20075,16300
816,1566,19954,16182
818,1569,20007,16249
819,1551,20017,16278
819,1559,20013,16273
821,1545,20018,16268
815,1577,19870,16126
820,1539,20072,16311
818,1563,19994,16180
820,1567,20072,16281
817,1546,20011,16256
816,1556,19958,16218
821,1565,20069,16304
818,1564,20022,16248
819,1567,20042,16256
820,1562,20043,16294
814,1574,19880,16137
831,1567,20249,16447
816,1558,19888,16150
815,1564,19896,16180
818,1564,19970,16241
827,1590,20137,16290
818,1538,20007,16271
818,1551,19976,16244
818,1563,19951,16211
818,1560,19992,16251
814,1588,19816,16059
819,1556,20080,16319
818,1545,20002,16222
819,1571,20021,16219
822,1565,20068,16337
812,1587,19775,16060
819,1546,20055,16309
826,1550,20219,16420
825,1590,20118,16269
817,1556,19934,16222
816,1568,19922,16155
821,1551,20110,16356
818,1562,19978,16261
827,1550,20232,16461
818,1558,20010,16271
816,1585,19942,16177
834,1560,20383,16546
830,1563,20246,16452
832,1568,20306,16503
831,1554,20295,16495
823,1558,20081,16297
834,1574,20453,16610
814,1575,19875,16103
820,1554,20106,16320
818,1559,19995,16261
815,1547,19874,16177
823,1548,20128,16379
814,1581,19866,16094
820,1550,20090,16298
821,1565,20013,16257
818,1566,19987,16244
821,1547,20082,16337
816,1584,19881,16148
820,1557,20045,16313
821,1557,20050,16319
820,1554,20047,16279
821,1549,20122,16371
815,1587,19888,16148
830,1555,20311,16510
817,1577,19935,16207
818,1568,19998,16240
820,1544,20094,16352
815,1572,19857,16114
819,1577,20090,16259
830,1569,20221,16430
830,1574,20260,16461
831,1570,20341,16549
819,1574,20010,16243
821,1564,20087,16279
818,1556,19980,16238
816,1559,19932,16186
819,1562,20038,16287
816,1546,19916,16192
819,1553,20031,16297
819,1557,19991,16270
818,1548,20007,16232
818,1548,20009,16243
816,1576,19909,16177
819,1545,20042,16294
820,1555,20011,16276
815,1562,19993,16227
819,1561,20044,16295
818,1586,19989,16197
818,1560,20054,16258
822,1558,20103,16344
823,1584,20022,16254
817,1559,19959,16236
815,1568,19898,16153
820,1541,20135,16326
818,1557,19970,16242
820,1552,20071,16299
819,1552,20047,16313
817,1575,19924,16186
819,1558,20034,16288
817,1557,19941,16218
819,1568,20017,16239
817,1546,19991,16268
817,1575,19921,16200
822,1559,20171,16419
828,1578,20107,16348
821,1574,20009,16195
818,1556,20003,16241
819,1570,20048,16264
830,1567,20366,16520
818,1566,19959,16219
816,1571,19886,16172
819,1559,20040,16306
819,1553,20046,16277
821,1557,20122,16345
816,1573,19908,16177
818,1558,20011,16251
817,1553,19974,16244
817,1565,19953,16221
822,1545,20109,16374
814,1582,19838,16125
817,1565,20007,16234
817,1564,19946,16207
831,1560,20270,16456
824,1551,20210,16429
818,1578,19842,16091
819,1565,20024,16264
818,1563,20018,16252
819,1563,20017,16235
817,1556,20073,16254
814,1572,19845,16123
820,1555,20059,16305
815,1558,19885,16159
817,1570,19985,16206
820,1538,20156,16368
816,1575,19901,16161
821,1545,20102,16329
817,1569,19961,16229
817,1570,19955,16233
817,1568,19922,16187
818,1560,19971,16223
822,1563,20107,16287
818,1566,19988,16238
816,1574,19876,16152
819,1542,20013,16276
813,1580,19797,16090
821,1557,20108,16352
818,1569,19981,16213
836,1575,20319,16470
819,1550,20041,16246
815,1579,19864,16126
819,1554,20031,16313
816,1552,19924,16206
818,1565,20031,16234
823,1542,20177,16380
827,1586,20099,16313
827,1563,20181,16348
815,1564,19896,16164
822,1551,20089,16338
824,1563,20059,16283
815,1587,19841,16121
821,1544,20131,16331
814,1563,19871,16133
818,1566,20004,16247
818,1557,20023,16266
817,1576,19938,16214
823,1549,20159,16385
818,1561,19980,16227
816,1557,19982,16192
828,1555,20282,16455
819,1566,20015,16264
822,1552,20147,16398
816,1568,19884,16150
817,1561,19996,16231
819,1574,20060,16255
816,1567,19971,16212
819,1549,20064,16315
817,1574,19925,16196
825,1558,20168,16390
827,1554,20185,16406
827,1547,20260,16474
819,1547,20137,16344
830,1567,20269,16474
819,1573,19963,16190
816,1563,19929,16200
816,1556,19918,16210
819,1550,20033,16259
814,1528,19870,16118
828,1551,20285,16464
827,1561,20266,16419
816,1559,19845,16106
820,1541,20089,16335
817,1569,19902,16182
820,1554,20102,16310
817,1548,19976,16216
817,1565,19937,16220
821,1567,20041,16248
814,1584,19824,16102
818,1553,20044,16309
818,1556,19988,16260
826,1545,20162,16389
823,1558,20189,16367
828,1585,20189,16380
827,1557,20230,16457
824,1561,20143,16363
827,1569,20163,16385
818,1567,19974,16235
816,1580,19911,16159
820,1551,20104,16298
818,1566,20069,16260
817,1563,19979,16233
819,1548,20011,16284
819,1572,19967,16251
820,1554,20092,16299
824,1552,20213,16409
832,1549,20339,16535
817,1551,20011,16228
822,1559,20042,16286
832,1547,20308,16518
827,1582,20125,16362
816,1568,19892,16165
822,1550,20129,16341
817,1560,19918,16163
821,1556,20079,16320
815,1570,19834,16105
818,1560,19990,16270
820,1547,20086,16320
818,1562,19986,16211
824,1545,20209,16406
817,1571,19945,16128
818,1567,19991,16254
821,1562,20081,16321
823,1584,20009,16228
822,1543,20158,16390
815,1580,19895,16137
818,1558,19983,16251
817,1567,19990,16238
815,1561,19893,16155
820,1537,20078,16340
817,1566,19917,16188
819,1569,19938,16187
818,1554,19991,16221
817,1566,20001,16240
819,1547,20040,16305
827,1583,20054,16276
819,1554,19970,16242
818,1566,20028,16246
817,1566,19954,16198
819,1556,20051,16279
816,1562,19925,16152
819,1556,20048,16302
830,1578,20224,16436
829,1581,20142,16362
819,1552,20033,16262
816,1580,19970,16173
820,1546,20068,16315
821,1549,20125,16321
824,1573,20019,16262
816,1569,19887,16168
816,1583,19881,16135
822,1548,20118,16373
828,1581,20212,16375
828,1546,20259,16456
832,1572,20375,16593
822,1589,19962,16186
818,1553,20012,16272
820,1552,20070,16290
818,1611,20014,16248
823,1547,20171,16383
832,1586,20337,16465
819,1554,20044,16297
820,1543,20040,16312
821,1581,20008,16236
816,1549,20024,16266
825,1577,20166,16340
822,1543,20149,16364
817,1566,19886,16161
825,1564,20141,16367
829,1563,20201,16428
815,1567,19880,16162
822,1555,20154,16392
817,1570,19980,16211
818,1558,20006,16247
818,1557,19979,16243
818,1561,19972,16250
819,1544,20040,16321
817,1574,19960,16213
818,1547,19980,16228
817,1567,20041,16230
819,1560,20047,16268
821,1544,20103,16360
814,1569,19850,16116
818,1550,19987,16272
818,1555,19996,16232
816,1554,19984,16205
820,1535,20064,16338
818,1566,19998,16219
816,1568,19942,16198
823,1548,20089,16319
826,1574,20083,16294
817,1555,19978,16261
829,1598,20158,16327
820,1549,20081,16307
816,1556,19908,16183
818,1568,19966,16216
821,1553,20070,16342
815,1572,19833,16088
823,1553,20162,16387
817,1550,19999,16215
817,1573,19979,16190
831,1569,20293,16484
814,1579,19826,16113
823,1551,20186,16419
830,1582,20274,16417
817,1569,19948,16167
828,1567,20205,16443
817,1569,19939,16182
824,1557,20173,16417
822,1569,20009,16231
817,1555,19965,16204
822,1551,20108,16351
819,1585,19922,16106
820,1550,20074,16320
820,1554,20084,16315
817,1557,19975,16210
818,1562,19994,16266
815,1575,19894,16155
824,1551,20197,16415
818,1563,20005,16203
822,1561,20165,16347
824,1559,20028,16250
814,1570,19834,16107
822,1543,20116,16382
819,1574,19903,16110
817,1564,20004,16240
818,1544,19997,16265
816,1559,19954,16208
822,1548,20138,16386
817,1570,19892,16170
817,1559,19950,16220
820,1551,20037,16313
818,1563,19997,16214
821,1555,20085,16333
814,1571,19838,16115
818,1562,19970,16240
824,1565,20130,16369
822,1583,20005,16222
820,1544,20136,16347
818,1567,19979,16211
819,1556,20028,16243
831,1562,20316,16504
824,1549,20112,16362
827,1564,20179,16391
816,1579,19932,16173
820,1561,20086,16294
816,1576,19888,16149
817,1572,19968,16206
820,1544,20075,16348
812,1569,19770,16061
820,1558,20045,16281
816,1571,19902,16162
817,1567,19950,16195
819,1540,20042,16279
815,1584,19838,16124
820,1552,20101,16353
820,1562,19929,16177
817,1570,19941,16206
824,1548,20191,16411
830,1567,20300,16459
823,1551,20122,16300
817,1556,19958,16236
818,1563,19967,16245
817,1576,19964,16231
814,1578,19880,16103
833,1569,20439,16580
819,1550,20029,16278
818,1557,19985,16237
818,1567,19973,16238
814,1585,19829,16095
819,1551,20027,16281
817,1563,19955,16238
817,1567,19968,16198
817,1553,19994,16244
816,1578,19904,16175
817,1548,20008,16285
816,1545,19917,16223
811,1564,19943,16168
823,1548,20168,16380
829,1576,20215,16386
834,1577,20475,16607
817,1573,19895,16166
833,1561,20299,16507
826,1552,20172,16394
824,1548,20137,16341
834,1557,20451,16582
815,1566,19873,16118
818,1571,20014,16254
818,1548,19997,16254
817,1574,19928,16202
822,1547,20139,16381
819,1568,19982,16245
818,1573,19968,16173
817,1567,19980,16226
818,1575,19981,16233
819,1564,20028,16279
813,1580,19815,16096
824,1559,20148,16359
830,1574,20264,16444
827,1591,20145,16315
821,1552,20152,16321
816,1570,19881,16159
817,1551,19967,16240
819,1545,19994,16287
817,1564,19951,16197
820,1541,20117,16343
827,1558,20229,16450
824,1564,20076,16287
818,1559,19973,16232
818,1569,19944,16238
818,1547,19978,16243
815,1567,19870,16139
823,1553,20165,16379
817,1567,19966,16208
818,1566,19946,16227
819,1553,20013,16281
824,1550,20121,16379
820,1552,20097,16345
819,1562,20009,16263
819,1564,20067,16256
833,1563,20432,16578
827,1584,20096,16301
830,1574,20246,16461
818,1555,20054,16277
816,1565,19949,16164
821,1550,20094,16309
814,1571,19799,16085
820,1545,20081,16311
817,1569,19940,16195
830,1562,20277,16490
816,1557,19931,16205
813,1579,19793,16081
828,1543,20305,16463
822,1585,20020,16233
819,1561,20026,16280
818,1565,20002,16256
815,1575,19822,16125
825,1550,20255,16446
830,1555,20295,16486
818,1543,20025,16257
821,1555,20149,16316
819,1566,19993,16261
820,1558,20022,16250
819,1577,19939,16198
819,1578,19995,16201
821,1554,20137,16342
816,1561,19912,16196
820,1559,20102,16328
817,1568,19915,16178
818,1563,19997,16265
819,1554,20034,16304
817,1553,19964,16212
820,1560,20164,16367
817,1573,19929,16184
817,1557,19934,16217
820,1569,20058,16293
816,1564,19877,16146
819,1542,20056,16304
815,1593,19857,16094
818,1563,20002,16212
821,1553,20118,16331
816,1576,19889,16145
819,1540,20029,16302
814,1590,19852,16150
820,1564,20055,16274
819,1555,20039,16257
816,1567,19908,16188
820,1551,20092,16323
818,1577,19939,16223
818,1550,20008,16269
819,1561,19996,16262
823,1560,20093,16326
828,1545,20283,16486
819,1561,19984,16231
819,1554,20016,16270
819,1564,20008,16267
820,1564,19989,16258
819,1556,20002,16238
815,1568,19873,16145
818,1558,20085,16284
818,1573,20034,16242
817,1564,19959,16211
817,1572,19939,16203
813,1572,19795,16084
821,1552,20122,16338
819,1565,20064,16265
818,1560,19906,16169
819,1564,20041,16271
821,1556,20036,16269
824,1552,20158,16407
830,1548,20307,16523
815,1557,19912,16202
819,1555,20056,16272
816,1567,19902,16166
821,1535,20090,16347
815,1578,19886,16157
817,1574,19968,16236
819,1554,20003,16248
817,1581,19928,16166
819,1548,20086,16298
818,1586,19965,16167
816,1556,19917,16171
818,1558,20014,16262
818,1574,19957,16211
821,1542,20120,16353
819,1575,19941,16182
818,1551,19982,16250
820,1558,20068,16320
816,1570,19911,16169
822,1553,20152,16408
814,1568,19821,16113
818,1563,19981,16254
818,1555,20024,16241
814,1565,19890,16163
824,1553,20139,16358
815,1556,19890,16145
815,1561,19886,16179
819,1575,20034,16262
815,1581,19899,16127
822,1540,20160,16365
817,1570,19944,16162
819,1564,20014,16284
815,1574,19910,16170
815,1566,19888,16175
818,1548,20041,16267
815,1580,19915,16143
819,1561,20044,16291
819,1560,20039,16275
815,1553,19924,16195
817,1556,19961,16231
814,1577,19808,16101
819,1545,20031,16297
816,1563,19959,16190
816,1564,19946,16192
826,1546,20214,16418
821,1562,19984,16241
833,1585,20398,16617
827,1573,20166,16343
820,1564,20061,16282
821,1554,20126,16333
817,1572,19977,16172
820,1561,20086,16324
816,1560,19925,16223
819,1555,20010,16279
815,1558,19986,16204
814,1569,19861,16109
822,1540,20107,16373
819,1541,20048,16283
822,1559,20050,16324
818,1550,19998,16280
815,1576,19830,16136
819,1551,20014,16286
830,1567,20337,16495
820,1566,19941,16193
818,1547,19988,16245
814,1572,19849,16133
817,1538,19988,16266
824,1554,20179,16384
817,1561,20000,16233
818,1553,20044,16281
818,1566,20029,16223
831,1566,20391,16584
819,1584,19934,16212
822,1561,20094,16327
831,1574,20400,16578
818,1568,20027,16224
820,1550,20084,16328
814,1572,19903,16147
817,1554,19953,16227
815,1553,19884,16159
817,1564,19947,16229
820,1547,20103,16349
814,1572,19880,16131
818,1565,19991,16250
817,1554,19940,16215
816,1569,19928,16180
824,1536,20153,16418
814,1573,19862,16093
818,1558,19981,16235
816,1563,19951,16182
826,1592,20117,16298
817,1566,19968,16233
814,1582,19816,16100
821,1542,20092,16355
817,1567,19995,16221
817,1573,20008,16209
817,1564,19964,16212
814,1577,19834,16075
820,1547,20084,16329
817,1563,19935,16216
816,1579,19903,16176
817,1546,19946,16238
815,1575,19898,16140
821,1557,20130,16355
816,1562,19875,16146
819,1559,20007,16257
820,1583,19947,16188
813,1566,19796,16058
819,1567,20053,16281
818,1567,20037,16237
818,1574,20043,16241
818,1576,19995,16251
814,1567,19822,16120
820,1554,20045,16302
818,1562,20022,16246
817,1544,19968,16221
816,1551,19928,16205
814,1581,19840,16095
823,1561,20122,16369
814,1569,19828,16100
821,1558,20046,16291
817,1562,19913,16176
816,1582,19952,16181
825,1550,20202,16408
823,1570,20084,16305
825,1563,20159,16336
824,1577,20025,16275
816,1563,19940,16194
825,1537,20201,16409
829,1596,20184,16350
827,1557,20257,16414
820,1557,20064,16299
815,1570,19881,16161
819,1552,20050,16317
817,1556,19963,16225
816,1567,19972,16190
821,1545,20079,16317
824,1573,20033,16237
818,1539,19999,16263
816,1566,19898,16164
814,1572,19848,16126
817,1570,19941,16215
816,1559,19957,16190
818,1554,20026,16282
814,1566,19849,16129
816,1570,19900,16169
817,1567,19960,16228
815,1574,19897,16166
823,1545,20174,16395
830,1581,20274,16434
819,1551,20079,16277
816,1564,19952,16227
813,1580,19830,16104
826,1561,20198,16424
826,1591,20111,16288
821,1544,20150,16345
818,1566,19982,16247
814,1582,19896,16151
817,1547,19975,16250
815,1545,19867,16145
823,1544,20149,16387
829,1564,20192,16417
815,1556,19912,16146
830,1565,20282,16478
823,1581,20056,16287
820,1546,20077,16317
817,1549,19950,16246
816,1574,19958,16193
816,1568,19957,16210
815,1560,19898,16132
819,1555,20078,16274
816,1562,19917,16193
816,1560,19912,16197
819,1561,19992,16257
815,1573,19882,16120
818,1562,20052,16277
830,1572,20272,16480
830,1560,20271,16445
832,1558,20312,16524
823,1573,20059,16273
827,1562,20296,16517
814,1564,19818,16105
816,1570,19980,16186
818,1551,20003,16256
820,1570,20011,16276
832,1553,20326,16528
828,1567,20172,16412
818,1565,19978,16232
821,1546,20138,16346
827,1594,20141,16299
820,1540,20124,16323
816,1584,19858,16121
821,1563,20062,16317
827,1568,20263,16489
816,1565,19928,16161
820,1551,20120,16327
813,1576,19805,16072
819,1557,20030,16263
814,1566,19860,16131
818,1560,19963,16228
813,1539,19959,16241
814,1568,19841,16125
817,1568,20006,16220
815,1572,19896,16165
816,1564,19915,16181
815,1545,19990,16244
814,1567,19844,16115
820,1553,20078,16312
817,1567,19933,16153
829,1560,20317,16493
825,1572,20138,16285
814,1577,19833,16126
821,1548,20099,16375
820,1566,19945,16182
818,1564,20034,16260
826,1559,20302,16495
817,1572,19904,16163
819,1558,20060,16291
816,1560,19942,16196
820,1557,20021,16279
819,1559,19910,16169
816,1575,19880,16135
821,1559,20056,16262
818,1564,19986,16243
816,1558,19909,16186
818,1560,20004,16274
813,1571,19799,16086
820,1555,20081,16305
816,1563,19952,16203
819,1558,20038,16251
816,1571,19997,16208
820,1567,19982,16225
832,1577,20396,16584
820,1567,19922,16161
830,1562,20265,16423
829,1571,20307,16476
815,1572,19873,16125
822,1539,20155,16375
826,1592,20096,16307
827,1586,20097,16262
816,1552,19911,16193
817,1569,19934,16211
821,1542,20139,16362
813,1570,19813,16087
818,1569,19976,16226
816,1550,19929,16212
815,1581,19902,16176
821,1556,20157,16370
813,1569,19846,16104
819,1563,20045,16252
826,1544,20275,16438
830,1572,20281,16507
820,1563,20011,16272
818,1570,19960,16230
816,1576,19927,16180
826,1541,20217,16403
825,1549,20192,16431
819,1554,20067,16304
814,1573,19845,16130
816,1555,19934,16192
816,1576,19906,16180
816,1570,19932,16192
819,1561,20057,16271
816,1569,19886,16162
833,1577,20388,16592
830,1571,20309,16526
816,1565,19876,16165
821,1551,20094,16322
813,1581,19836,16077
823,1550,20181,16377
817,1567,19965,16162
830,1564,20250,16437
832,1554,20337,16537
827,1576,20166,16390
818,1552,20045,16248
821,1564,20097,16298
822,1599,19959,16175
817,1555,19957,16208
814,1570,19827,16112
818,1549,19998,16273
816,1556,19940,16212
823,1567,20077,16317
824,1555,20217,16369
813,1583,19757,16036
819,1552,20046,16296
818,1552,19973,16250
815,1561,19882,16177
818,1566,19968,16204
829,1558,20247,16452
821,1558,20156,16359
816,1574,19964,16164
826,1581,20095,16296
816,1561,19945,16204
827,1584,20097,16322
825,1570,20146,16312
815,1560,19906,16159
818,1550,20001,16258
820,1564,20068,16308
817,1576,19967,16215
818,1552,20001,16259
813,1571,19797,16085
812,1562,19915,16205
823,1539,20212,16394
830,1561,20297,16489
822,1544,20138,16364
815,1564,19820,16063
817,1567,19948,16223
818,1555,20009,16267
816,1581,19882,16142
828,1559,20326,16505
817,1561,19954,16172
819,1565,19975,16245
815,1568,19916,16181
817,1548,19937,16220
821,1551,20155,16384
814,1576,19887,16105
823,1555,20091,16319
830,1563,20279,16466
823,1558,20113,16326
824,1552,20144,16383
828,1568,20211,16431
817,1556,19922,16206
816,1570,19977,16188
816,1559,19914,16181
813,1551,19953,16260
829,1580,20150,16355
830,1570,20226,16419
815,1579,19896,16153
819,1583,19963,16195
820,1564,20112,16302
817,1567,19984,16193
823,1540,20173,16396
824,1554,20107,16364
831,1572,20250,16494
830,1568,20355,16546
817,1573,19973,16197
818,1546,19977,16231
817,1562,19989,16220
820,1566,20042,16287
831,1564,20284,16478
814,1569,19837,16112
818,1564,19990,16249
818,1563,20024,16226
822,1560,20096,16318
826,1576,20109,16325
812,1581,19760,16019
819,1555,20046,16313
818,1563,20037,16261
816,1549,19934,16183
819,1550,20057,16285
823,1562,20141,16315
833,1574,20380,16560
815,1565,19881,16169
819,1557,20042,16278
819,1571,19999,16199
831,1576,20288,16445
826,1554,20222,16427
822,1568,20053,16280
828,1572,20166,16367
817,1561,19990,16247
817,1562,19933,16218
817,1556,19970,16232
821,1573,20062,16257
822,1559,20092,16295
826,1564,20254,16470
817,1568,19970,16215
821,1540,20096,16369
815,1587,19895,16153
817,1568,19966,16221
816,1544,19969,16184
818,1568,20015,16237
821,1556,20092,16327
813,1577,19771,16051
830,1556,20292,16502
818,1583,19976,16152
820,1575,20058,16265
823,1556,20157,16399
827,1574,20075,16287
817,1569,19934,16203
823,1566,20109,16360
820,1569,20026,16259
829,1558,20274,16482
825,1576,20136,16323
822,1548,20134,16349
816,1574,19890,16140
817,1563,20005,16238
818,1556,19988,16274
814,1580,19848,16104
823,1545,20178,16386
820,1579,19967,16178
817,1572,19963,16193
820,1543,20052,16317
812,1576,19767,16040
817,1550,19961,16266
822,1578,20002,16198
816,1566,19922,16169
817,1550,19951,16213
812,1591,19801,16060
826,1574,20106,16325
815,1568,19885,16160
820,1563,20033,16294
816,1569,19943,16216
818,1576,19978,16183
821,1551,20089,16323
818,1561,19994,16251
818,1552,19979,16247
821,1561,19970,16217
815,1567,19878,16127
833,1580,20411,16594
816,1569,19947,16185
818,1562,20031,16246
819,1547,20024,16293
818,1583,19872,16115
818,1552,19975,16245
814,1568,19873,16115
818,1557,20071,16270
817,1554,19942,16218
819,1563,20004,16248
820,1545,20077,16341
814,1563,19806,16101
818,1567,19985,16234
816,1561,19941,16225
822,1555,20117,16316
827,1561,20199,16391
814,1581,19802,16073
821,1581,20042,16282
822,1567,19992,16229
819,1556,20045,16297
830,1564,20254,16414
819,1581,19894,16113
831,1590,20279,16408
815,1555,19881,16153
820,1567,20020,16261
829,1568,20203,16431
814,1576,19835,16092
822,1557,20112,16311
820,1574,19946,16188
818,1562,19971,16236
821,1579,20017,16247
814,1574,19834,16120
820,1548,20060,16333
817,1581,19864,16125
816,1568,19988,16203
817,1551,19973,16245
813,1583,19828,16105
817,1548,20026,16280
818,1563,19965,16251
822,1590,19989,16210
818,1558,19998,16269
815,1577,19894,16139
818,1549,20060,16260
815,1560,19924,16201
814,1595,19831,16130
817,1556,19949,16221
816,1571,19905,16140
819,1564,20072,16280
816,1567,19935,16188
817,1570,19941,16186
819,1550,20013,16262
813,1584,19776,16095
818,1559,20016,16283
817,1545,19986,16264
819,1563,20071,16284
819,1570,20019,16254
817,1571,19940,16196
822,1558,20044,16276
814,1564,19867,16173
817,1562,19985,16222
818,1572,20004,16253
821,1571,20108,16286
832,1560,20340,16473
819,1578,19882,16117
817,1555,19932,16201
818,1556,20011,16281
815,1575,19938,16162
820,1557,20094,16306
814,1567,19831,16108
815,1562,19895,16153
818,1558,20002,16261
817,1567,19938,16221
818,1546,19992,16270
815,1562,19832,16134
817,1574,19973,16186
817,1567,19976,16216
816,1572,19894,16175
818,1538,20040,16313
815,1567,19885,16134
816,1572,19937,16191
817,1573,19996,16218
816,1565,19920,16159
820,1559,20094,16306
815,1571,19802,16071
815,1574,19872,16158
816,1565,19956,16223
816,1564,19941,16181
817,1563,20011,16219
828,1560,20218,16442
822,1544,20147,16351
829,1583,20204,16379
816,1579,19860,16126
827,1560,20271,16505
823,1567,20059,16289
820,1545,20121,16326
819,1561,20042,16280
816,1573,19956,16211
818,1562,19989,16264
813,1575,19791,16095
818,1555,20040,16278
818,1556,19997,16243
816,1570,19927,16143
816,1558,20033,16237
813,1580,19783,16081
817,1551,20011,16287
819,1555,20010,16260
815,1580,19920,16152
819,1566,20040,16264
818,1576,19932,16192
819,1562,20043,16277
817,1573,19949,16199
821,1553,20055,16302
830,1570,20252,16445
824,1580,20067,16318
827,1579,20352,16515
816,1575,19936,16201
815,1554,19916,16200
821,1549,20067,16330
821,1578,19905,16144
819,1547,20068,16286
813,1582,19854,16104
819,1557,20064,16272
821,1558,20145,16342
817,1568,19924,16199
820,1542,20073,16326
815,1576,19836,16110
817,1562,20006,16247
816,1558,19961,16195
818,1565,19948,16210
819,1552,20094,16317
814,1573,19796,16085
816,1556,19909,16199
823,1545,20108,16355
830,1586,20171,16383
820,1556,20131,16337
816,1570,19914,16170
816,1574,19902,16153
818,1561,20008,16268
814,1577,19850,16128
820,1550,20102,16349
816,1565,19916,16156
816,1574,19958,16182
816,1555,19977,16190
815,1577,19906,16183
822,1547,20122,16385
825,1592,20023,16251
816,1559,19950,16201
818,1566,20034,16245
815,1564,19886,16171
824,1540,20162,16378
820,1591,19901,16124
818,1539,20008,16290
828,1579,20154,16375
814,1579,19859,16131
818,1554,20042,16271
815,1566,19843,16117
820,1556,20045,16299
816,1567,19910,16187
816,1524,19922,16185
817,1561,19941,16177
817,1570,19937,16196
817,1559,20029,16242
817,1556,20018,16232
817,1566,19932,16207
816,1557,19918,16195
816,1567,19888,16178
819,1556,20041,16256
818,1557,20054,16272
816,1570,19919,16189
816,1573,19978,16215
815,1557,19860,16122
821,1545,20130,16372
829,1555,20217,16427
815,1570,19882,16161
820,1543,20093,16306
819,1565,19999,16241
823,1572,20046,16274
814,1566,19849,16130
815,1561,19859,16174
828,1574,20215,16398
817,1579,19969,16211
819,1545,20078,16287
829,1556,20276,16456
827,1573,20103,16326
818,1555,19969,16251
815,1573,19891,16172
818,1545,20061,16287
816,1581,19907,16147
822,1562,20094,16310
825,1542,20190,16396
825,1567,20127,16349
833,1575,20390,16599
814,1575,19812,16089
816,1570,19922,16199
815,1571,19932,16158
819,1544,20025,16259
826,1563,20134,16357
814,1576,19843,16106
817,1561,19938,16249
816,1578,19953,16186
815,1557,19899,16154
820,1547,20104,16323
814,1580,19856,16072
819,1549,20041,16270
817,1574,19943,16204
813,1566,19810,16097
819,1543,20043,16266
818,1573,19982,16191
819,1536,20006,16282
818,1565,20002,16243
815,1572,19905,16183
817,1551,19958,16242
813,1564,19798,16090
818,1545,20011,16284
817,1569,19997,16211
815,1564,19861,16131
815,1570,19908,16183
813,1571,19782,16080
818,1559,19993,16254
816,1557,19941,16202
819,1549,20010,16250
826,1572,20122,16297
814,1581,19868,16072
817,1555,20001,16265
818,1563,19961,16242
821,1559,20090,16315
827,1582,20171,16332
817,1574,19968,16189
821,1543,20068,16339
810,1563,19847,16103
821,1570,19958,16197
816,1567,19929,16227
815,1578,19846,16146
825,1536,20161,16406
817,1583,19891,16089
817,1555,19959,16229
819,1551,20013,16285
817,1566,19912,16188
818,1554,20015,16289
816,1579,19896,16150
821,1568,20081,16314
828,1562,20166,16348
815,1567,19930,16159
821,1550,20100,16354
812,1582,19777,16065
818,1558,19977,16256
818,1561,20029,16272
815,1570,19905,16121
821,1545,20128,16372
815,1569,19887,16134
830,1559,20302,16498
824,1573,20037,16279
816,1572,19889,16178
818,1551,20029,16286
817,1575,19975,16204
819,1575,20019,16253
815,1560,19916,16188
817,1556,19948,16218
818,1558,20011,16282
814,1568,19838,16080
818,1555,20004,16248
816,1571,19956,16171
818,1558,20033,16245
818,1553,20004,16277
813,1564,19816,16106
820,1547,20048,16331
815,1562,19927,16153
816,1564,19945,16177
818,1548,19967,16247
816,1574,19907,16151
818,1559,19990,16267
816,1569,19923,16196
817,1566,19934,16215
819,1549,20034,16307
812,1583,19803,16039
818,1553,19998,16254
818,1552,20008,16256
815,1560,19882,16156
816,1572,19890,16181
813,1582,19800,16078
820,1543,20074,16316
818,1550,20044,16263
815,1556,20030,16237
816,1564,19959,16230
813,1573,19812,16104
819,1567,20017,16266
818,1573,19972,16230
818,1565,20043,16250
819,1555,20021,16291
815,1563,19875,16128
818,1542,20010,16279
819,1547,20010,16271
822,1571,19966,16193
816,1570,19958,16214
822,1566,20116,16311
828,1554,20219,16421
813,1581,19798,16069
815,1566,19887,16167
819,1554,20023,16290
816,1566,19919,16169
817,1556,20031,16273
819,1581,19983,16193
831,1567,20387,16547
830,1556,20214,16444
816,1581,19908,16192
820,1542,20104,16358
814,1574,19865,16098
819,1555,20090,16294
815,1560,19919,16161
823,1571,20093,16335
826,1556,20243,16443
828,1567,20203,16421
821,1565,20055,16304
815,1568,19899,16150
817,1563,19990,16201
821,1558,20115,16356
815,1570,19803,16077
818,1560,20020,16262
818,1555,19962,16247
817,1564,19967,16197
818,1561,20007,16259
823,1564,20115,16297
832,1552,20374,16502
822,1578,19991,16236
816,1570,19918,16175
815,1552,19931,16237
816,1561,19912,16168
820,1545,20099,16319
817,1567,19951,16230
816,1570,19933,16185
817,1552,20069,16312
818,1587,19834,16064
828,1586,20190,16413
818,1546,19985,16260
813,1576,19880,16122
823,1558,20136,16339
822,1571,20025,16233
828,1556,20283,16489
816,1569,19925,16209
825,1567,20148,16357
828,1581,20350,16553
815,1579,19896,16115
820,1558,20126,16324
819,1552,20017,16285
822,1566,19956,16222
817,1558,19985,16250
816,1570,19903,16136
819,1551,20072,16271
817,1574,19933,16194
825,1569,20071,16266
818,1561,19947,16214
815,1567,19877,16164
818,1541,20001,16263
813,1556,19833,16096
824,1551,20176,16375
831,1556,20265,16458
827,1585,20126,16324
818,1548,20008,16267
820,1564,19952,16219
824,1584,20055,16265
821,1543,20092,16301
818,1575,20025,16252
835,1602,20515,16661
817,1573,19948,16187
825,1596,20069,16299
817,1562,19914,16172
825,1572,20157,16344
835,1579,20504,16638
814,1575,19807,16063
817,1560,20002,16236
817,1555,19944,16224
814,1573,19826,16124
819,1543,20029,16314
813,1572,19822,16108
818,1559,20026,16255
816,1560,19927,16191
816,1555,19901,16188
819,1560,20048,16307
813,1581,19784,16099
819,1546,20066,16319
818,1561,20003,16228
815,1566,19902,16126
819,1560,20095,16293
814,1573,19853,16107
817,1556,19976,16247
817,1564,19945,16212
816,1572,19937,16168
821,1562,20097,16304
813,1569,19783,16043
819,1544,20073,16319
817,1569,19950,16219
817,1564,19946,16218
818,1554,20013,16273
814,1579,19782,16077
820,1551,20123,16315
820,1567,20052,16275
819,1568,19934,16181
816,1566,19934,16210
813,1582,19781,16074
819,1563,20045,16286
817,1558,19999,16235
817,1568,19974,16198
824,1552,20227,16390
829,1573,20245,16445
819,1557,20015,16286
816,1575,19837,16118
820,1553,20060,16279
817,1570,19990,16191
821,1549,20033,16272
824,1561,20107,16311
821,1589,19987,16216
830,1567,20302,16528
816,1555,19940,16210
830,1577,20223,16436
833,1569,20417,16578
817,1570,19949,16183
823,1582,20030,16237
816,1553,19910,16181
817,1564,19942,16222
819,1557,20074,16297
814,1579,19812,16055
819,1576,20013,16249
819,1569,20068,16258
817,1570,19929,16200
821,1543,20115,16350
814,1576,19786,16048
824,1570,20163,16345
824,1556,20156,16342
825,1547,20175,16396
834,1569,20423,16597
813,1577,19779,16051
831,1569,20271,16471
830,1564,20211,16430
829,1558,20248,16479
826,1555,20272,16436
816,1568,19930,16172
820,1542,20060,16340
825,1565,20133,16343
818,1553,19975,16240
817,1550,19980,16215
814,1577,19858,16116
820,1550,20111,16338
816,1562,19991,16211
831,1561,20271,16488
819,1553,20047,16294
813,1579,19771,16055
819,1548,20072,16278
817,1555,19973,16223
819,1575,20012,16265
816,1564,19923,16165
818,1586,19937,16187
829,1569,20232,16448
820,1570,19951,16206
815,1571,19846,16158
818,1549,20026,16243
816,1567,19915,16171
817,1552,20012,16266
817,1559,19941,16205
818,1555,19986,16280
817,1550,19989,16245
817,1564,19958,16204
820,1556,20119,16347
814,1556,19903,16134
816,1566,19949,16214
818,1567,19994,16264
815,1565,19859,16141
823,1552,20173,16364
826,1595,20076,16255
817,1556,19924,16191
817,1553,19981,16228
822,1557,20068,16317
825,1543,20199,16418
829,1580,20193,16415
818,1567,19981,16263
823,1552,20166,16365
823,1551,20116,16335
832,1554,20376,16570
816,1576,19919,16171
819,1554,20005,16284
817,1557,19977,16215
819,1563,20034,16277
823,1550,20129,16314
817,1571,19973,16172
822,1561,20099,16325
824,1555,20126,16348
824,1563,20065,16319
826,1557,20236,16444
821,1565,20058,16250
831,1574,20347,16550
826,1565,20104,16315
814,1572,19856,16122
821,1558,20093,16334
815,1559,19871,16152
821,1542,20012,16263
818,1569,20022,16242
814,1576,19897,16136
816,1568,19909,16165
815,1565,19844,16139
823,1550,20149,16413
826,1584,20087,16291
815,1560,19891,16149
826,1550,20269,16430
829,1566,20284,16445
832,1575,20395,16600
826,1586,20099,16308
819,1561,20009,16267
821,1554,20093,16323
816,1578,19918,16143
821,1547,20101,16335
817,1558,19958,16193
822,1560,20101,16315
828,1578,20117,16338
816,1575,19855,16175
818,1554,20001,16263
818,1561,20024,16248
812,1545,19897,16216
818,1543,19997,16269
814,1571,19853,16120
819,1557,20030,16301
814,1574,19854,16114
832,1567,20366,16535
827,1546,20245,16415
818,1565,20022,16234
824,1544,20161,16402
833,1581,20186,16412
817,1546,19928,16210
822,1557,20131,16359
831,1556,20362,16532
822,1552,20126,16363
813,1575,19816,16082
817,1552,19948,16235
818,1566,19976,16239
815,1571,19901,16176
817,1548,20045,16327
814,1575,19888,16129
819,1545,20024,16270
816,1547,19920,16216
822,1567,20078,16296
833,1577,20402,16608
816,1572,19898,16164
818,1562,20002,16244
816,1558,19962,16213
818,1561,20019,16241
827,1568,20295,16489
813,1568,19773,16060
820,1562,20038,16296
817,1565,19978,16198
815,1567,19888,16136
818,1543,20000,16262
815,1575,19849,16089
818,1559,20000,16255
817,1565,19925,16205
818,1560,19963,16226
820,1562,20046,16310
814,1573,19858,16081
824,1544,20175,16396
828,1573,20166,16365
814,1577,19882,16135
825,1545,20139,16387
817,1578,19959,16183
825,1576,20127,16308
816,1567,19965,16195
831,1571,20327,16487
823,1548,20134,16361
823,1563,20113,16355
818,1555,20028,16274
818,1550,20027,16255
817,1574,19982,16190
817,1558,19967,16223
829,1572,20251,16437
818,1560,20027,16255
816,1543,19918,16195
818,1560,20007,16268
819,1554,20031,16291
814,1562,19881,16139
820,1560,20090,16333
817,1567,19952,16215
821,1582,19970,16201
817,1565,19981,16244
815,1565,19912,16168
821,1551,20113,16344
817,1577,19955,16192
822,1561,20141,16330
814,1554,19899,16163
817,1575,19947,16214
818,1561,20020,16268
815,1583,19896,16131
816,1559,19973,16193
818,1547,20005,16267
815,1583,19914,16144
832,1590,20430,16613
823,1598,19957,16203
816,1557,19894,16158
816,1568,19939,16206
815,1567,19938,16159
822,1533,20142,16365
824,1598,19980,16203
817,1565,19970,16241
814,1555,19860,16142
822,1570,20093,16301
828,1572,20180,16368
814,1570,19878,16123
819,1552,20085,16301
815,1566,19907,16190
815,1574,19865,16141
819,1543,20037,16299
813,1576,19856,16087
822,1542,20160,16358
816,1563,19895,16178
818,1551,20000,16256
820,1550,20084,16324
815,1572,19870,16147
819,1551,20050,16317
816,1567,19917,16183
817,1555,19984,16217
816,1572,19948,16192
816,1588,19889,16141
819,1558,20001,16243
815,1565,19894,16176
818,1562,19992,16239
818,1552,20015,16255
816,1573,19923,16161
822,1547,20213,16401
817,1569,19907,16160
817,1564,19964,16244
817,1553,19963,16219
815,1578,19875,16126
832,1559,20342,16495
827,1580,20150,16355
826,1579,20131,16322
818,1554,20028,16277
815,1576,19829,16099
818,1554,20021,16280
814,1577,19876,16152
819,1549,20086,16311
816,1569,19943,16209
819,1567,19986,16245
822,1553,20042,16270
816,1555,19920,16212
815,1559,19909,16184
819,1552,20034,16269
817,1551,19993,16224
819,1559,20086,16275
815,1577,19885,16132
817,1570,19958,16224
817,1557,19945,16238
816,1561,19964,16184
821,1540,20162,16366
812,1572,19811,16061
825,1562,20233,16452
816,1565,19939,16210
819,1576,19984,16241
822,1538,20117,16373
815,1575,19834,16120
817,1568,20012,16208
817,1558,19973,16217
815,1570,19882,16154
818,1549,20034,16276
813,1584,19759,16066
818,1548,20040,16281
823,1548,20117,16327
830,1568,20317,16483
817,1555,20008,16235
814,1582,19822,16115
819,1546,20020,16299
818,1570,19949,16223
816,1573,19930,16166
820,1571,20054,16291
813,1572,19802,16088
819,1563,20038,16264
819,1547,20024,16283
821,1561,20048,16300
831,1580,20348,16566
820,1582,19973,16215
831,1567,20320,16470
818,1574,20022,16265
817,1570,19984,16229
825,1543,20188,16408
815,1576,19859,16132
821,1547,20136,16365
816,1563,19939,16183
819,1553,20066,16283
821,1552,20148,16349
816,1578,19831,16094
822,1545,20120,16355
814,1561,19836,16142
832,1557,20331,16507
829,1564,20365,16522
822,1550,20025,16279
832,1562,20416,16582
817,1578,19924,16186
818,1556,20010,16268
818,1553,19982,16244
815,1564,19843,16144
819,1565,20063,16271
814,1574,19858,16132
814,1561,19899,16173
818,1554,19996,16269
821,1549,20035,16296
827,1561,20159,16364
814,1573,19857,16104
817,1560,20010,16232
820,1578,20090,16288
819,1566,19997,16279
821,1542,20100,16355
813,1582,19782,16070
821,1561,20076,16303
818,1567,20042,16270
815,1571,19871,16139
820,1546,20118,16354
814,1579,19866,16132
817,1566,19924,16192
829,1574,20220,16423
829,1574,20287,16490
831,1567,20410,16562
828,1579,20166,16367
832,1575,20384,16577
827,1586,20128,16340
820,1581,19896,16154
828,1591,20417,16587
822,1588,19975,16190
820,1559,20072,16288
816,1556,19984,16203
819,1556,19942,16203
819,1567,20016,16284
817,1566,19921,16194
821,1549,20155,16376
818,1575,19962,16178
823,1601,20093,16327
827,1562,20251,16432
814,1580,19844,16109
820,1540,20080,16332
814,1565,19841,16177
818,1566,19982,16259
817,1563,19966,16201
816,1584,19913,16157
821,1551,20115,16365
815,1558,19913,16165
817,1561,19966,16228
815,1571,19931,16162
816,1569,19906,16155
817,1555,20037,16257
817,1562,19984,16211
817,1558,19948,16220
817,1563,19909,16169
816,1573,19878,16165
829,1566,20323,16506
815,1572,19933,16149
816,1569,19919,16188
817,1549,19993,16237
816,1560,19915,16191
820,1565,20056,16319
814,1570,19806,16092
824,1570,20134,16362
826,1573,20134,16328
817,1569,19969,16219
819,1541,20063,16311
822,1546,20062,16303
823,1546,20083,16331
831,1567,20296,16478
826,1579,20115,16306
820,1550,20095,16323
814,1588,19881,16089
827,1581,20138,16334
815,1575,19895,16157
816,1567,19924,16188
818,1551,20037,16252
815,1574,19881,16129
819,1550,20012,16277
814,1550,19896,16152
817,1576,19932,16190
820,1611,20024,16274
813,1567,19810,16102
819,1541,20042,16306
824,1541,20171,16373
826,1589,20091,16281
822,1560,20114,16335
821,1571,19993,16263
831,1548,20238,16449
826,1583,20086,16296
815,1569,19862,16108
819,1561,20036,16252
820,1561,20039,16247
825,1569,20110,16320
816,1564,19930,16216
816,1552,19899,16204
819,1544,20086,16299
815,1577,19911,16137
819,1559,20042,16294
819,1564,20040,16276
819,1571,20007,16269
817,1563,19906,16198
815,1573,19822,16107
818,1558,20010,16268
823,1563,20145,16339
824,1561,20144,16341
823,1538,20131,16364
820,1581,19902,16128
820,1549,20069,16336
814,1575,19864,16118
818,1556,20009,16244
816,1544,19978,16205
819,1595,19953,16132
819,1544,20043,16295
813,1563,19789,16103
817,1551,19953,16238
821,1548,20126,16348
819,1556,20048,16278
819,1559,20011,16259
815,1574,19896,16133
820,1553,20039,16301
816,1554,19914,16181
816,1565,19916,16198
821,1549,20095,16363
816,1567,19955,16178
817,1569,19960,16201
817,1575,19934,16198
817,1565,19946,16229
818,1543,20034,16315
828,1560,20255,16438
818,1560,20023,16263
816,1578,19982,16197
816,1574,19954,16176
819,1558,20050,16318
814,1573,19819,16112
820,1546,20059,16310
829,1581,20222,16393
818,1571,19932,16128
820,1540,20053,16310
813,1576,19831,16096
819,1547,20069,16331
822,1553,20085,16337
822,1586,19978,16201
816,1563,19954,16240
815,1572,19898,16138
819,1541,20076,16318
820,1551,20041,16309
816,1576,19884,16134
818,1555,19993,16282
815,1567,19886,16142
821,1544,20097,16338
819,1560,20061,16300
824,1557,20179,16331
823,1547,20123,16365
828,1572,20177,16397
822,1552,20102,16355
817,1572,20009,16237
818,1570,19988,16210
821,1549,20092,16347
825,1578,20033,16243
819,1557,20014,16249
815,1567,19871,16158
818,1572,19990,16243
817,1567,19937,16203
816,1567,19968,16202
818,1547,20024,16264
816,1558,19970,16221
819,1546,20031,16281
818,1563,19940,16222
825,1564,20157,16345
818,1559,20005,16259
816,1571,19920,16164
820,1554,20091,16305
819,1559,20011,16264
816,1579,19940,16203
833,1580,20412,16605
821,1583,19951,16152
818,1564,20036,16238
828,1579,20185,16375
819,1566,19982,16256
819,1546,20080,16333
816,1566,19882,16163
826,1561,20225,16443
816,1567,19910,16177
816,1555,19958,16184
822,1543,20137,16373
813,1570,19834,16089
816,1568,19914,16200
816,1576,19913,16183
815,1548,19901,16146
817,1558,19982,16241
816,1559,19954,16216
818,1556,20015,16230
829,1557,20273,16492
822,1558,20049,16288
827,1567,20258,16495
813,1576,19831,16079
821,1534,20160,16357
819,1565,19986,16258
818,1557,19986,16225
816,1556,19914,16189
812,1584,19784,16079
820,1545,20056,16326
816,1570,19902,16183
821,1569,20070,16284
824,1575,20033,16223
812,1578,19767,16036
818,1554,20015,16288
821,1560,20067,16318
818,1583,19961,16217
820,1562,20061,16267
814,1595,19865,16096
819,1550,20083,16298
816,1572,19914,16187
817,1549,19970,16232
817,1571,19905,16179
817,1569,19955,16174
825,1565,20137,16307
819,1554,20029,16283
832,1570,20351,16543
815,1565,19889,16176
815,1581,19892,16158
824,1549,20145,16399
827,1559,20193,16436
818,1568,20029,16253
821,1564,20090,16337
815,1570,19877,16139
821,1548,20096,16355
813,1576,19791,16084
818,1575,19995,16233
817,1557,20003,16235
819,1554,20021,16258
819,1552,20084,16288
829,1578,20225,16430
817,1563,19941,16224
816,1554,19984,16259
817,1573,19962,16204
820,1541,20151,16351
814,1583,19818,16101
823,1551,20131,16341
827,1537,20191,16425
827,1579,20146,16357
832,1562,20333,16525
823,1570,20055,16304
822,1561,20136,16332
831,1567,20301,16486
818,1557,19987,16254
821,1571,20014,16237
815,1568,19836,16133
819,1552,20060,16300
825,1557,20178,16383
829,1543,20334,16483
827,1587,20191,16334
815,1563,19890,16163
819,1539,20024,16302
819,1554,19982,16244
816,1563,19937,16182
827,1549,20224,16432
818,1574,19959,16189
827,1562,20254,16425
817,1567,19912,16186
817,1575,19934,16212
819,1553,20018,16267
814,1577,19829,16122
824,1543,20229,16409
832,1573,20288,16485
830,1567,20332,16516
829,1589,20235,16418
826,1597,20045,16279
818,1565,20010,16216
817,1558,19994,16237
818,1560,20030,16236
817,1573,20032,16217
815,1576,19858,16129
820,1552,20074,16323
814,1574,19825,16100
818,1551,19994,16247
818,1546,20043,16257
820,1553,20000,16262
829,1568,20234,16431
815,1574,19901,16164
817,1558,19969,16252
817,1563,19951,16235
817,1567,19955,16205
819,1562,20070,16283
822,1562,20067,16296
827,1565,20150,16347
819,1548,19995,16270
814,1575,19854,16131
821,1546,20130,16366
813,1579,19811,16076
818,1565,20052,16257
816,1568,19988,16191
819,1564,20022,16261
820,1538,20029,16279
813,1569,19801,16084
815,1574,19919,16168
816,1555,19986,16192
818,1559,19979,16253
819,1547,20099,16336
822,1583,19981,16186
817,1561,19921,16182
817,1558,19950,16232
814,1575,19866,16143
818,1560,20081,16290
817,1559,19923,16187
818,1557,19966,16229
820,1567,20041,16288
814,1553,19793,16118
818,1557,20013,16245
817,1567,19956,16181
819,1553,20085,16297
818,1569,20048,16255
814,1565,19863,16135
827,1555,20240,16462
819,1574,19973,16210
828,1546,20279,16463
817,1561,19956,16155
815,1579,19903,16164
824,1552,20153,16378
828,1566,20193,16414
819,1557,20034,16297
817,1549,19966,16248
817,1581,19949,16201
817,1554,20016,16236
826,1553,20176,16405
817,1554,19992,16253
819,1566,20009,16260
817,1550,19983,16271
816,1565,19956,16200
815,1566,19856,16120
821,1551,20130,16334
814,1577,19933,16150
817,1555,19967,16243
816,1564,19913,16185
813,1559,19826,16106
819,1551,20075,16291
815,1587,19885,16122
831,1564,20300,16508
820,1551,20055,16288
815,1564,19887,16152
818,1562,19993,16269
830,1613,20260,16468
815,1562,19865,16142
829,1574,20214,16392
818,1565,19990,16240
821,1552,20070,16295
814,1583,19837,16107
817,1560,19954,16230
819,1546,20082,16324
814,1577,19900,16151
834,1558,20440,16529
815,1567,19914,16151
816,1566,19940,16211
820,1550,20040,16298
825,1583,20072,16302
817,1557,20021,16246
814,1567,19878,16115
819,1556,20020,16276
815,1556,19915,16156
819,1563,19996,16265
829,1577,20220,16417
827,1580,20111,16335
818,1553,20010,16273
818,1567,20008,16236
815,1563,19887,16145
817,1564,19974,16262
822,1567,20041,16264
827,1580,20267,16519
818,1564,19984,16244
815,1556,19877,16142
817,1554,19989,16211
813,1576,19832,16051
818,1559,19981,16236
816,1563,19921,16200
816,1579,19882,16144
827,1562,20237,16409
823,1575,20068,16253
817,1559,19953,16198
818,1567,19991,16227
817,1560,19958,16225
818,1559,19940,16229
813,1581,19782,16067
821,1544,20076,16349
815,1572,19924,16156
818,1552,20008,16280
817,1563,19991,16245
814,1575,19820,16102
819,1552,20009,16286
815,1574,19912,16155
821,1554,20028,16246
815,1559,19977,16196
817,1570,19958,16167
820,1547,20035,16286
812,1583,19780,16066
817,1549,19937,16218
817,1558,19978,16219
816,1569,19934,16168
818,1555,20015,16262
816,1563,19939,16178
817,1567,19956,16206
822,1557,20082,16332
821,1587,19946,16185
819,1545,20050,16319
812,1562,19876,16098
816,1564,19936,16186
816,1563,19966,16219
815,1580,19881,16145
821,1561,19947,16206
817,1562,19923,16181
815,1576,19900,16139
816,1561,19943,16182
817,1573,19991,16194
819,1545,20048,16304
816,1568,19902,16179
820,1557,20061,16304
818,1557,20018,16237
815,1564,19915,16161
820,1546,20053,16307
813,1583,19825,16060
819,1545,20053,16298
818,1552,19953,16255
824,1575,20013,16241
816,1559,19945,16225
814,1571,19881,16113
820,1553,20063,16306
815,1561,19915,16159
819,1554,19991,16260
821,1546,20071,16319
821,1594,19958,16163
818,1562,20012,16253
817,1551,20008,16238
817,1567,20007,16216
822,1584,19991,16217
814,1584,19808,16105
819,1539,20041,16319
820,1555,20056,16288
816,1580,19954,16178
817,1560,19966,16231
820,1577,20006,16233
817,1562,19991,16243
816,1545,19917,16193
817,1567,19974,16251
817,1559,19918,16198
815,1570,19924,16172
821,1550,20118,16345
813,1577,19802,16103
829,1565,20288,16486
817,1558,19948,16228
816,1565,19901,16158
821,1557,20118,16324
814,1575,19855,16095
820,1566,20064,16287
818,1557,19988,16246
816,1572,19911,16197
818,1556,20004,16264
815,1578,19877,16135
817,1557,20004,16225
817,1557,19952,16228
816,1556,19940,16194
823,1545,20162,16399
816,1568,19950,16220
817,1568,19962,16233
818,1576,19944,16230
817,1570,19995,16205
818,1543,20061,16324
827,1597,20072,16281
816,1573,19916,16180
816,1561,19923,16204
817,1580,19932,16158
820,1575,20083,16350
824,1567,20127,16320
819,1556,20095,16292
816,1568,19882,16144
817,1572,19912,16187
817,1566,19947,16213
816,1558,19912,16165
819,1564,20073,16303
817,1569,19973,16223
824,1558,20133,16340
820,1558,20065,16298
814,1574,19780,16059
827,1554,20227,16465
815,1561,19883,16159
816,1561,19945,16177
820,1552,20035,16289
814,1579,19830,16122
819,1547,20049,16299
822,1567,20105,16342
829,1571,20214,16393
817,1572,19974,16207
814,1575,19856,16099
819,1553,20097,16289
821,1563,20064,16307
823,1584,19987,16214
817,1554,19989,16251
827,1560,20250,16443
823,1541,20193,16362
818,1565,19886,16147
818,1554,20024,16246
819,1550,20024,16299
816,1576,19838,16117
819,1542,20031,16301
814,1577,19855,16118
819,1559,20038,16265
818,1570,20036,16279
817,1556,19939,16202
821,1551,20144,16398
815,1572,19808,16059
819,1551,20060,16315
817,1565,20006,16249
817,1556,20006,16248
821,1544,20167,16353
817,1563,19971,16215
818,1569,19935,16179
819,1555,20009,16273
819,1545,20031,16256
824,1553,20142,16339
815,1578,19898,16174
816,1558,19948,16200
816,1556,19940,16222
816,1562,19943,16197
819,1555,19977,16252
820,1582,19897,16159
819,1560,20076,16277
817,1562,19956,16224
824,1558,20159,16378
820,1552,20057,16307
817,1575,19906,16193
819,1558,20059,16272
816,1560,19946,16199
818,1561,19973,16199
829,1562,20423,16524
814,1564,19851,16142
821,1544,20091,16348
819,1539,20025,16296
818,1568,19987,16240
821,1559,20125,16338
813,1571,19798,16063
819,1550,20091,16319
821,1551,20040,16301
817,1569,19933,16201
817,1562,19969,16240
813,1581,19822,16109
821,1541,20136,16344
817,1551,19972,16219
815,1557,19903,16160
817,1553,19967,16244
815,1568,19841,16130
818,1554,20042,16278
818,1562,20027,16263
816,1560,19969,16208
819,1551,20069,16268
818,1567,19957,16202
817,1556,19964,16239
815,1574,19845,16134
818,1563,20022,16245
818,1554,20039,16263
819,1554,20000,16256
829,1577,20259,16424
818,1585,19839,16095
819,1557,19973,16242
817,1554,19974,16231
816,1566,19883,16166
822,1542,20160,16374
817,1564,19934,16193
818,1545,19982,16254
821,1570,20068,16322
816,1580,19874,16178
821,1546,20126,16344
814,1575,19868,16111
820,1561,20065,16294
818,1562,20040,16239
816,1557,19895,16174
820,1544,20067,16325
815,1584,19879,16155
816,1548,19951,16204
820,1563,20053,16280
815,1568,19909,16194
821,1537,20120,16358
814,1584,19886,16135
822,1545,20088,16342
823,1580,20005,16235
818,1558,19977,16248
817,1547,20022,16239
815,1575,19854,16131
821,1550,20087,16326
815,1564,19916,16195
816,1552,19909,16184
819,1554,20037,16256
813,1581,19811,16073
821,1555,20145,16337
815,1562,19948,16158
818,1562,20016,16263
830,1579,20229,16421
819,1587,19875,16125
824,1544,20210,16393
829,1569,20257,16395
817,1549,19970,16229
818,1567,19965,16202
812,1587,19806,16072
818,1535,20001,16279
817,1567,19933,16206
825,1586,20022,16290
819,1554,20062,16276
815,1572,19847,16114
817,1555,19984,16270
817,1559,19983,16242
816,1572,19893,16169
821,1542,20093,16336
814,1573,19845,16090
819,1555,20101,16301
815,1574,19916,16147
816,1575,19944,16211
821,1554,20073,16330
822,1580,19958,16192
822,1547,20186,16380
819,1588,19911,16111
816,1554,19939,16192
819,1542,20056,16304
816,1561,19924,16194
821,1547,20075,16346
816,1566,19904,16191
818,1578,19960,16228
817,1567,20029,16245
815,1557,19891,16147
834,1588,20438,16632
813,1580,19807,16072
822,1537,20136,16367
820,1561,20091,16316
829,1589,20192,16367
819,1540,20099,16321
812,1574,19856,16096
815,1560,19972,16220
823,1589,19981,16223
814,1569,19859,16146
821,1545,20107,16324
814,1565,19822,16041
817,1562,19973,16237
817,1570,19969,16202
820,1563,20041,16282
825,1543,20149,16394
829,1580,20197,16410
821,1538,20091,16344
818,1562,19999,16228
817,1574,19934,16187
817,1570,19967,16225
815,1561,19871,16143
818,1545,20003,16274
816,1564,19931,16191
818,1574,19997,16244
821,1557,20150,16369
816,1582,19869,16070
819,1556,20049,16299
818,1565,19955,16244
816,1564,19908,16189
832,1570,20387,16551
814,1567,19850,16074
819,1544,20047,16315
827,1564,20234,16408
822,1551,19984,16257
816,1563,19941,16212
814,1573,19816,16107
818,1553,20014,16281
817,1567,19986,16223
815,1567,19926,16203
820,1554,20041,16291
819,1565,20012,16272
822,1557,20007,16249
816,1580,19909,16161
817,1565,20004,16240
825,1552,20192,16377
830,1582,20269,16419
825,1561,20120,16318
817,1556,19895,16197
819,1574,19916,16163
818,1558,20038,16278
815,1575,19899,16131
821,1549,20133,16364
816,1567,19909,16163
816,1567,19926,16198
816,1566,19934,16206
819,1555,19982,16238
820,1543,20101,16352
814,1587,19858,16082
823,1563,20029,16285
816,1574,19910,16176
818,1562,19990,16238
821,1548,20031,16293
815,1578,19923,16153
817,1565,19987,16219
816,1561,19942,16173
816,1570,19995,16199
817,1561,19985,16255
814,1587,19854,16128
818,1546,19999,16260
820,1548,20068,16302
818,1575,19955,16151
819,1541,20048,16293
813,1567,19940,16197
824,1564,20089,16295
823,1552,20100,16353
828,1579,20127,16349
812,1557,19832,16130
816,1571,19936,16166
818,1561,20027,16273
816,1562,19931,16193
817,1573,19928,16190
818,1561,19965,16256
818,1589,19990,16218
817,1560,20013,16265
816,1573,19969,16188
819,1558,20061,16280
818,1566,19971,16239
812,1575,19767,16046
828,1558,20246,16465
827,1568,20219,16425
825,1564,20154,16349
832,1563,20360,16543
814,1570,19844,16093
828,1556,20255,16459
816,1555,19908,16203
816,1556,19895,16181
825,1540,20155,16392
820,1569,20051,16244
831,1559,20285,16477
814,1578,19823,16093
818,1563,19973,16231
818,1555,19955,16230
815,1576,19915,16169
820,1553,20110,16333
816,1571,19958,16160
817,1564,19983,16201
818,1552,19982,16240
820,1578,20010,16267
826,1562,20140,16358
822,1564,20077,16295
832,1566,20357,16510
819,1554,20035,16295
818,1554,19960,16225
827,1566,20167,16364
814,1579,19823,16121
823,1553,20075,16329
830,1557,20282,16503
815,1556,19922,16146
819,1552,20057,16302
817,1567,19903,16163
817,1563,19964,16212
830,1553,20286,16501
816,1558,19907,16164
819,1549,20072,16294
820,1584,20018,16225
827,1574,20211,16367
816,1574,19894,16169
817,1565,19926,16202
816,1562,19918,16207
816,1562,19964,16200
819,1544,20082,16310
816,1564,19917,16201
817,1564,19935,16189
816,1560,19940,16211
813,1580,19778,16076
824,1575,20056,16281
817,1564,19950,16241
818,1561,20050,16254
816,1551,19891,16138
815,1574,19825,16117
818,1557,20000,16253
817,1556,19932,16216
819,1558,20015,16271
818,1574,19966,16186
816,1578,19900,16137
820,1565,20068,16263
815,1567,19910,16162
817,1571,19927,16200
818,1564,19986,16259
814,1581,19859,16083
818,1554,20064,16270
814,1570,19875,16157
817,1566,19990,16225
817,1542,20003,16274
816,1574,19894,16176
822,1543,20117,16355
818,1567,19869,16123
819,1553,20086,16279
818,1559,19989,16246
818,1562,19955,16219
820,1538,20078,16318
813,1572,19781,16086
816,1581,19930,16171
817,1554,19974,16234
818,1558,20010,16236
820,1538,20131,16317
815,1563,19882,16147
821,1574,20058,16307
823,1562,20017,16248
815,1563,19920,16158
833,1582,20486,16628
817,1580,19912,16187
816,1560,19936,16182
828,1579,20162,16362
815,1574,19832,16104
819,1546,20021,16303
813,1567,19817,16102
819,1565,20055,16259
816,1578,19926,16172
817,1553,19944,16210
817,1552,19992,16238
815,1565,19840,16148
818,1545,20026,16278
820,1560,20073,16295
815,1566,19915,16147
820,1552,20111,16307
814,1584,19799,16080
820,1545,20069,16346
815,1559,19878,16164
822,1566,20099,16302
822,1577,20092,16262
817,1574,19832,16099
825,1543,20207,16413
828,1578,20204,16400
830,1565,20290,16500
816,1570,19903,16186
815,1580,19857,16144
820,1554,20095,16297
817,1561,19973,16226
816,1564,19918,16201
819,1559,20048,16299
813,1579,19794,16080
819,1563,20063,16276
817,1563,20004,16244
816,1561,19998,16210
816,1570,20010,16211
815,1569,19886,16162
822,1554,20110,16361
823,1596,19981,16214
820,1562,20058,16287
816,1559,19965,16198
818,1571,19917,16199
822,1542,20149,16357
818,1589,19861,16107
817,1555,19961,16240
817,1566,19933,16192
816,1577,19910,16194
821,1551,20138,16363
814,1578,19786,16046
817,1569,19947,16224
815,1550,19902,16188
816,1569,19904,16195
817,1551,20032,16265
815,1571,19874,16127
817,1563,19988,16203
820,1558,20082,16292
822,1551,20066,16292
834,1574,20385,16602
817,1568,19916,16193
821,1563,20073,16310
823,1574,20065,16229
816,1561,19915,16193
824,1553,20137,16356
812,1571,19792,16084
821,1555,20067,16323
816,1575,19902,16153
815,1568,19888,16174
819,1558,20072,16282
817,1573,19968,16191
820,1544,20074,16332
820,1560,20050,16298
817,1577,19885,16133
818,1549,20013,16253
823,1546,20170,16377
821,1558,20125,16326
817,1555,20005,16226
816,1563,19920,16188
819,1557,19999,16254
812,1584,19755,16046
819,1543,20068,16308
832,1577,20403,16569
818,1560,20005,16248
817,1563,19959,16190
814,1583,19819,16095
818,1556,20007,16264
816,1564,19908,16186
816,1569,19890,16190
818,1562,19984,16219
815,1571,19888,16145
823,1554,20173,16417
830,1557,20303,16488
817,1581,19955,16219
820,1564,20049,16297
815,1572,19867,16115
818,1550,20052,16270
815,1575,19944,16168
818,1567,19928,16212
817,1562,19954,16239
814,1565,19829,16115
819,1546,20055,16278
813,1584,19854,16087
819,1549,20032,16314
817,1550,19977,16207
816,1561,19937,16208
833,1576,20395,16615
821,1588,19877,16130
818,1557,19987,16261
817,1551,20002,16239
817,1567,19990,16224
819,1549,20072,16307
819,1577,19880,16142
825,1561,20130,16376
831,1562,20354,16544
829,1569,20249,16440
828,1578,20386,16571
815,1566,19915,16124
819,1560,20011,16255
816,1564,19926,16189
825,1563,20182,16421
818,1559,20027,16260
815,1566,19929,16166
818,1564,20028,16268
817,1566,19997,16224
815,1565,19893,16165
820,1546,20051,16302
814,1576,19818,16119
826,1571,20112,16320
825,1562,20183,16371
818,1569,19989,16228
818,1568,19986,16254
816,1569,19887,16163
816,1534,19935,16228
818,1573,19970,16228
816,1569,19904,16143
818,1555,20079,16278
814,1574,19827,16053
827,1552,20229,16427
821,1557,20059,16301
819,1567,19904,16147
818,1558,19984,16223
815,1544,19881,16117
819,1562,20035,16279
817,1549,19974,16234
816,1563,19944,16196
823,1551,20143,16370
817,1587,19820,16079
819,1549,20041,16299
819,1562,20056,16258
821,1580,19968,16188
820,1566,20021,16283
821,1561,20067,16287
819,1554,19957,16215
814,1590,19877,16115
817,1557,19985,16222
821,1551,20120,16307
819,1580,19967,16137
820,1538,20069,16334
819,1577,19958,16212
828,1551,20157,16379
829,1575,20195,16375
816,1575,19900,16137
819,1548,20047,16317
814,1577,19856,16109
829,1564,20307,16537
826,1569,20093,16322
819,1567,20012,16257
818,1544,19985,16247
816,1562,19966,16218
817,1578,19967,16214
817,1555,19954,16211
817,1566,19935,16206
816,1556,19984,16257
814,1568,19840,16085
816,1573,19912,16166
818,1566,20039,16243
817,1561,19988,16194
832,1584,20398,16589
819,1570,19956,16222
819,1567,19987,16232
818,1568,20009,16238
817,1573,19969,16191
833,1568,20410,16594
825,1593,20044,16253
818,1552,20015,16267
815,1554,19875,16130
816,1568,19918,16182
817,1566,19930,16199
816,1576,19927,16160
820,1540,20079,16310
817,1561,19934,16215
815,1573,19879,16169
817,1558,19920,16226
817,1571,19923,16168
821,1550,20124,16347
822,1572,20061,16247
818,1568,20012,16232
821,1544,20083,16326
817,1578,19893,16118
818,1557,20023,16283
821,1553,20086,16311
821,1562,20118,16299
816,1569,19911,16189
816,1558,19903,16176
817,1562,19988,16247
816,1561,19923,16213
818,1562,19968,16235
817,1566,19897,16185
818,1577,19984,16214
821,1564,20094,16320
813,1571,19804,16068
825,1552,20166,16390
825,1567,20235,16469
817,1558,19957,16220
820,1547,20114,16329
820,1587,19926,16121
817,1549,20025,16248
817,1554,19962,16224
813,1569,19870,16123
821,1547,20083,16325
817,1589,19839,16046
815,1591,19939,16172
817,1559,19934,16210
814,1585,19764,16039
822,1550,20145,16376
818,1583,19908,16171
821,1586,19911,16159
811,1577,19693,16024
813,1572,19867,16111
818,1551,20035,16266
812,1578,19690,15987
817,1566,19926,16195
810,1576,19747,16053
813,1571,19813,16081
820,1539,20106,16339
825,1578,20132,16312
818,1567,20059,16249
814,1562,19869,16150
810,1569,19672,15990
815,1578,19902,16176
815,1579,19824,16039
819,1560,20064,16281
812,1583,19782,16068
810,1576,19734,16011
814,1559,19872,16152
811,1576,19765,16049
816,1553,19935,16226
813,1568,19838,16140
814,1560,19883,16121
813,1552,19805,16105
813,1580,19806,16092
816,1563,19946,16209
814,1563,19816,16111
816,1567,19938,16175
815,1571,19909,16156
817,1601,19926,16158
818,1560,20024,16202
814,1567,19868,16157
817,1577,19942,16201
813,1576,19849,16131
819,1564,20026,16167
819,1555,20080,16308
813,1580,19836,16118
827,1571,20285,16277
818,1560,20031,16253
811,1575,19698,16006
813,1572,19814,16094
808,1573,19630,15941
806,1570,19621,15907
807,1581,19694,15984
800,1583,19418,15728
814,1565,19940,16013
809,1587,19729,15836
796,1569,19281,15620
807,1566,19721,15812
808,1558,19729,15787
799,1559,19456,15756
794,1574,19219,15589
802,1574,19525,15691
800,1557,19343,15716
796,1567,19313,15645
807,1567,19750,15805
797,1567,19305,15637
793,1565,19190,15572
801,1557,19520,15650
798,1565,19312,15620
802,1578,19580,15740
799,1552,19387,15581
795,1560,19282,15602
811,1560,19761,15829
798,1567,19296,15635
813,1566,19756,15854
797,1538,19285,15525
803,1565,19599,15730
805,1558,19611,15742
804,1553,19538,15640
795,1552,19290,15608
795,1555,19292,15542
800,1551,19447,15697
797,1569,19328,15635
797,1563,19345,15621
802,1578,19498,15749
796,1537,19206,15503
801,1564,19444,15730
800,1570,19419,15691
797,1555,19265,15608
799,1565,19342,15655
793,1555,19167,15540
797,1568,19344,15666
803,1571,19454,15751
818,1586,19905,15982
818,1567,19971,16070
814,1583,19708,15900
802,1561,19462,15733
798,1564,19384,15724
800,1571,19440,15712
804,1578,19607,15866
802,1576,19438,15766
823,1565,20197,16287
804,1578,19489,15833
806,1560,19607,15896
808,1576,19714,15964
809,1577,19701,15995
813,1566,19855,16119
816,1579,19844,16091
819,1573,19984,16082
819,1554,20153,16208
820,1575,20085,16140
818,1570,19952,16143
821,1573,20142,16167
815,1560,19906,16160
813,1575,19829,16107
820,1584,19904,16159
818,1549,20044,16297
815,1571,19892,16133
830,1553,20390,16416
827,1567,20288,16349
820,1561,20078,16319
830,1551,20452,16493
819,1568,19994,16264
822,1567,20120,16315
827,1543,20361,16425
821,1556,20097,16338
825,1566,20276,16478
817,1587,19872,16141
829,1551,20402,16492
821,1561,20064,16309
822,1556,20097,16351
828,1549,20396,16439
826,1553,20271,16355
827,1555,20368,16478
823,1554,20149,16356
821,1548,20053,16315
821,1556,20119,16348
830,1568,20366,16411
839,1563,20577,16549
827,1542,20347,16408
825,1554,20227,16327
820,1567,20002,16268
819,1573,19972,16202
820,1538,20097,16324
822,1548,20139,16345
819,1567,20010,16274
829,1574,20365,16543
816,1581,19879,16134
819,1546,20022,16317
819,1539,20036,16299
818,1557,19982,16257
832,1566,20332,16487
830,1563,20286,16485
820,1550,20071,16325
820,1554,20054,16304
817,1555,19903,16186
819,1539,20057,16300
826,1546,20238,16441
819,1561,20102,16290
817,1573,19998,16206
817,1573,19924,16166
823,1546,20114,16357
829,1567,20201,16432
833,1576,20458,16600
814,1568,19885,16136
817,1568,19971,16229
820,1557,20068,16301
815,1551,19901,16167
823,1550,20150,16382
812,1575,19795,16070
816,1561,19926,16202
827,1557,20183,16354
829,1581,20206,16384
819,1550,20012,16258
814,1578,19829,16109
814,1558,19887,16187
820,1551,20052,16275
822,1581,20177,16231
821,1547,20128,16332
815,1583,19928,16129
817,1572,19973,16216
818,1552,19974,16260
815,1562,19892,16179
820,1542,20106,16286
815,1565,19916,16165
830,1553,20450,16503
818,1554,20022,16265
825,1558,20265,16317
824,1546,20233,16324
825,1578,20173,16235
827,1544,20354,16407
821,1561,20123,16308
825,1571,20230,16305
840,1576,20692,16668
837,1571,20497,16508
839,1592,20667,16717
825,1557,20172,16379
837,1554,20532,16569
825,1562,20292,16339
823,1570,20208,16253
826,1539,20313,16403
822,1562,20096,16299
822,1542,20069,16299
819,1534,20012,16224
818,1575,19998,16214
821,1544,20142,16370
821,1559,20117,16336
818,1576,19979,16229
823,1550,20153,16412
827,1583,20086,16302
818,1553,20026,16280
822,1548,20138,16340
830,1564,20273,16465
819,1557,20031,16281
818,1573,19986,16234
819,1551,20028,16298
818,1564,19991,16233
818,1558,20010,16249
819,1568,20082,16289
818,1566,20022,16227
833,1563,20358,16526
815,1556,19860,16155
817,1556,19956,16240
819,1566,20088,16298
819,1554,20042,16288
822,1547,20183,16399
818,1567,19975,16208
820,1561,19953,16205
818,1559,19989,16259
817,1561,19946,16242
821,1541,20082,16340
831,1562,20329,16502
816,1585,19910,16152
831,1572,20340,16539
820,1565,20038,16252
822,1559,20031,16286
816,1575,19926,16170
829,1579,20336,16571
817,1565,20006,16236
822,1571,20150,16332
820,1557,20074,16324
816,1571,19882,16150
829,1555,20273,16475
832,1565,20385,16544
817,1564,19985,16190
820,1554,20079,16307
813,1586,19797,16038
822,1549,20144,16373
819,1566,20018,16276
818,1565,19952,16240
817,1571,19969,16247
810,1570,19863,16090
820,1552,20094,16326
817,1549,19954,16216
818,1565,19978,16238
819,1563,20010,16270
816,1569,19896,16149
820,1549,20057,16285
818,1566,20053,16276
818,1575,20058,16242
817,1562,19957,16215
821,1564,20000,16245
821,1558,20031,16275
820,1551,20070,16300
819,1551,20056,16268
825,1546,20197,16396
826,1587,20062,16265
819,1543,20051,16322
815,1567,19885,16163
832,1558,20310,16509
828,1552,20234,16474
825,1569,20197,16346
