2512,10000
816,1565,19945,16188
816,1575,19919,16203
818,1550,20002,16280
817,1580,19787,16079
819,1555,20050,16279
815,1555,19917,16168
817,1567,19988,16199
822,1542,20186,16367
813,1580,19784,16040
821,1552,20086,16326
815,1556,19855,16146
816,1572,19933,16156
819,1559,20048,16278
814,1562,19871,16155
818,1559,20034,16259
817,1560,19952,16217
817,1572,19916,16198
817,1566,19949,16213
817,1560,19913,16196
823,1580,20109,16268
816,1567,19950,16186
822,1574,20031,16282
819,1562,20021,16266
811,1585,19761,16046
831,1561,20285,16470
826,1588,20141,16318
816,1564,19948,16180
828,1579,20208,16365
813,1591,19779,16054
820,1542,20024,16308
820,1549,20070,16318
825,1584,20107,16278
820,1563,20022,16215
815,1578,19880,16145
818,1546,20031,16272
813,1579,19792,16074
816,1576,19912,16186
818,1548,19980,16256
817,1572,19916,16203
822,1545,20224,16416
814,1572,19841,16120
830,1554,20284,16491
827,1570,20165,16357
817,1556,19916,16212
821,1548,20130,16331
816,1562,19924,16188
817,1563,19984,16202
817,1561,20013,16208
816,1576,19896,16186
827,1550,20244,16453
816,1574,19934,16193
818,1559,20028,16240
818,1559,20035,16243
816,1561,19910,16189
820,1548,20078,16328
814,1575,19854,16139
817,1574,19932,16221
820,1563,20058,16310
829,1573,20172,16385
833,1568,20439,16586
814,1573,19873,16144
822,1555,20111,16341
825,1552,20172,16426
815,1563,19892,16173
819,1551,20059,16300
813,1583,19813,16092
820,1551,20118,16322
818,1559,20029,16231
822,1561,20056,16295
829,1557,20303,16485
814,1570,19836,16116
819,1547,20060,16296
817,1553,20027,16236
815,1554,19878,16158
816,1551,19950,16189
816,1570,19875,16136
818,1550,20054,16297
821,1557,20070,16303
822,1600,19936,16171
823,1571,20167,16346
825,1584,20029,16218
817,1556,19982,16254
819,1569,19993,16258
815,1561,19837,16144
825,1550,20235,16454
818,1576,19976,16183
831,1563,20285,16447
819,1557,20084,16270
821,1558,20054,16315
823,1564,19986,16235
817,1571,19902,16185
823,1556,20183,16409
830,1558,20348,16479
820,1575,19953,16196
818,1561,20013,16257
818,1563,19959,16212
817,1557,19993,16240
818,1571,19926,16209
822,1579,19969,16216
817,1567,20026,16225
815,1565,19898,16153
821,1549,20106,16327
815,1569,19871,16134
816,1580,19897,16177
818,1555,20034,16274
817,1567,20009,16221
820,1546,20145,16351
815,1574,19909,16112
816,1560,19940,16193
816,1567,19934,16215
815,1558,19855,16141
820,1542,20115,16348
815,1574,19913,16117
817,1578,19971,16223
818,1555,20016,16259
816,1566,19903,16183
823,1547,20144,16390
823,1600,19944,16179
821,1559,20064,16306
825,1573,20112,16277
816,1576,19917,16172
820,1550,20032,16287
813,1583,19805,16077
819,1546,20018,16303
817,1563,19977,16217
818,1574,20003,16224
820,1552,20106,16315
815,1571,19902,16137
819,1565,20041,16303
816,1562,19915,16186
817,1561,19930,16212
819,1529,19984,16191
814,1573,19889,16099
834,1572,20415,16597
815,1572,19934,16160
817,1562,19940,16205
817,1570,19922,16197
813,1570,19795,16095
818,1544,20041,16302
818,1559,20042,16234
823,1556,20104,16361
817,1559,19935,16179
817,1579,19948,16190
821,1567,19991,16237
819,1565,20024,16274
819,1551,20032,16282
817,1543,20002,16221
815,1566,19929,16132
818,1550,20008,16254
816,1561,19930,16207
820,1558,20053,16317
818,1561,20085,16306
816,1584,19924,16167
819,1554,20045,16280
816,1560,19893,16156
817,1570,19940,16194
829,1564,20209,16423
815,1574,19869,16154
818,1553,20005,16263
819,1569,20049,16250
832,1580,20324,16494
824,1541,20164,16372
831,1563,20263,16457
827,1550,20216,16434
829,1566,20268,16467
821,1571,20001,16221
818,1567,20029,16256
820,1558,20093,16289
823,1565,20197,16443
829,1564,20163,16395
831,1572,20258,16466
826,1557,20279,16481
818,1565,20027,16234
820,1554,20082,16347
820,1574,20040,16255
826,1585,20116,16310
817,1565,19927,16213
818,1554,19981,16244
819,1550,20008,16263
831,1582,20306,16461
831,1567,20237,16424
816,1559,19926,16188
820,1542,20019,16281
818,1539,19989,16282
817,1571,19924,16175
825,1549,20241,16431
829,1574,20198,16374
820,1565,20080,16287
820,1571,20000,16226
813,1576,19799,16103
819,1551,20055,16314
818,1569,20033,16253
816,1559,19964,16208
817,1550,20013,16272
814,1573,19827,16088
821,1541,20115,16358
816,1555,19909,16197
819,1574,19980,16239
818,1555,19992,16260
815,1576,19913,16142
826,1547,20240,16435
818,1569,19937,16183
822,1574,20023,16283
817,1555,19957,16235
815,1570,19884,16124
820,1554,20109,16334
816,1577,19941,16152
821,1548,20137,16310
818,1546,19995,16280
816,1572,19842,16111
819,1546,20044,16324
811,1563,19875,16100
823,1548,20196,16390
833,1571,20364,16575
815,1569,19880,16147
820,1538,20071,16335
820,1566,19962,16236
831,1565,20286,16491
830,1567,20233,16445
824,1583,20072,16247
819,1546,20091,16374
818,1569,19955,16222
819,1556,20023,16276
816,1552,19913,16207
817,1563,19974,16217
819,1573,20028,16252
827,1578,20113,16288
817,1557,19981,16199
820,1550,20058,16305
816,1570,19863,16124
821,1548,20127,16382
814,1568,19880,16132
817,1566,19987,16220
831,1559,20328,16523
817,1564,19968,16221
820,1541,20052,16314
813,1572,19786,16072
819,1550,20035,16286
816,1560,19905,16196
819,1562,20080,16302
821,1546,20101,16330
814,1574,19856,16128
819,1553,20055,16318
821,1548,20068,16327
826,1585,20101,16291
821,1553,20117,16335
816,1574,19929,16177
820,1558,20150,16321
817,1558,19968,16242
819,1552,19993,16263
815,1575,19888,16158
814,1575,19879,16108
819,1556,20079,16303
819,1550,20015,16260
816,1563,19944,16173
821,1553,20071,16325
817,1572,19925,16177
819,1563,20017,16271
819,1551,20003,16280
818,1495,19985,16211
818,1566,20010,16289
814,1569,19845,16104
820,1552,20097,16361
815,1570,19865,16159
819,1570,20061,16281
817,1568,19981,16213
815,1560,19949,16184
821,1548,20169,16355
818,1553,19959,16225
816,1566,19933,16213
817,1552,19987,16251
820,1566,20035,16263
822,1550,20198,16406
813,1564,19801,16114
819,1551,20019,16276
819,1553,20052,16297
817,1558,19944,16230
823,1554,20164,16393
816,1576,19915,16184
819,1561,19990,16209
831,1565,20313,16509
820,1562,20062,16311
825,1552,20107,16361
815,1581,19799,16070
818,1554,20010,16259
816,1563,19971,16205
818,1551,20012,16235
821,1554,20180,16361
814,1581,19826,16108
818,1550,19995,16265
818,1563,19926,16189
817,1566,19985,16200
823,1546,20188,16390
818,1575,19933,16204
819,1556,20052,16281
817,1560,19985,16257
816,1581,19900,16175
819,1558,20020,16276
816,1576,19890,16170
821,1560,20146,16333
818,1551,19995,16254
818,1570,19950,16215
817,1555,20005,16254
813,1570,19804,16117
821,1550,20133,16340
819,1556,20031,16259
818,1560,20022,16260
818,1566,20044,16253
813,1566,19803,16097
818,1553,19965,16236
817,1566,19974,16248
817,1561,19986,16223
818,1550,20171,16343
813,1570,19793,16048
820,1550,20067,16303
824,1557,20144,16387
836,1562,20411,16600
818,1561,19986,16252
818,1583,19964,16213
818,1555,20030,16256
819,1563,20026,16287
824,1562,20061,16320
818,1547,19976,16222
821,1582,20021,16268
823,1563,20105,16298
816,1564,19928,16189
819,1571,20073,16299
822,1541,20159,16349
816,1576,19899,16165
823,1547,20141,16386
811,1564,19818,16074
820,1568,20065,16290
818,1544,20071,16283
817,1573,19971,16231
821,1553,20137,16353
813,1565,19819,16086
818,1556,19967,16251
816,1554,19929,16208
822,1561,20065,16328
833,1561,20422,16554
826,1554,20234,16438
820,1567,19939,16180
818,1572,19981,16255
818,1561,19941,16213
820,1552,20090,16320
824,1569,20112,16314
825,1558,20195,16363
829,1567,20246,16406
818,1562,20013,16259
818,1561,20012,16292
817,1567,19918,16197
819,1559,20072,16283
818,1558,20022,16256
820,1549,20031,16278
818,1555,20018,16273
815,1563,19869,16147
819,1561,20060,16314
824,1551,20131,16376
829,1587,20160,16375
819,1570,20022,16219
815,1573,19872,16148
833,1565,20415,16598
816,1553,19940,16212
819,1559,19977,16252
819,1569,20014,16217
816,1565,19906,16167
821,1556,20129,16328
818,1549,20034,16244
817,1566,19921,16192
816,1566,19953,16227
819,1571,19963,16212
821,1547,20059,16255
818,1575,20035,16246
816,1561,19944,16197
819,1546,20064,16294
813,1573,19792,16074
821,1540,20114,16360
816,1572,19954,16218
821,1554,20070,16278
818,1560,20042,16240
824,1569,20101,16304
833,1575,20341,16547
829,1560,20280,16511
817,1563,19970,16225
819,1545,20037,16275
818,1566,20008,16253
822,1547,20171,16371
814,1585,19867,16083
825,1547,20206,16451
817,1554,19953,16240
829,1573,20170,16382
827,1573,20208,16381
816,1573,19963,16187
818,1546,19978,16252
818,1563,20011,16237
817,1573,19965,16217
827,1548,20216,16432
820,1577,19986,16248
817,1570,19907,16184
822,1544,20107,16333
817,1559,19955,16217
822,1549,20153,16395
818,1566,19975,16235
817,1554,19940,16227
818,1575,19982,16232
817,1567,19968,16222
818,1544,20046,16298
822,1571,20081,16271
828,1555,20267,16475
819,1561,20005,16264
815,1529,19929,16178
819,1554,20095,16307
814,1577,19885,16105
819,1549,20057,16313
824,1554,20177,16372
830,1581,20228,16436
822,1565,20024,16248
813,1566,19796,16084
820,1548,20082,16340
818,1560,20028,16236
818,1562,19969,16245
820,1553,20058,16313
814,1565,19840,16107
819,1562,20006,16263
818,1545,20011,16266
818,1565,19973,16229
820,1551,20112,16306
814,1590,19866,16093
820,1550,20062,16328
818,1554,19998,16253
817,1554,19942,16213
819,1565,20052,16264
816,1579,19941,16161
818,1540,20046,16303
821,1555,20110,16320
819,1567,19980,16255
818,1564,19978,16255
820,1569,20000,16262
819,1552,20030,16256
816,1557,19960,16169
820,1555,20090,16319
820,1564,20018,16242
818,1575,19972,16215
819,1567,20043,16295
817,1576,19956,16191
820,1562,20059,16294
820,1559,20096,16312
821,1572,20021,16185
818,1552,20039,16279
814,1563,19936,16217
817,1567,19957,16230
822,1547,20153,16377
818,1549,20031,16236
821,1554,20153,16406
816,1573,19905,16156
821,1573,20052,16288
820,1567,20030,16284
816,1563,19910,16178
820,1551,20058,16315
815,1579,19886,16122
818,1552,19990,16244
819,1554,20006,16267
824,1588,20027,16235
822,1550,20065,16340
814,1569,19860,16109
820,1556,20074,16316
817,1580,19975,16203
818,1577,20000,16222
824,1567,20073,16295
815,1574,19844,16132
819,1549,20052,16307
817,1555,19965,16198
816,1569,19963,16177
820,1547,20076,16334
824,1594,20023,16221
818,1541,20056,16320
818,1563,19949,16236
830,1578,20256,16465
817,1561,19978,16241
818,1581,19965,16186
818,1551,20007,16267
821,1555,20073,16298
816,1569,19893,16149
820,1560,20030,16297
815,1567,19868,16120
826,1552,20234,16438
829,1589,20245,16392
819,1565,20057,16264
817,1564,19979,16222
815,1577,19850,16131
820,1545,20040,16320
818,1556,20018,16235
819,1548,20055,16278
817,1553,19980,16229
816,1583,19932,16183
820,1543,20087,16340
816,1569,19894,16183
818,1570,20003,16242
820,1535,20070,16350
818,1564,19994,16216
819,1561,20051,16269
817,1562,19935,16196
816,1557,19927,16210
824,1539,20121,16379
825,1600,20080,16271
820,1556,20097,16321
815,1579,19863,16081
820,1563,20097,16296
818,1563,19992,16249
817,1557,19946,16221
822,1541,20133,16380
814,1566,19868,16096
818,1567,20003,16217
817,1567,19941,16212
831,1565,20343,16536
821,1551,20125,16340
818,1566,19975,16233
831,1585,20239,16444
816,1554,19923,16203
824,1546,20157,16363
832,1557,20284,16483
828,1565,20252,16465
821,1556,20098,16339
820,1569,19941,16199
831,1577,20268,16450
816,1561,20010,16241
818,1569,20010,16213
824,1562,20124,16287
817,1558,19961,16228
815,1541,19942,16208
821,1548,20092,16334
819,1587,19909,16122
820,1560,20134,16342
822,1557,20072,16309
818,1572,19916,16167
826,1572,20104,16308
813,1577,19778,16093
831,1568,20272,16455
817,1563,19952,16219
820,1561,20095,16298
816,1575,19925,16166
818,1558,19951,16196
818,1556,19979,16232
818,1562,20002,16269
819,1564,20025,16265
819,1563,20031,16275
818,1566,19985,16190
819,1558,20111,16299
824,1570,20158,16363
815,1568,19908,16178
818,1546,19990,16267
815,1570,19911,16161
820,1545,20133,16337
820,1557,20037,16292
822,1585,20044,16236
818,1554,20005,16255
815,1567,19866,16156
821,1544,20118,16352
814,1577,19786,16076
818,1567,20016,16237
818,1559,20013,16269
816,1565,19899,16165
820,1550,20115,16344
814,1579,19765,16082
817,1559,19962,16207
819,1538,20064,16302
822,1560,20097,16305
825,1560,20202,16363
815,1572,19896,16162
818,1559,20014,16265
819,1562,20017,16284
825,1558,20178,16367
835,1585,20511,16647
815,1575,19848,16120
817,1565,19979,16216
817,1563,19981,16234
819,1562,20008,16248
819,1567,19999,16243
815,1574,19857,16126
819,1561,20068,16275
817,1572,19950,16219
816,1575,19947,16201
818,1544,19990,16275
817,1576,19925,16191
819,1549,20048,16256
818,1561,20009,16241
817,1587,19984,16140
818,1561,20037,16263
824,1601,20012,16242
820,1544,20095,16337
817,1561,19957,16237
823,1567,20074,16300
820,1539,20076,16315
813,1574,19795,16084
817,1560,20049,16268
826,1557,20205,16434
816,1564,19928,16197
818,1551,19958,16229
815,1584,19853,16126
820,1555,20085,16313
822,1551,20134,16361
829,1571,20159,16370
818,1570,19949,16179
814,1582,19827,16115
821,1548,20138,16350
817,1566,19961,16200
825,1589,20112,16282
820,1573,20102,16289
818,1575,19987,16234
820,1550,20024,16302
815,1573,19894,16156
820,1561,20105,16297
821,1552,20122,16321
815,1571,19904,16158
820,1541,20078,16329
815,1565,19821,16096
819,1554,20005,16275
818,1555,19995,16256
817,1576,19930,16206
820,1561,20098,16311
817,1564,19938,16196
816,1571,19921,16181
819,1553,20023,16280
831,1558,20301,16510
830,1566,20360,16538
818,1553,19994,16256
819,1565,20039,16260
819,1567,20128,16295
820,1541,20040,16305
826,1563,20146,16344
813,1581,19802,16085
819,1553,20063,16285
823,1552,20152,16330
819,1555,20038,16310
819,1512,20008,16243
815,1585,19902,16158
818,1564,19976,16232
816,1577,19912,16173
814,1570,19863,16158
819,1526,20080,16296
815,1572,19906,16160
820,1547,20086,16349
820,1562,20011,16285
815,1565,19875,16211
818,1557,20035,16269
827,1565,20228,16453
822,1555,20110,16293
820,1547,20095,16283
815,1571,19889,16152
818,1563,20007,16254
816,1579,19891,16164
818,1552,20040,16282
817,1570,19995,16219
831,1560,20312,16540
817,1567,19980,16209
815,1565,19858,16140
833,1569,20375,16559
817,1565,19962,16224
818,1566,19945,16232
818,1551,20063,16258
818,1574,19955,16221
820,1565,20026,16248
820,1551,20059,16309
816,1554,19907,16196
820,1564,20100,16312
828,1582,20186,16362
825,1554,20157,16336
818,1564,19994,16200
818,1552,20021,16265
822,1536,20081,16346
823,1571,19990,16226
822,1549,20180,16393
822,1591,19988,16160
817,1562,19968,16198
822,1541,20151,16375
822,1577,19982,16210
818,1550,20018,16288
817,1574,19921,16190
817,1563,19936,16225
820,1548,20105,16314
819,1559,20051,16289
819,1541,20042,16274
824,1567,20037,16252
816,1571,19913,16191
819,1556,20061,16304
820,1564,20049,16297
823,1543,20228,16406
816,1574,19960,16157
817,1575,19917,16193
822,1553,20085,16342
814,1574,19863,16120
822,1549,20170,16368
815,1578,19897,16137
819,1559,20022,16266
819,1563,20036,16285
817,1573,19956,16225
822,1544,20093,16360
815,1562,19889,16151
819,1554,20018,16277
818,1564,20007,16223
821,1560,20078,16313
831,1569,20255,16473
828,1575,20133,16351
824,1564,20103,16318
820,1554,20045,16287
817,1554,19976,16215
821,1541,20135,16350
816,1585,19939,16142
820,1550,20083,16347
818,1552,20001,16276
819,1561,20045,16298
832,1563,20355,16502
819,1563,20004,16192
824,1551,20091,16318
817,1559,19983,16230
820,1554,20035,16284
818,1557,19978,16235
818,1574,19918,16182
819,1560,20029,16299
820,1621,20093,16294
817,1571,19959,16209
818,1554,20001,16256
814,1581,19854,16105
820,1541,20066,16340
816,1569,19930,16188
817,1549,19993,16234
819,1561,20061,16277
818,1574,20010,16206
825,1558,20211,16443
826,1580,20062,16288
819,1559,20024,16279
819,1555,20034,16272
818,1568,20001,16221
822,1544,20121,16370
814,1583,19835,16076
823,1546,20135,16372
831,1562,20249,16443
818,1565,19990,16245
834,1567,20405,16585
830,1563,20304,16481
825,1571,20089,16284
817,1556,19991,16249
828,1584,20191,16391
826,1551,20124,16364
818,1572,19962,16195
816,1579,19919,16183
817,1565,20001,16211
817,1563,20006,16215
821,1585,20118,16373
816,1578,19907,16182
820,1561,19966,16214
818,1567,20028,16265
822,1544,20101,16329
827,1571,20133,16350
814,1587,19850,16093
820,1539,20070,16340
827,1563,20198,16404
817,1582,19914,16188
817,1542,20034,16317
817,1573,19936,16176
822,1547,20141,16377
818,1567,19987,16245
820,1583,19935,16171
818,1549,19995,16279
816,1574,19934,16182
817,1556,20037,16260
824,1556,20170,16368
831,1572,20281,16419
820,1548,20056,16297
814,1580,19788,16088
819,1557,20044,16293
821,1552,20108,16332
822,1579,20059,16240
817,1561,19986,16228
815,1578,19862,16122
820,1538,20072,16332
818,1566,19982,16256
819,1585,20002,16297
817,1555,19930,16190
823,1560,20131,16334
819,1555,20051,16283
824,1586,20019,16243
831,1562,20357,16546
821,1557,19965,16228
816,1574,19945,16199
832,1581,20410,16600
814,1570,19887,16132
818,1557,20037,16259
818,1553,19992,16268
820,1571,20037,16271
819,1545,20020,16296
815,1564,19886,16144
832,1561,20369,16494
820,1555,20046,16322
817,1583,19933,16168
819,1549,20084,16319
815,1564,19841,16135
818,1575,19987,16241
820,1547,20080,16328
823,1590,20072,16252
820,1544,20085,16321
815,1567,19890,16177
816,1568,19952,16212
816,1562,19942,16221
817,1561,19964,16219
820,1544,20085,16316
816,1557,19974,16186
820,1558,20067,16284
817,1573,19941,16201
814,1560,19871,16146
818,1551,20002,16266
815,1575,19877,16125
821,1546,20118,16330
817,1561,19933,16208
818,1563,19986,16217
816,1527,19995,16257
814,1585,19816,16100
819,1546,20075,16344
815,1561,19901,16195
820,1562,20138,16308
820,1565,19993,16224
814,1561,19839,16104
821,1542,20112,16355
817,1553,19942,16225
818,1573,19967,16194
817,1562,19973,16210
814,1570,19849,16090
820,1551,20130,16331
817,1562,19967,16232
821,1565,20034,16322
818,1567,19975,16238
820,1565,20014,16238
832,1561,20331,16498
821,1556,20028,16238
818,1557,19979,16239
817,1562,19978,16231
816,1562,19889,16154
818,1549,20004,16275
817,1572,19896,16160
817,1567,20016,16234
832,1572,20349,16545
826,1588,20070,16275
819,1542,20015,16264
828,1563,20221,16462
827,1546,20198,16384
817,1559,19973,16199
817,1573,19981,16210
821,1543,20179,16383
814,1571,19839,16128
819,1551,20019,16273
820,1561,20047,16311
816,1581,19932,16156
820,1548,20140,16339
813,1578,19822,16091
818,1576,20002,16230
816,1574,19945,16213
820,1559,19992,16260
825,1554,20100,16337
814,1581,19849,16124
817,1560,20006,16239
816,1562,19948,16204
815,1571,19922,16173
820,1555,20077,16324
817,1561,19918,16201
818,1566,19980,16201
817,1567,19968,16192
817,1557,19987,16208
820,1550,20128,16326
818,1560,19958,16219
828,1569,20170,16382
816,1579,19906,16181
817,1567,19971,16204
820,1544,20116,16319
814,1563,19828,16103
821,1537,20118,16344
817,1567,19962,16232
823,1566,20098,16328
821,1560,20098,16325
816,1585,19877,16151
819,1550,20087,16295
820,1555,20023,16291
816,1570,19889,16185
817,1548,19979,16237
813,1585,19807,16098
819,1550,20084,16299
817,1567,19978,16228
816,1564,19992,16211
819,1570,20032,16227
814,1569,19830,16107
821,1553,20088,16342
814,1566,19834,16109
827,1560,20257,16437
820,1551,20101,16302
821,1574,19937,16180
818,1559,20008,16245
815,1564,19912,16165
817,1551,19992,16255
821,1551,20048,16313
814,1567,19831,16109
822,1549,20171,16371
815,1579,19879,16141
819,1558,20004,16255
819,1566,20024,16288
819,1557,19985,16274
818,1555,20009,16249
818,1577,19989,16203
816,1572,19974,16200
821,1542,20128,16332
815,1584,19894,16171
819,1551,20037,16321
816,1566,19884,16165
816,1572,19957,16194
818,1558,20034,16256
825,1560,20169,16382
817,1554,20028,16251
816,1559,19886,16149
816,1569,19949,16233
815,1567,19889,16161
817,1567,19954,16214
820,1554,20098,16308
829,1548,20244,16463
832,1571,20297,16494
826,1553,20181,16394
820,1539,19986,16266
826,1582,20124,16311
818,1575,19975,16215
829,1562,20252,16414
818,1558,20041,16256
815,1569,19889,16146
816,1570,19895,16170
816,1574,19894,16171
821,1535,20108,16345
817,1573,19983,16196
815,1569,19886,16174
817,1561,19963,16225
819,1576,20020,16265
831,1557,20278,16464
816,1563,19937,16218
818,1551,19937,16230
816,1570,20010,16203
812,1579,19759,16057
819,1547,20027,16263
821,1551,20065,16303
829,1556,20263,16492
823,1570,20060,16264
813,1564,19827,16085
819,1549,20084,16290
816,1562,20001,16205
818,1559,19985,16249
819,1554,20010,16277
815,1561,19859,16151
833,1567,20343,16489
813,1570,19925,16188
815,1553,19917,16191
818,1565,20018,16243
814,1583,19862,16128
832,1561,20306,16504
822,1558,19943,16166
815,1560,19882,16167
819,1553,20074,16263
816,1559,19943,16201
819,1567,20021,16286
816,1575,19897,16144
818,1567,19962,16237
822,1571,20040,16227
817,1559,19989,16226
820,1537,20162,16338
816,1568,19940,16175
818,1570,19993,16233
817,1560,19932,16213
815,1573,19885,16151
824,1560,20270,16447
828,1580,20242,16411
816,1557,19939,16211
817,1558,19968,16237
816,1582,19900,16158
824,1555,20170,16411
827,1551,20204,16441
819,1568,20020,16274
820,1562,20100,16295
816,1575,19896,16168
820,1542,20052,16333
814,1559,19824,16077
830,1573,20227,16439
817,1557,19963,16215
818,1568,20007,16248
816,1556,19953,16198
815,1570,19937,16140
819,1563,20038,16306
816,1565,19906,16188
814,1570,19853,16136
816,1542,19990,16268
813,1566,19806,16036
822,1555,20118,16340
816,1571,19928,16169
819,1567,20000,16269
817,1559,19942,16231
816,1578,19886,16151
819,1552,20025,16305
816,1555,19990,16210
819,1552,20044,16285
820,1575,19974,16215
819,1580,19948,16180
820,1554,20063,16343
816,1564,19917,16169
819,1517,20038,16258
817,1563,19994,16236
818,1568,19982,16205
819,1553,20058,16315
816,1564,19868,16182
816,1558,19952,16231
817,1550,19992,16218
819,1566,20023,16240
819,1558,20020,16265
816,1565,19957,16209
818,1557,19963,16228
816,1560,19961,16235
821,1564,20041,16279
819,1566,19991,16260
817,1577,19964,16193
817,1554,19974,16234
817,1552,19994,16270
816,1568,19883,16151
825,1567,20195,16470
823,1599,19991,16202
817,1561,19970,16213
818,1573,20047,16239
816,1579,19959,16174
822,1540,20141,16376
815,1581,19834,16134
825,1539,20201,16438
817,1554,19974,16228
819,1562,20032,16268
817,1558,19990,16245
817,1582,19909,16162
822,1541,20103,16341
828,1585,20124,16347
817,1567,19923,16198
818,1565,19970,16234
816,1560,19923,16160
818,1558,20043,16283
816,1561,19935,16209
818,1572,19983,16248
816,1557,19932,16216
815,1567,19886,16128
820,1567,20075,16326
818,1567,20040,16245
817,1559,19979,16208
820,1565,20100,16324
813,1576,19770,16040
819,1557,20033,16290
817,1567,19985,16228
816,1574,19960,16184
815,1540,20022,16256
814,1565,19827,16109
826,1542,20207,16413
829,1577,20187,16388
817,1558,19916,16203
816,1556,19944,16239
816,1570,19905,16135
832,1579,20420,16608
831,1562,20320,16535
815,1568,19920,16181
816,1551,19929,16229
818,1578,19932,16183
818,1546,20010,16233
815,1579,19894,16127
823,1556,20191,16355
829,1581,20201,16409
814,1568,19846,16131
827,1565,20167,16378
815,1569,19926,16155
819,1551,20085,16285
817,1553,19971,16254
817,1564,19993,16222
819,1548,20044,16330
815,1569,19847,16135
816,1569,19900,16198
818,1551,19991,16260
818,1558,20041,16246
823,1553,20141,16369
817,1567,19849,16109
817,1552,19941,16208
815,1560,19894,16186
818,1555,20017,16264
818,1552,20030,16276
816,1574,19924,16165
818,1548,20018,16239
815,1567,19913,16188
816,1567,19904,16180
818,1550,19991,16270
819,1564,20008,16238
821,1573,20058,16246
815,1550,19897,16174
830,1560,20327,16506
819,1542,20052,16305
815,1565,19849,16125
825,1553,20199,16426
829,1560,20184,16408
825,1577,20084,16240
820,1557,20076,16321
814,1576,19816,16076
820,1553,20074,16325
816,1561,19886,16170
819,1565,20040,16251
817,1562,19959,16205
816,1567,19941,16180
821,1557,20136,16325
822,1547,20113,16346
831,1561,20262,16470
826,1546,20202,16443
814,1582,19834,16090
819,1538,20076,16296
816,1554,19911,16196
819,1555,20021,16263
819,1565,20033,16277
814,1577,19805,16102
821,1535,20112,16349
819,1563,20036,16287
816,1576,19967,16174
816,1556,19976,16220
816,1568,19867,16153
818,1551,20014,16252
817,1559,19918,16198
820,1565,20052,16283
819,1540,20074,16312
818,1564,20017,16242
819,1548,20077,16282
828,1573,20197,16416
815,1569,19906,16201
818,1556,19984,16259
818,1567,19981,16215
828,1581,20366,16548
816,1568,19810,16096
819,1562,20024,16273
819,1555,20029,16285
816,1565,19892,16190
821,1541,20095,16354
813,1588,19786,16082
818,1547,20023,16247
816,1557,19935,16173
820,1557,20023,16272
826,1568,20129,16327
815,1582,19831,16119
827,1553,20205,16397
818,1559,20049,16258
818,1560,20038,16246
820,1543,20135,16327
815,1576,19867,16143
820,1549,20061,16308
818,1553,19994,16268
817,1574,19985,16193
827,1544,20280,16454
818,1569,19932,16203
822,1551,20141,16361
817,1571,19946,16224
815,1565,19850,16128
819,1556,20026,16290
814,1579,19830,16125
818,1558,20068,16296
816,1561,19931,16199
815,1576,19870,16135
820,1551,20062,16326
828,1563,20144,16372
820,1548,20102,16326
818,1572,20002,16253
817,1564,19979,16209
819,1562,20040,16247
813,1566,19813,16102
820,1553,20037,16302
817,1567,19954,16223
819,1551,20049,16265
817,1555,19986,16211
820,1566,19992,16223
827,1568,20202,16377
816,1576,19886,16149
817,1566,19970,16238
821,1554,20070,16325
813,1590,19759,16053
821,1545,20147,16353
813,1565,19814,16078
816,1561,19934,16188
823,1546,20148,16390
823,1563,20063,16315
817,1553,20015,16260
814,1596,19896,16151
817,1567,19986,16228
827,1561,20306,16486
816,1558,19908,16192
820,1556,20089,16344
813,1567,19763,16062
818,1564,20017,16246
820,1555,20093,16318
816,1570,19882,16128
822,1556,20171,16404
815,1577,19806,16078
817,1577,19892,16137
817,1555,19968,16246
816,1559,19936,16187
822,1543,20155,16355
815,1577,19884,16140
827,1560,20245,16496
815,1572,19879,16140
820,1564,20009,16276
831,1583,20240,16435
817,1579,19933,16182
821,1555,20149,16349
818,1561,20026,16245
814,1571,19882,16143
818,1558,19992,16268
814,1572,19813,16083
820,1549,20109,16333
817,1566,20014,16221
830,1567,20268,16497
818,1559,19992,16210
816,1568,19893,16163
819,1560,20048,16304
817,1565,19948,16212
818,1551,19965,16233
818,1556,20047,16262
812,1587,19787,16042
821,1547,20105,16344
817,1559,19962,16200
819,1556,19979,16274
816,1574,19928,16182
815,1561,19882,16139
819,1542,20075,16290
819,1559,20055,16252
817,1573,19924,16188
817,1544,19953,16234
829,1558,20227,16464
828,1571,20221,16383
817,1565,19998,16215
819,1553,20045,16290
818,1558,19989,16213
816,1575,19907,16191
818,1562,19986,16267
815,1568,19886,16163
816,1572,19928,16184
817,1559,20019,16222
815,1580,19894,16172
819,1559,20033,16268
818,1561,19960,16213
821,1589,19929,16178
818,1555,20043,16276
824,1555,20130,16348
826,1556,20287,16449
829,1561,20309,16465
829,1568,20205,16418
829,1566,20209,16419
825,1587,20045,16281
820,1549,20087,16327
817,1565,19878,16134
817,1560,19966,16242
817,1572,19974,16224
815,1577,19871,16143
818,1546,20020,16298
815,1573,19848,16127
830,1561,20271,16472
816,1577,19943,16170
816,1569,19955,16192
816,1536,20023,16260
818,1565,19952,16216
816,1568,19912,16198
818,1567,19987,16228
815,1566,19950,16191
819,1550,20073,16294
815,1569,19914,16128
819,1553,20066,16305
817,1575,19954,16218
813,1563,19864,16202
820,1557,20100,16325
816,1569,19922,16147
824,1550,20193,16415
829,1584,20211,16395
816,1563,19906,16181
818,1556,19984,16259
814,1585,19772,16067
818,1568,20004,16269
820,1556,20073,16283
823,1567,20030,16236
816,1573,19929,16197
813,1583,19770,16064
820,1548,20041,16303
817,1558,19956,16212
818,1572,19999,16240
817,1570,19997,16232
818,1572,20019,16208
818,1547,19986,16241
819,1561,20011,16275
816,1569,19956,16220
817,1556,20013,16222
817,1582,19974,16192
823,1557,20168,16410
822,1591,19975,16190
818,1566,19985,16254
819,1553,20022,16279
818,1577,19957,16211
819,1546,20055,16323
814,1576,19878,16113
819,1575,20039,16262
819,1553,20037,16275
829,1574,20237,16431
822,1561,20042,16281
818,1566,19993,16225
823,1587,20007,16214
822,1562,20171,16348
827,1563,20143,16300
820,1537,20002,16273
812,1572,19819,16124
815,1569,19873,16160
818,1561,20014,16252
815,1577,19935,16146
818,1551,20047,16323
816,1588,19912,16151
817,1561,19948,16214
816,1584,19884,16144
824,1557,20109,16345
824,1542,20127,16377
820,1591,19947,16130
817,1548,20004,16257
817,1570,19946,16210
818,1558,19977,16237
821,1562,20044,16324
814,1570,19880,16120
819,1555,20058,16278
817,1576,20005,16219
816,1575,19921,16179
818,1548,19986,16241
814,1585,19842,16116
819,1545,19993,16251
832,1557,20344,16519
829,1575,20179,16386
823,1558,20123,16344
823,1552,20130,16371
818,1554,20011,16273
817,1550,19959,16232
817,1553,19931,16227
818,1569,19964,16240
814,1577,19868,16101
822,1551,20106,16348
817,1572,19961,16242
818,1562,19986,16231
830,1570,20312,16540
820,1578,20013,16244
825,1570,20125,16330
817,1563,19989,16222
818,1555,20041,16247
831,1569,20364,16554
830,1568,20244,16461
818,1541,20019,16289
813,1575,19823,16071
819,1557,20087,16295
818,1556,19961,16208
817,1564,19969,16225
817,1549,19990,16261
815,1580,19850,16124
815,1567,19903,16186
817,1554,19957,16218
820,1564,20058,16290
825,1569,20112,16328
813,1566,19817,16094
818,1559,19985,16243
815,1566,19877,16154
817,1548,19980,16235
820,1550,20071,16305
814,1557,19930,16176
820,1564,20068,16263
815,1564,19896,16175
818,1552,19972,16238
817,1562,20006,16269
812,1566,19887,16181
819,1550,20059,16270
815,1577,19909,16172
818,1558,20015,16245
830,1549,20203,16422
829,1572,20167,16393
828,1567,20287,16502
814,1570,19862,16148
818,1559,19996,16202
832,1578,20420,16591
819,1579,19879,16111
818,1542,20016,16294
821,1549,20036,16310
831,1564,20322,16494
817,1550,19958,16194
815,1576,19895,16129
819,1555,20083,16274
816,1549,19913,16193
821,1552,20031,16290
825,1572,20063,16293
813,1586,19802,16040
821,1546,20119,16334
816,1557,19920,16205
819,1561,20015,16270
818,1566,20007,16254
814,1568,19821,16119
833,1577,20390,16597
815,1574,19888,16181
821,1567,20123,16306
817,1564,19971,16217
815,1567,19878,16143
829,1571,20337,16556
814,1577,19817,16126
818,1545,20011,16247
820,1544,20071,16323
817,1574,19951,16176
821,1545,20175,16354
813,1574,19802,16073
826,1577,20114,16323
818,1555,19967,16258
816,1569,19949,16185
823,1553,20202,16409
813,1573,19785,16070
824,1566,20154,16348
820,1550,20047,16293
816,1555,19931,16215
823,1552,20148,16416
817,1575,19852,16101
821,1568,20080,16285
816,1546,19916,16173
818,1546,19969,16222
820,1554,20089,16324
814,1565,19820,16107
819,1560,20021,16268
816,1564,19953,16188
816,1567,19974,16211
821,1545,20140,16328
816,1585,19856,16139
818,1555,19973,16234
819,1571,20013,16286
816,1565,19949,16170
820,1550,20114,16340
815,1580,19881,16141
818,1549,20059,16288
815,1567,19916,16165
818,1559,19967,16253
814,1550,19919,16206
813,1584,19811,16083
828,1571,20232,16382
819,1559,20023,16281
816,1572,19914,16176
815,1541,20002,16278
822,1592,19894,16134
820,1544,20153,16367
818,1570,19949,16196
819,1579,20031,16269
816,1553,19990,16222
815,1553,19832,16108
818,1548,19998,16277
819,1565,20012,16266
816,1584,19925,16140
831,1558,20398,16565
816,1588,19894,16164
821,1555,20115,16334
815,1561,19934,16203
831,1563,20322,16542
827,1571,20137,16332
815,1580,19849,16125
820,1546,20130,16325
814,1580,19849,16095
817,1568,19966,16228
818,1547,19983,16260
813,1572,19808,16094
817,1549,20016,16259
817,1571,19960,16202
819,1573,19996,16172
820,1551,20091,16308
814,1579,19851,16104
823,1541,20139,16396
814,1562,19772,16072
819,1539,20058,16279
818,1562,20050,16284
816,1554,19930,16204
820,1541,20088,16317
813,1577,19806,16097
818,1561,19973,16255
816,1567,19912,16185
817,1556,19955,16226
833,1581,20466,16618
814,1580,19818,16079
818,1568,19997,16248
815,1568,19920,16173
814,1561,19836,16143
832,1579,20432,16612
825,1602,20064,16251
819,1562,20007,16227
818,1550,20042,16251
815,1565,19906,16168
818,1559,19979,16255
819,1557,20038,16304
833,1555,20376,16551
820,1571,19995,16205
815,1567,19868,16135
819,1554,20053,16279
814,1572,19810,16104
821,1539,20094,16350
817,1552,19915,16204
819,1563,19985,16229
813,1564,19985,16188
816,1580,19915,16162
817,1550,19993,16219
817,1559,19937,16217
817,1566,19943,16224
816,1561,19978,16227
821,1572,20033,16251
825,1554,20253,16418
826,1549,20229,16388
834,1561,20378,16564
827,1577,20133,16340
819,1576,19929,16196
831,1572,20307,16450
825,1569,20157,16330
822,1558,20111,16345
831,1578,20380,16569
819,1562,19985,16244
818,1571,19972,16233
818,1576,19973,16187
815,1562,19904,16186
832,1556,20380,16524
826,1577,20093,16285
821,1531,20109,16341
812,1536,19809,16099
818,1565,19985,16259
818,1550,20026,16272
818,1570,20002,16232
820,1550,20121,16346
814,1574,19893,16112
816,1558,19944,16204
817,1546,19954,16227
814,1581,19859,16160
825,1544,20211,16419
829,1586,20183,16341
828,1576,20177,16369
823,1558,20002,16210
816,1572,19904,16171
819,1538,20047,16320
818,1563,19934,16227
827,1577,20121,16324
818,1559,20052,16255
817,1583,19958,16210
821,1544,20103,16357
817,1562,19938,16199
823,1578,20001,16259
818,1558,20016,16248
819,1563,20016,16247
818,1569,20022,16233
831,1614,20322,16480
828,1551,20244,16450
829,1562,20301,16503
830,1560,20229,16453
818,1543,20020,16263
816,1565,19934,16163
819,1545,20025,16298
817,1564,19959,16231
815,1549,19871,16130
818,1560,19969,16240
813,1590,19785,16072
822,1550,20114,16353
822,1571,20046,16227
816,1562,19933,16189
816,1536,19918,16184
813,1572,19800,16079
820,1547,20045,16313
817,1566,19989,16233
819,1563,19974,16229
817,1560,20003,16243
816,1564,19942,16146
828,1542,20271,16474
828,1563,20289,16512
819,1567,20026,16276
819,1563,20039,16270
816,1562,19963,16185
819,1562,20041,16290
814,1572,19894,16141
817,1556,19958,16241
831,1567,20304,16526
825,1575,20063,16311
817,1554,19960,16227
824,1563,20184,16362
818,1546,20056,16298
818,1549,19988,16258
825,1544,20168,16401
821,1547,20080,16353
814,1577,19835,16095
825,1551,20184,16384
821,1566,20080,16291
816,1568,19937,16145
832,1597,20409,16607
818,1578,19940,16201
817,1580,19890,16146
818,1546,20018,16247
816,1567,19943,16187
820,1550,20116,16344
814,1590,19856,16115
818,1554,19997,16256
815,1562,19884,16167
827,1587,20126,16355
819,1549,20059,16320
826,1554,20208,16397
817,1564,19973,16241
815,1560,19928,16193
830,1569,20275,16488
816,1565,19933,16221
815,1569,19896,16155
818,1548,20037,16267
817,1560,19974,16201
824,1562,20173,16349
822,1551,20115,16347
825,1609,20029,16234
817,1548,19980,16266
818,1558,20001,16244
822,1553,20090,16313
828,1551,20249,16453
819,1574,19991,16220
833,1571,20356,16567
818,1572,19905,16166
821,1566,20058,16300
817,1564,19885,16148
816,1579,19936,16159
818,1554,20034,16293
817,1564,19930,16201
817,1572,19938,16214
817,1553,19932,16210
814,1578,19862,16128
832,1580,20414,16598
818,1556,20027,16264
821,1561,20005,16213
818,1548,20025,16299
817,1564,19917,16198
820,1547,20072,16314
815,1562,19871,16119
819,1554,20058,16272
817,1566,19975,16244
815,1570,19871,16145
828,1555,20255,16480
816,1577,19895,16153
816,1557,19880,16154
817,1559,19950,16221
816,1579,19964,16174
819,1542,20056,16285
814,1568,19854,16127
831,1551,20321,16511
820,1571,19951,16210
818,1571,20006,16245
819,1535,20094,16331
814,1579,19868,16094
831,1552,20404,16528
830,1568,20241,16437
825,1579,20062,16281
818,1555,19993,16266
830,1596,20194,16367
817,1564,19956,16171
816,1562,19941,16209
817,1571,19957,16199
832,1582,20385,16592
813,1587,19771,16075
818,1551,19987,16261
815,1567,19883,16168
815,1583,19876,16104
817,1561,19997,16246
815,1558,19856,16140
818,1561,20026,16295
825,1557,20124,16364
826,1559,20203,16432
816,1554,19971,16231
814,1557,19884,16128
819,1541,20091,16310
814,1560,19895,16162
830,1568,20243,16444
821,1543,20122,16360
814,1575,19850,16095
820,1545,20109,16322
817,1567,19968,16215
815,1563,19917,16177
819,1561,20013,16268
816,1575,19906,16170
819,1550,20057,16321
817,1566,19901,16164
818,1583,20041,16241
817,1567,19993,16241
816,1573,19889,16155
817,1558,19973,16239
830,1576,20171,16410
819,1599,20002,16255
819,1564,20084,16305
818,1572,19978,16188
819,1558,20077,16263
815,1562,19878,16162
826,1564,20141,16373
817,1552,19972,16243
816,1554,19938,16182
820,1541,20080,16307
811,1589,19762,16045
823,1545,20123,16353
832,1572,20339,16546
817,1553,19913,16200
819,1564,20020,16277
818,1582,19930,16156
817,1552,19997,16217
821,1551,20092,16315
816,1567,19896,16131
823,1547,20140,16399
815,1580,19804,16073
818,1557,20006,16254
819,1549,20031,16285
817,1574,19938,16156
822,1542,20183,16391
813,1579,19798,16062
817,1558,19953,16223
817,1567,19969,16249
819,1578,19942,16156
822,1550,20179,16370
818,1585,19858,16106
820,1568,20071,16290
817,1553,19950,16210
815,1564,19885,16172
817,1560,19950,16215
813,1573,19802,16100
822,1543,20149,16346
816,1573,19956,16184
816,1568,19899,16179
817,1563,19984,16231
816,1565,19881,16168
821,1541,20136,16360
817,1582,19953,16181
825,1598,20078,16267
817,1557,20036,16235
814,1571,19834,16095
817,1563,19985,16253
825,1555,20146,16364
827,1568,20282,16491
818,1559,20002,16224
813,1577,19835,16086
829,1548,20311,16488
832,1566,20370,16558
832,1572,20346,16548
817,1558,19973,16217
817,1576,19901,16188
816,1567,20019,16222
818,1559,19977,16235
817,1559,19965,16213
817,1562,19998,16250
814,1575,19807,16098
819,1552,20072,16289
813,1565,19837,16099
822,1560,20143,16292
816,1558,20032,16218
821,1568,20043,16286
833,1567,20328,16515
829,1554,20231,16456
815,1552,19933,16154
823,1545,20173,16367
819,1573,19913,16149
821,1542,20134,16370
815,1561,19877,16134
818,1561,19966,16234
819,1564,20011,16287
826,1547,20153,16376
826,1548,20252,16447
827,1583,20143,16336
816,1569,19898,16140
817,1562,19952,16219
815,1572,19860,16147
828,1584,20403,16597
814,1580,19858,16115
818,1569,20012,16212
818,1560,20036,16252
816,1575,19937,16199
821,1554,20095,16341
816,1575,19819,16085
819,1563,20059,16286
817,1557,19994,16234
816,1564,19906,16180
820,1552,20088,16325
815,1572,19879,16170
823,1555,20143,16406
830,1558,20273,16475
819,1561,19888,16132
832,1559,20369,16532
816,1571,19909,16177
818,1550,19992,16254
818,1562,19998,16257
815,1572,19858,16152
818,1555,20004,16256
814,1571,19840,16097
820,1541,20111,16330
828,1563,20326,16487
816,1557,19909,16192
822,1555,20100,16372
824,1590,20029,16243
829,1548,20257,16437
818,1567,19992,16200
819,1553,20035,16270
817,1543,20001,16254
815,1578,19884,16147
821,1555,20088,16348
814,1575,19852,16135
819,1555,20004,16294
818,1554,20059,16270
818,1566,19961,16223
821,1554,20117,16364
815,1562,19919,16181
821,1576,19955,16222
823,1540,20156,16365
824,1586,20044,16235
820,1556,20142,16338
815,1569,19935,16155
817,1568,19956,16212
817,1570,19964,16216
817,1567,19892,16183
830,1560,20358,16524
817,1565,20018,16250
816,1562,19926,16206
816,1562,19966,16207
816,1565,19920,16211
833,1587,20415,16608
810,1583,19746,16045
816,1553,19927,16215
818,1562,20053,16252
819,1574,20060,16283
829,1561,20211,16416
818,1580,19889,16112
817,1567,19924,16195
818,1556,19964,16225
817,1570,20003,16245
817,1559,20022,16248
816,1571,19890,16104
818,1546,20017,16272
815,1559,19887,16163
818,1575,19921,16202
817,1554,20013,16236
826,1559,20219,16423
822,1559,20026,16262
817,1560,19975,16225
817,1560,19922,16198
816,1556,19946,16227
812,1572,19772,16058
818,1560,19991,16263
818,1559,20034,16236
820,1557,20042,16288
825,1573,20077,16286
812,1586,19768,16030
819,1541,20009,16294
817,1567,19981,16227
819,1563,20052,16264
820,1552,20098,16316
814,1580,19857,16080
819,1545,20053,16306
815,1568,19901,16175
822,1558,20046,16296
825,1567,20083,16285
817,1570,19985,16215
820,1568,20001,16234
815,1576,19908,16167
818,1579,20005,16253
819,1563,19979,16249
815,1581,19868,16151
818,1546,20027,16297
815,1564,19914,16136
817,1571,19928,16206
821,1548,20094,16344
819,1559,19904,16170
818,1554,20001,16286
816,1573,19923,16155
812,1570,19866,16098
820,1550,20096,16331
817,1556,19960,16197
820,1542,20090,16346
814,1577,19810,16090
817,1565,19913,16196
815,1567,19931,16172
818,1574,20044,16252
819,1556,20043,16320
817,1579,19905,16139
815,1562,19892,16178
819,1558,19974,16250
818,1568,19949,16209
821,1555,20113,16391
828,1592,20232,16401
829,1579,20210,16382
824,1586,20028,16247
821,1567,20024,16277
816,1568,19872,16142
814,1575,19838,16103
819,1545,20069,16303
817,1554,19980,16213
818,1569,20010,16224
817,1556,19956,16224
813,1581,19799,16094
818,1544,20028,16298
817,1552,19971,16219
815,1557,20016,16247
816,1553,19969,16229
815,1579,19859,16106
820,1544,20079,16334
817,1573,19959,16218
817,1579,19914,16186
818,1555,19970,16247
816,1575,19905,16150
821,1549,20127,16373
817,1569,19948,16222
820,1548,20025,16286
818,1568,19899,16177
815,1586,19881,16121
818,1551,20037,16278
818,1561,20024,16238
826,1552,20233,16414
824,1555,20130,16356
825,1573,20105,16337
817,1554,19962,16227
830,1566,20332,16499
828,1572,20177,16349
816,1558,19907,16174
817,1558,19954,16202
819,1553,20024,16289
818,1569,19936,16198
817,1580,19935,16209
820,1532,20065,16334
817,1567,19960,16199
819,1553,20074,16321
813,1578,19845,16104
815,1567,19891,16148
818,1556,20009,16278
815,1561,19916,16172
820,1547,20093,16330
815,1555,19891,16144
818,1572,19979,16206
817,1568,19962,16209
817,1559,19929,16228
824,1555,20176,16418
816,1579,19966,16164
818,1566,19976,16229
826,1565,20259,16476
816,1561,19913,16171
821,1551,20111,16346
815,1586,19830,16072
818,1561,19994,16246
818,1567,19977,16247
822,1579,19998,16186
818,1548,20029,16288
818,1557,19950,16228
824,1581,20062,16256
825,1554,20133,16389
815,1579,19862,16109
824,1553,20149,16366
815,1574,19884,16121
820,1556,20127,16315
818,1551,19976,16255
819,1559,19982,16253
820,1549,20078,16330
813,1567,19822,16074
820,1559,20119,16319
817,1564,19959,16213
817,1546,19951,16181
817,1563,19977,16238
828,1561,20172,16394
819,1544,20028,16304
819,1567,20008,16279
820,1567,19986,16200
819,1558,20002,16269
813,1576,19793,16056
819,1542,20031,16287
814,1568,19877,16176
819,1550,20034,16282
818,1561,19994,16233
819,1572,19986,16218
818,1557,20081,16276
815,1562,19870,16142
816,1560,19920,16183
819,1556,20015,16281
818,1560,19997,16212
819,1542,20081,16307
815,1571,19894,16180
817,1571,19958,16199
819,1545,20011,16273
816,1578,19917,16187
818,1548,20027,16299
815,1572,19838,16141
817,1565,20005,16229
819,1553,20040,16278
826,1558,20177,16394
822,1573,20056,16277
816,1572,19878,16180
814,1593,19878,16122
817,1556,19990,16227
816,1563,19935,16171
820,1546,20143,16343
829,1575,20187,16387
824,1587,20001,16231
821,1557,20064,16326
823,1552,20119,16317
832,1574,20433,16608
824,1609,20127,16360
820,1553,20082,16313
818,1562,20004,16253
813,1572,19825,16116
825,1543,20171,16400
829,1560,20231,16461
827,1560,20185,16358
819,1554,20012,16268
824,1559,20168,16381
821,1561,20059,16332
814,1578,19813,16087
819,1554,20061,16277
817,1560,19968,16214
815,1573,19914,16137
818,1555,20040,16246
814,1575,19813,16101
817,1563,19991,16239
816,1555,19926,16188
813,1570,19926,16169
819,1549,20073,16295
813,1581,19783,16060
820,1550,20100,16330
819,1563,20003,16261
816,1559,19866,16139
817,1557,19938,16214
815,1566,19823,16117
818,1561,20062,16275
818,1556,19999,16255
817,1557,19973,16237
818,1543,19968,16244
813,1577,19812,16097
822,1539,20138,16382
814,1571,19864,16111
817,1551,19989,16208
817,1572,20038,16229
818,1576,19964,16207
819,1543,20054,16326
817,1569,19891,16185
817,1563,19956,16193
821,1553,20105,16303
815,1570,19898,16152
820,1542,20109,16335
813,1570,19798,16063
831,1575,20307,16527
816,1566,19942,16224
817,1565,19915,16196
820,1539,20134,16333
816,1567,19934,16174
819,1567,20007,16274
825,1569,20084,16305
816,1562,19893,16194
822,1553,20153,16372
818,1571,20013,16220
823,1581,20046,16236
818,1568,20048,16238
818,1556,19958,16231
819,1542,20032,16297
811,1572,19779,16070
819,1563,20020,16265
817,1580,19977,16200
815,1573,19887,16156
826,1544,20226,16423
823,1579,20075,16298
819,1541,20036,16310
825,1557,20141,16372
820,1551,20036,16292
826,1581,20124,16288
816,1566,19890,16152
818,1545,20035,16295
816,1564,19915,16184
818,1564,19940,16233
818,1587,20028,16280
814,1584,19858,16111
821,1561,20151,16339
827,1577,20177,16322
816,1580,19917,16181
820,1560,20025,16300
816,1570,19874,16166
821,1547,20163,16375
816,1574,19977,16175
822,1572,19922,16177
818,1559,20010,16258
817,1567,19883,16169
820,1542,20033,16327
827,1568,20246,16477
816,1580,19930,16195
817,1562,19977,16203
817,1559,19935,16177
832,1577,20377,16585
819,1581,19893,16150
816,1561,19898,16202
821,1546,20096,16332
814,1574,19861,16107
819,1554,20099,16292
815,1573,19893,16119
818,1562,19993,16244
820,1540,20044,16314
816,1567,19899,16187
821,1549,20124,16340
814,1577,19885,16126
821,1567,20080,16310
820,1583,19997,16199
817,1560,19933,16218
818,1552,20041,16279
816,1547,19908,16188
817,1577,19930,16219
831,1564,20356,16549
821,1566,20065,16274
820,1558,20093,16338
816,1570,19841,16087
816,1569,19884,16159
822,1555,20117,16344
831,1555,20326,16523
828,1573,20216,16381
813,1545,19967,16150
821,1548,20085,16327
826,1587,20071,16296
815,1572,19875,16154
821,1553,20104,16311
814,1575,19885,16108
820,1547,20087,16328
816,1577,19938,16180
816,1558,19918,16198
819,1555,20006,16274
815,1571,19859,16139
822,1551,20144,16376
819,1568,19983,16194
818,1567,19970,16214
816,1576,19887,16173
820,1574,19981,16224
831,1565,20296,16483
828,1578,20169,16362
816,1578,19943,16178
820,1566,20081,16290
814,1568,19858,16084
826,1544,20236,16439
815,1567,19874,16145
814,1569,19889,16170
817,1558,19996,16220
814,1585,19880,16109
820,1556,20059,16303
817,1552,19998,16228
816,1552,19916,16172
822,1566,20090,16346
814,1577,19791,16060
820,1540,20056,16332
819,1568,20041,16254
817,1560,19964,16218
818,1551,19980,16250
818,1563,19991,16239
818,1548,19973,16253
817,1577,19965,16187
820,1559,20071,16296
820,1555,20094,16308
815,1584,19948,16174
819,1540,20076,16323
814,1572,19820,16119
829,1561,20188,16412
832,1562,20380,16554
816,1573,19945,16160
820,1543,20120,16367
815,1578,19859,16130
815,1573,19886,16144
816,1554,19929,16198
816,1564,19883,16171
817,1543,19985,16262
815,1566,19934,16160
817,1581,19963,16194
819,1548,20050,16301
824,1583,20028,16243
819,1555,20008,16281
814,1586,19858,16122
817,1553,20000,16246
819,1553,20022,16244
815,1562,19933,16160
817,1569,19982,16240
811,1563,19825,16120
821,1548,20087,16350
816,1562,19954,16177
824,1546,20140,16349
826,1578,20124,16338
813,1571,19861,16105
819,1550,20036,16300
816,1562,19915,16181
817,1571,19911,16185
817,1557,19973,16251
815,1577,19887,16108
822,1545,20146,16370
815,1557,19914,16191
830,1559,20299,16508
817,1548,19948,16224
812,1572,19773,16065
819,1567,20075,16311
818,1550,20032,16261
818,1567,20048,16252
818,1555,19998,16244
814,1556,19795,16091
831,1581,20363,16572
831,1567,20300,16454
831,1575,20326,16470
830,1566,20345,16542
823,1550,20085,16307
825,1552,20182,16416
830,1555,20288,16504
828,1576,20124,16339
817,1549,19943,16216
814,1575,19911,16139
822,1545,20125,16357
815,1573,19884,16159
816,1559,19944,16218
816,1572,19921,16205
830,1559,20314,16521
819,1540,20053,16300
818,1571,19981,16210
816,1577,19963,16177
823,1543,20125,16363
825,1581,20073,16301
820,1541,20082,16343
822,1580,19984,16188
817,1562,19975,16176
815,1563,19899,16164
818,1572,19986,16244
818,1560,20034,16274
813,1565,19785,16070
818,1559,19977,16248
816,1570,19944,16203
818,1570,19992,16219
819,1553,20036,16290
815,1554,19871,16145
818,1568,19987,16250
821,1560,20043,16321
830,1554,20313,16502
827,1578,20189,16366
812,1561,19872,16088
821,1560,20158,16349
819,1554,20025,16295
817,1561,19952,16225
818,1562,19990,16258
811,1571,19821,16110
820,1548,20082,16279
816,1567,19945,16200
818,1560,19961,16216
814,1559,19992,16228
813,1590,19779,16063
819,1552,20017,16277
815,1568,19898,16168
817,1567,20013,16221
817,1562,19906,16194
821,1580,20016,16258
818,1548,20004,16259
816,1563,19930,16215
817,1549,19972,16215
821,1548,20083,16318
817,1582,19923,16159
822,1545,20215,16382
818,1548,20003,16270
817,1571,19919,16191
820,1551,20045,16314
815,1579,19859,16098
823,1546,20206,16402
828,1582,20145,16359
814,1550,19970,16241
818,1559,19997,16256
815,1569,19875,16153
825,1558,20198,16444
820,1575,19993,16221
826,1583,20171,16321
817,1547,19974,16235
817,1564,19970,16228
819,1557,20011,16253
816,1582,19808,16085
818,1555,19993,16238
818,1557,20003,16241
817,1567,19993,16197
820,1533,20127,16322
814,1578,19806,16086
819,1564,20003,16256
817,1561,19990,16251
815,1572,19938,16167
824,1542,20243,16419
814,1577,19815,16090
824,1560,20140,16354
830,1564,20222,16440
821,1579,19938,16180
823,1541,20147,16384
816,1575,19809,16058
820,1551,20084,16312
831,1556,20328,16531
815,1575,19874,16114
822,1557,20112,16350
815,1559,19846,16145
818,1567,20028,16255
818,1567,20006,16250
816,1567,19943,16154
818,1557,20075,16277
817,1570,19910,16162
819,1549,20022,16293
816,1553,19927,16209
827,1569,20155,16349
820,1562,20041,16222
813,1583,19815,16101
820,1551,20068,16314
815,1572,19897,16162
817,1566,19952,16231
816,1558,19900,16188
818,1568,19950,16203
820,1537,20120,16345
816,1561,19933,16172
819,1552,20010,16278
824,1547,20110,16374
814,1583,19765,16045
819,1548,20088,16304
817,1564,19943,16200
825,1552,20177,16378
827,1567,20193,16356
814,1576,19800,16076
819,1548,20065,16341
814,1568,19804,16090
832,1563,20329,16474
835,1576,20493,16611
818,1545,19964,16234
823,1550,20195,16402
822,1571,19976,16213
816,1562,19915,16171
817,1575,19978,16233
831,1566,20222,16429
827,1553,20279,16447
810,1577,19787,16027
819,1567,20012,16284
817,1564,19926,16175
817,1560,19924,16218
823,1544,20153,16389
814,1573,19851,16108
816,1564,19965,16198
818,1568,20046,16241
817,1561,19941,16207
818,1540,20004,16267
816,1574,19874,16136
816,1570,19961,16188
819,1553,20048,16262
819,1563,19996,16268
824,1552,20121,16301
815,1592,19832,16114
828,1546,20231,16458
818,1556,19889,16161
820,1564,20004,16246
826,1567,20152,16306
817,1578,19934,16204
819,1559,20034,16280
816,1558,19953,16217
822,1560,20014,16298
823,1583,20068,16254
816,1571,19907,16174
820,1539,20105,16324
819,1559,20072,16279
818,1558,19975,16228
817,1560,19949,16233
814,1580,19814,16090
819,1550,20056,16279
819,1559,20040,16253
818,1565,19965,16228
817,1586,19898,16151
814,1592,19848,16109
818,1543,19988,16274
818,1561,19998,16258
817,1571,19916,16186
832,1567,20406,16588
820,1563,19999,16243
820,1548,20027,16278
815,1563,19899,16172
817,1570,19943,16211
817,1555,19993,16250
816,1569,19907,16172
819,1556,20074,16257
819,1563,20061,16260
819,1577,19937,16178
820,1552,20044,16319
817,1566,19888,16190
832,1575,20444,16605
819,1574,19994,16219
821,1572,19982,16225
819,1556,20030,16280
816,1554,19925,16216
818,1562,20030,16293
817,1573,19938,16212
819,1553,20008,16273
819,1557,20086,16286
815,1555,19894,16175
821,1544,20089,16336
813,1565,19879,16150
821,1547,20038,16304
830,1564,20266,16426
829,1581,20210,16403
824,1556,20197,16398
815,1575,19896,16108
818,1555,19992,16248
819,1559,19984,16265
816,1562,19893,16183
821,1542,20149,16368
818,1582,19903,16094
818,1562,19988,16229
822,1557,20125,16343
830,1572,20180,16399
818,1554,19992,16232
813,1573,19804,16085
819,1555,20030,16291
816,1562,19975,16217
817,1576,19949,16191
821,1561,20096,16329
816,1573,19821,16069
819,1541,20051,16325
818,1554,20012,16257
815,1563,19908,16164
820,1556,20072,16297
815,1561,19914,16122
818,1548,20033,16294
824,1564,20132,16369
831,1554,20286,16495
826,1585,20157,16322
814,1582,19820,16045
820,1538,20057,16312
819,1568,20032,16272
817,1560,19942,16203
819,1517,20013,16277
818,1595,19844,16088
820,1536,20035,16312
816,1572,19969,16181
818,1564,19998,16249
817,1551,19982,16245
815,1575,19875,16150
828,1578,20304,16554
813,1570,19847,16089
821,1574,20048,16268
822,1549,20156,16369
825,1577,19980,16173
819,1539,20061,16328
815,1566,19831,16140
818,1544,20005,16274
818,1557,20038,16277
828,1593,20156,16327
819,1546,20022,16277
818,1561,19992,16230
816,1558,19953,16222
817,1561,19966,16236
813,1566,19840,16103
819,1545,20037,16320
815,1573,19882,16110
815,1560,19895,16149
819,1546,20023,16288
815,1569,19840,16089
819,1551,20031,16304
816,1586,19922,16160
818,1561,19953,16180
817,1569,19968,16212
824,1574,20165,16340
827,1545,20223,16441
815,1576,19857,16132
818,1553,20002,16275
819,1563,20066,16283
815,1574,19921,16151
819,1552,20035,16288
815,1566,19904,16142
828,1566,20317,16536
820,1567,19936,16177
816,1567,19923,16186
820,1556,20029,16299
815,1571,19899,16140
823,1552,20182,16402
831,1551,20315,16517
816,1564,19918,16194
831,1559,20286,16496
822,1584,19944,16149
821,1551,20106,16354
819,1560,20035,16257
819,1576,19992,16181
817,1567,19973,16237
815,1580,19843,16117
818,1556,19959,16218
832,1569,20405,16566
821,1545,20117,16336
817,1547,19978,16259
816,1581,19882,16126
817,1546,20013,16281
814,1551,19849,16138
818,1575,19976,16249
819,1551,20034,16281
819,1570,19944,16141
820,1547,20076,16332
816,1572,19883,16155
820,1556,20052,16305
817,1557,19966,16223
817,1577,19935,16210
820,1552,20102,16330
823,1586,20003,16183
818,1555,19997,16224
826,1557,20255,16469
817,1556,19926,16224
818,1560,20005,16249
814,1565,19872,16096
824,1554,20156,16367
825,1562,20178,16384
826,1554,20263,16457
819,1554,20036,16288
809,1571,19762,16077
815,1559,19897,16187
818,1562,19966,16248
815,1568,19922,16142
819,1540,20083,16346
817,1527,19928,16196
814,1569,19873,16134
818,1574,19974,16250
816,1555,19936,16182
821,1541,20149,16366
813,1587,19849,16085
824,1554,20211,16386
817,1564,19908,16174
816,1567,19900,16179
818,1535,20023,16290
827,1586,20132,16300
819,1568,20057,16255
817,1561,19964,16218
816,1565,19925,16184
816,1569,19958,16222
814,1564,19821,16112
818,1557,20021,16288
822,1555,20093,16335
829,1573,20179,16352
816,1564,19969,16206
816,1575,19868,16131
819,1553,20038,16282
817,1561,19928,16186
818,1543,19989,16244
818,1567,20006,16224
813,1588,19837,16070
825,1552,20254,16422
832,1563,20337,16527
816,1570,19896,16156
819,1554,20011,16268
815,1584,19879,16111
818,1551,20057,16280
828,1570,20166,16390
819,1560,19979,16195
817,1544,20072,16323
815,1576,19857,16125
817,1553,19989,16257
815,1569,19860,16139
819,1550,20094,16308
816,1546,19959,16237
816,1569,19915,16196
819,1564,20036,16272
814,1577,19818,16126
821,1564,19970,16239
819,1556,20059,16273
813,1579,19906,16125
821,1528,20155,16342
816,1566,19922,16183
817,1571,19940,16207
817,1567,19968,16237
818,1554,19957,16212
822,1545,20191,16377
824,1596,20014,16231
818,1557,19993,16229
818,1560,20021,16260
823,1584,19995,16221
822,1542,20131,16379
817,1571,19915,16192
815,1572,19933,16143
823,1595,20023,16226
816,1558,19909,16198
819,1541,20052,16315
815,1582,19829,16130
819,1556,20051,16282
817,1565,19911,16151
818,1575,20036,16250
820,1546,20133,16325
815,1570,19867,16144
820,1554,20054,16319
816,1550,19897,16180
818,1562,19980,16218
821,1569,20016,16233
814,1576,19827,16115
820,1546,20103,16318
822,1547,20091,16341
831,1567,20296,16486
816,1561,19937,16196
813,1562,19800,16105
823,1543,20192,16394
823,1583,20038,16242
816,1555,19929,16205
816,1563,19930,16190
827,1572,20161,16414
825,1561,20112,16310
817,1576,19976,16218
817,1569,19998,16208
820,1564,20082,16314
815,1575,19870,16131
822,1555,20138,16398
817,1570,19889,16153
830,1555,20247,16411
825,1575,20133,16297
814,1580,19844,16102
820,1542,20096,16333
816,1571,19910,16177
816,1564,19925,16203
827,1560,20168,16403
813,1563,19831,16114
820,1549,20123,16312
813,1576,19832,16087
831,1566,20349,16550
828,1575,20175,16378
815,1583,19798,16080
834,1567,20406,16569
817,1563,19961,16207
824,1565,20177,16358
822,1552,20203,16399
816,1555,19875,16140
819,1549,20037,16274
815,1567,19872,16158
820,1559,20081,16307
818,1564,20035,16273
814,1569,19848,16113
820,1543,20113,16335
815,1589,19798,16046
818,1562,19995,16253
815,1559,19912,16201
822,1579,19982,16207
818,1549,20048,16294
829,1582,20199,16406
817,1562,19988,16235
818,1550,19967,16254
815,1576,19937,16197
817,1557,20008,16240
816,1577,19920,16178
818,1559,20082,16258
819,1562,20069,16272
815,1555,19879,16143
816,1534,19997,16275
815,1577,19866,16161
820,1553,20111,16308
817,1565,19990,16219
814,1574,19921,16179
822,1555,20138,16352
828,1564,20208,16434
823,1541,20123,16360
829,1559,20197,16415
829,1563,20249,16493
817,1574,19950,16171
823,1557,20069,16307
818,1558,19984,16236
819,1558,20031,16269
818,1569,19982,16254
827,1560,20234,16448
818,1567,19938,16186
819,1561,20093,16295
817,1574,20016,16232
816,1547,19954,16229
817,1560,19979,16254
815,1573,19865,16136
818,1554,20034,16270
816,1572,19928,16173
825,1555,20169,16384
820,1548,20087,16321
818,1564,19986,16244
818,1557,19970,16230
813,1582,19805,16093
831,1559,20329,16536
818,1548,20005,16236
816,1580,19968,16211
820,1544,20086,16349
813,1570,19797,16076
819,1577,19880,16149
819,1545,20041,16271
817,1561,19976,16210
820,1543,20127,16350
815,1578,19907,16109
816,1551,19902,16181
819,1559,20025,16278
822,1549,20096,16344
836,1594,20507,16674
817,1552,19979,16191
818,1566,19997,16248
817,1577,19989,16224
818,1560,19992,16242
821,1553,20077,16351
813,1599,19776,16058
819,1556,20028,16299
818,1571,20008,16222
817,1566,19972,16223
821,1548,20114,16360
816,1572,19892,16175
820,1546,20059,16313
819,1567,20044,16289
819,1551,20028,16261
818,1542,20036,16241
815,1567,19895,16118
817,1562,19974,16234
821,1564,20056,16311
825,1574,20053,16282
821,1547,20109,16333
815,1574,19914,16149
818,1553,20003,16276
817,1564,19995,16231
820,1551,20013,16281
819,1567,20006,16257
818,1568,19953,16224
821,1551,20093,16352
818,1568,20013,16235
817,1560,19974,16232
821,1562,20101,16339
820,1586,19942,16168
826,1565,20246,16482
829,1558,20314,16499
818,1556,20009,16247
819,1560,20066,16294
816,1582,19932,16132
822,1536,20120,16371
818,1558,19944,16210
818,1549,19999,16262
819,1559,20056,16269
818,1574,20004,16223
822,1541,20120,16359
820,1560,20029,16273
818,1548,20002,16265
821,1557,20093,16353
817,1557,19947,16218
822,1546,20134,16391
817,1576,19956,16169
819,1574,20020,16257
820,1543,20091,16323
820,1564,19978,16247
821,1552,20113,16382
827,1554,20333,16360
824,1561,20082,16302
831,1542,20498,16485
821,1554,20139,16332
822,1550,20149,16369
840,1569,20691,16660
827,1554,20342,16392
834,1549,20543,16507
820,1558,20101,16313
833,1560,20540,16563
831,1574,20342,16320
836,1546,20602,16563
827,1551,20208,16434
833,1572,20495,16581
819,1546,20048,16331
826,1564,20285,16306
825,1551,20250,16444
833,1564,20353,16537
823,1566,20086,16325
836,1561,20388,16556
816,1573,19897,16157
821,1553,20146,16363
821,1559,20130,16322
815,1578,19953,16163
819,1564,20044,16287
815,1567,19842,16113
817,1554,19974,16245
817,1569,19989,16204
817,1570,19976,16209
817,1568,19976,16226
814,1572,19826,16098
819,1558,20038,16286
821,1554,20089,16348
831,1552,20313,16507
823,1549,20154,16374
832,1556,20373,16539
820,1551,20090,16323
817,1561,19982,16227
814,1566,19865,16159
817,1556,19949,16223
817,1568,19944,16193
821,1543,20141,16372
816,1572,19977,16206
817,1561,20031,16241
815,1554,19894,16182
812,1582,19793,16069
816,1553,19953,16214
824,1584,20011,16194
815,1558,19944,16175
815,1552,19912,16192
810,1578,19713,15979
818,1559,20045,16194
807,1580,19608,15924
807,1567,19620,15932
806,1568,19594,15908
804,1561,19506,15801
802,1566,19519,15824
800,1570,19416,15682
799,1538,19395,15733
810,1585,19598,15865
810,1592,19635,15913
799,1577,19419,15751
794,1567,19245,15580
805,1565,19648,15720
802,1571,19543,15735
795,1578,19242,15626
807,1567,19679,15841
799,1560,19383,15614
799,1570,19398,15672
791,1566,19155,15533
793,1550,19204,15563
795,1559,19278,15631
799,1542,19418,15584
795,1569,19238,15624
800,1556,19453,15618
794,1564,19258,15588
797,1551,19336,15681
792,1554,19130,15515
796,1558,19299,15671
794,1567,19222,15615
794,1560,19227,15587
798,1557,19297,15604
794,1563,19213,15573
797,1567,19416,15694
796,1559,19259,15605
795,1571,19258,15636
794,1561,19250,15616
794,1561,19207,15558
797,1565,19381,15702
797,1576,19338,15689
795,1559,19260,15610
795,1580,19294,15647
794,1570,19196,15595
797,1568,19336,15696
798,1577,19370,15718
802,1567,19458,15686
797,1567,19348,15678
797,1566,19316,15664
800,1585,19418,15764
797,1572,19283,15665
799,1567,19399,15741
801,1577,19451,15762
797,1562,19341,15657
799,1557,19461,15742
811,1598,19604,15883
812,1594,19659,15936
813,1587,19657,15958
808,1570,19523,15799
809,1577,19767,16023
805,1578,19539,15860
806,1580,19610,15913
806,1567,19597,15917
804,1581,19493,15818
817,1558,19987,16159
810,1571,19701,16001
810,1574,19764,15970
811,1568,19787,16061
807,1563,19632,15945
822,1565,20191,16245
807,1581,19599,15926
815,1567,19852,16113
812,1578,19798,16020
818,1557,20074,16129
817,1556,20009,16212
818,1576,19998,16086
815,1560,19863,16144
812,1572,19767,16033
827,1587,20173,16336
825,1579,20115,16300
823,1558,20180,16261
819,1544,20051,16300
835,1571,20591,16586
825,1559,20253,16277
825,1540,20193,16382
824,1561,20226,16296
839,1561,20693,16632
826,1563,20266,16291
827,1568,20335,16351
832,1541,20432,16441
827,1559,20228,16261
828,1538,20376,16430
827,1547,20309,16425
828,1583,20189,16342
832,1555,20529,16434
824,1564,20215,16273
829,1544,20407,16411
829,1539,20397,16435
831,1547,20398,16484
840,1579,20672,16660
823,1567,20155,16221
831,1546,20467,16451
822,1564,20114,16278
829,1558,20201,16308
839,1568,20585,16617
820,1567,20005,16249
828,1539,20345,16379
820,1561,20065,16264
822,1550,20075,16260
820,1552,20038,16288
832,1564,20316,16506
820,1557,20049,16284
822,1566,20098,16273
822,1552,20188,16329
823,1557,20178,16323
819,1554,19984,16190
822,1543,20116,16336
818,1574,19967,16173
824,1570,20202,16334
820,1569,20116,16290
819,1561,19976,16225
823,1544,20202,16366
818,1576,19968,16165
824,1561,20224,16332
822,1545,20112,16300
821,1557,20026,16265
822,1542,20184,16354
818,1566,19937,16186
826,1554,20154,16341
824,1588,20067,16249
817,1566,19920,16184
827,1557,20250,16453
816,1577,19915,16148
825,1560,20207,16358
834,1561,20409,16556
830,1556,20310,16509
819,1570,20019,16271
830,1579,20324,16365
829,1563,20230,16359
819,1561,20035,16239
815,1570,19884,16154
821,1551,20091,16302
830,1572,20248,16249
827,1535,20355,16395
823,1550,20135,16306
816,1570,19914,16179
821,1553,20116,16324
814,1573,19843,16121
822,1541,20110,16352
816,1572,19899,16168
821,1575,20011,16273
836,1563,20529,16472
825,1569,20279,16293
818,1549,20074,16256
834,1547,20559,16490
835,1580,20424,16389
828,1555,20348,16350
823,1571,20201,16267
829,1545,20418,16411
822,1570,20179,16277
828,1546,20360,16401
819,1554,20027,16267
827,1558,20321,16321
822,1550,20137,16386
819,1576,19956,16174
827,1565,20275,16348
838,1555,20530,16461
828,1562,20382,16372
820,1546,20064,16313
817,1562,19959,16228
819,1556,20036,16294
819,1557,20038,16287
820,1572,20060,16272
833,1549,20486,16433
828,1558,20375,16343
828,1559,20375,16360
831,1545,20449,16485
826,1573,20283,16301
830,1534,20498,16467
833,1546,20507,16445
841,1573,20663,16612
842,1570,20712,16668
830,1549,20402,16391
829,1556,20417,16417
825,1556,20259,16289
835,1545,20519,16521
840,1576,20630,16536
829,1562,20411,16396
831,1557,20501,16500
826,1559,20288,16306
830,1550,20420,16455
837,1545,20573,16548
828,1541,20365,16374
831,1547,20505,16486
826,1566,20302,16260
830,1537,20440,16457
818,1580,19964,16205
821,1559,20075,16249
829,1545,20439,16443
825,1574,20278,16276
832,1556,20515,16515
828,1573,20314,16314
826,1561,20304,16330
828,1541,20406,16440
824,1575,20206,16263
828,1541,20389,16422
828,1558,20391,16378
826,1554,20308,16340
837,1575,20641,16619
822,1566,20171,16222
827,1547,20361,16397
829,1561,20407,16420
827,1569,20297,16313
830,1560,20473,16397
825,1570,20262,16237
828,1542,20396,16437
825,1549,20287,16329
837,1573,20477,16475
828,1559,20351,16329
816,1580,19940,16149
820,1544,20055,16317
822,1539,20161,16367
832,1575,20384,16590
832,1564,20304,16511
832,1545,20373,16440
838,1596,20589,16690
827,1572,20218,16388
819,1568,19968,16191
819,1566,20009,16271
826,1561,20243,16286
821,1536,20078,16366
822,1576,20065,16279
820,1572,20031,16230
819,1557,20040,16281
827,1559,20235,16404
833,1553,20535,16539
814,1583,19842,16115
821,1561,20063,16304
821,1555,20054,16258
828,1561,20358,16354
821,1539,20132,16360
820,1562,20051,16287
823,1586,20008,16218
825,1546,20180,16409
826,1558,20239,16470
820,1544,20058,16325
816,1575,19941,16161
820,1553,20024,16289
821,1556,20083,16337
816,1568,19916,16191
819,1552,20024,16305
817,1552,19944,16188
820,1550,20076,16314
820,1559,20087,16284
820,1567,20086,16290
820,1548,20114,16354
819,1581,19947,16203
823,1546,20131,16403
818,1573,19994,16219
818,1566,20031,16238
818,1557,19995,16267
814,1575,19852,16110
819,1550,20044,16307
817,1559,19937,16224
818,1570,19995,16234
814,1554,19941,16204
817,1563,19962,16174
