2687,10000
730,1445,17242,13851
729,1452,17251,13838
732,1449,17296,13905
729,1458,17193,13771
733,1433,17351,13920
731,1439,17286,13893
731,1445,17269,13870
732,1450,17309,13921
729,1456,17191,13777
734,1435,17391,13979
732,1454,17275,13858
733,1439,17321,13921
732,1443,17296,13890
729,1448,17173,13794
732,1439,17286,13919
731,1446,17276,13893
731,1447,17272,13856
732,1436,17303,13904
729,1458,17210,13817
731,1443,17299,13897
728,1457,17187,13809
730,1449,17255,13863
734,1432,17352,13960
734,1444,17297,13901
735,1439,17408,13981
730,1459,17220,13823
731,1443,17254,13880
731,1436,17277,13899
730,1454,17253,13845
734,1436,17390,13963
729,1452,17205,13822
730,1441,17251,13863
731,1447,17265,13883
728,1456,17208,13803
733,1428,17348,13962
729,1446,17180,13788
731,1449,17289,13881
731,1435,17301,13914
732,1462,17244,13831
733,1431,17352,13978
729,1443,17180,13803
732,1440,17282,13862
731,1442,17270,13884
730,1447,17253,13860
734,1423,17369,13967
731,1455,17232,13847
732,1438,17305,13922
729,1441,17230,13848
733,1446,17306,13896
735,1435,17378,13925
729,1451,17200,13820
735,1432,17394,13987
731,1450,17268,13886
731,1447,17247,13847
732,1430,17303,13905
727,1459,17150,13759
735,1434,17408,13989
735,1466,17319,13888
731,1451,17231,13856
733,1433,17316,13924
727,1463,17145,13762
733,1444,17350,13952
736,1438,17394,13987
731,1446,17285,13871
732,1439,17320,13893
728,1469,17154,13751
732,1438,17304,13922
732,1439,17288,13915
733,1443,17310,13868
734,1433,17382,13966
734,1474,17271,13835
733,1439,17335,13930
731,1441,17286,13888
733,1450,17269,13847
731,1451,17283,13889
731,1474,17203,13798
735,1429,17406,13996
729,1450,17208,13821
732,1436,17285,13885
732,1447,17304,13911
729,1451,17210,13843
739,1451,17447,14013
732,1463,17253,13826
732,1438,17322,13925
733,1447,17351,13920
728,1463,17156,13774
734,1420,17361,13985
729,1456,17199,13799
731,1450,17267,13866
733,1450,17341,13933
731,1445,17245,13873
734,1434,17389,13999
730,1458,17235,13841
729,1440,17225,13870
732,1428,17317,13952
730,1439,17248,13849
734,1433,17376,13956
729,1448,17196,13791
733,1444,17306,13922
732,1443,17280,13892
731,1437,17253,13854
733,1432,17350,13963
731,1456,17252,13861
733,1441,17348,13932
732,1445,17317,13896
731,1447,17240,13866
734,1448,17323,13909
730,1460,17221,13838
734,1432,17376,13957
739,1441,17408,13949
731,1454,17267,13862
732,1439,17306,13910
727,1468,17140,13727
732,1441,17304,13913
732,1420,17310,13933
730,1449,17233,13833
733,1447,17339,13938
728,1464,17149,13752
732,1423,17323,13946
731,1427,17266,13937
732,1444,17274,13902
731,1459,17287,13889
729,1469,17200,13777
735,1429,17397,13981
731,1444,17300,13886
733,1450,17325,13932
731,1445,17270,13875
729,1452,17197,13803
735,1442,17369,13948
730,1447,17265,13859
732,1454,17289,13889
732,1437,17283,13888
730,1451,17217,13828
732,1443,17293,13890
730,1451,17230,13852
731,1446,17268,13868
733,1444,17371,13951
732,1449,17230,13835
733,1443,17329,13941
729,1451,17211,13824
732,1447,17268,13891
733,1428,17310,13873
732,1443,17293,13911
734,1433,17417,13988
735,1469,17324,13871
731,1439,17255,13870
732,1428,17284,13891
730,1444,17251,13867
734,1433,17375,13981
732,1441,17293,13899
733,1456,17263,13840
732,1455,17278,13870
731,1438,17267,13858
734,1436,17340,13944
729,1453,17179,13788
733,1442,17326,13926
730,1445,17278,13868
731,1449,17262,13869
733,1425,17325,13947
730,1462,17206,13790
733,1425,17335,13956
732,1431,17295,13900
730,1459,17255,13861
732,1441,17317,13898
732,1454,17286,13866
734,1437,17327,13918
730,1460,17243,13851
731,1456,17254,13865
735,1449,17336,13905
729,1458,17207,13788
734,1430,17368,13960
738,1452,17384,13956
732,1436,17284,13892
732,1438,17307,13915
729,1465,17179,13775
733,1433,17331,13935
733,1435,17340,13949
731,1436,17274,13884
731,1434,17289,13892
730,1466,17200,13802
732,1440,17303,13917
730,1451,17243,13831
732,1449,17292,13906
733,1432,17351,13930
731,1455,17281,13866
735,1432,17366,13974
729,1453,17211,13803
732,1439,17306,13927
737,1448,17369,13931
730,1443,17241,13827
733,1429,17335,13944
730,1458,17222,13798
730,1438,17273,13887
732,1440,17307,13925
730,1441,17211,13828
735,1439,17404,14011
730,1443,17231,13824
731,1450,17280,13877
731,1429,17277,13881
732,1453,17313,13922
734,1427,17363,13981
731,1455,17260,13857
731,1443,17280,13893
732,1441,17301,13896
730,1447,17254,13848
734,1419,17366,13972
728,1457,17175,13779
732,1439,17275,13901
729,1450,17218,13814
732,1442,17316,13901
734,1442,17323,13923
729,1455,17202,13797
733,1446,17329,13934
730,1458,17243,13853
732,1430,17294,13914
731,1456,17271,13869
729,1462,17219,13809
733,1439,17334,13932
731,1451,17269,13872
731,1447,17258,13874
732,1440,17278,13866
729,1459,17208,13817
733,1439,17331,13948
733,1439,17329,13906
732,1448,17313,13889
731,1433,17274,13895
729,1462,17189,13798
732,1441,17300,13907
732,1449,17309,13907
734,1441,17375,13946
732,1445,17295,13917
729,1448,17196,13790
733,1434,17323,13913
731,1442,17273,13884
731,1439,17273,13885
733,1449,17305,13938
730,1467,17223,13811
734,1436,17386,14005
731,1453,17269,13878
731,1451,17276,13895
732,1438,17280,13896
730,1445,17241,13832
733,1426,17351,13951
730,1462,17216,13812
731,1456,17270,13848
733,1440,17315,13928
730,1455,17199,13793
736,1437,17417,13957
730,1462,17236,13810
731,1437,17283,13871
734,1438,17367,13980
745,1449,17592,14128
734,1431,17362,13953
729,1459,17195,13815
730,1450,17236,13856
732,1433,17272,13892
730,1438,17244,13814
734,1438,17373,13988
729,1452,17192,13822
730,1439,17232,13836
732,1431,17288,13923
733,1471,17249,13808
733,1437,17337,13939
730,1439,17220,13800
734,1441,17368,13950
732,1445,17290,13880
730,1465,17237,13845
731,1433,17292,13925
729,1443,17198,13815
734,1428,17396,13981
731,1440,17267,13873
732,1426,17294,13900
731,1437,17279,13880
728,1451,17158,13785
737,1441,17411,13949
731,1451,17252,13871
732,1441,17291,13893
732,1432,17279,13895
728,1461,17175,13781
734,1448,17356,13975
731,1440,17281,13903
732,1464,17260,13842
732,1455,17276,13876
727,1459,17160,13744
735,1439,17424,14016
730,1452,17248,13855
732,1439,17292,13901
733,1438,17274,13880
730,1466,17239,13814
733,1451,17334,13905
730,1435,17260,13889
732,1425,17290,13903
732,1433,17299,13910
730,1457,17219,13838
734,1437,17338,13942
729,1442,17204,13818
730,1447,17269,13865
731,1438,17294,13875
730,1456,17250,13850
733,1433,17342,13965
729,1452,17188,13793
731,1444,17285,13893
733,1449,17327,13937
730,1448,17261,13855
734,1430,17393,13962
730,1465,17203,13783
728,1436,17195,13841
730,1453,17244,13851
730,1448,17244,13839
730,1434,17358,13966
730,1459,17203,13789
730,1459,17244,13835
731,1454,17276,13866
728,1454,17181,13810
734,1441,17357,13975
727,1463,17163,13758
732,1454,17313,13915
732,1443,17274,13871
730,1454,17217,13786
732,1437,17311,13928
729,1456,17165,13777
732,1443,17321,13920
730,1449,17247,13853
732,1454,17260,13853
733,1433,17332,13899
727,1463,17156,13756
735,1436,17373,13983
731,1437,17296,13893
730,1446,17247,13847
733,1429,17346,13935
729,1464,17180,13790
732,1432,17324,13934
732,1438,17285,13909
730,1442,17231,13852
731,1448,17274,13898
730,1468,17199,13811
733,1433,17349,13926
731,1441,17272,13862
732,1439,17326,13938
733,1444,17324,13929
730,1463,17162,13759
733,1435,17352,13940
733,1446,17325,13922
731,1452,17300,13869
731,1440,17298,13889
730,1457,17239,13848
733,1433,17319,13933
730,1443,17226,13832
731,1448,17284,13891
731,1453,17309,13897
727,1470,17151,13762
733,1422,17363,13952
730,1450,17226,13829
731,1448,17265,13870
731,1435,17278,13881
730,1448,17221,13842
733,1425,17352,13928
728,1468,17176,13781
733,1445,17291,13912
731,1441,17289,13904
730,1451,17215,13822
734,1420,17360,13965
730,1451,17234,13841
732,1439,17332,13922
732,1436,17314,13878
729,1439,17240,13857
735,1440,17394,14001
731,1453,17192,13793
730,1450,17237,13828
732,1426,17319,13917
731,1457,17247,13876
733,1430,17362,13979
730,1456,17216,13830
731,1453,17258,13871
731,1434,17267,13880
731,1450,17257,13883
733,1443,17345,13923
729,1446,17211,13836
734,1425,17344,13958
731,1445,17268,13868
728,1450,17143,13759
734,1443,17363,13953
734,1465,17247,13796
732,1434,17339,13917
732,1440,17324,13916
731,1445,17238,13853
732,1445,17288,13890
727,1455,17156,13769
733,1437,17345,13948
734,1457,17375,13972
730,1456,17241,13836
733,1442,17332,13923
728,1457,17172,13774
735,1431,17383,13981
733,1446,17318,13944
731,1454,17254,13860
732,1437,17324,13916
728,1450,17173,13783
738,1442,17364,13969
731,1449,17278,13882
730,1435,17243,13881
733,1440,17322,13913
731,1462,17251,13822
732,1445,17331,13929
732,1454,17278,13870
730,1444,17235,13850
733,1440,17339,13937
729,1447,17218,13843
735,1434,17420,14014
729,1452,17215,13809
731,1445,17277,13889
734,1427,17361,13974
730,1447,17230,13845
733,1432,17334,13948
730,1446,17209,13840
730,1437,17236,13846
732,1439,17324,13915
731,1471,17243,13868
735,1420,17383,13997
729,1458,17200,13802
732,1442,17296,13906
732,1450,17293,13863
730,1444,17239,13847
733,1429,17376,13960
731,1454,17270,13836
731,1451,17253,13848
730,1448,17251,13880
730,1455,17237,13846
732,1430,17314,13933
732,1464,17279,13832
732,1436,17310,13909
731,1457,17276,13872
732,1439,17295,13910
733,1437,17326,13948
728,1458,17180,13794
732,1430,17320,13936
731,1448,17271,13855
730,1430,17249,13922
731,1434,17282,13901
728,1448,17185,13786
733,1445,17304,13926
733,1446,17322,13923
731,1452,17266,13871
732,1447,17334,13910
729,1452,17200,13795
733,1437,17340,13936
730,1434,17245,13857
734,1431,17335,13946
732,1444,17310,13916
728,1459,17194,13789
734,1428,17350,13954
729,1429,17290,13882
732,1446,17286,13895
731,1451,17267,13885
729,1450,17209,13827
734,1429,17360,13973
730,1444,17269,13871
733,1449,17303,13908
739,1450,17404,13969
729,1446,17196,13802
733,1435,17305,13924
730,1440,17255,13857
731,1449,17268,13874
732,1439,17309,13898
731,1448,17293,13873
733,1429,17342,13943
730,1465,17227,13842
730,1432,17250,13849
732,1447,17332,13928
730,1439,17273,13863
735,1431,17398,14010
729,1452,17195,13798
731,1445,17280,13909
732,1448,17284,13871
730,1457,17240,13858
734,1437,17362,13977
730,1453,17244,13839
731,1438,17266,13868
732,1439,17277,13893
730,1454,17245,13839
732,1429,17316,13935
730,1451,17241,13845
734,1439,17332,13936
732,1447,17307,13917
733,1447,17328,13898
733,1431,17320,13935
729,1451,17182,13807
733,1443,17311,13900
731,1455,17266,13853
730,1445,17264,13855
733,1428,17320,13937
730,1447,17199,13793
732,1438,17307,13913
732,1444,17295,13912
734,1470,17273,13843
732,1440,17295,13905
732,1457,17231,13782
733,1429,17358,13963
732,1437,17274,13892
731,1452,17236,13848
732,1432,17286,13909
728,1461,17161,13775
735,1431,17393,13983
743,1445,17534,14069
746,1450,17642,14176
735,1445,17361,13970
729,1462,17170,13746
731,1433,17296,13924
737,1437,17353,13951
733,1439,17318,13920
732,1448,17314,13903
729,1453,17193,13786
734,1434,17370,13989
729,1438,17225,13839
731,1450,17266,13883
732,1438,17316,13926
730,1458,17266,13844
732,1446,17287,13893
730,1458,17216,13832
731,1446,17244,13858
730,1445,17251,13890
730,1464,17248,13838
733,1432,17356,13951
730,1454,17237,13829
731,1453,17291,13873
732,1436,17303,13912
729,1451,17230,13816
735,1427,17389,14014
731,1448,17232,13826
731,1449,17296,13887
730,1443,17254,13858
730,1450,17228,13847
732,1435,17331,13937
729,1453,17197,13803
730,1452,17250,13878
732,1438,17275,13873
731,1451,17279,13871
735,1442,17342,13931
728,1454,17187,13777
732,1447,17299,13898
732,1451,17279,13907
734,1455,17289,13852
734,1429,17342,13948
728,1454,17213,13796
733,1431,17360,13951
732,1445,17268,13877
730,1438,17222,13834
732,1442,17286,13903
730,1447,17257,13850
731,1437,17323,13907
731,1439,17270,13881
734,1431,17374,13970
733,1427,17304,13921
728,1451,17157,13786
733,1433,17331,13955
733,1435,17322,13938
730,1452,17280,13843
731,1446,17284,13880
728,1452,17151,13771
735,1424,17382,13987
731,1450,17261,13864
732,1423,17305,13908
731,1440,17293,13895
729,1453,17194,13796
734,1433,17371,13955
732,1421,17308,13932
729,1448,17232,13869
732,1434,17310,13933
731,1436,17263,13866
734,1422,17362,13954
731,1463,17225,13828
731,1451,17282,13889
734,1431,17332,13950
731,1452,17226,13848
733,1437,17308,13913
729,1465,17203,13801
732,1444,17298,13894
731,1457,17271,13859
730,1452,17231,13851
733,1430,17358,13969
728,1440,17189,13839
730,1448,17251,13842
732,1440,17305,13896
731,1454,17276,13866
734,1419,17390,13968
728,1453,17186,13806
732,1448,17282,13900
731,1439,17242,13873
731,1451,17259,13868
733,1418,17370,13964
729,1467,17184,13786
733,1436,17347,13932
743,1450,17502,14052
739,1457,17387,13941
735,1444,17327,13923
729,1449,17193,13840
733,1437,17336,13914
730,1438,17261,13872
731,1449,17251,13842
732,1438,17290,13918
728,1443,17162,13789
733,1432,17344,13942
731,1459,17260,13863
731,1443,17277,13865
733,1433,17350,13949
737,1461,17311,13869
733,1435,17320,13942
731,1426,17257,13877
731,1445,17296,13895
733,1435,17341,13943
729,1454,17187,13797
733,1433,17346,13934
733,1442,17311,13928
731,1446,17232,13844
733,1436,17317,13929
729,1451,17160,13766
734,1442,17367,13919
733,1435,17326,13944
733,1424,17316,13948
733,1433,17319,13924
729,1450,17187,13809
732,1445,17341,13939
733,1436,17325,13930
732,1443,17295,13896
734,1424,17378,13960
728,1465,17178,13793
734,1433,17375,13987
728,1467,17177,13775
732,1439,17320,13923
732,1450,17316,13897
730,1450,17217,13831
735,1434,17393,14009
729,1455,17198,13798
731,1451,17240,13850
731,1428,17272,13894
730,1450,17246,13863
737,1466,17454,14048
729,1450,17190,13787
732,1439,17291,13895
732,1443,17275,13859
730,1447,17222,13843
734,1421,17367,13970
730,1458,17225,13832
732,1451,17308,13902
732,1444,17311,13897
731,1445,17235,13856
732,1426,17307,13931
730,1443,17232,13852
737,1455,17378,13916
732,1453,17309,13905
731,1444,17257,13857
733,1432,17354,13950
729,1443,17191,13802
733,1436,17335,13953
732,1452,17254,13856
729,1454,17205,13827
733,1430,17368,13955
728,1457,17180,13800
733,1442,17312,13898
731,1450,17271,13884
730,1453,17239,13849
732,1441,17313,13920
727,1454,17143,13730
736,1435,17437,14024
737,1456,17376,13914
732,1426,17282,13894
733,1438,17322,13939
728,1460,17156,13769
732,1438,17326,13916
732,1438,17306,13901
733,1446,17300,13922
732,1442,17304,13904
728,1461,17160,13765
733,1428,17316,13936
730,1443,17264,13879
729,1452,17213,13851
732,1428,17313,13908
729,1469,17210,13817
732,1436,17307,13918
730,1449,17235,13843
730,1442,17239,13850
732,1439,17313,13902
730,1453,17244,13852
735,1422,17384,13970
729,1458,17202,13790
732,1434,17321,13934
741,1469,17462,14014
737,1456,17338,13912
734,1430,17379,13966
730,1458,17251,13842
731,1440,17268,13880
732,1432,17314,13927
730,1447,17237,13847
734,1444,17369,13971
729,1454,17194,13818
729,1451,17221,13837
732,1435,17305,13910
731,1440,17253,13857
737,1439,17408,14025
728,1457,17180,13796
730,1445,17234,13850
732,1447,17290,13868
729,1435,17248,13859
732,1439,17321,13899
731,1455,17252,13832
731,1446,17288,13890
732,1446,17295,13903
730,1461,17222,13826
731,1443,17297,13896
728,1454,17199,13790
732,1424,17309,13915
730,1439,17273,13868
730,1459,17233,13844
732,1450,17266,13872
728,1448,17166,13802
732,1440,17301,13918
733,1445,17350,13921
731,1438,17290,13894
731,1439,17294,13907
729,1461,17159,13782
732,1439,17292,13901
732,1428,17327,13941
731,1443,17270,13884
732,1444,17307,13906
728,1453,17183,13766
733,1435,17355,13986
731,1438,17261,13863
734,1441,17335,13950
741,1459,17448,14003
730,1449,17228,13822
732,1427,17333,13944
730,1448,17253,13859
732,1443,17306,13919
733,1426,17311,13928
731,1457,17216,13810
733,1426,17345,13970
730,1445,17246,13834
730,1449,17234,13838
733,1441,17306,13922
730,1464,17236,13834
734,1422,17359,13980
738,1444,17389,13945
732,1450,17264,13846
733,1427,17354,13927
731,1445,17277,13868
734,1430,17347,13945
734,1446,17236,13808
730,1447,17240,13845
731,1434,17271,13870
732,1447,17312,13900
736,1433,17378,13951
728,1457,17189,13796
732,1448,17287,13892
730,1441,17263,13890
729,1449,17209,13824
735,1428,17339,13962
729,1448,17218,13807
734,1440,17338,13930
731,1444,17262,13881
731,1441,17246,13853
730,1437,17260,13889
729,1464,17219,13817
732,1439,17321,13914
732,1447,17296,13872
731,1448,17291,13890
732,1446,17305,13918
729,1458,17194,13818
732,1440,17300,13909
732,1441,17301,13899
732,1454,17285,13845
732,1436,17276,13886
727,1468,17159,13764
732,1427,17314,13916
731,1426,17311,13931
731,1438,17242,13865
731,1444,17274,13881
730,1460,17238,13808
732,1442,17303,13903
732,1423,17298,13914
730,1454,17236,13849
731,1445,17261,13889
729,1464,17192,13783
734,1430,17380,13983
737,1460,17388,13945
731,1456,17280,13852
732,1447,17292,13899
729,1448,17185,13783
733,1428,17328,13947
730,1453,17223,13815
732,1434,17311,13901
730,1461,17248,13857
730,1444,17220,13827
733,1422,17347,13969
730,1448,17204,13826
730,1443,17253,13858
731,1438,17283,13887
731,1461,17267,13850
733,1427,17349,13964
730,1448,17232,13853
732,1448,17277,13892
731,1437,17246,13891
732,1441,17283,13897
737,1442,17401,13979
729,1460,17225,13816
731,1453,17282,13864
732,1442,17292,13920
730,1442,17217,13824
732,1433,17325,13947
729,1419,17239,13813
738,1455,17394,13932
731,1442,17272,13889
731,1436,17257,13856
733,1440,17365,13983
731,1470,17219,13790
732,1439,17295,13923
731,1443,17237,13853
731,1456,17277,13868
732,1433,17336,13946
729,1452,17192,13799
731,1439,17300,13903
732,1439,17257,13868
731,1457,17260,13840
731,1453,17292,13900
730,1469,17212,13807
733,1430,17344,13924
732,1435,17299,13910
730,1450,17217,13818
730,1455,17262,13873
731,1454,17267,13850
735,1432,17383,13982
734,1436,17345,13955
730,1456,17233,13833
733,1433,17324,13959
728,1440,17167,13783
732,1436,17308,13923
731,1439,17262,13881
732,1450,17305,13907
734,1430,17361,13964
732,1462,17226,13809
734,1431,17341,13960
731,1443,17254,13881
732,1438,17306,13905
731,1435,17269,13887
730,1447,17248,13838
732,1435,17346,13910
730,1464,17231,13838
731,1443,17255,13865
732,1444,17296,13907
740,1467,17433,13969
737,1441,17417,13978
729,1450,17211,13818
731,1440,17270,13875
730,1439,17272,13855
731,1447,17283,13899
734,1444,17367,13967
730,1457,17210,13828
731,1444,17273,13867
733,1438,17289,13891
731,1456,17235,13861
734,1432,17353,13972
725,1455,17098,13796
731,1451,17254,13873
731,1437,17278,13889
730,1464,17254,13844
734,1428,17369,13969
729,1449,17227,13846
733,1431,17311,13927
728,1452,17225,13827
731,1452,17282,13880
734,1438,17361,13958
728,1450,17171,13784
734,1438,17383,13976
732,1447,17278,13882
729,1455,17225,13847
731,1444,17270,13874
730,1456,17207,13826
734,1443,17368,13939
732,1454,17321,13907
730,1455,17236,13827
732,1439,17298,13902
727,1455,17141,13754
734,1435,17376,13968
733,1455,17309,13885
734,1452,17353,13915
732,1445,17322,13883
728,1457,17147,13744
733,1440,17332,13941
731,1449,17277,13893
732,1447,17278,13864
731,1439,17301,13889
730,1453,17209,13818
734,1440,17367,13963
734,1445,17270,13887
731,1443,17249,13868
733,1439,17321,13924
729,1460,17183,13807
735,1432,17389,13976
730,1450,17236,13824
731,1439,17263,13880
733,1426,17328,13948
729,1459,17198,13821
734,1431,17358,13957
731,1446,17256,13860
732,1447,17300,13892
732,1442,17366,13937
730,1445,17236,13853
733,1418,17328,13954
729,1455,17214,13835
731,1439,17283,13876
731,1436,17312,13901
731,1448,17250,13862
733,1432,17361,13955
730,1453,17237,13834
728,1456,17226,13824
731,1444,17270,13874
730,1444,17215,13821
735,1428,17415,14019
732,1475,17235,13810
731,1457,17263,13878
732,1441,17272,13888
730,1448,17189,13804
733,1447,17344,13948
735,1468,17293,13842
739,1450,17406,13956
732,1451,17311,13893
730,1452,17238,13830
732,1422,17319,13947
730,1451,17208,13822
732,1444,17316,13911
734,1444,17351,13936
730,1451,17249,13861
732,1445,17282,13893
728,1470,17150,13744
732,1434,17312,13925
730,1434,17247,13873
730,1454,17234,13857
733,1436,17362,13944
729,1446,17174,13771
732,1438,17291,13908
732,1432,17297,13903
730,1451,17247,13854
732,1436,17323,13928
728,1457,17180,13780
733,1429,17345,13947
732,1443,17339,13919
731,1446,17269,13858
732,1448,17288,13927
729,1454,17179,13787
733,1431,17353,13938
731,1444,17289,13887
731,1441,17278,13894
733,1436,17306,13901
730,1458,17207,13828
734,1434,17357,13974
728,1449,17171,13778
731,1447,17263,13897
734,1427,17364,13973
734,1459,17281,13841
733,1429,17347,13964
729,1458,17184,13790
730,1452,17246,13863
731,1440,17273,13895
730,1436,17259,13862
735,1450,17412,13983
731,1469,17249,13821
730,1446,17229,13859
731,1450,17268,13886
731,1441,17271,13894
735,1422,17410,13980
729,1438,17235,13838
730,1442,17246,13860
733,1441,17344,13932
730,1464,17222,13827
732,1432,17313,13917
730,1464,17194,13787
734,1436,17329,13944
732,1430,17312,13904
731,1463,17254,13870
733,1438,17320,13920
728,1446,17167,13784
733,1437,17325,13947
731,1447,17277,13863
730,1454,17259,13864
732,1452,17311,13905
731,1438,17249,13857
733,1439,17330,13928
730,1449,17245,13853
731,1463,17242,13834
731,1439,17290,13897
729,1448,17202,13801
732,1441,17300,13902
730,1455,17288,13879
731,1439,17257,13891
736,1436,17361,13957
729,1459,17203,13807
733,1438,17319,13929
732,1434,17317,13906
732,1444,17296,13917
731,1444,17268,13886
731,1456,17234,13828
734,1437,17335,13930
734,1441,17350,13954
736,1452,17429,13991
736,1451,17369,13911
730,1460,17237,13816
734,1438,17359,13965
731,1450,17251,13886
732,1441,17255,13856
732,1451,17303,13889
729,1456,17237,13834
733,1436,17350,13957
730,1439,17217,13826
731,1445,17266,13878
732,1429,17309,13924
731,1443,17236,13866
733,1417,17328,13953
730,1447,17238,13831
734,1432,17358,13944
733,1457,17289,13876
729,1450,17210,13826
734,1429,17358,13984
730,1448,17211,13801
729,1453,17223,13830
732,1451,17308,13904
731,1452,17259,13819
732,1424,17332,13942
730,1447,17220,13838
730,1458,17236,13826
729,1439,17262,13862
731,1446,17268,13850
733,1426,17312,13908
729,1462,17211,13786
733,1439,17317,13920
732,1445,17271,13882
732,1463,17240,13834
732,1434,17308,13918
728,1468,17209,13786
732,1442,17327,13930
731,1430,17263,13889
731,1458,17250,13863
732,1435,17291,13926
728,1459,17192,13788
734,1440,17370,13972
730,1455,17275,13878
732,1447,17297,13873
733,1444,17345,13935
728,1462,17147,13777
731,1434,17289,13916
733,1455,17322,13928
732,1439,17312,13903
732,1438,17294,13909
727,1450,17151,13776
734,1426,17354,13962
732,1432,17281,13909
731,1445,17264,13894
732,1443,17295,13919
729,1444,17208,13812
733,1434,17328,13947
730,1449,17237,13850
731,1447,17288,13899
731,1437,17261,13883
729,1452,17200,13799
734,1441,17367,13960
734,1452,17294,13849
731,1446,17293,13871
732,1445,17278,13876
730,1443,17220,13855
734,1433,17355,13978
730,1455,17234,13825
731,1455,17253,13828
733,1429,17319,13930
731,1439,17264,13860
733,1429,17354,13974
728,1453,17174,13771
731,1447,17241,13853
731,1439,17271,13884
731,1460,17260,13841
734,1423,17375,13977
731,1446,17280,13845
730,1447,17240,13855
731,1438,17234,13882
730,1460,17232,13837
734,1436,17393,13981
730,1444,17259,13846
731,1438,17297,13870
731,1445,17275,13894
729,1442,17207,13817
733,1440,17334,13938
729,1462,17206,13796
732,1439,17315,13913
733,1441,17339,13954
729,1447,17237,13833
732,1435,17312,13926
728,1447,17147,13765
732,1440,17293,13917
732,1431,17304,13914
730,1463,17264,13847
731,1431,17284,13898
728,1447,17155,13753
732,1436,17308,13928
732,1443,17305,13931
731,1443,17270,13867
735,1427,17359,13956
732,1476,17232,13772
734,1424,17373,13949
731,1447,17265,13867
732,1440,17280,13886
732,1429,17290,13922
730,1443,17220,13818
733,1441,17369,13943
732,1446,17293,13918
734,1444,17347,13950
734,1447,17331,13885
729,1455,17197,13820
733,1433,17353,13975
729,1457,17206,13818
733,1432,17363,13940
731,1434,17285,13889
730,1460,17234,13837
733,1435,17355,13963
727,1440,17163,13795
730,1453,17240,13844
733,1444,17327,13911
730,1450,17260,13851
733,1430,17376,13971
729,1458,17204,13820
733,1438,17299,13907
730,1446,17267,13877
733,1444,17317,13921
733,1426,17345,13939
730,1440,17238,13854
731,1439,17272,13871
731,1431,17270,13879
729,1461,17191,13819
734,1434,17372,14001
729,1456,17190,13802
732,1448,17285,13859
732,1438,17286,13898
731,1450,17262,13884
736,1449,17369,13932
727,1463,17147,13770
733,1440,17325,13931
732,1446,17284,13887
730,1439,17251,13850
733,1426,17382,13956
729,1452,17201,13807
732,1440,17319,13914
730,1442,17234,13875
730,1459,17234,13839
733,1427,17350,13945
729,1459,17203,13802
732,1436,17328,13924
732,1433,17284,13910
730,1442,17255,13861
734,1442,17334,13950
732,1461,17208,13781
733,1430,17366,13976
732,1450,17305,13915
730,1439,17252,13857
731,1443,17278,13890
728,1466,17155,13778
734,1431,17376,13984
732,1426,17284,13880
733,1428,17325,13921
731,1454,17321,13885
730,1455,17198,13813
733,1438,17304,13914
730,1448,17233,13843
731,1450,17269,13871
732,1488,17327,13917
729,1453,17209,13842
734,1436,17368,13978
729,1444,17205,13801
730,1458,17245,13846
733,1432,17297,13933
731,1451,17249,13859
735,1437,17383,13954
730,1462,17222,13840
730,1454,17252,13861
731,1445,17292,13906
730,1442,17211,13844
735,1437,17428,14021
732,1463,17242,13816
734,1452,17279,13882
732,1439,17314,13896
730,1438,17254,13865
738,1464,17469,14084
742,1457,17532,14121
730,1455,17248,13827
732,1427,17327,13929
730,1442,17250,13867
733,1436,17347,13954
731,1448,17267,13865
731,1445,17272,13892
732,1441,17282,13902
730,1449,17222,13822
735,1434,17400,13984
728,1453,17172,13773
732,1435,17306,13924
731,1443,17261,13860
731,1445,17234,13863
735,1438,17376,13957
729,1465,17197,13801
734,1438,17344,13936
733,1437,17321,13906
731,1462,17241,13825
732,1448,17300,13925
728,1463,17133,13759
733,1433,17334,13908
732,1434,17310,13895
732,1455,17274,13859
733,1437,17331,13937
729,1469,17157,13755
732,1433,17324,13948
731,1444,17272,13885
732,1426,17289,13904
734,1446,17310,13893
729,1460,17209,13807
732,1437,17316,13914
731,1453,17252,13868
731,1448,17245,13890
731,1444,17287,13888
731,1436,17275,13880
733,1443,17361,13933
729,1451,17217,13807
730,1449,17239,13875
731,1442,17286,13907
731,1442,17257,13874
733,1437,17375,13970
729,1462,17225,13812
732,1446,17292,13901
735,1448,17334,13899
731,1447,17285,13890
734,1429,17347,13948
728,1456,17176,13787
731,1437,17282,13899
731,1442,17291,13874
732,1449,17294,13899
734,1427,17367,13959
730,1451,17222,13843
733,1460,17248,13835
731,1460,17279,13866
730,1450,17234,13841
734,1431,17415,13996
730,1458,17226,13804
731,1452,17238,13832
730,1446,17235,13842
730,1442,17228,13851
732,1425,17323,13933
730,1458,17256,13853
732,1427,17303,13923
731,1437,17272,13873
732,1457,17266,13877
733,1429,17325,13952
728,1456,17185,13801
732,1439,17313,13926
733,1443,17342,13922
731,1446,17266,13862
732,1444,17305,13902
728,1438,17159,13766
734,1436,17327,13951
731,1446,17272,13858
733,1441,17303,13903
731,1456,17278,13866
731,1442,17285,13876
733,1422,17329,13922
732,1431,17268,13882
731,1445,17256,13901
732,1447,17311,13902
729,1453,17204,13777
733,1428,17335,13960
732,1438,17306,13918
731,1447,17285,13904
732,1437,17284,13873
729,1453,17190,13797
733,1433,17326,13954
730,1456,17243,13822
730,1444,17267,13868
731,1442,17272,13889
729,1449,17217,13832
732,1437,17294,13919
729,1446,17224,13826
730,1443,17271,13857
733,1442,17328,13906
730,1461,17253,13838
734,1424,17335,13935
730,1459,17228,13833
733,1444,17295,13906
733,1452,17328,13899
732,1447,17311,13910
735,1432,17399,14015
732,1455,17252,13811
730,1450,17232,13822
731,1446,17254,13866
729,1450,17207,13838
735,1433,17388,13990
730,1454,17227,13799
732,1445,17294,13904
729,1450,17196,13823
730,1449,17243,13860
732,1434,17312,13939
731,1447,17272,13862
730,1449,17256,13853
732,1452,17334,13916
732,1437,17283,13867
731,1443,17289,13890
729,1451,17205,13822
734,1432,17358,13986
731,1445,17267,13861
732,1461,17261,13844
733,1430,17327,13944
729,1457,17203,13800
734,1443,17319,13902
732,1436,17286,13908
730,1459,17231,13839
732,1441,17293,13904
732,1462,17247,13783
733,1428,17316,13920
731,1444,17271,13885
729,1451,17233,13847
731,1434,17322,13939
729,1446,17178,13750
734,1426,17376,13979
732,1440,17312,13898
732,1442,17321,13903
730,1407,17241,13822
729,1457,17184,13812
733,1430,17337,13943
730,1455,17265,13838
733,1431,17349,13943
738,1452,17387,13968
730,1455,17212,13809
733,1438,17334,13928
730,1460,17191,13793
731,1443,17243,13855
730,1445,17251,13874
732,1437,17306,13904
734,1429,17351,13945
729,1458,17206,13833
732,1448,17273,13890
730,1440,17239,13858
734,1448,17338,13938
740,1455,17469,14006
730,1457,17254,13843
733,1449,17324,13910
732,1437,17309,13929
729,1453,17205,13816
735,1439,17392,14016
733,1469,17265,13820
731,1449,17254,13853
730,1448,17242,13852
730,1453,17258,13851
733,1422,17334,13950
729,1456,17174,13797
733,1435,17294,13917
730,1453,17249,13852
734,1437,17347,13939
742,1442,17505,14062
729,1448,17180,13778
734,1452,17336,13949
734,1438,17342,13955
735,1467,17303,13862
732,1436,17310,13927
728,1458,17185,13763
734,1432,17368,13946
733,1445,17291,13880
730,1457,17225,13832
732,1435,17287,13912
729,1458,17187,13796
733,1437,17369,13950
732,1452,17286,13878
730,1443,17267,13866
731,1435,17268,13884
730,1449,17226,13848
733,1442,17313,13919
732,1443,17281,13897
732,1432,17290,13877
728,1427,17297,13917
729,1464,17175,13777
733,1449,17331,13939
731,1439,17284,13901
730,1444,17249,13852
731,1444,17301,13901
731,1441,17301,13892
733,1436,17354,13943
730,1442,17247,13865
730,1438,17252,13872
731,1437,17276,13894
731,1442,17272,13878
734,1440,17377,13962
729,1456,17198,13796
731,1448,17248,13855
732,1446,17297,13897
728,1457,17193,13802
733,1434,17339,13964
730,1436,17213,13823
735,1449,17336,13888
731,1444,17279,13889
730,1451,17229,13843
734,1436,17358,13987
729,1454,17203,13838
731,1449,17272,13872
731,1436,17290,13907
731,1445,17274,13844
735,1431,17403,13976
729,1471,17190,13792
732,1448,17301,13908
731,1444,17269,13885
729,1441,17238,13853
734,1429,17366,13976
730,1457,17218,13823
732,1444,17331,13931
730,1442,17237,13868
731,1438,17265,13874
733,1434,17315,13930
729,1456,17206,13823
731,1432,17304,13891
732,1444,17291,13899
730,1434,17210,13826
733,1427,17352,13962
735,1473,17265,13845
734,1435,17335,13939
732,1434,17279,13880
734,1446,17319,13924
732,1430,17337,13917
729,1459,17163,13770
732,1436,17317,13930
733,1434,17274,13887
730,1440,17262,13858
733,1424,17343,13930
726,1457,17108,13742
734,1429,17372,13973
731,1434,17284,13903
730,1456,17234,13847
732,1436,17295,13915
728,1458,17168,13775
734,1428,17384,13976
732,1443,17267,13862
732,1437,17295,13903
733,1439,17311,13908
729,1446,17194,13821
733,1429,17342,13942
731,1453,17270,13866
732,1453,17300,13879
733,1446,17344,13878
730,1451,17233,13846
734,1445,17340,13923
730,1457,17226,13841
731,1449,17264,13862
733,1429,17335,13923
733,1447,17310,13895
737,1447,17418,13966
730,1444,17230,13844
730,1456,17219,13839
733,1433,17284,13920
731,1430,17251,13874
735,1432,17418,14011
729,1461,17202,13803
730,1443,17225,13850
730,1439,17242,13873
731,1444,17265,13875
732,1430,17313,13927
730,1458,17228,13837
731,1442,17274,13863
731,1442,17286,13883
730,1449,17224,13843
732,1436,17299,13915
728,1457,17159,13761
733,1438,17341,13948
732,1444,17284,13859
730,1459,17231,13835
731,1447,17280,13880
730,1453,17215,13836
732,1436,17307,13910
731,1454,17253,13876
730,1447,17244,13863
732,1448,17328,13918
728,1459,17159,13765
731,1437,17269,13881
733,1449,17321,13931
730,1450,17223,13833
731,1445,17277,13876
731,1458,17236,13829
733,1428,17354,13949
730,1443,17284,13869
733,1443,17311,13925
734,1440,17290,13885
726,1422,17118,13729
733,1439,17352,13942
731,1441,17286,13887
730,1453,17236,13853
731,1427,17296,13897
729,1455,17191,13800
733,1433,17330,13955
731,1446,17269,13895
730,1447,17237,13848
729,1448,17244,13839
731,1447,17257,13868
733,1448,17317,13908
729,1450,17201,13823
732,1443,17256,13838
737,1428,17352,13956
732,1457,17293,13886
735,1449,17373,13941
730,1451,17252,13839
735,1450,17314,13883
732,1435,17283,13895
729,1448,17194,13820
734,1435,17361,13946
730,1454,17221,13809
731,1445,17263,13858
731,1447,17270,13871
730,1447,17232,13862
734,1430,17371,13981
730,1457,17210,13840
730,1451,17243,13857
733,1452,17297,13843
731,1441,17281,13900
732,1437,17317,13925
729,1460,17209,13804
733,1437,17312,13920
730,1448,17264,13873
731,1444,17276,13889
732,1440,17313,13895
729,1449,17225,13805
732,1441,17299,13892
732,1446,17298,13919
730,1453,17246,13865
731,1439,17314,13895
729,1469,17221,13814
734,1440,17335,13944
732,1460,17284,13851
731,1450,17254,13855
733,1437,17326,13943
735,1475,17259,13817
733,1439,17330,13947
732,1433,17311,13906
735,1438,17324,13890
732,1439,17292,13898
727,1464,17135,13740
731,1428,17294,13935
731,1435,17273,13884
734,1427,17341,13936
736,1441,17359,13914
732,1458,17233,13813
734,1433,17339,13963
730,1445,17239,13859
731,1445,17245,13856
732,1440,17302,13908
729,1469,17214,13802
732,1432,17306,13918
729,1452,17222,13802
731,1447,17274,13901
732,1447,17281,13900
730,1437,17210,13832
733,1435,17322,13927
729,1445,17236,13832
732,1446,17295,13902
734,1453,17309,13937
729,1459,17218,13825
734,1424,17348,13970
729,1458,17212,13821
730,1443,17265,13858
729,1402,17274,13866
732,1446,17296,13892
732,1424,17347,13958
728,1455,17187,13809
729,1449,17194,13815
732,1436,17287,13901
731,1454,17251,13839
733,1428,17361,13982
728,1463,17181,13781
730,1431,17269,13918
732,1439,17264,13862
730,1461,17227,13829
733,1445,17308,13924
732,1468,17236,13806
732,1443,17310,13919
730,1442,17240,13845
731,1439,17263,13865
735,1446,17323,13915
728,1462,17163,13761
733,1438,17324,13912
731,1448,17276,13873
730,1450,17246,13824
731,1446,17263,13883
728,1456,17162,13788
732,1441,17289,13890
731,1439,17285,13887
731,1445,17289,13892
732,1438,17284,13893
727,1454,17155,13759
733,1434,17334,13955
731,1432,17259,13889
731,1455,17270,13890
731,1435,17264,13875
730,1448,17248,13834
733,1430,17340,13958
731,1455,17256,13851
731,1444,17274,13879
731,1440,17272,13903
729,1445,17204,13807
732,1437,17325,13924
733,1449,17318,13906
731,1445,17270,13836
732,1437,17305,13920
728,1417,17179,13788
733,1433,17341,13961
729,1444,17215,13811
731,1444,17259,13838
732,1443,17298,13885
729,1432,17293,13899
733,1431,17364,13970
729,1440,17191,13786
731,1441,17244,13853
735,1439,17309,13916
730,1463,17241,13832
741,1444,17483,14048
734,1458,17273,13855
731,1440,17231,13852
731,1445,17263,13873
732,1444,17287,13893
733,1427,17363,13968
729,1459,17214,13826
733,1442,17321,13899
731,1452,17250,13859
732,1441,17274,13900
732,1427,17296,13915
729,1464,17204,13786
734,1442,17377,13960
731,1454,17251,13844
730,1455,17236,13843
732,1441,17292,13909
729,1449,17186,13821
734,1428,17358,13981
731,1443,17254,13851
730,1458,17256,13862
732,1433,17315,13943
726,1466,17113,13727
733,1435,17331,13939
731,1444,17255,13899
732,1447,17313,13909
732,1436,17287,13892
728,1471,17177,13747
733,1442,17356,13928
730,1433,17251,13877
731,1435,17263,13864
737,1451,17337,13927
728,1462,17186,13762
732,1435,17336,13922
733,1441,17332,13934
731,1439,17263,13875
732,1454,17308,13903
729,1454,17198,13823
733,1423,17328,13939
731,1439,17261,13882
731,1458,17265,13839
733,1431,17333,13924
731,1461,17219,13800
735,1429,17394,14001
729,1450,17207,13833
731,1455,17259,13839
733,1438,17349,13947
731,1455,17284,13864
734,1439,17388,13970
730,1449,17207,13817
729,1446,17225,13848
731,1448,17275,13892
730,1449,17238,13844
735,1431,17404,13994
730,1460,17244,13850
731,1447,17276,13877
736,1461,17330,13902
729,1466,17205,13813
733,1432,17346,13980
731,1468,17208,13787
731,1446,17297,13872
740,1455,17434,13978
729,1439,17192,13805
734,1428,17350,13960
728,1456,17166,13792
733,1440,17322,13929
732,1436,17292,13904
731,1458,17276,13874
732,1447,17318,13891
729,1448,17182,13803
732,1437,17284,13909
735,1442,17311,13903
730,1440,17253,13846
734,1434,17373,13969
732,1477,17211,13787
732,1430,17352,13963
731,1431,17268,13879
730,1451,17217,13833
732,1436,17281,13900
728,1451,17153,13762
733,1438,17327,13910
734,1439,17338,13942
731,1455,17237,13844
731,1446,17274,13890
730,1445,17221,13776
733,1428,17346,13948
732,1440,17304,13918
730,1449,17253,13841
732,1445,17320,13890
730,1454,17223,13843
732,1440,17314,13926
730,1453,17243,13862
731,1431,17302,13903
734,1425,17357,13950
728,1458,17181,13794
734,1436,17390,13977
730,1453,17222,13835
730,1436,17249,13878
730,1445,17250,13876
728,1462,17193,13797
735,1430,17414,13996
730,1452,17225,13834
731,1444,17256,13879
731,1443,17275,13875
729,1452,17197,13810
733,1442,17363,13961
730,1452,17228,13824
732,1447,17300,13877
731,1431,17299,13887
730,1454,17242,13859
734,1423,17333,13931
730,1450,17218,13823
731,1445,17279,13881
732,1454,17306,13905
730,1420,17265,13854
734,1424,17364,13959
728,1451,17180,13789
732,1447,17286,13890
731,1448,17268,13874
733,1435,17296,13926
732,1445,17331,13910
729,1437,17231,13827
732,1436,17298,13885
735,1449,17364,13958
730,1452,17205,13819
733,1442,17324,13923
729,1450,17202,13812
731,1439,17309,13894
732,1440,17321,13903
730,1457,17242,13866
732,1427,17298,13905
728,1464,17162,13757
732,1433,17336,13983
731,1425,17290,13875
731,1443,17270,13884
731,1452,17290,13900
729,1464,17150,13740
734,1438,17352,13973
730,1444,17252,13884
731,1441,17238,13861
733,1436,17328,13911
729,1449,17222,13831
733,1435,17338,13964
732,1438,17289,13897
732,1431,17288,13923
732,1441,17297,13898
730,1466,17223,13810
733,1436,17357,13945
732,1443,17286,13879
731,1449,17275,13889
731,1439,17271,13890
730,1459,17228,13846
734,1418,17369,13981
730,1453,17223,13795
732,1438,17291,13899
733,1443,17310,13890
730,1451,17220,13839
734,1423,17349,13975
731,1459,17208,13797
732,1441,17294,13923
736,1464,17365,13922
730,1450,17253,13849
734,1432,17387,13982
730,1459,17214,13803
731,1441,17243,13870
731,1457,17279,13855
731,1461,17258,13847
736,1436,17405,13962
731,1459,17278,13849
731,1449,17263,13870
730,1442,17245,13859
733,1431,17315,13934
733,1434,17340,13927
729,1454,17229,13811
733,1443,17321,13938
732,1452,17284,13877
731,1449,17251,13849
733,1431,17329,13943
728,1446,17162,13778
734,1428,17369,13984
733,1445,17294,13900
730,1454,17252,13859
733,1440,17337,13948
727,1455,17143,13764
735,1446,17416,14047
734,1448,17306,13889
732,1444,17298,13900
731,1439,17301,13897
731,1459,17244,13823
730,1430,17279,13900
732,1433,17284,13907
731,1441,17283,13913
731,1433,17284,13876
729,1463,17195,13786
734,1441,17331,13946
731,1441,17286,13882
730,1454,17266,13869
734,1429,17355,13968
729,1465,17179,13780
732,1431,17312,13934
730,1444,17271,13857
731,1439,17293,13887
732,1435,17300,13909
727,1462,17141,13765
732,1425,17315,13944
731,1450,17257,13835
733,1450,17306,13870
732,1432,17313,13889
730,1451,17264,13856
732,1437,17335,13943
730,1447,17214,13840
731,1436,17257,13881
733,1432,17339,13930
731,1448,17255,13833
735,1441,17397,14006
729,1447,17194,13787
730,1454,17239,13860
731,1439,17271,13902
730,1442,17234,13856
734,1438,17372,13989
731,1459,17272,13858
731,1460,17246,13867
735,1451,17313,13894
730,1447,17267,13862
734,1432,17328,13932
729,1443,17189,13802
733,1436,17312,13920
730,1452,17269,13870
732,1445,17305,13879
732,1439,17291,13916
730,1455,17230,13841
738,1452,17388,13955
730,1444,17273,13862
733,1451,17361,13918
736,1438,17333,13916
729,1459,17210,13810
733,1431,17330,13945
732,1455,17261,13859
728,1444,17201,13817
734,1433,17350,13971
732,1466,17228,13787
733,1438,17351,13944
731,1447,17279,13893
731,1443,17270,13884
731,1444,17261,13894
729,1453,17187,13791
733,1432,17335,13939
734,1425,17367,13963
731,1444,17241,13823
733,1439,17324,13957
728,1460,17149,13771
732,1435,17308,13924
730,1452,17248,13840
733,1441,17307,13906
733,1448,17312,13898
729,1450,17216,13807
734,1430,17369,13977
729,1443,17186,13796
732,1444,17291,13908
730,1444,17264,13866
735,1459,17304,13856
734,1428,17377,13987
734,1462,17259,13840
731,1442,17274,13883
730,1445,17249,13856
735,1456,17353,13930
734,1426,17363,13966
730,1447,17232,13833
730,1443,17266,13847
729,1436,17272,13884
729,1477,17206,13830
733,1441,17343,13939
731,1447,17231,13815
732,1446,17326,13907
730,1439,17250,13854
730,1447,17243,13848
733,1431,17353,13968
730,1455,17189,13784
733,1441,17305,13925
730,1455,17249,13865
730,1453,17267,13860
733,1429,17350,13970
728,1452,17178,13773
732,1434,17314,13924
730,1438,17249,13874
730,1441,17239,13828
731,1433,17287,13895
730,1449,17246,13831
732,1450,17324,13897
733,1447,17310,13923
731,1448,17224,13816
732,1431,17294,13917
729,1449,17214,13806
733,1437,17343,13929
732,1437,17296,13907
730,1456,17254,13861
731,1453,17272,13892
727,1454,17154,13783
733,1444,17294,13904
733,1450,17317,13950
731,1452,17292,13849
732,1445,17322,13924
727,1454,17160,13772
735,1433,17380,13985
731,1454,17263,13856
733,1430,17333,13937
732,1452,17312,13902
729,1456,17195,13787
733,1442,17333,13919
730,1452,17220,13798
731,1449,17284,13899
732,1449,17316,13914
732,1445,17282,13882
734,1424,17371,13955
731,1456,17237,13848
731,1459,17274,13889
733,1430,17313,13926
734,1448,17344,13889
732,1431,17293,13915
736,1449,17417,13911
741,1442,17591,13971
740,1469,17514,13900
738,1426,17522,13944
741,1439,17644,14118
731,1440,17252,13854
732,1450,17298,13893
746,1462,17619,13978
738,1451,17461,13894
743,1425,17649,14079
740,1459,17513,13894
742,1449,17577,13982
741,1435,17621,14049
743,1434,17618,14011
741,1425,17648,14046
739,1455,17509,13939
741,1435,17571,13993
741,1432,17575,13982
739,1451,17510,13940
741,1436,17585,14008
738,1454,17436,13868
741,1428,17615,14022
739,1447,17504,13956
731,1446,17251,13851
732,1451,17301,13902
735,1450,17405,13863
733,1428,17333,13915
740,1426,17546,13990
738,1447,17469,13912
738,1443,17500,13969
733,1457,17330,13816
738,1431,17497,13976
738,1435,17484,13975
734,1446,17347,13954
743,1457,17497,14039
741,1459,17449,13896
738,1430,17513,13993
736,1438,17477,14002
735,1453,17401,13924
737,1426,17463,13971
734,1446,17347,13844
738,1420,17501,13999
736,1435,17471,13986
735,1448,17423,13932
737,1428,17434,13939
735,1434,17369,13873
739,1436,17563,14067
734,1456,17350,13843
737,1434,17454,13951
739,1433,17510,13965
735,1458,17388,13875
735,1430,17438,13982
734,1445,17357,13895
737,1441,17453,13949
742,1435,17531,13979
734,1443,17397,13920
737,1428,17507,14021
733,1450,17320,13848
735,1445,17360,13888
735,1430,17420,13930
735,1440,17377,13887
737,1430,17510,14018
734,1449,17363,13874
735,1438,17399,13941
734,1451,17379,13909
734,1446,17368,13900
737,1422,17474,14012
733,1453,17326,13827
737,1431,17469,13971
735,1439,17438,13946
734,1445,17370,13909
735,1431,17404,13963
734,1449,17368,13891
735,1434,17434,13940
736,1431,17461,13968
734,1459,17333,13865
736,1422,17439,13967
733,1449,17315,13826
736,1437,17437,13968
735,1449,17431,13951
733,1464,17329,13862
735,1430,17445,13961
735,1459,17369,13902
736,1446,17407,13923
737,1430,17453,13982
734,1441,17346,13891
735,1438,17406,13920
733,1458,17323,13829
744,1446,17568,14020
735,1436,17423,13937
736,1437,17427,13945
747,1455,17628,14129
743,1478,17475,13927
737,1442,17463,13959
735,1435,17410,13921
737,1452,17393,13891
735,1437,17401,13926
733,1457,17319,13852
737,1437,17467,14003
732,1442,17315,13843
735,1424,17414,13951
736,1440,17465,13967
734,1457,17331,13837
737,1433,17489,14020
733,1450,17336,13864
736,1442,17410,13950
735,1454,17419,13932
735,1456,17383,13906
735,1431,17460,13971
735,1449,17396,13896
734,1444,17360,13920
734,1450,17366,13921
732,1453,17303,13848
736,1420,17459,14009
733,1453,17343,13865
733,1453,17328,13896
738,1447,17431,13922
732,1450,17288,13838
736,1422,17430,13981
733,1440,17320,13882
742,1455,17459,13979
734,1440,17367,13902
729,1436,17261,13840
735,1419,17416,13961
732,1469,17290,13839
734,1447,17360,13909
734,1445,17355,13895
733,1445,17354,13895
735,1448,17395,13938
733,1439,17341,13889
734,1441,17384,13935
734,1442,17371,13924
734,1437,17349,13902
735,1437,17423,13951
731,1470,17271,13796
735,1439,17390,13949
733,1456,17345,13880
732,1440,17302,13873
732,1434,17320,13881
730,1458,17225,13807
735,1434,17386,13963
734,1434,17389,13917
733,1451,17334,13895
734,1441,17369,13938
731,1455,17240,13812
737,1440,17417,13959
736,1434,17428,13964
734,1444,17366,13916
735,1446,17409,13935
732,1451,17308,13852
735,1422,17401,13969
733,1434,17359,13924
733,1452,17325,13890
735,1446,17381,13923
733,1442,17337,13887
737,1438,17428,13965
731,1454,17287,13837
733,1444,17316,13879
734,1437,17346,13918
732,1444,17318,13889
735,1425,17409,13980
733,1445,17298,13839
736,1459,17347,13865
733,1427,17337,13930
733,1442,17316,13887
738,1440,17469,14031
740,1460,17452,13970
732,1445,17297,13871
734,1434,17352,13923
732,1438,17326,13862
737,1438,17462,14038
732,1459,17286,13856
733,1448,17318,13904
733,1447,17333,13868
735,1440,17394,13951
734,1437,17364,13930
733,1448,17319,13865
736,1449,17357,13903
733,1452,17322,13877
731,1466,17246,13819
734,1432,17363,13949
730,1460,17251,13821
736,1429,17437,13995
732,1439,17303,13875
735,1454,17377,13962
735,1447,17349,13913
731,1449,17243,13826
735,1433,17408,13960
746,1460,17545,14020
733,1461,17346,13869
734,1444,17356,13939
730,1457,17240,13808
734,1430,17380,13968
736,1446,17378,13937
734,1439,17357,13917
733,1451,17340,13907
729,1448,17222,13788
736,1434,17426,13995
732,1453,17332,13895
734,1439,17356,13928
734,1439,17337,13904
732,1467,17284,13801
734,1436,17374,13942
733,1439,17319,13898
732,1444,17295,13890
735,1426,17393,13975
732,1451,17320,13869
737,1435,17452,14021
734,1453,17314,13847
734,1440,17378,13926
733,1445,17341,13927
733,1454,17331,13900
736,1431,17427,14008
733,1453,17332,13883
733,1439,17346,13906
733,1432,17341,13924
732,1449,17310,13882
737,1428,17451,14016
734,1451,17296,13827
734,1438,17340,13920
733,1440,17336,13921
732,1450,17302,13844
736,1431,17443,14008
732,1442,17291,13863
733,1442,17342,13911
732,1452,17288,13885
734,1449,17344,13913
739,1411,17484,14001
731,1462,17292,13834
734,1446,17383,13921
734,1442,17334,13873
731,1453,17288,13873
735,1428,17389,13971
731,1459,17282,13823
736,1429,17431,13981
733,1450,17322,13895
736,1432,17388,13949
734,1434,17368,13935
730,1460,17241,13812
735,1442,17386,13964
733,1442,17319,13919
732,1462,17297,13839
734,1438,17381,13929
730,1463,17253,13805
735,1444,17376,13935
734,1437,17325,13919
734,1440,17349,13894
735,1442,17405,13936
731,1465,17276,13831
735,1431,17402,13948
733,1442,17315,13879
733,1433,17354,13936
735,1436,17394,13951
730,1469,17244,13788
735,1435,17417,13979
733,1439,17320,13893
734,1446,17348,13898
734,1439,17347,13914
732,1465,17262,13822
734,1434,17336,13913
732,1441,17325,13898
739,1459,17438,13945
734,1440,17344,13907
732,1442,17288,13863
736,1444,17400,13951
731,1467,17259,13830
734,1447,17365,13916
733,1444,17350,13914
734,1445,17365,13909
737,1420,17459,14001
735,1464,17331,13858
732,1442,17323,13900
735,1439,17382,13963
733,1441,17285,13864
738,1458,17512,14064
741,1464,17460,13972
736,1452,17352,13889
733,1435,17345,13900
735,1446,17365,13933
736,1443,17418,13961
731,1450,17260,13851
734,1456,17348,13895
733,1433,17316,13881
732,1454,17305,13870
735,1442,17395,13968
730,1457,17214,13792
735,1433,17390,13961
734,1439,17355,13927
733,1441,17330,13870
733,1442,17372,13919
732,1437,17302,13877
734,1420,17363,13961
733,1441,17320,13903
733,1456,17336,13889
734,1432,17378,13939
731,1463,17238,13798
734,1435,17359,13935
732,1439,17295,13888
732,1459,17297,13879
733,1434,17338,13935
731,1466,17255,13825
742,1444,17520,14031
733,1445,17332,13880
733,1444,17316,13888
736,1455,17353,13917
729,1455,17194,13785
735,1432,17428,13986
729,1442,17315,13892
733,1437,17355,13897
735,1438,17406,13950
730,1464,17215,13783
734,1434,17385,13962
731,1463,17270,13837
733,1440,17322,13902
734,1423,17374,13928
731,1454,17249,13824
735,1437,17406,13958
731,1465,17247,13830
734,1447,17332,13922
733,1447,17328,13925
731,1455,17258,13835
736,1428,17470,14020
733,1438,17325,13899
734,1447,17323,13886
734,1440,17331,13906
731,1452,17276,13846
736,1425,17441,14003
730,1457,17252,13823
733,1444,17337,13896
733,1454,17350,13872
734,1450,17353,13906
736,1423,17428,14008
730,1449,17221,13782
733,1446,17341,13896
734,1437,17370,13914
732,1444,17293,13870
736,1424,17425,13990
730,1442,17225,13785
732,1446,17316,13915
733,1439,17315,13905
731,1449,17271,13860
736,1441,17398,13952
730,1453,17230,13826
734,1434,17348,13924
734,1437,17368,13945
732,1444,17257,13835
736,1475,17414,13993
730,1451,17262,13811
733,1443,17373,13914
733,1451,17346,13906
733,1437,17294,13883
733,1438,17328,13933
732,1459,17260,13851
733,1441,17370,13947
736,1432,17418,13988
736,1468,17333,13887
734,1447,17353,13926
730,1469,17235,13803
734,1439,17380,13977
733,1441,17311,13905
733,1427,17331,13946
734,1436,17381,13937
731,1445,17260,13828
734,1433,17372,13960
732,1450,17272,13835
732,1433,17315,13911
733,1441,17342,13904
732,1451,17313,13879
735,1435,17413,13955
732,1433,17324,13886
733,1440,17310,13896
733,1441,17341,13912
732,1455,17271,13840
739,1438,17469,13975
732,1443,17309,13875
732,1444,17319,13900
733,1441,17360,13914
733,1451,17309,13851
732,1425,17353,13934
732,1448,17274,13870
733,1459,17303,13860
734,1440,17400,13955
731,1443,17294,13841
736,1421,17427,14001
731,1449,17263,13845
732,1454,17289,13882
732,1439,17307,13889
733,1442,17322,13897
736,1435,17444,13998
733,1447,17328,13889
733,1453,17306,13873
735,1424,17367,13953
731,1434,17264,13841
736,1429,17430,13993
731,1453,17288,13840
734,1442,17355,13939
735,1438,17373,13934
733,1446,17331,13898
735,1437,17386,13965
729,1456,17210,13789
738,1429,17459,14027
741,1450,17478,13983
732,1445,17312,13864
735,1441,17384,13962
730,1458,17234,13821
735,1430,17355,13927
734,1433,17387,13954
737,1449,17369,13914
733,1438,17343,13888
730,1466,17254,13790
735,1429,17403,13991
733,1423,17330,13922
733,1445,17301,13904
734,1428,17396,13970
732,1462,17268,13826
737,1430,17423,13994
733,1440,17347,13921
736,1459,17335,13904
733,1442,17331,13911
731,1446,17253,13829
735,1427,17388,13978
734,1446,17349,13907
733,1444,17349,13924
733,1434,17328,13922
731,1447,17272,13837
735,1427,17399,13972
735,1450,17414,13959
739,1465,17421,13941
734,1431,17395,13940
733,1439,17333,13877
735,1432,17412,13973
731,1461,17277,13848
733,1430,17333,13931
733,1449,17360,13902
732,1445,17319,13868
734,1443,17373,13948
731,1457,17270,13840
731,1447,17264,13832
734,1430,17359,13926
732,1447,17274,13840
736,1444,17415,14010
731,1457,17278,13821
733,1437,17342,13911
733,1444,17304,13872
735,1445,17377,13942
741,1448,17477,14026
733,1442,17284,13818
736,1433,17415,13972
737,1452,17409,13926
733,1453,17335,13883
733,1433,17325,13910
731,1446,17267,13857
733,1430,17356,13931
733,1442,17336,13885
733,1454,17319,13889
733,1447,17320,13901
731,1462,17250,13795
734,1430,17392,13965
734,1428,17364,13960
732,1457,17282,13858
734,1426,17340,13942
731,1455,17286,13829
733,1430,17355,13931
733,1453,17346,13902
734,1444,17356,13920
733,1442,17332,13920
730,1460,17235,13787
735,1424,17423,13975
737,1432,17461,13996
744,1444,17537,14029
735,1435,17343,13911
731,1444,17252,13826
734,1447,17367,13933
733,1439,17335,13888
734,1447,17346,13898
735,1438,17373,13917
732,1457,17288,13823
735,1427,17386,13950
732,1456,17251,13819
733,1454,17287,13876
733,1432,17333,13916
732,1449,17295,13862
737,1433,17452,14030
731,1452,17251,13826
732,1441,17324,13899
735,1453,17341,13904
731,1455,17283,13839
736,1435,17458,14030
733,1446,17326,13884
733,1451,17348,13889
732,1442,17322,13901
733,1451,17326,13916
736,1422,17412,13985
731,1450,17291,13850
734,1445,17374,13920
733,1445,17322,13891
732,1441,17304,13865
736,1438,17442,14018
731,1441,17262,13842
735,1448,17350,13911
733,1437,17331,13910
732,1449,17298,13855
734,1436,17361,13930
730,1444,17233,13802
733,1429,17356,13938
735,1442,17364,13956
732,1458,17301,13864
734,1435,17363,13900
730,1452,17242,13802
736,1435,17442,13979
737,1451,17368,13912
732,1440,17302,13882
734,1426,17367,13961
742,1456,17479,13995
747,1449,17631,14137
745,1444,17586,14099
746,1449,17611,14132
739,1448,17486,14033
735,1446,17354,13933
747,1476,17695,14250
736,1436,17401,13990
734,1452,17355,13884
735,1440,17402,13980
730,1460,17228,13823
735,1423,17387,13980
732,1458,17260,13831
734,1433,17373,13934
733,1447,17335,13897
735,1452,17392,13940
741,1440,17492,13997
732,1439,17286,13853
732,1443,17302,13890
733,1438,17334,13909
732,1455,17297,13865
737,1431,17453,14002
732,1457,17266,13813
733,1437,17368,13937
733,1439,17333,13915
734,1434,17371,13944
735,1441,17398,13958
730,1456,17242,13824
733,1448,17338,13900
733,1437,17321,13902
733,1454,17310,13882
735,1425,17418,13987
727,1447,17169,13761
733,1453,17335,13899
732,1453,17314,13884
734,1452,17361,13901
736,1429,17474,14010
731,1449,17292,13877
735,1431,17374,13953
736,1443,17349,13900
731,1454,17292,13869
734,1430,17362,13933
731,1460,17273,13852
734,1437,17391,13952
734,1432,17342,13927
733,1459,17320,13892
733,1443,17342,13933
731,1461,17222,13798
734,1437,17368,13919
733,1448,17352,13910
732,1457,17297,13867
735,1423,17382,13962
729,1455,17220,13797
734,1436,17389,13956
733,1443,17341,13905
733,1393,17355,13896
738,1453,17447,13952
730,1439,17227,13822
736,1431,17427,14012
736,1439,17374,13929
733,1443,17327,13907
734,1445,17359,13899
732,1449,17258,13823
735,1436,17404,13954
732,1454,17299,13865
731,1456,17284,13867
734,1445,17335,13916
731,1446,17264,13845
734,1428,17398,13960
730,1441,17262,13845
733,1443,17304,13888
735,1446,17372,13959
731,1448,17249,13824
736,1441,17417,13967
731,1449,17277,13829
733,1431,17345,13905
733,1442,17368,13924
731,1455,17265,13849
735,1445,17405,14008
731,1438,17264,13867
730,1411,17296,13868
735,1432,17415,13955
731,1456,17260,13845
736,1436,17427,13980
730,1475,17231,13825
733,1431,17307,13898
733,1433,17321,13898
733,1460,17310,13897
734,1426,17378,13942
732,1462,17259,13830
734,1446,17323,13873
732,1447,17315,13901
733,1443,17277,13863
735,1426,17392,13954
730,1440,17263,13848
735,1433,17424,13988
735,1453,17360,13890
733,1444,17325,13902
733,1438,17330,13905
730,1449,17221,13809
733,1447,17366,13918
732,1441,17325,13884
731,1451,17262,13855
733,1444,17355,13927
732,1468,17240,13779
734,1439,17344,13931
733,1437,17307,13913
732,1443,17300,13860
735,1447,17398,13952
730,1456,17218,13787
734,1436,17375,13964
734,1447,17332,13894
733,1441,17325,13894
733,1431,17356,13917
731,1464,17246,13809
736,1433,17422,13986
733,1441,17330,13885
732,1445,17296,13878
733,1445,17330,13916
729,1457,17211,13796
737,1433,17464,14025
731,1441,17286,13839
733,1436,17338,13931
733,1434,17351,13902
733,1445,17308,13904
735,1426,17372,13958
730,1454,17232,13806
733,1441,17333,13920
734,1436,17361,13910
732,1443,17295,13882
737,1420,17446,14018
733,1452,17274,13820
732,1447,17300,13899
734,1454,17332,13885
731,1443,17276,13859
737,1432,17455,14031
731,1449,17271,13819
731,1454,17281,13861
731,1441,17294,13877
731,1443,17261,13851
735,1429,17432,13997
731,1455,17279,13820
733,1444,17320,13894
733,1443,17334,13910
731,1439,17260,13846
735,1421,17382,13966
730,1465,17231,13789
735,1439,17386,13962
734,1451,17333,13864
732,1443,17324,13897
733,1441,17340,13918
730,1443,17234,13826
734,1438,17339,13924
732,1429,17327,13906
733,1442,17334,13908
734,1438,17365,13911
730,1460,17240,13793
734,1422,17358,13952
732,1440,17288,13886
732,1448,17294,13882
733,1441,17379,13950
730,1464,17231,13784
734,1428,17359,13941
734,1445,17377,13931
732,1456,17296,13880
732,1405,17302,13877
731,1451,17221,13786
735,1428,17379,13973
736,1441,17382,13918
733,1451,17342,13932
733,1445,17302,13888
731,1456,17262,13854
734,1426,17376,13972
732,1453,17299,13871
733,1451,17326,13893
738,1458,17407,13925
731,1460,17281,13828
735,1438,17376,13942
730,1455,17232,13825
733,1445,17319,13912
733,1431,17357,13924
734,1450,17350,13900
734,1432,17396,13976
732,1455,17280,13849
732,1446,17276,13858
733,1434,17320,13906
731,1443,17273,13857
734,1430,17371,13966
731,1458,17277,13832
732,1442,17304,13867
733,1436,17333,13926
733,1449,17305,13881
734,1427,17379,13982
732,1453,17295,13867
733,1448,17322,13888
732,1444,17313,13883
734,1439,17363,13918
734,1426,17374,13964
729,1462,17197,13792
734,1441,17359,13948
734,1444,17382,13941
732,1464,17281,13832
733,1436,17336,13916
732,1447,17287,13854
735,1437,17423,14008
732,1447,17291,13866
731,1453,17249,13849
733,1435,17313,13907
730,1452,17235,13791
735,1436,17372,13960
738,1453,17413,13951
731,1443,17289,13858
733,1450,17293,13879
727,1453,17133,13769
736,1432,17445,14006
743,1438,17525,14046
738,1452,17386,13904
733,1444,17314,13902
729,1453,17215,13802
733,1442,17308,13894
734,1449,17360,13916
734,1439,17361,13940
733,1439,17336,13911
731,1451,17252,13811
733,1441,17341,13926
735,1445,17351,13931
742,1467,17470,14012
733,1445,17322,13887
731,1459,17256,13819
735,1433,17393,13979
731,1465,17257,13832
729,1442,17253,13837
733,1454,17302,13903
731,1456,17269,13837
736,1432,17416,13971
731,1454,17274,13845
734,1425,17367,13920
746,1453,17614,14129
738,1464,17341,13901
735,1437,17378,13949
733,1486,17296,13849
731,1445,17305,13876
732,1441,17309,13893
731,1456,17265,13840
735,1431,17393,13981
731,1453,17259,13834
731,1451,17269,13837
733,1429,17311,13911
731,1458,17261,13822
733,1431,17368,13942
731,1464,17258,13832
735,1449,17376,13952
731,1448,17237,13838
736,1442,17384,13944
746,1440,17606,14126
742,1465,17505,14017
746,1444,17648,14155
740,1438,17501,14050
734,1441,17339,13922
738,1450,17398,13942
729,1453,17225,13792
734,1433,17372,13941
732,1451,17293,13884
733,1450,17323,13899
732,1439,17329,13914
730,1452,17232,13833
733,1445,17342,13921
734,1442,17341,13945
732,1454,17314,13877
733,1441,17332,13891
726,1468,17140,13745
734,1436,17380,13968
734,1438,17330,13912
733,1452,17335,13868
733,1437,17358,13933
726,1443,17228,13814
735,1423,17419,13964
732,1436,17319,13904
732,1448,17313,13896
735,1446,17307,13909
731,1455,17285,13859
735,1445,17399,13954
729,1453,17231,13810
733,1445,17330,13903
735,1422,17381,13958
731,1458,17247,13835
738,1435,17480,14044
741,1463,17456,14002
734,1455,17320,13850
734,1428,17366,13947
732,1456,17295,13878
735,1426,17400,13970
730,1451,17219,13834
733,1451,17335,13912
733,1435,17334,13906
733,1452,17332,13867
736,1435,17417,13971
731,1438,17298,13903
732,1448,17279,13850
734,1429,17343,13935
733,1463,17335,13880
735,1436,17408,13955
730,1458,17228,13830
734,1434,17356,13920
733,1441,17354,13918
738,1459,17374,13896
732,1432,17303,13901
730,1459,17238,13848
735,1438,17405,13941
732,1445,17296,13863
733,1446,17319,13905
735,1424,17405,13974
729,1460,17210,13806
742,1447,17560,14111
738,1430,17479,14026
746,1468,17675,14194
735,1442,17374,13911
730,1465,17214,13800
734,1422,17379,13957
733,1441,17326,13914
733,1446,17334,13880
734,1431,17386,13948
730,1456,17225,13813
735,1433,17407,13976
733,1453,17340,13919
731,1436,17279,13879
735,1419,17356,13964
729,1472,17141,13729
735,1434,17408,13966
730,1443,17266,13877
732,1436,17279,13897
732,1442,17308,13900
728,1465,17158,13820
740,1450,17477,14016
731,1450,17272,13857
732,1445,17307,13913
728,1426,17295,13878
729,1449,17219,13810
733,1438,17331,13932
732,1452,17263,13869
732,1441,17276,13870
731,1435,17306,13896
733,1431,17341,13962
735,1424,17369,13941
730,1446,17209,13812
732,1438,17298,13922
733,1451,17304,13918
731,1459,17267,13855
733,1432,17369,13952
730,1442,17215,13832
732,1451,17274,13873
732,1444,17307,13902
730,1454,17227,13836
734,1431,17380,13995
730,1453,17211,13823
731,1432,17312,13917
733,1444,17328,13898
730,1451,17252,13866
733,1431,17336,13949
728,1445,17170,13788
732,1436,17339,13938
734,1441,17369,13945
729,1442,17226,13839
733,1437,17344,13947
731,1491,17247,13866
734,1436,17354,13960
731,1442,17257,13875
730,1450,17221,13848
733,1441,17336,13923
730,1449,17231,13847
734,1440,17342,13953
732,1446,17270,13857
731,1431,17221,13855
732,1458,17300,13898
729,1461,17212,13808
733,1433,17351,13934
734,1440,17382,13961
747,1459,17649,14038
740,1452,17544,13979
738,1451,17480,13908
750,1448,17735,14118
742,1432,17623,14028
733,1437,17314,13921
731,1439,17298,13892
739,1450,17496,13914
743,1434,17654,14089
738,1438,17461,13926
741,1432,17587,14005
732,1454,17286,13868
739,1429,17525,13957
745,1428,17692,14083
739,1439,17536,13948
741,1431,17594,14037
732,1451,17307,13906
728,1449,17210,13821
743,1422,17670,14052
740,1451,17510,13931
743,1442,17632,14049
733,1428,17328,13962
732,1443,17264,13890
734,1425,17379,13986
730,1444,17238,13808
731,1442,17279,13890
738,1455,17334,13910
743,1428,17628,14032
733,1425,17346,13954
730,1449,17225,13823
743,1478,17518,13886
744,1452,17618,13959
730,1454,17239,13833
742,1441,17677,14078
738,1473,17422,13809
736,1437,17396,13962
732,1442,17293,13874
743,1454,17590,13965
735,1442,17402,13970
740,1458,17522,13877
742,1453,17581,13954
733,1437,17288,13872
732,1442,17298,13899
733,1432,17315,13898
741,1465,17480,13889
741,1423,17593,14047
735,1439,17364,13913
732,1450,17280,13869
741,1450,17524,13921
737,1470,17378,13762
744,1450,17617,14012
733,1424,17351,13934
732,1449,17291,13878
734,1420,17374,13969
730,1460,17204,13774
743,1435,17610,14018
742,1457,17592,13955
742,1444,17588,13981
743,1429,17680,14057
730,1445,17231,13797
735,1431,17390,13996
737,1454,17468,13933
736,1450,17437,13930
738,1434,17483,13965
739,1430,17506,13962
739,1429,17551,14023
738,1434,17450,13927
737,1445,17456,13947
739,1435,17504,13963
738,1455,17433,13896
745,1442,17707,14099
743,1440,17629,14000
736,1437,17418,13979
736,1443,17411,13936
728,1463,17183,13785
743,1442,17634,14033
736,1445,17426,13944
736,1441,17368,13951
745,1436,17687,14044
731,1456,17272,13848
734,1437,17356,13970
729,1452,17196,13825
733,1437,17292,13902
742,1433,17575,14059
736,1445,17422,13988
734,1436,17374,13991
729,1453,17185,13773
742,1438,17579,13972
734,1445,17348,13967
734,1449,17346,13939
736,1447,17440,14057
733,1456,17322,13908
737,1438,17402,13983
732,1450,17282,13882
732,1431,17320,13920
737,1431,17392,13990
743,1445,17638,14021
737,1448,17447,14044
743,1455,17535,14067
733,1447,17323,13910
736,1453,17435,14035
742,1474,17550,13909
737,1450,17451,14065
749,1434,17775,14121
737,1439,17421,13992
735,1437,17384,14001
740,1459,17520,13922
739,1451,17501,14101
737,1438,17413,13991
736,1445,17434,14035
737,1421,17411,14003
735,1449,17369,13932
745,1433,17690,14116
750,1440,17750,14052
746,1450,17672,14060
745,1448,17642,14028
734,1441,17356,13968
741,1453,17554,14143
748,1455,17700,14016
748,1453,17747,14058
746,1449,17694,14074
745,1458,17643,14023
747,1443,17775,14188
741,1436,17534,14018
744,1434,17661,14072
748,1435,17734,14108
745,1464,17652,14006
750,1444,17815,14180
743,1429,17646,14087
742,1438,17612,14084
747,1442,17781,14155
750,1451,17757,14064
748,1452,17827,14222
745,1463,17631,13977
747,1456,17701,14072
748,1440,17760,14134
747,1441,17717,14094
750,1464,17883,14228
748,1459,17727,14036
752,1445,17806,14127
748,1442,17792,14180
741,1442,17560,14073
747,1449,17757,14151
746,1448,17686,14038
753,1447,17921,14227
751,1463,17759,14086
741,1466,17571,14146
743,1448,17540,14101
740,1439,17524,13985
740,1458,17527,14136
752,1457,17868,14224
744,1455,17664,14163
741,1459,17534,14137
739,1437,17482,14071
743,1437,17550,14100
742,1490,17551,14161
741,1454,17546,14128
742,1454,17569,14122
737,1429,17442,14015
740,1459,17561,14126
739,1451,17501,14088
738,1445,17445,14033
740,1460,17537,14134
738,1447,17465,14020
743,1464,17622,14176
744,1447,17560,14127
751,1445,17799,14103
750,1453,17839,14218
736,1439,17376,13975
748,1436,17762,14132
737,1441,17451,14047
741,1452,17554,14127
748,1448,17785,14156
748,1452,17704,14085
749,1438,17785,14139
747,1457,17698,14096
749,1437,17782,14138
749,1432,17809,14139
748,1447,17749,14100
740,1439,17521,14072
745,1429,17701,14096
745,1446,17704,14132
746,1427,17721,14117
736,1436,17408,14010
739,1458,17527,14106
737,1439,17408,14016
736,1428,17422,14009
735,1439,17380,13973
737,1449,17435,14039
743,1445,17550,14120
736,1431,17368,13970
736,1439,17418,13985
736,1439,17428,14025
735,1439,17360,13960
746,1455,17748,14150
742,1446,17592,14006
748,1451,17796,14173
738,1453,17418,13972
735,1436,17402,13983
739,1428,17444,14017
743,1447,17610,14010
744,1457,17707,14139
738,1433,17439,14019
735,1445,17366,13957
735,1430,17403,13980
731,1460,17229,13830
735,1433,17405,13991
734,1436,17366,13961
735,1423,17355,13973
736,1445,17366,13955
731,1453,17254,13869
734,1433,17401,13978
735,1440,17390,13984
737,1439,17387,13999
743,1452,17518,14072
732,1454,17266,13879
735,1447,17360,13932
731,1435,17293,13911
734,1447,17350,13959
746,1423,17735,14083
740,1439,17575,14008
734,1439,17332,13931
729,1443,17209,13837
742,1441,17612,13991
736,1438,17413,13975
732,1456,17267,13862
734,1426,17363,13967
737,1442,17461,13915
730,1449,17256,13871
741,1464,17522,13939
734,1454,17362,13896
743,1419,17642,14056
731,1439,17261,13866
730,1449,17233,13836
735,1433,17451,13954
737,1465,17413,13829
745,1446,17658,14010
730,1460,17232,13816
732,1441,17320,13907
731,1450,17290,13857
729,1457,17189,13795
740,1444,17504,13909
729,1467,17192,13811
730,1447,17253,13843
731,1447,17303,13892
730,1457,17215,13832
732,1429,17317,13929
734,1452,17362,13833
740,1423,17522,13967
741,1431,17569,13990
733,1427,17349,13906
742,1448,17576,13935
733,1454,17337,13856
740,1455,17526,13910
739,1441,17527,13967
729,1456,17200,13832
732,1449,17317,13916
729,1453,17194,13799
735,1434,17395,13975
732,1453,17312,13872
731,1445,17261,13870
731,1441,17255,13869
728,1460,17154,13784
731,1434,17298,13913
729,1450,17222,13849
730,1455,17264,13848
733,1453,17305,13862
728,1457,17149,13770
731,1440,17240,13851
730,1440,17244,13861
731,1444,17274,13893
740,1459,17436,13967
727,1458,17140,13734
733,1436,17325,13928
729,1438,17261,13873
730,1450,17238,13858
731,1441,17274,13875
730,1453,17232,13852
733,1426,17363,13954
730,1456,17264,13853
731,1448,17240,13858
731,1430,17261,13878
727,1448,17162,13774
733,1441,17330,13930
730,1448,17244,13835
732,1447,17292,13901
732,1431,17285,13910
729,1451,17198,13812
733,1426,17340,13951
729,1458,17175,13765
732,1450,17297,13908
732,1444,17279,13843
732,1441,17274,13871
737,1447,17408,13993
729,1460,17204,13803
729,1451,17214,13839
729,1430,17227,13816
741,1449,17566,13958
744,1452,17742,14114
743,1476,17572,13904
729,1447,17212,13826
729,1450,17210,13826
733,1446,17329,13876
743,1443,17623,14006
738,1454,17497,13917
737,1449,17419,13926
741,1452,17554,13941
730,1454,17238,13845
739,1432,17537,13980
738,1468,17432,13849
740,1437,17537,13965
740,1439,17591,13988
742,1442,17593,14004
741,1431,17576,14005
736,1450,17413,13847
730,1434,17258,13893
739,1438,17550,13982
740,1448,17536,13953
740,1436,17580,13992
727,1466,17159,13742
734,1431,17368,13969
734,1431,17513,13961
741,1461,17542,13956
743,1446,17609,13974
742,1451,17566,13932
741,1437,17586,14007
740,1439,17562,13984
740,1451,17537,13935
741,1424,17576,14004
739,1443,17471,13870
743,1429,17665,14073
752,1454,17799,14153
754,1444,17858,14215
753,1466,17915,14283
742,1455,17586,13986
751,1447,17804,14209
747,1448,17684,14071
742,1426,17600,13995
745,1442,17654,14009
738,1453,17504,13912
741,1420,17626,14055
735,1443,17409,13884
740,1432,17548,13990
741,1424,17560,13961
739,1449,17472,13858
742,1434,17647,14077
738,1456,17484,13886
737,1437,17489,13919
738,1453,17463,13913
738,1445,17496,13942
742,1431,17612,14045
738,1454,17509,13909
739,1439,17522,13945
