2665,10000
728,1465,17168,13764
732,1441,17289,13908
731,1465,17250,13836
732,1441,17295,13909
733,1433,17323,13914
728,1454,17203,13786
728,1438,17284,13888
731,1455,17242,13869
730,1429,17239,13861
732,1431,17330,13922
728,1466,17170,13749
732,1428,17350,13955
731,1440,17258,13835
733,1443,17306,13914
736,1448,17334,13904
728,1469,17150,13760
732,1443,17300,13925
732,1442,17296,13898
732,1454,17297,13911
732,1442,17269,13859
729,1468,17152,13736
733,1435,17328,13950
731,1427,17294,13884
733,1433,17334,13929
734,1461,17326,13879
730,1460,17244,13830
734,1433,17350,13972
729,1437,17213,13847
731,1442,17269,13889
736,1476,17355,13912
731,1461,17238,13828
733,1431,17324,13909
729,1461,17199,13798
731,1450,17260,13864
731,1443,17266,13881
729,1456,17196,13810
733,1426,17323,13944
729,1441,17222,13823
733,1445,17286,13884
730,1444,17237,13873
731,1456,17222,13848
733,1435,17332,13944
729,1462,17192,13779
732,1439,17302,13912
732,1451,17300,13893
730,1443,17272,13857
734,1433,17348,13964
729,1457,17199,13821
730,1460,17214,13813
731,1433,17284,13873
729,1449,17223,13838
733,1433,17354,13962
728,1455,17179,13779
733,1437,17343,13950
730,1439,17241,13860
732,1461,17281,13871
732,1456,17275,13875
729,1460,17180,13775
734,1430,17368,13976
731,1445,17287,13876
731,1445,17228,13825
731,1439,17288,13898
729,1459,17174,13769
734,1428,17368,13966
732,1440,17299,13865
732,1450,17294,13884
732,1445,17285,13884
729,1464,17183,13802
732,1442,17279,13899
736,1439,17346,13947
732,1456,17306,13916
731,1446,17273,13875
728,1451,17183,13791
732,1431,17327,13938
732,1455,17299,13920
731,1449,17268,13868
730,1439,17234,13864
733,1478,17295,13886
732,1441,17312,13917
730,1459,17234,13849
731,1445,17252,13877
731,1450,17261,13876
730,1449,17232,13833
735,1438,17381,13968
729,1449,17216,13812
733,1445,17296,13900
730,1426,17329,13940
729,1461,17199,13822
733,1431,17336,13956
730,1466,17224,13799
730,1445,17254,13846
732,1439,17317,13920
730,1446,17230,13839
731,1439,17316,13933
728,1454,17166,13784
731,1444,17252,13860
731,1457,17252,13849
732,1447,17305,13900
734,1432,17353,13942
728,1456,17181,13796
731,1445,17265,13878
731,1442,17286,13904
732,1450,17257,13862
733,1421,17306,13899
731,1444,17260,13858
733,1438,17356,13930
732,1433,17281,13904
730,1457,17221,13846
732,1441,17277,13898
730,1465,17226,13825
733,1428,17367,13968
730,1449,17231,13843
731,1441,17284,13884
731,1430,17288,13908
728,1443,17177,13800
732,1436,17312,13913
732,1444,17297,13931
731,1457,17243,13829
731,1430,17288,13897
730,1446,17213,13835
731,1448,17267,13882
730,1447,17238,13856
733,1447,17314,13920
734,1451,17342,13904
729,1479,17181,13771
733,1443,17357,13934
731,1427,17277,13894
731,1451,17252,13846
732,1440,17303,13895
729,1456,17197,13782
730,1426,17311,13914
729,1442,17213,13847
733,1442,17319,13914
731,1439,17290,13906
731,1436,17238,13860
730,1443,17266,13890
729,1449,17191,13821
731,1445,17285,13875
733,1450,17328,13942
730,1454,17219,13830
734,1430,17396,14021
730,1455,17225,13842
733,1442,17324,13922
731,1449,17290,13891
730,1453,17247,13828
733,1442,17344,13941
731,1449,17221,13846
730,1448,17225,13839
732,1452,17278,13897
729,1439,17223,13820
736,1430,17451,14040
730,1453,17212,13811
730,1448,17254,13862
731,1426,17283,13903
730,1449,17215,13840
733,1438,17329,13923
730,1452,17197,13798
733,1451,17323,13864
729,1452,17236,13838
731,1452,17259,13883
733,1443,17308,13911
729,1462,17195,13819
734,1462,17307,13897
731,1439,17234,13836
729,1441,17250,13834
732,1442,17324,13898
729,1458,17167,13778
732,1446,17300,13913
730,1448,17235,13868
731,1448,17273,13879
732,1442,17320,13902
727,1467,17151,13770
735,1425,17391,13994
731,1439,17247,13854
731,1447,17273,13892
731,1442,17290,13904
727,1469,17131,13753
733,1441,17346,13946
733,1448,17315,13914
733,1447,17325,13915
731,1440,17259,13883
727,1459,17136,13763
735,1438,17341,13920
731,1446,17270,13852
731,1446,17277,13857
734,1453,17361,13943
730,1439,17194,13817
733,1433,17335,13950
729,1457,17186,13785
732,1441,17305,13913
743,1443,17518,14053
739,1471,17379,13937
734,1449,17355,13936
728,1466,17175,13789
730,1449,17234,13865
731,1437,17267,13890
733,1441,17288,13897
734,1427,17403,13994
727,1463,17151,13750
731,1443,17267,13889
731,1450,17238,13831
729,1455,17196,13809
733,1439,17356,13976
729,1449,17208,13802
732,1453,17314,13895
731,1450,17294,13871
730,1448,17242,13841
732,1438,17316,13937
727,1462,17135,13732
731,1437,17267,13868
732,1446,17312,13887
729,1469,17205,13807
732,1435,17317,13927
728,1451,17166,13783
732,1437,17303,13924
730,1453,17221,13835
730,1460,17256,13862
731,1439,17286,13881
730,1451,17208,13819
732,1445,17292,13899
731,1453,17290,13898
730,1441,17227,13856
732,1451,17276,13869
728,1450,17157,13783
732,1437,17306,13896
731,1441,17279,13864
728,1462,17189,13804
731,1455,17274,13894
726,1445,17099,13712
733,1437,17325,13913
731,1461,17286,13872
732,1459,17249,13837
731,1439,17263,13881
729,1459,17190,13801
732,1439,17314,13920
730,1439,17238,13861
730,1443,17246,13853
730,1460,17250,13835
729,1464,17188,13759
734,1436,17371,13983
729,1452,17195,13822
732,1439,17269,13897
733,1446,17329,13913
729,1448,17194,13791
733,1438,17326,13925
730,1450,17246,13819
730,1447,17231,13853
733,1422,17309,13927
730,1447,17247,13861
731,1428,17317,13922
732,1453,17281,13861
729,1446,17224,13824
731,1441,17284,13906
726,1451,17184,13790
733,1426,17328,13949
730,1443,17212,13829
730,1456,17209,13818
731,1446,17290,13869
732,1451,17267,13872
735,1427,17390,13981
727,1454,17144,13756
732,1446,17259,13880
730,1448,17240,13845
730,1462,17214,13812
732,1442,17325,13904
729,1453,17216,13813
733,1432,17327,13948
730,1436,17258,13881
730,1441,17230,13846
732,1434,17320,13926
727,1470,17182,13757
733,1437,17357,13954
731,1461,17255,13826
731,1449,17225,13820
732,1428,17283,13906
727,1447,17155,13768
732,1424,17323,13948
732,1453,17305,13889
731,1440,17254,13869
733,1443,17287,13894
728,1454,17149,13758
728,1427,17298,13912
732,1449,17269,13845
729,1452,17217,13825
733,1445,17348,13940
727,1469,17135,13731
732,1436,17311,13920
730,1439,17225,13858
731,1444,17290,13897
732,1437,17303,13894
729,1454,17209,13806
732,1430,17332,13940
729,1441,17216,13812
731,1435,17258,13859
742,1458,17500,14069
743,1445,17506,14091
735,1431,17367,13986
728,1456,17188,13782
732,1446,17285,13897
731,1448,17265,13875
729,1452,17218,13819
732,1428,17275,13902
731,1439,17257,13870
730,1454,17257,13865
731,1440,17264,13860
730,1454,17261,13841
734,1423,17365,13970
730,1458,17224,13832
730,1451,17232,13847
730,1446,17241,13851
730,1455,17241,13832
734,1426,17353,13935
729,1441,17210,13813
731,1451,17244,13851
730,1451,17233,13857
732,1454,17249,13859
731,1435,17272,13897
730,1454,17251,13849
731,1449,17270,13871
731,1451,17252,13865
730,1448,17211,13843
733,1432,17323,13931
729,1468,17172,13759
732,1440,17316,13924
727,1427,17263,13866
732,1448,17282,13851
731,1443,17279,13883
727,1463,17122,13730
731,1436,17279,13907
730,1461,17234,13828
732,1439,17298,13878
730,1445,17239,13856
728,1464,17160,13773
730,1440,17229,13837
732,1442,17289,13896
730,1455,17225,13842
731,1451,17249,13861
728,1460,17179,13770
734,1432,17338,13959
735,1434,17397,14008
734,1466,17299,13875
731,1450,17258,13879
730,1449,17230,13828
733,1427,17325,13924
730,1470,17240,13811
732,1447,17314,13899
732,1449,17265,13869
730,1439,17234,13865
734,1432,17355,13964
732,1464,17244,13807
731,1447,17285,13869
731,1444,17265,13884
730,1453,17239,13840
737,1452,17389,13964
728,1457,17168,13782
730,1451,17228,13846
730,1427,17239,13873
730,1454,17259,13844
733,1423,17338,13942
729,1454,17177,13792
731,1454,17253,13859
733,1438,17255,13853
732,1448,17249,13839
733,1441,17345,13947
729,1466,17202,13788
730,1450,17273,13858
732,1447,17305,13921
730,1448,17226,13830
732,1437,17319,13932
729,1454,17221,13828
732,1429,17313,13898
731,1433,17266,13874
730,1467,17249,13845
733,1435,17309,13923
728,1451,17163,13780
731,1440,17278,13904
730,1451,17240,13850
731,1427,17311,13896
733,1442,17309,13896
728,1454,17160,13769
732,1439,17295,13904
732,1442,17291,13913
732,1451,17234,13816
732,1457,17274,13874
728,1466,17170,13752
732,1442,17324,13897
733,1457,17275,13892
731,1443,17252,13884
731,1452,17250,13860
728,1448,17157,13727
732,1447,17322,13917
731,1452,17256,13881
730,1453,17255,13862
731,1441,17279,13877
727,1467,17148,13749
732,1425,17306,13931
732,1439,17278,13909
732,1436,17310,13911
730,1447,17251,13854
730,1463,17219,13839
732,1428,17297,13904
727,1458,17149,13777
731,1442,17271,13874
731,1448,17267,13865
729,1448,17231,13815
732,1439,17338,13926
729,1466,17185,13791
730,1436,17230,13838
730,1436,17255,13874
731,1466,17257,13853
734,1425,17382,13986
728,1443,17172,13807
733,1437,17312,13902
731,1448,17272,13888
730,1455,17251,13861
734,1431,17347,13965
727,1450,17138,13770
729,1456,17233,13827
731,1445,17267,13890
730,1444,17224,13836
732,1439,17296,13918
728,1451,17161,13778
731,1437,17273,13872
730,1443,17264,13855
730,1452,17221,13808
732,1443,17311,13896
729,1450,17161,13753
732,1426,17311,13928
730,1441,17226,13867
730,1457,17236,13808
731,1427,17301,13896
728,1447,17161,13782
733,1432,17336,13933
730,1440,17251,13880
729,1447,17210,13830
732,1440,17268,13889
727,1457,17126,13749
734,1442,17386,13965
732,1445,17253,13849
732,1438,17250,13866
730,1432,17266,13886
727,1456,17103,13731
733,1438,17334,13925
733,1437,17296,13890
731,1453,17253,13845
732,1447,17331,13896
727,1467,17127,13726
732,1438,17301,13927
730,1450,17207,13817
732,1438,17299,13883
734,1439,17309,13875
728,1468,17180,13781
732,1445,17314,13911
728,1446,17188,13795
730,1437,17250,13866
731,1453,17267,13878
729,1469,17183,13783
733,1437,17341,13912
730,1441,17239,13857
730,1441,17248,13861
732,1455,17281,13864
731,1442,17237,13851
734,1431,17341,13922
729,1450,17215,13811
729,1455,17226,13817
730,1452,17271,13859
727,1447,17161,13840
732,1435,17309,13917
729,1459,17189,13801
731,1440,17262,13867
730,1446,17260,13856
730,1466,17228,13848
734,1439,17385,13987
729,1463,17195,13785
729,1452,17208,13843
732,1463,17233,13840
728,1445,17178,13827
733,1423,17377,13970
729,1451,17181,13784
731,1442,17287,13907
732,1443,17304,13911
735,1471,17282,13863
731,1441,17268,13860
727,1453,17147,13744
733,1438,17326,13911
731,1455,17269,13826
729,1439,17223,13812
730,1444,17253,13853
727,1464,17150,13755
731,1442,17290,13883
732,1443,17291,13884
731,1451,17231,13822
730,1439,17273,13880
728,1460,17159,13773
732,1441,17287,13894
731,1439,17248,13864
729,1453,17212,13840
732,1455,17286,13880
727,1464,17142,13750
733,1432,17332,13948
731,1435,17258,13865
731,1444,17262,13876
732,1453,17295,13896
729,1463,17195,13806
734,1433,17345,13922
727,1447,17207,13801
731,1444,17249,13867
731,1441,17273,13908
730,1452,17211,13825
731,1435,17307,13895
729,1462,17228,13794
732,1447,17275,13895
732,1439,17287,13888
730,1449,17237,13856
737,1438,17373,13987
729,1439,17201,13817
730,1451,17236,13856
731,1447,17267,13863
730,1449,17240,13818
732,1448,17294,13889
727,1465,17173,13780
730,1457,17208,13820
732,1439,17304,13927
728,1468,17163,13741
733,1435,17382,13957
731,1468,17230,13784
731,1444,17251,13853
731,1435,17260,13877
729,1463,17204,13822
735,1448,17411,14023
727,1456,17170,13750
734,1435,17345,13954
731,1437,17269,13878
729,1446,17189,13783
732,1435,17319,13962
727,1462,17146,13769
733,1434,17334,13945
730,1450,17250,13826
729,1448,17216,13808
730,1431,17246,13839
730,1454,17219,13819
731,1434,17271,13901
731,1443,17263,13863
730,1454,17212,13811
731,1436,17288,13899
729,1449,17189,13774
731,1441,17281,13888
729,1444,17240,13869
730,1446,17236,13859
730,1444,17257,13851
728,1451,17168,13758
733,1443,17322,13936
739,1455,17411,13971
730,1448,17227,13823
730,1436,17247,13888
729,1455,17203,13800
733,1439,17297,13897
729,1451,17229,13818
731,1440,17261,13880
733,1447,17324,13923
728,1467,17152,13765
732,1430,17309,13948
728,1462,17181,13785
731,1434,17261,13855
732,1435,17304,13911
729,1464,17219,13791
732,1428,17327,13926
731,1460,17238,13841
729,1454,17208,13828
733,1435,17347,13950
730,1460,17236,13815
735,1429,17399,14015
728,1452,17183,13788
730,1448,17251,13861
729,1447,17223,13842
731,1448,17253,13888
732,1439,17303,13933
730,1455,17219,13823
731,1443,17268,13879
730,1437,17249,13865
729,1456,17217,13833
733,1440,17314,13942
729,1452,17201,13807
732,1451,17287,13888
732,1451,17276,13880
730,1446,17232,13810
731,1440,17282,13873
730,1439,17219,13826
733,1437,17323,13945
738,1466,17364,13912
730,1451,17236,13826
732,1439,17297,13907
729,1452,17197,13804
734,1448,17324,13908
730,1445,17226,13838
730,1454,17219,13844
732,1441,17307,13926
728,1466,17175,13757
732,1439,17290,13901
726,1439,17245,13858
731,1447,17262,13857
730,1445,17259,13874
728,1471,17165,13769
732,1434,17313,13917
731,1436,17301,13899
731,1444,17288,13850
733,1438,17320,13928
731,1467,17187,13771
731,1434,17277,13892
731,1436,17266,13860
731,1447,17284,13871
730,1443,17263,13868
730,1453,17249,13851
732,1437,17289,13909
730,1451,17214,13827
730,1459,17227,13831
733,1437,17317,13946
729,1455,17235,13817
733,1436,17326,13929
728,1466,17179,13786
730,1459,17228,13823
731,1461,17258,13872
730,1446,17205,13789
734,1421,17350,13946
731,1441,17265,13860
730,1455,17261,13845
730,1435,17265,13873
729,1450,17203,13825
733,1434,17345,13951
729,1465,17230,13818
731,1443,17292,13887
731,1438,17250,13851
731,1447,17238,13837
733,1425,17334,13966
728,1461,17149,13763
731,1446,17259,13870
730,1450,17242,13865
730,1455,17254,13840
732,1448,17311,13903
729,1453,17196,13814
732,1431,17307,13935
728,1454,17192,13809
732,1447,17312,13849
733,1439,17322,13929
729,1447,17220,13803
733,1435,17339,13928
731,1437,17236,13834
729,1454,17227,13847
729,1447,17232,13853
727,1469,17157,13756
732,1448,17302,13866
730,1443,17265,13871
731,1444,17272,13863
732,1442,17258,13859
727,1460,17126,13728
733,1424,17316,13947
730,1409,17275,13884
731,1448,17290,13885
731,1447,17261,13867
728,1454,17133,13750
731,1439,17284,13892
730,1456,17233,13850
731,1449,17266,13875
732,1430,17296,13904
730,1455,17223,13796
734,1429,17401,13981
729,1454,17200,13825
733,1438,17323,13942
736,1458,17316,13893
731,1453,17256,13843
734,1448,17350,13922
729,1456,17182,13774
729,1454,17206,13835
732,1452,17286,13900
729,1457,17212,13820
733,1430,17326,13942
730,1461,17192,13793
730,1446,17240,13824
730,1431,17247,13868
729,1465,17221,13831
734,1442,17378,13995
729,1457,17170,13775
732,1437,17277,13889
741,1454,17444,13990
729,1459,17213,13793
733,1436,17363,13962
727,1466,17145,13753
732,1467,17239,13813
731,1454,17235,13850
729,1456,17209,13791
732,1450,17309,13900
729,1459,17146,13750
733,1443,17334,13934
730,1452,17238,13855
730,1438,17221,13841
730,1439,17231,13872
729,1439,17182,13805
731,1430,17314,13897
730,1452,17267,13865
731,1468,17213,13807
731,1436,17253,13853
728,1458,17165,13782
733,1437,17334,13944
731,1457,17253,13857
729,1457,17220,13812
731,1447,17284,13874
727,1464,17151,13754
730,1440,17255,13883
733,1434,17308,13921
736,1445,17333,13883
732,1443,17318,13909
728,1471,17162,13774
731,1444,17284,13887
729,1435,17237,13860
730,1447,17222,13844
733,1449,17314,13928
728,1450,17162,13774
733,1447,17335,13906
729,1444,17204,13830
730,1458,17235,13855
734,1441,17287,13870
730,1454,17201,13823
733,1439,17343,13920
728,1448,17177,13777
731,1442,17286,13868
734,1464,17310,13868
730,1454,17221,13849
732,1441,17310,13911
729,1458,17186,13803
734,1439,17343,13920
733,1457,17295,13855
730,1449,17223,13843
733,1434,17370,13966
730,1464,17204,13775
732,1447,17279,13897
730,1442,17230,13836
729,1454,17209,13820
733,1438,17351,13930
729,1455,17200,13809
732,1442,17293,13911
730,1447,17217,13832
729,1449,17212,13851
734,1427,17382,13987
728,1458,17181,13768
731,1448,17290,13890
731,1447,17289,13884
731,1454,17220,13806
732,1431,17296,13917
729,1450,17188,13805
732,1446,17309,13904
731,1450,17292,13886
730,1452,17202,13822
732,1440,17287,13887
727,1449,17128,13730
731,1439,17294,13922
735,1456,17298,13875
729,1447,17218,13832
732,1443,17321,13900
727,1473,17133,13736
731,1445,17288,13890
731,1445,17276,13894
729,1454,17201,13808
734,1443,17337,13934
727,1474,17146,13736
733,1435,17349,13937
731,1447,17288,13871
729,1431,17283,13882
732,1454,17288,13905
727,1456,17137,13765
735,1432,17390,13981
731,1446,17276,13866
729,1456,17208,13841
731,1454,17292,13881
729,1452,17186,13797
733,1422,17334,13955
729,1452,17221,13837
729,1446,17214,13836
730,1446,17278,13893
729,1454,17187,13808
734,1441,17341,13937
729,1458,17194,13779
729,1450,17214,13857
731,1445,17264,13855
730,1442,17217,13833
737,1436,17373,13957
730,1448,17270,13852
730,1458,17225,13813
730,1455,17226,13851
730,1445,17240,13866
733,1424,17355,13951
729,1467,17217,13801
730,1452,17226,13842
731,1449,17260,13838
729,1451,17199,13796
733,1427,17355,13977
727,1457,17132,13747
729,1449,17220,13844
732,1443,17302,13889
729,1442,17233,13838
732,1439,17291,13895
727,1468,17135,13753
732,1430,17294,13920
730,1453,17248,13849
730,1454,17246,13841
731,1428,17288,13892
730,1446,17272,13860
733,1438,17296,13885
732,1439,17289,13910
731,1461,17238,13818
731,1451,17253,13863
727,1461,17170,13757
732,1440,17307,13919
731,1424,17276,13876
730,1451,17229,13847
730,1439,17256,13884
728,1468,17148,13761
735,1449,17328,13913
731,1455,17285,13873
731,1455,17260,13885
734,1452,17305,13888
728,1464,17149,13763
731,1442,17270,13885
730,1454,17248,13849
734,1473,17334,13953
731,1440,17290,13880
728,1456,17193,13755
733,1431,17356,13976
732,1453,17246,13864
730,1447,17231,13835
731,1441,17284,13903
729,1467,17215,13797
734,1432,17354,13957
725,1460,17127,13723
733,1441,17306,13927
732,1438,17254,13851
731,1447,17265,13877
732,1454,17285,13899
729,1444,17222,13811
731,1449,17257,13860
732,1442,17274,13862
729,1459,17194,13816
731,1432,17317,13947
730,1460,17223,13809
731,1447,17246,13853
733,1448,17286,13859
730,1455,17265,13845
734,1438,17365,13978
738,1470,17335,13892
737,1450,17348,13916
730,1451,17237,13812
733,1454,17294,13887
731,1441,17266,13877
729,1458,17200,13809
734,1436,17353,13963
737,1466,17363,13918
730,1467,17193,13786
731,1439,17296,13929
729,1462,17206,13786
731,1428,17299,13898
730,1460,17256,13866
729,1441,17201,13823
731,1445,17271,13900
727,1466,17154,13741
732,1433,17308,13913
731,1443,17275,13884
733,1445,17346,13941
744,1440,17539,14121
741,1446,17482,14042
733,1435,17315,13928
732,1439,17288,13897
732,1454,17252,13832
730,1430,17277,13882
733,1458,17279,13817
732,1435,17308,13930
730,1444,17228,13855
730,1441,17237,13861
732,1439,17288,13889
739,1484,17392,13914
733,1448,17305,13897
730,1447,17251,13869
732,1433,17274,13874
731,1441,17282,13893
729,1457,17197,13794
733,1429,17345,13959
730,1453,17225,13827
731,1443,17279,13862
734,1437,17339,13933
728,1458,17144,13773
733,1428,17366,13974
729,1465,17174,13751
731,1440,17286,13880
731,1444,17255,13877
731,1459,17236,13823
735,1422,17385,13993
728,1455,17178,13787
730,1446,17242,13863
731,1446,17279,13893
732,1452,17246,13821
736,1422,17398,14009
731,1446,17266,13873
730,1449,17209,13794
730,1454,17241,13853
730,1438,17249,13853
727,1433,17270,13898
729,1444,17231,13816
731,1447,17294,13878
730,1435,17244,13859
728,1448,17181,13808
729,1423,17311,13920
729,1456,17205,13810
732,1450,17305,13903
730,1453,17224,13843
730,1449,17225,13818
731,1436,17262,13865
727,1457,17121,13736
730,1444,17255,13891
731,1448,17236,13862
729,1455,17218,13818
731,1445,17263,13886
726,1470,17113,13726
734,1434,17361,13975
731,1440,17241,13864
729,1456,17239,13844
732,1429,17320,13924
727,1474,17143,13737
731,1420,17307,13916
732,1445,17313,13915
731,1445,17268,13878
732,1432,17293,13906
728,1454,17179,13763
733,1434,17348,13945
729,1447,17204,13820
732,1435,17285,13891
733,1448,17300,13906
729,1449,17186,13805
732,1435,17298,13911
728,1465,17150,13762
730,1451,17260,13868
732,1438,17304,13909
729,1459,17197,13794
731,1423,17287,13913
729,1465,17213,13830
729,1456,17217,13810
732,1448,17295,13894
730,1448,17255,13851
734,1443,17383,13964
730,1450,17236,13844
730,1455,17217,13817
730,1443,17236,13844
730,1456,17235,13819
734,1429,17383,13954
728,1453,17154,13768
731,1439,17275,13880
731,1448,17242,13847
729,1448,17190,13811
732,1429,17329,13951
727,1469,17117,13725
730,1444,17252,13858
733,1437,17329,13933
731,1454,17238,13823
731,1436,17291,13904
728,1454,17160,13797
732,1437,17292,13896
733,1445,17336,13918
730,1444,17255,13856
730,1429,17334,13904
726,1462,17104,13722
732,1436,17289,13903
732,1449,17300,13902
726,1459,17231,13822
730,1440,17256,13854
727,1459,17124,13731
763,1428,18101,14140
740,1457,17522,13904
730,1444,17246,13850
730,1435,17257,13882
727,1471,17123,13722
732,1444,17322,13903
730,1450,17241,13838
732,1445,17263,13870
732,1431,17308,13905
730,1472,17164,13744
732,1435,17332,13945
729,1449,17231,13838
729,1447,17235,13839
732,1432,17314,13902
731,1457,17236,13839
732,1428,17317,13945
728,1455,17175,13795
729,1453,17239,13844
731,1440,17295,13898
728,1473,17181,13778
734,1433,17377,13966
729,1455,17184,13787
729,1443,17205,13828
731,1440,17287,13894
730,1452,17211,13831
733,1429,17340,13927
730,1449,17216,13836
729,1459,17206,13821
732,1430,17317,13930
729,1461,17182,13808
732,1444,17319,13916
729,1446,17182,13766
730,1479,17259,13860
731,1449,17279,13861
729,1454,17190,13804
733,1443,17331,13926
728,1453,17178,13801
730,1454,17255,13840
731,1458,17257,13822
730,1443,17229,13849
732,1428,17329,13935
726,1445,17126,13782
732,1447,17293,13900
734,1436,17332,13941
731,1452,17207,13801
732,1420,17339,13933
728,1455,17183,13765
732,1441,17300,13910
731,1436,17226,13851
729,1450,17203,13834
730,1456,17243,13852
728,1463,17191,13795
733,1439,17339,13939
731,1444,17267,13855
731,1443,17262,13864
731,1453,17266,13892
728,1468,17149,13734
732,1434,17325,13935
733,1448,17330,13920
729,1458,17187,13807
731,1439,17287,13884
729,1462,17177,13790
733,1435,17310,13939
729,1444,17226,13837
729,1453,17221,13848
731,1458,17305,13885
729,1453,17224,13824
733,1432,17304,13903
728,1454,17186,13804
729,1444,17217,13852
731,1438,17299,13904
729,1458,17220,13834
739,1444,17422,13964
730,1448,17230,13812
730,1441,17264,13866
733,1449,17285,13874
729,1456,17194,13811
733,1439,17352,13939
729,1462,17210,13783
731,1454,17254,13854
731,1452,17249,13864
728,1459,17173,13801
733,1421,17332,13951
727,1464,17146,13760
728,1461,17181,13791
731,1446,17261,13867
735,1442,17341,13929
747,1475,17663,14251
731,1444,17257,13855
737,1473,17332,13900
729,1441,17214,13856
732,1441,17289,13887
731,1444,17309,13897
730,1460,17240,13829
732,1443,17260,13863
731,1451,17243,13859
728,1460,17176,13815
732,1449,17315,13896
728,1474,17162,13744
733,1441,17304,13916
731,1434,17269,13867
729,1459,17225,13829
732,1446,17277,13890
726,1463,17116,13750
732,1436,17289,13918
733,1445,17347,13944
741,1456,17463,14022
743,1453,17540,14090
733,1471,17218,13783
732,1427,17295,13933
733,1458,17293,13864
731,1459,17250,13867
727,1449,17244,13835
728,1465,17189,13759
734,1436,17344,13922
730,1454,17224,13851
731,1454,17258,13870
731,1448,17278,13890
728,1461,17181,13779
734,1427,17355,13970
729,1456,17213,13825
735,1439,17348,13952
730,1443,17254,13869
729,1456,17174,13779
733,1432,17344,13958
729,1468,17217,13797
731,1446,17247,13872
732,1437,17279,13893
730,1444,17210,13820
733,1441,17314,13954
728,1455,17181,13786
732,1447,17286,13883
732,1432,17328,13926
729,1450,17222,13831
735,1429,17380,13993
730,1471,17192,13784
731,1442,17268,13881
731,1433,17261,13865
731,1450,17275,13859
733,1435,17358,13963
728,1459,17169,13781
729,1439,17195,13810
730,1461,17230,13837
730,1448,17213,13823
731,1449,17268,13888
729,1448,17206,13803
735,1439,17403,13952
732,1453,17259,13846
730,1449,17224,13847
730,1436,17248,13886
727,1460,17148,13756
732,1445,17306,13901
735,1454,17327,13874
729,1460,17241,13821
732,1431,17309,13921
726,1453,17101,13730
731,1432,17297,13917
733,1455,17285,13840
729,1460,17223,13815
731,1437,17259,13886
729,1448,17221,13778
733,1433,17338,13960
730,1453,17239,13843
733,1441,17288,13926
732,1447,17270,13878
728,1446,17166,13730
731,1441,17280,13890
731,1439,17260,13890
731,1457,17261,13878
733,1472,17292,13910
729,1445,17209,13806
732,1441,17321,13925
729,1455,17243,13850
732,1437,17301,13874
731,1435,17248,13867
728,1462,17180,13796
732,1434,17301,13928
729,1449,17191,13778
734,1435,17352,13931
730,1446,17270,13880
731,1451,17250,13851
732,1438,17308,13901
729,1455,17177,13802
728,1454,17158,13769
731,1451,17260,13871
728,1453,17207,13803
735,1425,17376,13985
736,1479,17297,13848
730,1457,17204,13798
729,1441,17201,13833
728,1466,17181,13793
733,1439,17340,13947
730,1455,17215,13769
730,1452,17253,13841
729,1461,17238,13863
729,1465,17204,13826
733,1427,17300,13906
728,1452,17188,13789
731,1456,17265,13855
729,1452,17224,13837
729,1446,17215,13832
731,1427,17290,13902
728,1455,17169,13789
731,1453,17288,13910
730,1438,17221,13839
731,1439,17261,13860
732,1434,17318,13923
727,1463,17136,13751
732,1441,17288,13895
731,1444,17246,13875
731,1441,17257,13866
732,1446,17283,13859
728,1454,17181,13773
734,1436,17367,13952
731,1452,17243,13855
728,1439,17188,13808
731,1432,17270,13894
729,1446,17226,13851
731,1447,17291,13874
731,1447,17256,13852
730,1451,17248,13850
730,1451,17243,13840
728,1468,17150,13762
730,1439,17261,13889
730,1432,17264,13893
731,1454,17279,13861
731,1435,17277,13897
730,1454,17227,13848
733,1442,17305,13902
728,1450,17165,13781
730,1443,17246,13840
731,1450,17278,13883
730,1457,17226,13814
733,1438,17357,13937
728,1461,17180,13788
729,1456,17214,13827
730,1437,17252,13877
729,1455,17213,13815
736,1429,17400,13954
729,1461,17207,13813
730,1458,17253,13858
731,1451,17249,13879
729,1451,17212,13838
734,1426,17358,13983
728,1464,17182,13789
728,1463,17212,13791
732,1438,17293,13911
742,1453,17449,14007
733,1445,17297,13890
728,1464,17163,13773
732,1448,17292,13909
737,1465,17366,13914
730,1446,17243,13822
732,1430,17331,13926
726,1464,17130,13739
731,1443,17261,13876
730,1448,17244,13853
730,1445,17241,13834
733,1432,17351,13943
726,1459,17146,13774
733,1427,17345,13951
731,1445,17254,13857
731,1457,17235,13863
732,1444,17299,13912
727,1459,17131,13752
732,1436,17317,13909
731,1437,17263,13862
731,1462,17282,13894
730,1440,17255,13874
730,1445,17212,13834
732,1446,17291,13900
731,1442,17289,13901
731,1451,17286,13875
732,1445,17315,13897
729,1461,17178,13772
732,1437,17300,13912
731,1449,17239,13826
732,1444,17297,13887
730,1442,17257,13857
729,1459,17196,13806
734,1436,17321,13891
729,1457,17196,13805
730,1449,17232,13865
731,1449,17273,13893
729,1454,17207,13814
733,1440,17362,13955
729,1455,17196,13807
731,1448,17231,13839
730,1439,17225,13854
729,1447,17215,13835
733,1448,17343,13926
730,1445,17251,13861
731,1448,17258,13853
731,1458,17272,13835
729,1468,17182,13792
734,1441,17385,14011
729,1450,17176,13773
731,1443,17280,13884
732,1445,17298,13875
728,1455,17182,13805
735,1424,17386,13989
728,1452,17169,13792
729,1448,17185,13800
730,1445,17244,13857
727,1460,17168,13778
732,1445,17325,13920
729,1455,17167,13781
732,1444,17274,13883
731,1445,17244,13862
728,1455,17182,13798
732,1447,17289,13885
727,1466,17150,13752
733,1438,17350,13932
734,1458,17312,13885
729,1456,17208,13831
730,1455,17223,13842
729,1459,17196,13791
731,1442,17296,13893
731,1449,17280,13865
730,1444,17224,13838
730,1441,17239,13843
728,1464,17166,13782
731,1438,17285,13908
730,1443,17239,13875
730,1443,17233,13831
732,1446,17342,13919
728,1464,17157,13743
731,1446,17274,13885
730,1452,17234,13856
731,1439,17243,13861
730,1448,17273,13864
729,1467,17212,13802
731,1442,17312,13897
732,1435,17295,13896
732,1458,17258,13829
731,1443,17281,13903
734,1451,17306,13875
731,1427,17285,13890
731,1447,17253,13850
731,1454,17255,13855
731,1450,17267,13865
730,1454,17225,13834
733,1427,17325,13955
727,1454,17152,13754
733,1452,17313,13907
733,1442,17315,13886
729,1445,17227,13834
732,1427,17329,13943
727,1457,17146,13750
730,1445,17230,13850
734,1448,17336,13885
730,1462,17235,13830
734,1424,17392,13985
728,1466,17207,13787
730,1453,17214,13831
729,1446,17208,13827
729,1453,17212,13831
733,1445,17335,13911
728,1460,17185,13780
729,1432,17256,13873
730,1448,17256,13861
731,1434,17248,13867
731,1439,17271,13863
729,1457,17180,13800
733,1432,17322,13950
731,1441,17278,13874
730,1438,17203,13814
731,1444,17285,13896
729,1506,17178,13812
732,1438,17305,13926
732,1441,17291,13876
729,1436,17216,13821
733,1433,17323,13918
727,1460,17154,13750
731,1437,17266,13877
731,1439,17262,13884
728,1436,17206,13818
731,1443,17287,13891
728,1460,17164,13744
732,1429,17308,13920
733,1441,17305,13904
730,1450,17223,13840
730,1435,17241,13870
728,1460,17147,13776
732,1433,17312,13927
731,1458,17254,13813
731,1452,17280,13876
732,1455,17264,13861
730,1443,17228,13829
730,1443,17262,13891
729,1441,17226,13792
731,1435,17291,13900
732,1444,17310,13892
733,1456,17235,13824
733,1426,17323,13938
728,1456,17171,13800
729,1457,17205,13827
731,1428,17287,13896
730,1452,17228,13827
733,1444,17331,13920
729,1469,17224,13830
732,1445,17273,13901
727,1428,17185,13866
732,1444,17257,13863
734,1427,17359,13972
731,1462,17230,13785
729,1447,17199,13813
734,1460,17313,13932
730,1465,17237,13808
732,1428,17298,13936
729,1451,17209,13817
733,1450,17286,13861
731,1456,17279,13870
729,1450,17225,13807
731,1446,17279,13894
729,1451,17166,13775
732,1428,17312,13944
730,1443,17242,13828
730,1443,17262,13845
730,1442,17244,13865
728,1447,17185,13770
732,1442,17282,13900
730,1450,17226,13829
730,1457,17215,13829
730,1435,17228,13860
728,1483,17186,13791
734,1431,17359,13966
731,1450,17266,13882
732,1454,17273,13903
730,1446,17222,13861
729,1444,17231,13824
732,1438,17302,13906
731,1446,17286,13885
731,1455,17278,13869
731,1433,17264,13878
729,1446,17176,13791
733,1446,17297,13882
729,1444,17236,13858
732,1448,17306,13901
730,1453,17235,13860
729,1455,17198,13785
732,1439,17309,13935
729,1454,17197,13826
731,1435,17238,13853
731,1439,17272,13886
730,1457,17223,13822
733,1443,17344,13954
730,1454,17188,13775
730,1442,17256,13878
732,1436,17265,13863
730,1461,17244,13835
736,1432,17405,14003
742,1464,17494,14038
743,1461,17506,14027
737,1463,17357,13929
729,1463,17168,13784
734,1433,17355,13978
730,1448,17207,13789
730,1457,17251,13834
729,1446,17228,13852
729,1448,17214,13825
732,1452,17303,13898
729,1445,17185,13832
731,1443,17269,13888
726,1445,17197,13823
730,1454,17252,13844
732,1446,17298,13910
729,1456,17177,13776
732,1436,17318,13931
729,1460,17199,13817
729,1455,17230,13827
732,1436,17298,13906
729,1464,17190,13774
733,1427,17364,13960
730,1457,17225,13837
729,1449,17191,13818
731,1444,17272,13898
727,1460,17163,13751
732,1433,17307,13899
731,1427,17271,13863
731,1447,17270,13885
732,1445,17263,13847
727,1452,17133,13735
731,1433,17283,13920
731,1444,17242,13871
731,1445,17264,13847
731,1439,17292,13893
727,1472,17114,13721
733,1442,17332,13941
731,1427,17277,13919
731,1448,17265,13834
732,1454,17285,13879
730,1464,17236,13832
734,1437,17351,13913
729,1455,17199,13793
730,1446,17233,13857
732,1444,17303,13932
730,1458,17201,13787
733,1439,17353,13955
728,1448,17165,13773
733,1447,17307,13923
731,1444,17259,13873
730,1459,17222,13834
736,1439,17354,13930
729,1451,17171,13779
733,1439,17356,13937
738,1471,17383,13957
729,1454,17205,13827
734,1426,17345,13951
729,1459,17214,13837
730,1450,17247,13852
731,1455,17252,13835
729,1444,17250,13842
734,1426,17369,13944
729,1452,17196,13812
730,1455,17225,13843
732,1449,17244,13828
731,1431,17301,13895
744,1446,17528,14068
729,1464,17176,13746
733,1448,17307,13895
730,1437,17238,13852
729,1470,17206,13798
731,1434,17273,13893
727,1447,17145,13769
733,1436,17343,13932
728,1436,17203,13819
730,1432,17223,13837
732,1438,17303,13914
725,1468,17090,13714
734,1431,17373,13976
731,1451,17259,13852
729,1458,17216,13805
731,1429,17287,13886
729,1463,17197,13810
730,1440,17288,13876
730,1442,17248,13874
731,1459,17286,13883
732,1452,17301,13866
729,1452,17168,13783
730,1424,17338,13935
735,1445,17321,13890
732,1444,17273,13881
730,1453,17242,13851
731,1455,17219,13828
733,1440,17324,13911
729,1437,17222,13831
729,1445,17224,13830
732,1435,17285,13883
732,1447,17274,13892
733,1425,17345,13939
728,1456,17192,13792
732,1449,17309,13920
732,1446,17284,13859
729,1445,17217,13830
733,1436,17328,13955
729,1441,17182,13778
730,1449,17266,13863
732,1439,17316,13922
730,1449,17240,13857
734,1439,17375,13962
728,1459,17185,13808
731,1441,17272,13890
730,1445,17249,13853
730,1450,17236,13854
733,1435,17358,13950
728,1465,17168,13773
730,1448,17241,13845
730,1449,17240,13854
729,1457,17204,13831
731,1436,17288,13884
728,1460,17194,13798
732,1451,17277,13851
731,1443,17290,13879
730,1448,17236,13844
731,1439,17263,13903
728,1471,17166,13764
734,1443,17323,13887
731,1427,17321,13925
727,1454,17164,13804
732,1419,17292,13909
728,1451,17157,13766
732,1436,17301,13911
732,1445,17293,13867
730,1459,17225,13834
733,1439,17336,13919
727,1457,17146,13756
732,1437,17295,13911
730,1423,17227,13913
732,1442,17274,13893
731,1447,17267,13867
728,1457,17145,13737
739,1431,17497,14027
731,1441,17280,13853
733,1437,17303,13926
730,1448,17240,13841
727,1462,17146,13753
733,1432,17341,13946
730,1441,17256,13852
729,1457,17226,13820
732,1442,17309,13909
729,1463,17196,13788
733,1427,17322,13948
725,1446,17117,13753
731,1443,17272,13881
732,1444,17293,13888
727,1464,17167,13767
732,1447,17319,13934
728,1454,17159,13775
730,1446,17245,13866
733,1418,17346,13943
730,1443,17220,13822
732,1436,17319,13911
729,1467,17220,13807
731,1456,17237,13833
731,1426,17275,13888
729,1448,17194,13818
738,1444,17415,13968
729,1459,17196,13772
729,1449,17208,13829
731,1444,17275,13892
729,1443,17226,13842
733,1431,17331,13957
730,1468,17183,13772
730,1451,17242,13841
729,1446,17242,13824
729,1451,17212,13820
734,1431,17348,13950
728,1451,17181,13789
730,1445,17240,13852
730,1449,17227,13845
728,1458,17195,13810
733,1431,17330,13933
730,1469,17208,13780
731,1440,17295,13907
731,1445,17254,13884
730,1457,17206,13811
733,1430,17352,13951
737,1470,17335,13854
731,1435,17285,13900
729,1443,17198,13802
730,1447,17239,13857
731,1442,17258,13878
726,1459,17126,13734
732,1442,17308,13928
730,1435,17280,13838
730,1453,17245,13865
731,1451,17267,13884
728,1461,17164,13768
730,1433,17279,13909
730,1447,17248,13857
733,1437,17334,13931
731,1453,17265,13861
731,1465,17263,13859
730,1444,17254,13865
730,1434,17263,13887
730,1439,17238,13851
732,1445,17296,13871
729,1456,17208,13806
732,1444,17302,13912
728,1458,17176,13755
730,1450,17222,13833
731,1445,17254,13859
729,1447,17205,13818
732,1433,17325,13952
728,1451,17205,13800
731,1454,17253,13850
730,1445,17258,13878
733,1458,17296,13849
733,1429,17353,13989
728,1465,17176,13761
731,1443,17270,13862
731,1448,17267,13846
729,1460,17222,13790
730,1427,17315,13928
728,1463,17177,13794
731,1451,17238,13842
731,1450,17235,13814
730,1454,17256,13855
732,1448,17289,13897
729,1451,17198,13810
734,1431,17329,13949
730,1460,17223,13830
730,1446,17231,13841
730,1446,17254,13864
729,1464,17202,13802
732,1429,17309,13924
731,1447,17273,13890
732,1446,17254,13872
731,1440,17260,13879
727,1451,17161,13771
732,1447,17286,13880
731,1446,17293,13875
732,1451,17317,13920
731,1457,17259,13867
728,1448,17129,13757
732,1445,17279,13861
732,1452,17300,13897
731,1447,17287,13871
732,1447,17288,13889
727,1455,17140,13749
734,1446,17336,13904
729,1445,17219,13837
731,1444,17256,13873
734,1454,17279,13886
730,1454,17239,13823
733,1441,17338,13945
729,1447,17243,13860
730,1450,17236,13855
731,1439,17250,13873
730,1445,17229,13834
733,1437,17343,13938
729,1471,17207,13791
731,1439,17311,13905
731,1452,17244,13866
729,1449,17215,13815
731,1404,17309,13897
728,1460,17197,13794
731,1430,17271,13865
729,1441,17244,13851
730,1463,17243,13860
734,1438,17352,13962
728,1457,17163,13774
731,1451,17229,13837
732,1421,17284,13906
732,1453,17228,13819
733,1432,17338,13940
727,1446,17157,13779
729,1462,17207,13815
732,1439,17277,13890
729,1457,17206,13813
731,1439,17292,13896
729,1448,17226,13809
732,1440,17311,13892
730,1458,17226,13825
732,1454,17264,13882
738,1455,17383,13969
729,1452,17193,13768
734,1433,17380,13967
730,1453,17230,13844
730,1458,17220,13819
732,1439,17322,13931
728,1466,17142,13746
731,1445,17282,13896
731,1453,17267,13869
729,1448,17257,13852
732,1440,17291,13919
728,1449,17157,13767
730,1443,17275,13871
732,1445,17296,13914
730,1449,17246,13838
735,1431,17380,13964
740,1474,17417,13955
732,1445,17323,13883
731,1450,17269,13894
730,1433,17228,13864
732,1439,17293,13896
730,1452,17229,13830
733,1441,17345,13937
728,1445,17194,13807
731,1445,17273,13875
731,1439,17273,13867
731,1460,17247,13853
739,1455,17429,13987
727,1439,17137,13735
733,1444,17337,13913
736,1471,17331,13896
729,1460,17220,13828
731,1426,17294,13915
729,1454,17180,13790
730,1455,17255,13852
730,1449,17272,13859
730,1459,17240,13836
738,1428,17408,14018
728,1455,17166,13788
732,1441,17286,13905
732,1438,17269,13889
732,1452,17280,13831
734,1427,17398,13998
729,1453,17162,13769
733,1441,17321,13918
742,1461,17464,14027
743,1499,17457,14030
740,1439,17424,13998
727,1451,17152,13761
732,1453,17306,13882
733,1444,17295,13899
729,1448,17203,13825
733,1450,17321,13926
728,1460,17151,13783
733,1433,17349,13955
731,1444,17261,13866
732,1446,17292,13894
731,1435,17276,13854
728,1462,17186,13776
736,1457,17330,13921
731,1451,17250,13868
737,1450,17315,13893
733,1451,17317,13911
728,1467,17149,13760
733,1426,17358,13970
730,1440,17250,13851
729,1439,17215,13837
732,1449,17267,13889
727,1471,17117,13717
732,1427,17337,13940
731,1440,17265,13857
731,1439,17271,13902
731,1452,17269,13869
728,1464,17173,13794
733,1429,17346,13959
731,1446,17268,13876
734,1444,17380,13961
730,1447,17272,13837
731,1466,17246,13848
733,1433,17331,13958
727,1458,17147,13768
732,1445,17310,13911
732,1439,17311,13918
728,1456,17193,13799
733,1433,17336,13935
729,1449,17192,13776
731,1453,17265,13879
733,1441,17282,13875
730,1451,17213,13818
734,1428,17376,13945
729,1451,17199,13792
731,1452,17265,13871
731,1456,17247,13845
729,1450,17187,13819
736,1432,17417,14010
732,1463,17246,13802
732,1451,17284,13889
730,1450,17263,13839
729,1437,17211,13836
731,1433,17271,13887
727,1465,17160,13779
731,1452,17259,13854
731,1434,17297,13884
729,1455,17194,13794
734,1441,17339,13944
729,1463,17203,13807
732,1445,17304,13919
730,1442,17257,13871
732,1445,17279,13885
734,1430,17395,13975
728,1456,17170,13767
732,1428,17303,13928
733,1428,17347,13961
730,1451,17217,13837
735,1422,17358,13976
728,1460,17169,13754
734,1438,17353,13948
732,1454,17312,13888
732,1443,17231,13841
730,1441,17243,13858
729,1463,17188,13804
733,1438,17339,13936
732,1443,17303,13876
730,1457,17234,13861
732,1444,17278,13878
729,1448,17177,13801
731,1438,17281,13901
734,1458,17279,13871
731,1435,17284,13906
732,1440,17307,13902
730,1459,17188,13778
733,1435,17337,13933
729,1461,17210,13813
730,1445,17233,13858
731,1436,17287,13892
729,1455,17203,13804
733,1443,17363,13952
729,1445,17205,13809
733,1439,17313,13915
734,1442,17298,13889
730,1450,17237,13853
733,1428,17345,13931
729,1444,17212,13821
732,1446,17276,13883
731,1438,17278,13888
729,1458,17221,13824
732,1442,17319,13930
730,1457,17202,13831
730,1448,17211,13808
732,1431,17326,13919
730,1459,17227,13824
733,1438,17318,13919
728,1463,17179,13774
733,1438,17306,13919
736,1448,17335,13894
731,1451,17250,13855
738,1444,17406,13977
729,1450,17211,13815
732,1434,17298,13917
732,1443,17280,13895
730,1463,17200,13824
732,1436,17320,13913
731,1452,17223,13787
732,1446,17311,13915
731,1440,17280,13874
729,1462,17189,13803
731,1444,17250,13876
729,1457,17191,13812
732,1437,17302,13920
731,1444,17259,13853
731,1456,17234,13846
731,1427,17276,13874
728,1457,17177,13787
733,1441,17333,13945
731,1452,17273,13864
733,1442,17339,13938
732,1445,17314,13895
728,1454,17174,13724
732,1444,17314,13928
731,1413,17273,13880
731,1439,17256,13842
731,1452,17277,13884
732,1461,17301,13886
733,1435,17311,13917
729,1455,17217,13815
730,1440,17241,13855
735,1435,17359,13966
729,1450,17177,13811
735,1435,17384,14010
744,1460,17555,14091
740,1443,17475,14059
733,1434,17341,13958
732,1460,17225,13800
733,1432,17324,13944
736,1456,17311,13868
730,1454,17261,13848
732,1451,17305,13877
732,1461,17280,13863
734,1423,17350,13968
729,1454,17174,13786
730,1448,17253,13867
731,1450,17283,13879
733,1431,17309,13898
739,1444,17425,13994
728,1469,17191,13781
731,1457,17231,13839
731,1444,17227,13847
729,1443,17216,13837
731,1434,17286,13905
731,1456,17257,13852
731,1439,17288,13893
731,1447,17263,13884
730,1448,17225,13843
735,1456,17350,13957
730,1457,17233,13826
732,1445,17297,13903
731,1454,17263,13861
730,1451,17247,13827
732,1446,17294,13893
727,1464,17140,13763
734,1429,17330,13957
731,1444,17281,13860
730,1454,17257,13847
733,1446,17295,13877
727,1476,17136,13754
732,1419,17297,13922
731,1435,17262,13886
728,1437,17267,13881
731,1440,17273,13894
731,1464,17235,13820
732,1433,17325,13936
731,1445,17267,13877
732,1443,17277,13893
729,1440,17229,13849
730,1458,17204,13816
734,1432,17355,13959
728,1453,17193,13778
732,1448,17330,13916
732,1434,17281,13902
730,1451,17239,13843
733,1430,17324,13956
730,1453,17230,13818
731,1439,17290,13874
731,1456,17256,13858
731,1436,17258,13877
730,1431,17332,13940
729,1463,17204,13818
730,1451,17213,13836
731,1425,17262,13879
731,1443,17266,13853
733,1438,17353,13955
729,1448,17193,13812
729,1449,17209,13825
730,1438,17237,13873
731,1451,17255,13846
732,1436,17356,13935
729,1455,17217,13802
732,1459,17282,13875
731,1450,17253,13847
729,1454,17219,13826
732,1437,17310,13947
730,1449,17232,13836
731,1447,17280,13866
732,1442,17275,13885
731,1447,17263,13860
731,1452,17280,13877
729,1454,17194,13810
731,1428,17269,13880
731,1455,17247,13867
733,1436,17338,13918
732,1454,17269,13883
729,1448,17179,13806
733,1441,17314,13910
731,1449,17247,13852
730,1448,17247,13848
732,1439,17258,13864
727,1461,17145,13743
733,1432,17356,13938
731,1448,17280,13855
730,1452,17232,13863
732,1442,17301,13913
728,1450,17173,13773
732,1436,17340,13935
735,1462,17312,13900
730,1452,17248,13837
732,1440,17283,13892
728,1458,17162,13787
732,1438,17315,13921
729,1443,17223,13847
732,1441,17306,13892
731,1444,17251,13835
729,1460,17193,13804
733,1439,17325,13932
729,1448,17181,13800
731,1441,17274,13890
734,1445,17320,13877
729,1460,17227,13806
734,1432,17370,13937
731,1495,17235,13868
731,1444,17256,13867
730,1442,17247,13874
730,1448,17282,13875
733,1428,17378,13973
730,1443,17228,13820
731,1447,17267,13863
730,1436,17253,13861
730,1443,17230,13855
733,1437,17316,13940
731,1455,17239,13855
731,1449,17275,13854
730,1446,17271,13863
731,1449,17260,13883
733,1420,17331,13935
728,1447,17165,13797
730,1454,17265,13866
732,1440,17301,13900
737,1457,17345,13888
733,1426,17346,13928
728,1457,17158,13777
732,1444,17317,13932
729,1449,17208,13834
730,1450,17242,13850
734,1439,17335,13898
728,1462,17162,13769
731,1439,17302,13906
731,1438,17244,13861
731,1449,17255,13874
732,1444,17274,13861
727,1455,17140,13751
732,1443,17324,13916
730,1453,17243,13854
731,1443,17274,13872
732,1442,17280,13898
728,1464,17166,13784
731,1450,17306,13905
731,1424,17265,13886
733,1435,17324,13908
732,1418,17315,13873
728,1458,17164,13762
733,1442,17286,13903
731,1447,17255,13857
732,1466,17279,13894
732,1445,17317,13899
729,1468,17184,13786
733,1429,17329,13935
730,1449,17216,13806
733,1467,17224,13827
733,1441,17337,13951
732,1461,17206,13804
734,1438,17367,13949
732,1458,17242,13810
731,1452,17250,13865
730,1449,17251,13844
730,1451,17225,13838
735,1447,17364,13943
730,1448,17245,13833
731,1444,17285,13880
734,1446,17373,13957
730,1442,17207,13797
732,1426,17304,13919
728,1458,17175,13791
730,1446,17247,13833
731,1432,17272,13875
730,1449,17215,13832
734,1438,17390,13975
728,1462,17178,13788
728,1452,17198,13824
730,1444,17215,13844
731,1435,17260,13873
732,1444,17314,13883
728,1463,17188,13802
732,1447,17287,13900
734,1452,17283,13861
730,1452,17231,13871
732,1444,17320,13907
728,1468,17160,13750
732,1432,17319,13928
732,1440,17336,13901
734,1455,17268,13836
731,1440,17261,13881
728,1456,17149,13774
732,1430,17320,13933
731,1445,17289,13890
730,1450,17233,13848
731,1437,17279,13895
728,1453,17135,13732
732,1431,17305,13916
730,1443,17251,13872
729,1458,17202,13812
732,1446,17315,13904
727,1463,17131,13743
733,1428,17349,13963
731,1435,17258,13871
731,1445,17261,13889
732,1444,17283,13877
729,1452,17182,13780
734,1437,17373,13956
731,1456,17297,13882
731,1448,17261,13869
730,1433,17242,13855
729,1456,17176,13796
733,1428,17360,13959
729,1461,17215,13809
730,1457,17212,13828
732,1450,17309,13900
731,1467,17256,13861
731,1446,17283,13900
730,1443,17233,13837
732,1446,17270,13897
731,1439,17294,13881
727,1454,17169,13773
734,1432,17362,13984
727,1458,17143,13768
731,1438,17265,13897
730,1429,17256,13857
730,1456,17234,13831
734,1435,17395,13983
728,1466,17191,13780
732,1443,17272,13873
730,1460,17220,13825
730,1450,17217,13838
732,1441,17320,13913
730,1459,17226,13823
732,1442,17281,13870
733,1442,17338,13936
729,1460,17211,13828
735,1440,17364,13931
728,1458,17171,13786
732,1434,17286,13908
731,1458,17278,13866
730,1442,17234,13848
731,1439,17263,13889
729,1462,17175,13783
732,1431,17300,13916
731,1456,17280,13889
731,1446,17261,13857
732,1442,17296,13901
730,1463,17250,13815
734,1439,17303,13898
733,1445,17310,13935
733,1455,17241,13830
732,1436,17310,13907
729,1455,17162,13733
734,1434,17331,13958
732,1449,17308,13904
730,1451,17226,13829
731,1430,17257,13870
728,1449,17182,13803
739,1457,17412,13973
733,1458,17284,13872
731,1440,17294,13891
731,1441,17259,13872
730,1451,17230,13842
732,1441,17272,13902
729,1450,17219,13817
733,1435,17333,13921
734,1453,17324,13883
730,1457,17239,13838
735,1434,17383,13981
729,1459,17203,13827
731,1445,17243,13862
732,1434,17337,13924
730,1457,17246,13847
734,1437,17359,13970
728,1459,17206,13799
732,1434,17317,13936
730,1452,17241,13874
729,1465,17197,13820
734,1427,17358,13974
729,1450,17213,13791
730,1459,17228,13847
729,1461,17199,13821
731,1465,17247,13864
734,1437,17329,13931
730,1456,17229,13787
732,1448,17295,13906
730,1458,17276,13852
730,1455,17229,13819
733,1439,17329,13929
731,1466,17191,13781
732,1449,17289,13904
729,1448,17233,13833
731,1444,17264,13865
731,1486,17268,13893
731,1460,17258,13845
733,1445,17305,13903
730,1449,17232,13860
731,1446,17256,13877
731,1446,17258,13888
728,1460,17185,13771
732,1439,17302,13929
731,1427,17262,13887
733,1450,17280,13884
731,1448,17272,13895
728,1461,17161,13748
732,1442,17307,13909
731,1437,17293,13878
734,1438,17365,13947
731,1445,17276,13903
728,1462,17154,13779
733,1433,17304,13939
731,1445,17291,13877
730,1446,17280,13848
731,1436,17268,13904
730,1464,17201,13779
732,1440,17305,13912
730,1444,17237,13855
732,1453,17250,13835
728,1446,17216,13837
730,1455,17254,13848
734,1426,17341,13928
729,1462,17188,13808
733,1464,17262,13834
730,1431,17257,13886
729,1445,17211,13825
734,1435,17380,13979
729,1459,17218,13814
731,1439,17278,13874
731,1446,17274,13893
729,1446,17210,13818
733,1437,17353,13977
729,1463,17221,13825
730,1445,17246,13841
731,1438,17298,13915
729,1450,17220,13832
733,1442,17357,13979
729,1444,17191,13830
730,1452,17230,13840
730,1439,17224,13864
734,1434,17355,13933
745,1452,17588,14146
732,1449,17345,13929
735,1434,17386,13998
741,1450,17430,13997
730,1446,17228,13797
733,1442,17319,13931
728,1460,17167,13755
731,1433,17310,13895
731,1440,17249,13865
731,1464,17233,13867
730,1396,17273,13879
736,1469,17285,13858
737,1449,17391,13927
732,1440,17281,13885
729,1450,17222,13810
730,1422,17232,13862
728,1455,17158,13790
732,1440,17292,13909
730,1442,17246,13874
730,1452,17260,13838
732,1433,17302,13905
729,1474,17142,13712
734,1435,17346,13945
731,1436,17273,13892
730,1446,17251,13856
733,1439,17345,13943
732,1472,17242,13790
733,1432,17362,13947
730,1444,17219,13835
733,1462,17234,13868
730,1429,17260,13877
731,1447,17279,13866
733,1444,17336,13910
728,1450,17179,13784
731,1449,17271,13896
733,1454,17284,13868
729,1445,17198,13828
733,1438,17354,13982
729,1450,17197,13793
731,1443,17263,13856
731,1444,17299,13901
730,1456,17258,13845
732,1426,17323,13933
731,1475,17195,13788
731,1449,17257,13858
732,1451,17293,13866
729,1467,17224,13805
733,1428,17372,13952
729,1461,17203,13818
730,1451,17224,13835
731,1443,17275,13886
729,1455,17242,13839
732,1431,17316,13917
728,1449,17167,13799
731,1456,17277,13857
730,1449,17234,13837
731,1442,17268,13888
730,1442,17250,13875
729,1448,17188,13812
734,1440,17353,13930
730,1443,17238,13852
730,1443,17218,13830
732,1439,17309,13935
726,1462,17118,13719
732,1432,17349,13946
732,1444,17293,13888
732,1442,17312,13908
735,1455,17337,13901
727,1443,17165,13782
734,1449,17309,13889
729,1442,17231,13847
732,1435,17270,13877
740,1460,17435,13972
728,1467,17150,13748
732,1438,17315,13912
732,1446,17269,13866
729,1455,17192,13821
731,1420,17292,13918
742,1469,17452,14018
739,1439,17501,14071
736,1439,17379,13966
745,1449,17603,14156
731,1443,17285,13904
728,1449,17174,13813
733,1429,17344,13945
729,1448,17200,13810
728,1439,17256,13834
733,1450,17354,13931
730,1467,17199,13796
733,1439,17335,13937
726,1454,17152,13765
731,1450,17287,13861
731,1440,17286,13878
730,1457,17234,13843
735,1437,17411,14010
729,1466,17206,13807
730,1448,17224,13844
730,1443,17247,13875
729,1447,17176,13791
734,1435,17347,13928
730,1448,17233,13837
728,1465,17200,13796
731,1454,17262,13873
729,1446,17176,13787
733,1441,17347,13947
734,1466,17279,13823
731,1444,17283,13889
731,1433,17286,13876
730,1456,17211,13826
731,1445,17273,13898
728,1463,17159,13772
732,1436,17317,13912
731,1450,17272,13857
729,1454,17227,13827
733,1445,17351,13938
731,1471,17198,13765
730,1437,17254,13895
732,1436,17291,13913
731,1453,17213,13800
732,1452,17314,13904
727,1468,17141,13748
732,1430,17304,13923
731,1448,17265,13872
729,1461,17203,13816
731,1445,17308,13919
728,1464,17147,13754
732,1444,17322,13911
730,1446,17265,13844
731,1454,17283,13878
733,1472,17284,13918
728,1451,17147,13762
733,1435,17338,13948
734,1465,17309,13860
731,1447,17252,13858
730,1453,17231,13834
731,1457,17226,13839
731,1428,17297,13904
727,1458,17162,13779
730,1463,17185,13804
732,1433,17281,13852
731,1450,17242,13857
733,1437,17324,13931
729,1461,17175,13773
730,1452,17222,13847
733,1430,17353,13970
730,1461,17221,13809
733,1432,17344,13927
730,1452,17254,13829
730,1451,17226,13848
729,1436,17216,13831
729,1444,17228,13856
734,1430,17388,13984
724,1456,17178,13777
730,1445,17242,13847
731,1448,17266,13883
729,1443,17215,13833
733,1435,17337,13966
729,1450,17172,13786
731,1442,17256,13887
731,1444,17274,13878
729,1460,17215,13799
733,1435,17316,13927
729,1468,17188,13769
730,1436,17251,13887
729,1449,17234,13826
732,1455,17292,13894
732,1430,17330,13925
729,1458,17193,13782
732,1438,17303,13899
731,1449,17240,13858
729,1464,17197,13816
732,1441,17292,13882
729,1443,17201,13809
732,1438,17291,13899
733,1445,17321,13927
733,1456,17258,13842
730,1453,17247,13850
727,1471,17092,13685
735,1428,17384,13992
739,1466,17409,13950
731,1448,17241,13845
730,1439,17245,13862
728,1462,17129,13755
732,1433,17345,13974
732,1449,17289,13877
729,1451,17234,13837
734,1428,17386,13955
728,1463,17191,13756
734,1431,17374,13984
729,1453,17173,13786
731,1441,17251,13864
731,1443,17248,13861
737,1448,17409,13972
736,1433,17399,13989
742,1458,17476,14029
742,1450,17482,14032
740,1455,17432,13998
732,1454,17229,13812
732,1435,17315,13941
729,1451,17206,13782
732,1444,17303,13911
732,1445,17260,13853
729,1438,17223,13845
735,1438,17350,13933
728,1441,17200,13799
733,1453,17245,13850
730,1446,17268,13857
731,1453,17273,13859
733,1429,17344,13970
727,1457,17129,13744
732,1450,17278,13884
731,1456,17276,13861
730,1452,17238,13822
732,1438,17289,13910
728,1460,17189,13774
730,1445,17286,13882
730,1445,17226,13846
729,1453,17210,13831
731,1435,17272,13886
730,1454,17230,13831
733,1429,17327,13932
730,1452,17238,13857
731,1446,17260,13859
738,1458,17365,13941
727,1456,17159,13762
732,1447,17302,13912
731,1438,17267,13863
732,1440,17284,13869
733,1432,17348,13945
727,1462,17130,13737
731,1436,17259,13885
732,1435,17304,13892
734,1453,17309,13875
731,1439,17289,13896
731,1478,17189,13761
731,1442,17300,13912
738,1454,17370,13951
730,1446,17241,13852
730,1457,17258,13867
728,1464,17170,13736
733,1435,17327,13941
731,1448,17226,13811
731,1448,17270,13883
731,1434,17270,13888
728,1463,17179,13768
733,1431,17341,13945
731,1442,17271,13854
730,1453,17253,13839
732,1441,17293,13909
729,1454,17173,13796
734,1433,17362,13980
729,1450,17226,13820
731,1454,17282,13869
732,1434,17306,13927
730,1448,17230,13814
733,1439,17332,13938
729,1457,17199,13808
732,1453,17285,13902
730,1447,17239,13841
730,1450,17231,13805
732,1438,17316,13919
729,1456,17200,13814
730,1422,17265,13883
731,1456,17235,13842
730,1464,17227,13830
733,1440,17333,13925
730,1458,17210,13783
733,1445,17333,13917
741,1454,17435,14002
732,1452,17237,13827
731,1442,17260,13879
729,1446,17212,13809
733,1438,17354,13929
730,1447,17247,13845
732,1441,17293,13904
732,1444,17281,13869
728,1470,17146,13765
733,1429,17308,13939
730,1428,17244,13870
731,1455,17291,13886
730,1446,17246,13853
726,1473,17124,13730
732,1437,17317,13929
731,1454,17259,13884
730,1448,17267,13861
730,1449,17248,13844
727,1460,17140,13741
734,1428,17385,13967
731,1445,17267,13857
732,1438,17277,13900
730,1443,17241,13884
730,1467,17214,13801
733,1446,17342,13932
730,1445,17235,13836
729,1450,17229,13830
731,1433,17284,13899
732,1443,17274,13878
732,1441,17295,13888
728,1443,17189,13815
731,1446,17300,13888
730,1449,17243,13856
728,1465,17161,13756
732,1434,17329,13949
729,1466,17175,13775
731,1439,17278,13876
732,1437,17322,13935
730,1465,17219,13789
734,1438,17383,13962
729,1431,17215,13843
731,1443,17272,13896
733,1457,17270,13869
730,1447,17232,13840
734,1414,17381,13972
730,1447,17222,13826
730,1458,17226,13803
730,1453,17241,13854
729,1445,17204,13839
733,1420,17325,13950
729,1453,17167,13771
731,1435,17306,13898
730,1452,17242,13843
731,1444,17270,13884
732,1431,17311,13941
730,1447,17209,13837
732,1446,17290,13882
731,1453,17263,13836
730,1449,17240,13837
732,1438,17311,13885
728,1469,17157,13754
731,1449,17279,13897
732,1434,17279,13898
731,1435,17247,13844
731,1440,17300,13884
727,1474,17128,13729
731,1441,17278,13877
731,1433,17257,13880
730,1440,17245,13871
739,1464,17395,13967
732,1483,17212,13792
735,1447,17334,13897
732,1440,17277,13891
730,1456,17256,13865
733,1435,17321,13931
729,1460,17144,13743
732,1425,17322,13937
731,1434,17276,13878
732,1445,17294,13866
730,1456,17257,13837
731,1452,17256,13871
733,1439,17297,13901
728,1448,17195,13802
731,1451,17266,13878
732,1448,17330,13929
729,1451,17203,13830
733,1424,17313,13915
728,1459,17173,13798
731,1447,17262,13881
730,1445,17251,13868
730,1445,17209,13817
732,1443,17329,13910
729,1458,17193,13782
731,1452,17264,13861
731,1447,17256,13875
731,1436,17258,13872
734,1421,17347,13937
728,1452,17203,13802
731,1450,17265,13861
729,1443,17245,13820
729,1457,17208,13817
734,1432,17353,13959
728,1463,17182,13804
733,1449,17276,13858
730,1451,17254,13847
743,1448,17563,14131
738,1441,17472,14042
733,1449,17303,13898
741,1458,17439,13997
736,1446,17315,13890
729,1453,17209,13828
732,1441,17319,13905
728,1452,17171,13794
730,1433,17287,13885
730,1441,17241,13848
729,1445,17213,13848
731,1449,17273,13865
728,1457,17189,13796
733,1441,17352,13942
731,1439,17289,13885
731,1454,17257,13869
732,1444,17283,13899
727,1447,17172,13807
734,1439,17379,13928
730,1449,17268,13854
732,1436,17297,13915
730,1436,17276,13855
728,1453,17151,13753
732,1431,17326,13952
731,1449,17258,13890
731,1451,17236,13858
731,1438,17281,13876
730,1461,17190,13770
733,1435,17351,13962
728,1449,17199,13806
729,1448,17225,13863
731,1446,17269,13856
730,1435,17244,13839
732,1445,17325,13911
729,1467,17219,13814
731,1441,17271,13886
729,1439,17232,13846
731,1457,17253,13861
732,1442,17317,13901
730,1450,17239,13845
729,1446,17215,13831
732,1433,17313,13906
731,1453,17237,13854
733,1427,17323,13951
729,1447,17196,13824
730,1443,17220,13837
731,1446,17271,13863
732,1450,17299,13896
738,1444,17407,13986
729,1454,17188,13785
729,1455,17187,13793
731,1445,17276,13875
729,1455,17208,13811
733,1429,17361,13955
730,1460,17227,13812
732,1435,17292,13898
728,1448,17229,13862
730,1454,17198,13822
732,1439,17318,13920
727,1455,17187,13778
731,1440,17284,13885
731,1449,17261,13844
730,1458,17232,13853
737,1454,17347,13929
729,1450,17174,13784
736,1450,17378,13934
740,1474,17436,13989
732,1450,17234,13806
730,1441,17245,13854
727,1458,17141,13755
730,1436,17285,13907
730,1444,17265,13857
731,1450,17262,13862
731,1445,17290,13862
731,1457,17242,13824
733,1444,17308,13907
730,1438,17248,13863
731,1450,17268,13888
732,1436,17316,13918
728,1455,17186,13774
732,1435,17318,13945
731,1445,17263,13859
730,1434,17252,13871
730,1437,17251,13890
729,1461,17213,13826
732,1436,17290,13916
730,1449,17242,13836
735,1454,17304,13864
730,1445,17244,13862
729,1454,17184,13801
731,1422,17293,13921
729,1454,17201,13808
731,1445,17274,13871
730,1443,17256,13853
730,1453,17269,13855
733,1439,17339,13953
729,1449,17178,13774
729,1441,17218,13822
730,1435,17243,13862
731,1449,17279,13873
734,1440,17340,13930
728,1455,17197,13798
730,1452,17241,13849
735,1464,17315,13889
729,1449,17182,13798
733,1427,17331,13947
729,1465,17228,13817
730,1454,17231,13844
730,1442,17236,13874
730,1459,17223,13832
733,1429,17312,13942
728,1467,17181,13784
733,1440,17333,13927
731,1440,17248,13850
732,1453,17294,13869
730,1431,17259,13857
729,1457,17205,13828
730,1438,17273,13884
733,1454,17276,13842
731,1437,17262,13859
731,1459,17260,13865
730,1450,17206,13820
734,1445,17312,13923
732,1442,17310,13921
729,1451,17210,13839
729,1455,17224,13843
728,1472,17176,13773
736,1458,17374,13949
731,1426,17272,13878
731,1448,17250,13834
732,1448,17276,13882
729,1478,17150,13741
733,1431,17335,13935
731,1418,17308,13895
730,1447,17282,13859
731,1432,17268,13898
728,1458,17176,13775
733,1431,17325,13940
729,1454,17233,13820
731,1443,17282,13874
732,1444,17290,13899
729,1451,17213,13803
734,1424,17351,13962
729,1461,17220,13820
729,1455,17195,13827
732,1439,17286,13927
731,1466,17246,13819
733,1432,17363,13964
728,1449,17163,13783
730,1455,17228,13832
731,1482,17260,13902
731,1442,17248,13852
734,1428,17356,13940
729,1462,17221,13810
730,1443,17243,13838
732,1437,17297,13913
729,1453,17182,13790
734,1430,17356,13978
729,1451,17218,13817
731,1445,17290,13876
731,1444,17250,13862
731,1453,17272,13859
734,1448,17314,13901
728,1454,17178,13812
732,1435,17278,13902
731,1446,17264,13874
731,1451,17271,13839
732,1437,17307,13903
727,1456,17150,13769
734,1427,17363,13975
731,1441,17237,13838
730,1442,17225,13830
733,1433,17317,13925
728,1472,17190,13765
733,1430,17359,13931
730,1445,17243,13845
731,1445,17241,13853
730,1441,17232,13860
730,1453,17220,13816
733,1439,17367,13950
732,1444,17282,13896
731,1438,17274,13884
731,1435,17285,13893
728,1460,17149,13738
733,1443,17337,13938
734,1439,17304,13896
731,1444,17279,13870
733,1433,17325,13935
726,1461,17123,13719
736,1432,17403,14004
732,1444,17232,13840
732,1449,17286,13899
732,1445,17299,13894
728,1447,17218,13814
733,1434,17330,13927
728,1457,17187,13779
737,1412,17484,13963
733,1437,17318,13933
732,1445,17335,13864
735,1441,17374,13935
730,1463,17209,13819
730,1452,17234,13812
731,1449,17307,13904
731,1462,17256,13881
733,1415,17319,13922
730,1449,17231,13852
730,1449,17271,13863
732,1435,17310,13906
729,1462,17208,13836
733,1422,17339,13949
731,1448,17234,13858
731,1435,17303,13906
731,1442,17290,13907
730,1452,17243,13827
734,1430,17356,13941
729,1454,17199,13804
733,1444,17327,13942
729,1442,17219,13835
732,1449,17302,13892
733,1422,17327,13931
728,1458,17186,13778
733,1431,17342,13948
732,1456,17281,13887
730,1453,17226,13824
731,1431,17270,13900
727,1457,17142,13740
732,1444,17322,13918
735,1434,17362,13965
732,1446,17249,13823
731,1439,17288,13889
728,1467,17172,13799
733,1437,17346,13949
732,1441,17291,13902
732,1445,17286,13878
733,1452,17331,13899
729,1454,17174,13761
732,1441,17293,13907
731,1441,17248,13847
733,1454,17310,13909
731,1441,17315,13890
730,1453,17208,13815
736,1439,17439,14041
738,1452,17385,13956
732,1438,17291,13902
732,1432,17310,13926
729,1455,17202,13825
734,1432,17393,13988
731,1450,17248,13850
733,1445,17307,13909
733,1450,17296,13875
730,1447,17241,13859
732,1428,17326,13926
730,1457,17216,13823
731,1450,17286,13861
733,1445,17354,13929
728,1435,17233,13876
735,1432,17398,14000
733,1459,17255,13825
730,1447,17276,13886
733,1429,17339,13929
732,1436,17286,13915
735,1438,17410,14006
730,1442,17217,13823
729,1451,17210,13828
730,1452,17229,13847
729,1434,17202,13832
733,1423,17372,13961
731,1452,17238,13841
734,1445,17316,13903
732,1444,17278,13868
730,1456,17194,13818
732,1442,17297,13890
729,1455,17207,13816
734,1440,17356,13937
734,1436,17350,13929
732,1443,17311,13906
732,1434,17319,13946
728,1447,17168,13781
741,1426,17595,14001
734,1436,17357,13942
744,1451,17600,13979
735,1458,17395,13989
729,1465,17191,13800
743,1428,17630,14037
741,1432,17545,13948
733,1449,17312,13915
742,1439,17618,13990
730,1462,17207,13809
732,1442,17310,13925
733,1451,17323,13923
730,1451,17245,13856
731,1449,17295,13879
730,1455,17182,13781
734,1438,17376,13947
732,1450,17318,13909
734,1438,17315,13925
731,1429,17253,13870
731,1449,17214,13806
735,1432,17410,13988
731,1452,17288,13868
731,1448,17248,13877
733,1417,17322,13923
730,1455,17214,13819
732,1430,17293,13915
731,1464,17246,13849
731,1452,17246,13865
733,1443,17330,13912
733,1432,17317,13919
732,1443,17322,13924
732,1445,17287,13886
730,1441,17231,13864
734,1435,17347,13938
729,1439,17270,13877
736,1438,17437,14024
732,1457,17274,13840
733,1440,17309,13916
733,1435,17312,13935
733,1457,17283,13872
735,1438,17420,14005
732,1440,17304,13903
731,1432,17274,13888
734,1439,17367,13964
732,1445,17291,13908
732,1449,17274,13897
731,1439,17244,13866
738,1447,17459,14071
747,1441,17615,14123
731,1457,17263,13850
733,1441,17336,13951
730,1463,17199,13789
745,1437,17716,14111
735,1440,17416,14013
734,1452,17344,13950
734,1438,17366,13919
730,1455,17243,13816
736,1450,17404,13960
735,1439,17378,13946
733,1435,17339,13941
737,1433,17436,14037
734,1451,17329,13910
738,1442,17405,13986
734,1426,17358,13975
738,1430,17463,13980
740,1412,17533,14051
734,1450,17327,13940
736,1439,17420,14027
737,1442,17444,14037
735,1430,17389,14006
737,1439,17445,14004
734,1449,17312,13904
737,1433,17426,14027
738,1427,17435,14016
737,1437,17433,14016
737,1439,17444,14043
747,1453,17751,14085
737,1440,17442,14054
741,1429,17573,14047
748,1436,17749,14128
738,1432,17456,14029
737,1444,17427,14013
747,1452,17718,14072
745,1455,17648,14007
748,1441,17765,14141
737,1442,17453,14042
737,1440,17418,14031
742,1460,17570,14161
747,1444,17617,14135
747,1456,17628,14143
746,1431,17709,14109
735,1449,17372,13962
739,1457,17488,14103
737,1437,17430,14023
738,1437,17465,14033
751,1440,17825,14138
748,1433,17793,14140
746,1458,17771,14186
744,1436,17645,14093
737,1439,17439,14035
741,1448,17544,14125
737,1436,17456,14040
748,1466,17821,14219
746,1437,17694,14095
745,1457,17696,14186
747,1446,17714,14179
743,1445,17643,14099
745,1481,17712,14216
737,1445,17432,13980
742,1463,17576,14159
743,1450,17621,14136
742,1444,17566,14096
743,1449,17582,14117
740,1434,17499,14037
743,1466,17632,14180
752,1456,17780,14254
743,1432,17571,14089
742,1448,17588,14137
735,1450,17369,13941
746,1441,17768,14134
762,1455,18033,14316
751,1457,17795,14233
741,1457,17566,14129
735,1456,17349,13939
736,1445,17440,14045
738,1441,17457,14065
740,1456,17533,14123
742,1463,17562,14156
738,1439,17463,14036
738,1436,17474,14071
736,1437,17402,14001
746,1447,17721,14168
738,1456,17490,14106
740,1449,17527,14104
740,1468,17542,14131
737,1440,17452,14024
737,1433,17454,14032
748,1437,17789,14151
738,1439,17448,14054
741,1469,17569,14161
749,1432,17815,14137
737,1438,17458,14047
735,1433,17391,14002
738,1430,17430,13997
743,1461,17579,14135
737,1443,17445,14047
744,1454,17508,14061
738,1447,17468,14081
736,1438,17423,13997
743,1464,17606,14137
740,1458,17430,13994
737,1433,17410,14022
737,1429,17427,14033
749,1443,17815,14168
742,1449,17654,14137
747,1450,17720,14080
739,1431,17481,14020
735,1428,17393,13980
741,1429,17603,14066
744,1449,17694,14130
733,1445,17334,13913
739,1446,17497,14078
736,1431,17387,13981
736,1434,17425,14021
734,1435,17356,13976
733,1437,17310,13926
737,1444,17435,14043
735,1429,17370,13947
737,1443,17459,14021
735,1423,17400,14006
732,1453,17250,13844
737,1458,17477,14085
734,1443,17354,13983
736,1447,17423,14004
734,1421,17348,13949
733,1440,17320,13893
731,1446,17408,14010
735,1435,17389,14006
733,1438,17315,13928
734,1424,17358,13979
732,1446,17284,13882
735,1442,17396,13973
732,1440,17308,13909
735,1448,17336,13914
734,1441,17333,13934
731,1453,17232,13853
734,1438,17373,13992
729,1448,17217,13841
732,1452,17311,13897
733,1435,17336,13929
733,1450,17290,13903
735,1435,17403,13989
732,1449,17275,13884
733,1454,17282,13852
731,1442,17271,13881
729,1448,17248,13826
737,1439,17454,14033
741,1449,17546,13940
743,1443,17604,14004
735,1433,17375,13915
731,1440,17268,13866
744,1450,17640,13991
732,1450,17272,13823
731,1439,17267,13867
733,1438,17318,13926
730,1456,17215,13822
731,1445,17244,13865
737,1470,17384,13769
743,1457,17591,13939
734,1451,17354,13925
741,1454,17507,13885
740,1468,17522,13907
737,1476,17381,13812
741,1431,17620,14018
749,1471,17625,13952
741,1448,17587,13980
733,1432,17332,13926
730,1456,17245,13850
735,1451,17329,13912
731,1442,17235,13843
740,1464,17469,13821
734,1436,17404,13940
726,1465,17132,13744
733,1428,17339,13945
730,1457,17233,13838
734,1439,17338,13937
749,1453,17724,14156
740,1450,17463,13977
735,1435,17412,13957
731,1450,17286,13888
732,1447,17272,13861
733,1442,17334,13924
728,1451,17163,13761
729,1430,17335,13939
731,1440,17273,13855
732,1449,17319,13897
733,1447,17347,13906
729,1464,17209,13788
733,1437,17317,13932
733,1444,17301,13892
734,1450,17310,13864
731,1443,17315,13899
728,1466,17157,13756
732,1430,17311,13905
731,1456,17210,13764
731,1453,17270,13875
731,1446,17256,13854
730,1449,17189,13824
735,1432,17404,13976
729,1456,17228,13804
733,1460,17261,13830
730,1437,17250,13855
728,1446,17166,13798
733,1434,17348,13937
730,1451,17225,13807
732,1449,17282,13840
731,1449,17281,13863
730,1456,17235,13827
735,1434,17404,13999
727,1452,17143,13748
734,1439,17339,13930
738,1449,17391,13917
731,1441,17249,13872
732,1444,17312,13896
728,1460,17164,13762
730,1447,17228,13841
732,1443,17285,13892
732,1455,17277,13890
734,1435,17364,13968
728,1452,17173,13778
730,1447,17263,13879
740,1436,17543,13962
742,1446,17518,13947
743,1450,17604,13985
730,1455,17162,13740
733,1434,17339,13930
743,1448,17588,13940
734,1449,17348,13896
733,1448,17323,13905
730,1477,17153,13743
732,1437,17285,13886
740,1438,17532,13952
729,1453,17214,13832
729,1443,17235,13842
729,1449,17151,13772
734,1446,17316,13884
732,1450,17303,13917
732,1440,17307,13928
731,1449,17259,13857
726,1455,17125,13735
735,1427,17401,13996
741,1450,17517,14100
729,1451,17198,13821
731,1448,17277,13896
729,1458,17217,13805
733,1414,17381,13962
729,1459,17193,13772
729,1451,17211,13828
731,1442,17270,13890
728,1458,17171,13788
734,1426,17354,13964
730,1464,17230,13824
731,1446,17253,13866
732,1445,17301,13901
731,1436,17252,13853
732,1442,17326,13943
729,1454,17197,13833
730,1441,17204,13806
731,1440,17299,13886
728,1458,17192,13795
735,1433,17380,13987
728,1468,17155,13774
729,1448,17190,13817
732,1444,17278,13845
728,1453,17191,13808
734,1427,17365,13960
729,1454,17212,13790
732,1454,17287,13885
730,1450,17216,13819
729,1459,17197,13822
731,1439,17286,13891
727,1457,17165,13767
732,1421,17308,13927
730,1445,17258,13857
729,1439,17216,13822
731,1439,17255,13864
728,1464,17168,13783
731,1439,17285,13905
732,1447,17302,13898
729,1450,17238,13859
732,1427,17300,13915
727,1455,17149,13737
731,1449,17281,13909
730,1454,17236,13838
735,1445,17371,13941
740,1435,17510,14080
733,1454,17305,13883
733,1451,17304,13884
738,1451,17498,13957
732,1439,17296,13884
742,1433,17598,13981
740,1460,17530,13916
735,1451,17326,13920
731,1451,17259,13857
731,1445,17245,13868
743,1452,17621,14011
739,1466,17485,13892
740,1435,17566,14028
