2183,5000
2991
2954
2970
2972
2955
2997
2951
2964
2968
2950
2996
2953
2978
2970
2961
2985
2951
2985
2974
2960
2988
2947
2981
2965
2968
2990
2947
2979
2958
2968
2983
2950
2988
2965
2970
2984
2950
2997
2965
2962
2984
2940
2993
2953
2971
2986
2939
2987
2950
2966
2977
2954
3002
2952
2972
2971
2953
2995
2953
2966
2971
2953
2994
2950
2977
2971
2950
2988
2944
2974
2974
2960
2994
2955
2982
2964
2962
2994
2948
2980
2971
2957
2994
2950
2987
2968
2961
2982
2943
2987
2962
2970
2988
2949
2983
2964
2964
2993
2943
2991
2950
2968
2980
2950
2994
2961
2965
2975
2944
2992
2955
2967
2982
2962
2991
2953
2973
2974
2956
2988
2950
2979
2965
2956
2997
2954
2971
2966
2953
2997
2946
2979
2970
2963
2987
2950
2979
2968
2969
2980
2947
2983
2966
2971
2984
2949
2983
2959
2960
2988
2944
2988
2962
2970
2986
2944
2987
2963
2966
2978
2943
2989
2954
2967
2988
2945
2991
2951
2964
2976
2954
2994
2955
2978
2967
2950
3000
2958
2972
2970
2949
2991
2951
2976
2976
2956
2995
2942
2974
2970
2957
2991
2951
2980
2967
2961
2989
2952
2986
2961
2957
2990
2948
2985
2970
2964
2986
2942
2984
2960
2969
2988
2946
2988
2964
2964
2983
2949
2993
2953
2964
2980
2946
2989
2957
2970
2979
2946
2996
2948
2974
2971
2957
2995
2955
2974
2968
2958
2998
2948
2972
2966
2958
2994
2952
2987
2966
2953
2988
2945
2981
2972
2958
3001
2943
2982
2968
2974
2985
2945
2982
2965
2965
2987
2950
2992
2956
2962
2978
2944
2990
2962
2969
2984
2951
2985
2963
2967
2981
2946
2991
2954
2972
2977
2954
2997
2959
2959
2971
2947
2994
2957
2969
2972
2953
2992
2948
2985
2964
2951
2995
2944
2977
2969
2958
2996
2944
2972
2962
2958
2993
2947
2990
2960
2963
2986
2947
2987
2966
2959
2984
2945
2984
2963
2971
2986
2948
2981
2956
2963
2985
2945
2989
2958
2966
2980
2944
2993
2961
2960
2973
2947
2991
2961
2964
2978
2948
2987
2947
2969
2971
2957
2992
2956
2970
2966
2953
2994
2953
2972
2967
2957
2989
2949
2979
2972
2959
2987
2945
2978
2968
2962
2987
2952
2981
2965
2971
2987
2949
2982
2958
2968
2986
2944
2990
2966
2960
2980
2939
2988
2960
2965
2983
2948
2988
2954
2967
2978
2951
2988
2953
2968
2978
2948
3001
2948
2970
2970
2947
2991
2950
2974
2973
2951
2996
2954
2971
2972
2960
2986
2947
2974
2970
2956
2994
2951
2976
2966
2955
2988
2952
2983
2967
2965
2988
2941
2989
2960
2967
2981
2938
2989
2957
2966
2987
2948
2988
2956
2960
2980
2948
2991
2955
2971
2975
2951
2988
2959
2966
2974
2947
2990
2954
2969
2975
2955
2991
2949
2967
2974
2950
2995
2956
2969
2972
2955
2999
2954
2975
2965
2957
2989
2949
2982
2963
2966
2987
2942
2977
2969
2964
2988
2948
2985
2965
2969
2983
2949
2988
2960
2965
2984
2941
2989
2964
2976
2975
2941
2986
2960
2965
2982
2949
2994
2957
2968
2979
2952
2994
2951
2965
2977
2949
2993
2956
2979
2962
2949
2986
2950
2977
2969
2964
2986
2964
2985
2964
2960
2998
2944
2975
2971
2954
2992
2947
2982
2969
2952
2987
2946
2985
2964
2963
2989
2952
2977
2961
2968
2986
2950
2978
2965
2961
2983
2949
2989
2957
2961
2979
2945
2993
2958
2968
2982
2945
2991
2963
2968
2977
2945
2992
2946
2984
2985
2947
2999
2953
2965
2964
2956
2992
2955
2975
2971
2962
2985
2952
2973
2972
2955
2990
2947
2978
2965
2965
2990
2945
2974
2964
2963
2992
2949
2986
2964
2973
2981
2949
2983
2965
2964
2981
2947
2987
2959
2968
2989
2943
2988
2954
2968
2980
2954
2988
2961
2963
2977
2951
2997
2955
2965
2973
2945
3001
2945
2978
2966
2953
2989
2946
2977
2971
2958
2997
2946
2978
2969
2960
2997
2954
2974
2963
2960
2987
2949
2984
2970
2966
2979
2947
2984
2968
2964
2987
2950
2984
2961
2968
2988
2949
2985
2959
2965
2981
2946
2991
2962
2961
2976
2939
2991
2956
2968
2974
2955
2988
2956
2970
2975
2956
2994
2947
2968
2974
2951
2999
2952
2970
2967
2955
2992
2950
2975
2975
2958
2991
2949
2976
2971
2961
2988
2943
2983
2965
2960
2988
2950
2981
2959
2961
2989
2947
2987
2966
2974
2981
2947
2988
2964
2970
2974
2946
2988
2960
2965
2983
2953
2984
2953
2966
2980
2954
2994
2958
2969
2977
2944
2996
2949
2974
2964
2946
2997
2949
2973
2975
2954
2993
2949
2966
2973
2951
2999
2948
2976
2968
2962
2991
2957
2992
2958
2967
2986
2944
2982
2968
2967
2986
2944
2983
2966
2964
2988
2951
2985
2960
2969
2985
2947
2995
2954
2965
2981
2950
2990
2961
2970
2978
2947
2986
2960
2972
2977
2950
2994
2954
2973
2971
2956
2996
2950
2969
2970
2957
2994
2953
2978
2966
2959
2990
2952
2978
2970
2954
2995
2945
2978
2968
2964
2999
2936
2981
2967
2964
2987
2950
2989
2960
2960
2982
2954
2981
2963
2971
2987
2946
2986
2958
2972
2978
2947
2982
2960
2962
2983
2949
2992
2954
2965
2970
2952
2992
2958
2968
2975
2948
2990
2955
2973
2973
2947
2992
2954
2979
2967
2958
2996
2949
2970
2965
2964
2988
2952
2983
2968
2957
2989
2948
2984
2969
2958
2989
2945
2986
2965
2969
2989
2940
2980
2960
2964
2985
2945
2987
2963
2966
2979
2949
2996
2958
2965
2977
2946
2991
2954
2971
2982
2944
2987
2951
2975
2969
2956
2993
2954
2970
2968
2952
2997
2952
2975
2960
2957
2991
2950
2976
2972
2951
2986
2947
2973
2973
2958
2992
2948
2979
2967
2962
2994
2948
2981
2962
2964
2992
2938
2986
2966
2963
2981
2940
2988
2962
2970
2984
2946
2988
2960
2968
2985
2951
2991
2952
2967
2978
2951
2995
2957
2966
2971
2946
2993
2957
2970
2975
2959
2989
2955
2970
2977
2955
2987
2949
2971
2969
2957
2991
2956
2969
2965
2953
2994
2951
2979
2969
2967
2985
2945
2981
2969
2970
2988
2941
2982
2961
2965
2989
2949
2981
2959
2959
2988
2944
2995
2958
2967
2982
2944
2991
2963
2971
2978
2946
2992
2960
2967
2983
2951
2988
2946
2967
2973
2953
2992
2953
2970
2973
2951
2993
2955
2976
2964
2952
2997
2948
2975
2971
2957
2991
2942
2975
2970
2959
2990
2950
2985
2966
2961
2990
2950
2983
2959
2963
2984
2948
2986
2967
2968
2986
2947
2979
2966
2962
2988
2940
2992
2959
2963
2985
2951
2994
2958
2963
2977
2951
2991
2959
2972
2973
2948
2993
2949
2975
2976
2953
2994
2950
2969
2973
2955
2993
2949
2975
2969
2957
2994
2952
2980
2970
2952
2988
2950
2984
2968
2964
2987
2953
2975
2973
2965
2993
2942
2981
2964
2964
2987
2947
2989
2961
2966
2985
2943
2991
2968
2968
2984
2945
2985
2962
2968
2982
2947
2990
2957
2967
2977
2954
2993
2951
2968
2971
2956
2993
2953
2971
2969
2950
2993
2954
2976
2968
2952
2992
2948
2976
2975
2958
2995
2945
2974
2963
2959
2989
2948
2982
2965
2960
2987
2949
2987
2969
2968
2979
2948
2983
2963
2971
2986
2939
2982
2956
2967
2981
2950
2993
2966
2967
2986
2950
2995
2963
2959
2978
2950
2996
2951
2970
2975
2949
2988
2949
2971
2975
2955
3001
2945
2973
2968
2958
3000
2951
2974
2966
2957
2991
2947
2980
2971
2958
2985
2947
2981
2971
2964
2988
2949
2982
2963
2964
2989
2949
2980
2961
2973
2981
2945
2988
2964
2965
2975
2946
2991
2961
2974
2976
2947
2990
2953
2970
2981
2953
2989
2949
2969
2975
2949
2994
2955
2969
2966
2943
2993
2953
2973
2972
2950
2991
2953
2970
2974
2954
2992
2943
2980
2962
2958
2992
2950
2976
2963
2956
2996
2941
2991
2959
2961
2986
2940
2981
2970
2960
2983
2942
2981
2963
2964
2990
2944
2981
2955
2959
2981
2947
2992
2959
2965
2978
2941
2989
2958
2970
2976
2941
2991
2949
2970
2968
2954
2984
2952
2958
2972
2953
3000
2945
2975
2970
2949
2994
2953
2985
2960
2956
2988
2949
2982
2971
2959
2990
2945
2978
2971
2957
2992
2949
2982
2967
2960
2987
2950
2990
2957
2964
2990
2940
2986
2963
2969
2978
2944
2984
2962
2971
2977
2952
2996
2955
2964
2976
2952
2996
2950
2965
2973
2951
2994
2954
2972
2969
2945
2996
2948
2973
2972
2957
2994
2953
2971
2971
2955
2997
2944
2975
2968
2959
2993
2948
2981
2963
2957
2986
2946
2983
2966
2966
2989
2941
2984
2962
2970
2991
2943
2985
2965
2966
2986
2949
2991
2959
2961
2978
2947
2991
2961
2968
2979
2947
2986
2958
2972
2979
2947
2990
2955
2966
2973
2955
2998
2947
2968
2963
2957
2993
2952
2974
2977
2950
2991
2949
2981
2971
2961
2983
2952
2974
2971
2959
2995
2942
2979
2962
2962
2988
2952
2985
2966
2970
2983
2947
2988
2966
2963
2990
2941
2987
2960
2970
2984
2941
2984
2957
2962
2984
2954
2987
2959
2967
2977
2948
2996
2958
2964
2972
2951
2990
2958
2975
2974
2958
2983
2956
2968
2969
2955
2994
2951
2976
2969
2957
2999
2950
2982
2972
2951
2991
2950
2980
2970
2958
2983
2943
2985
2963
2968
2984
2947
2983
2960
2969
2990
2954
2988
2953
2969
2978
2947
2991
2960
2961
2979
2944
2992
2959
2974
2975
2954
2989
2958
2967
2976
2957
2984
2951
2969
2972
2948
2994
2956
2969
2969
2949
2995
2958
2970
2973
2955
2992
2948
2976
2975
2956
2992
2954
2975
2967
2959
2992
2952
2976
2961
2958
2988
2948
2986
2968
2965
2987
2942
2985
2968
2969
2982
2942
2987
2957
2970
2979
2952
2990
2956
2958
2980
2954
2992
2956
2968
2976
2949
2994
2955
2970
2974
2948
2994
2951
2974
2974
2959
2988
2948
2969
2972
2957
2995
2953
2971
2967
2955
2993
2950
2981
2964
2954
2988
2947
2986
2968
2964
2986
2940
2981
2966
2966
2986
2947
2990
2958
2965
2984
2953
2993
2957
2970
2977
2950
2984
2962
2969
2975
2943
2988
2956
2972
2974
2955
2992
2954
2973
2974
2953
2996
2954
2976
2966
2955
2998
2950
2976
2966
2951
2991
2952
2971
2969
2963
2990
2947
2977
2971
2963
2992
2945
2979
2966
2961
2988
2949
2985
2962
2960
2985
2942
2987
2971
2962
2989
2944
2986
2961
2968
2987
2946
2988
2955
2969
2975
2952
2989
2956
2963
2976
2951
2996
2957
2973
2975
2958
2988
2958
2972
2976
2952
2986
2952
2973
2968
2954
2997
2944
2970
2964
2954
3000
2947
2979
2970
2957
2992
2950
2982
2974
2951
2992
2940
2986
2965
2966
2988
2944
2981
2960
2963
2990
2941
2989
2963
2966
2988
2947
2989
2963
2968
2980
2947
2991
2957
2971
2983
2947
2986
2956
2966
2979
2959
2987
2956
2969
2970
2952
2993
2957
2968
2969
2953
2994
2952
2981
2971
2953
2987
2946
2974
2971
2959
2994
2950
2979
2968
2966
2988
2951
2978
2962
2961
2989
2945
2989
2974
2954
2984
2940
2986
2962
2969
2993
2940
2994
2960
2966
2985
2948
2988
2955
2968
2978
2951
2992
2965
2958
2972
2946
2994
2959
2967
2974
2955
2988
2952
2975
2973
2956
2989
2951
2968
2970
2957
2994
2953
2971
2965
2955
2992
2949
2978
2970
2960
2990
2953
2977
2969
2965
2981
2945
2980
2966
2966
2987
2950
2984
2958
2961
2983
2948
2988
2965
2962
2985
2945
2990
2963
2967
2974
2950
2992
2957
2967
2981
2949
2989
2949
2963
2974
2954
2994
2953
2976
2978
2945
2996
2955
2974
2967
2948
2991
2951
2980
2966
2960
2988
2944
2972
2974
2955
2995
2948
2980
2968
2958
2992
2947
2985
2961
2959
2987
2948
2980
2970
2962
2984
2940
2984
2964
2965
3000
2937
2995
2954
2965
2987
2946
2993
2958
2962
2976
2952
2985
2961
2970
2973
2948
2989
2953
2968
2975
2956
2991
2958
2966
2970
2957
2997
2946
2975
2965
2956
2991
2951
2978
2970
2949
2985
2944
2980
2967
2962
2992
2948
2980
2966
2966
2991
2949
2980
2961
2966
2987
2948
2992
2957
2963
2981
2947
2990
2964
2968
2983
2942
2987
2957
2967
2982
2947
2987
2959
2968
2977
2958
2987
2951
2968
2970
2952
2993
2953
2972
2972
2955
2989
2953
2977
2974
2944
2994
2941
2977
2972
2961
2988
2942
2971
2962
2958
2992
2948
2981
2974
2957
2991
2944
2984
2967
2960
2985
2958
2995
2955
2969
2991
2939
2986
2954
2969
2985
2947
2989
2960
2961
2980
2949
2992
2962
2961
2975
2954
2989
2954
2971
2978
2949
2988
2946
2972
2969
2957
2989
2954
2974
2965
2955
2995
2954
2970
2965
2954
2997
2947
2977
2971
2953
2987
2944
2976
2970
2962
2986
2950
2979
2966
2962
2992
2948
2982
2962
2963
2985
2944
2988
2966
2964
2979
2943
2983
2961
2968
2986
2948
2989
2957
2970
2982
2952
2994
2953
2969
2976
2952
2992
2955
2967
2970
2946
2994
2961
2970
2972
2954
2994
2956
2976
2972
2959
2997
2938
2978
2968
2953
2995
2952
2974
2967
2954
2989
2951
2981
2967
2964
2986
2952
2981
2969
2970
2977
2943
2982
2965
2966
2991
2946
2987
2957
2966
2985
2952
2988
2961
2964
2984
2942
2993
2961
2971
2975
2953
2985
2955
2971
2975
2954
2989
2951
2969
2976
2948
2995
2957
2974
2969
2954
2996
2956
2975
2970
2954
2992
2948
2977
2972
2959
2991
2935
2979
2972
2958
2992
2948
2986
2967
2962
2989
2948
2989
2962
2962
2989
2944
2990
2961
2973
2987
2937
2987
2964
2977
2983
2947
2994
2968
2962
2983
2952
2995
2955
2965
2979
2950
2993
2959
2974
2972
2948
2990
2952
2972
2971
2954
2997
2950
2982
2980
2959
2997
2944
2973
2966
2959
2995
2954
2982
2963
2961
2988
2949
2981
2970
2964
2988
2949
2982
2967
2970
2986
2944
2987
2962
2968
2986
2954
2987
2959
2967
2978
2948
2989
2960
2968
2982
2951
2987
2966
2965
2984
2946
2988
2954
2969
2976
2958
2993
2967
2961
2967
2956
2998
2952
2971
2971
2957
2991
2953
2984
2967
2954
2994
2946
2982
2965
2962
2994
2949
2973
2965
2958
2996
2946
2985
2966
2962
2991
2943
2991
2968
2966
2978
2946
2988
2964
2973
2990
2940
2985
2961
2964
2987
2950
2993
2956
2968
2972
2952
3001
2953
2965
2977
2945
2996
2950
2974
2976
2952
2988
2947
2974
2979
2951
2998
2948
2975
2965
2956
2998
2953
2969
2967
2956
2995
2941
2982
2972
2958
2988
2941
2977
2967
2963
2990
2948
2981
2964
2960
2988
2945
2980
2959
2965
2981
2942
2988
2958
2965
2970
2943
2983
2963
2966
2979
2944
2986
2956
2969
2973
2951
2990
2945
2966
2974
2946
2991
2956
2963
2964
2949
2986
2947
2973
2961
2954
2991
2947
2971
2968
2959
2977
2938
2971
2959
2953
2986
2937
2970
2958
2940
2981
2933
2973
2955
2958
2974
2932
2978
2954
2958
2963
2930
2975
2950
2951
2967
2933
2967
2940
2944
2974
2925
2979
2939
2957
2959
2933
2969
2943
2957
2955
2933
2981
2938
2955
2961
2943
2976
2937
2956
2961
2936
2987
2936
2966
2958
2941
2981
2940
2971
2958
2947
2983
2942
2974
2966
2956
2980
2943
2977
2961
2952
2983
2939
2980
2955
2959
2983
2944
2990
2952
2959
2979
2947
2980
2958
2966
2978
2938
2979
2951
2962
2978
2945
2991
2950
2962
2974
2951
2990
2950
2958
2974
2944
2992
2955
2972
2967
2954
2983
2950
2975
2969
2957
2992
2948
2974
2971
2967
3000
2939
2971
2971
2956
2991
2951
2990
2958
2956
2988
2945
2985
2965
2966
2991
2947
2982
2964
2973
2991
2946
2982
2965
2963
2986
2950
2993
2957
2960
2977
2947
2997
2956
2971
2983
2951
2991
2957
2973
2982
2946
2992
2956
2969
2972
2958
2996
2949
2973
2964
2956
2995
2952
2976
2971
2960
2992
2950
2985
2970
2956
2989
2949
2985
2966
2969
2997
2946
2986
2964
2964
2992
2948
2987
2967
2968
2986
2948
2990
2968
2967
2982
2947
2994
2959
2971
2985
2946
2988
2956
2968
2981
2951
2993
2958
2970
2978
2954
3001
2956
2969
2973
2951
2994
2955
2974
2974
2955
2985
2948
2974
2970
2958
2999
2950
2978
2971
2965
2993
2953
2983
2968
2961
2990
2950
2986
2971
2964
2985
2943
2982
2966
2964
2991
2949
2985
2963
2968
2988
2956
2988
2959
2965
2983
2953
2989
2966
2959
2979
2944
2995
2958
2969
2979
2953
2993
2954
2970
2980
2954
2991
2955
2965
2973
2955
2998
2958
2977
2960
2952
2994
2953
2976
2974
2960
2994
2950
