2339,5000
2861
3005
2873
2929
2980
2857
3014
2862
2940
2973
2859
3009
2857
2943
2968
2850
3010
2840
2946
2968
2871
3004
2814
2968
2952
2870
3013
2826
2980
2947
2887
3009
2828
2991
2940
2892
3004
2832
2998
2929
2907
3011
2834
3002
2911
2911
3004
2855
3008
2917
2912
3001
2869
3009
2894
2905
3006
2850
3017
2890
2925
2986
2859
3027
2865
2948
2981
2879
3016
2868
2949
2971
2873
3011
2853
2957
2963
2875
3009
2847
2965
2965
2866
3003
2835
2978
2954
2875
3015
2830
2982
2948
2891
3011
2830
2991
2928
2886
3018
2846
2996
2902
2898
2994
2845
3006
2904
2898
3006
2842
3019
2881
2914
2991
2852
3012
2865
2928
2979
2860
3009
2867
2918
2980
2852
3007
2863
2944
2966
2864
3013
2838
2956
2963
2867
3010
2826
2975
2963
2879
3006
2821
2973
2946
2891
3013
2825
2983
2940
2892
3003
2840
2989
2922
2901
2997
2839
2987
2918
2895
3003
2840
2994
2906
2894
2994
2851
3005
2892
2901
2995
2843
3015
2874
2917
2986
2852
3003
2882
2931
2980
2844
3014
2845
2952
2974
2864
3006
2844
2957
2961
2880
3007
2843
2962
2963
2886
3013
2826
2976
2955
2879
3002
2833
2975
2950
2883
3019
2824
2982
2935
2890
3009
2852
2990
2919
2896
3005
2839
3012
2896
2893
2999
2837
3009
2883
2912
2990
2857
3013
2873
2919
2983
2856
3010
2868
2918
2979
2856
3010
2869
2928
2971
2856
3008
2850
2944
2974
2860
3021
2828
2972
2968
2867
3000
2836
2969
2948
2878
3002
2838
2968
2939
2881
2998
2825
2992
2922
2903
3008
2822
2993
2918
2901
2999
2839
2998
2904
2894
2992
2856
3000
2886
2896
2983
2849
3003
2879
2908
2988
2838
3013
2864
2927
2972
2840
3004
2861
2928
2969
2857
3001
2843
2936
2955
2859
3016
2827
2955
2947
2852
3008
2818
2967
2946
2870
2994
2816
2975
2939
2884
2997
2831
2975
2927
2874
3005
2823
2989
2904
2890
2993
2847
2992
2896
2887
2996
2836
3001
2893
2898
2990
2837
3003
2868
2900
2977
2852
3007
2868
2915
2977
2861
3002
2854
2922
2961
2863
3007
2849
2940
2971
2842
3012
2821
2961
2953
2856
2996
2826
2954
2961
2861
3006
2813
2958
2937
2875
3002
2827
2973
2934
2870
2998
2821
2984
2901
2888
2998
2825
2992
2899
2883
2996
2818
3005
2882
2895
2988
2830
2998
2875
2895
2982
2843
3012
2857
2917
2974
2857
3000
2860
2926
2982
2859
2999
2847
2943
2958
2863
3004
2832
2943
2965
2849
3006
2825
2962
2950
2869
2998
2826
2969
2947
2865
3000
2819
2981
2921
2886
2998
2818
2981
2908
2887
2997
2819
2993
2900
2893
2992
2838
2996
2893
2884
2992
2832
3003
2871
2915
2979
2841
2995
2852
2912
2970
2857
2998
2857
2918
2959
2850
3002
2848
2930
2961
2853
2996
2834
2946
2959
2842
3001
2807
2960
2944
2868
2998
2819
2963
2940
2871
3001
2819
2972
2919
2875
2990
2821
2983
2910
2883
2987
2823
2984
2889
2901
2992
2821
2996
2886
2886
2994
2837
2990
2879
2899
2982
2828
3009
2861
2902
2974
2827
3011
2852
2926
2969
2837
2999
2846
2933
2968
2852
2997
2836
2947
2961
2845
2998
2831
2952
2947
2848
3003
2814
2967
2939
2872
2997
2818
2972
2923
2882
2992
2830
2976
2913
2884
2995
2836
2978
2902
2880
3000
2832
2998
2887
2898
2989
2821
3005
2875
2893
2988
2832
2998
2869
2900
2985
2840
2999
2859
2921
2972
2852
3009
2846
2924
2961
2852
3002
2844
2945
2963
2848
3006
2826
2962
2955
2870
2998
2824
2960
2943
2863
3006
2817
2983
2929
2888
2997
2831
2978
2908
2887
2995
2840
2982
2912
2888
2999
2825
3000
2884
2902
2989
2838
3006
2886
2892
2990
2837
3010
2860
2918
2982
2838
2997
2865
2918
2961
2855
2996
2862
2937
2964
2841
3008
2840
2945
2958
2850
3010
2815
2951
2949
2863
2998
2827
2969
2942
2864
2995
2822
2968
2933
2888
3002
2809
2969
2924
2875
3002
2815
2986
2898
2890
2998
2836
2989
2892
2884
2992
2829
3006
2870
2896
2986
2837
3009
2868
2902
2972
2840
2997
2861
2913
2975
2857
3003
2860
2926
2961
2853
2999
2844
2946
2953
2844
3006
2819
2949
2956
2859
2995
2811
2969
2940
2874
2999
2823
2964
2940
2871
3010
2817
2974
2927
2873
3003
2825
2992
2905
2891
2995
2825
3002
2891
2890
2997
2840
2997
2896
2907
2990
2842
3021
2879
2918
2984
2865
3013
2873
2920
2983
2856
3005
2863
2935
2986
2854
3013
2841
2957
2970
2868
3015
2837
2966
2964
2877
3010
2843
2962
2961
2875
3010
2821
2989
2947
2886
2999
2841
2986
2927
2890
2999
2836
2992
2910
2898
3005
2844
2998
2906
2899
3005
2844
3003
2899
2899
2999
2845
3013
2879
2916
2988
2856
3007
2877
2920
2985
2858
3019
2858
2945
2972
2874
3012
2860
2949
2965
2860
3019
2853
2965
2974
2878
3009
2842
2974
2959
2878
3019
2838
2978
2961
2889
3026
2837
2994
2933
2899
3011
2848
3002
2917
2915
3008
2835
3009
2906
2913
3005
2843
3003
2888
2911
2998
2867
3005
2884
2908
3004
2859
3011
2889
2918
2986
2850
3014
2854
2933
2978
2854
3014
2846
2952
2965
2857
3011
2826
2964
2956
2878
3017
2828
2979
2952
2878
3006
2841
2974
2938
2889
3000
2835
2978
2939
2885
2997
2832
2983
2924
2892
2999
2842
2994
2911
2892
2996
2837
3016
2888
2905
2993
2850
3007
2893
2907
2990
2839
3018
2866
2912
2985
2857
3010
2866
2932
2981
2854
3024
2837
2950
2964
2865
3007
2843
2960
2955
2855
3006
2824
2969
2951
2875
3002
2839
2971
2948
2884
3003
2829
2975
2928
2890
3000
2844
2983
2907
2895
2998
2844
2991
2906
2897
3001
2834
3005
2890
2908
2992
2847
3009
2886
2904
2991
2849
3022
2869
2915
2977
2850
3003
2851
2941
2968
2855
3007
2853
2943
2979
2853
3002
2829
2964
2961
2880
3009
2814
2971
2945
2875
3008
2827
2977
2943
2886
2998
2843
2976
2943
2875
3006
2821
2988
2911
2899
2997
2827
2985
2906
2890
2994
2852
2996
2898
2896
3000
2835
3011
2878
2904
2989
2836
3001
2883
2912
2986
2846
3009
2850
2922
2976
2853
3011
2844
2951
2964
2848
3011
2835
2953
2949
2852
3006
2824
2962
2961
2854
3005
2810
2968
2951
2878
2996
2829
2969
2933
2876
3004
2819
2989
2905
2878
3002
2820
2987
2895
2893
2986
2817
3001
2886
2902
2991
2842
3004
2881
2898
2992
2842
3007
2860
2922
2974
2849
3005
2852
2922
2962
2848
3007
2853
2935
2959
2858
3011
2827
2944
2955
2863
3000
2826
2957
2946
2868
3000
2830
2959
2945
2860
3005
2814
2978
2930
2882
2997
2838
2976
2930
2893
2996
2813
2998
2896
2883
3001
2823
2991
2885
2876
2994
2834
2997
2885
2894
2980
2829
3011
2870
2915
2974
2835
3003
2863
2921
2970
2850
3007
2834
2936
2965
2866
3002
2834
2946
2960
2859
3003
2835
2955
2956
2858
3005
2819
2968
2946
2880
2994
2818
2962
2933
2871
3001
2808
2979
2907
2881
2992
2828
2984
2893
2884
2989
2823
3003
2886
2891
2991
2835
2994
2871
2903
2984
2834
3006
2866
2907
2984
2852
3002
2847
2926
2970
2853
3004
2861
2930
2972
2844
3008
2832
2934
2963
2843
2994
2823
2942
2952
2848
2986
2806
2947
2928
2867
2987
2814
2967
2927
2869
2986
2807
2969
2924
2880
2996
2820
2971
2908
2878
2996
2804
2994
2879
2888
2988
2825
3002
2866
2888
2986
2838
2997
2863
2899
2988
2832
3006
2859
2920
2974
2843
3004
2838
2936
2962
2847
3008
2833
2931
2958
2845
3003
2836
2949
2961
2852
3009
2816
2968
2950
2860
3005
2821
2981
2946
2874
3008
2815
2976
2920
2882
3000
2830
2982
2918
2883
2991
2847
2993
2909
2888
2990
2844
2996
2897
2899
3007
2840
3007
2868
2915
2980
2848
3001
2868
2906
2980
2840
3017
2854
2935
2962
2844
3011
2850
2947
2971
2867
3000
2834
2952
2965
2866
3002
2832
2957
2956
2861
3013
2816
2960
2946
2866
3005
2817
2980
2929
2867
3001
2816
2994
2910
2893
2999
2834
2994
2915
2886
3003
2831
3000
2885
2899
2989
2845
3005
2874
2890
2989
2840
3001
2872
2907
2985
2840
3013
2854
2929
2978
2858
3005
2852
2935
2973
2851
3011
2842
2946
2962
2851
2999
2837
2956
2950
2858
3012
2817
2979
2943
2888
2995
2828
2972
2939
2874
3004
2824
2984
2907
2886
2996
2832
2991
2905
2900
2994
2838
2992
2896
2892
2998
2829
3006
2875
2912
2990
2846
2994
2869
2902
2979
2857
3005
2852
2933
2968
2857
3002
2847
2938
2956
2853
3000
2842
2944
2966
2860
3003
2821
2958
2952
2852
3005
2821
2960
2940
2857
2995
2827
2968
2940
2866
3007
2811
2987
2914
2886
2999
2807
2990
2900
2893
2994
2846
2993
2896
2888
2998
2835
3008
2871
2888
2982
2850
3001
2877
2906
2992
2837
3007
2851
2916
2967
2850
3004
2853
2927
2971
2844
3012
2829
2952
2963
2844
3008
2826
2952
2956
2859
2997
2826
2961
2957
2868
2995
2812
2972
2934
2882
2997
2824
2971
2937
2878
3002
2824
2990
2902
2876
2995
2833
2987
2907
2893
2998
2838
3004
2884
2902
2987
2840
2998
2878
2898
2988
2841
3009
2860
2902
2978
2842
3019
2847
2935
2969
2861
3007
2835
2946
2964
2854
3001
2820
2946
2951
2854
3010
2813
2956
2953
2864
2999
2812
2975
2940
2878
2997
2827
2977
2933
2874
3000
2814
2988
2906
2884
3002
2828
2991
2899
2888
2993
2852
2994
2896
2890
3002
2842
3002
2882
2897
2991
2836
3009
2860
2920
2972
2852
2999
2844
2939
2966
2845
3012
2842
2933
2968
2848
3013
2832
2941
2958
2849
3016
2822
2956
2955
2866
2996
2824
2966
2955
2871
3012
2817
2980
2927
2893
2996
2834
2981
2916
2888
3001
2826
2996
2903
2895
2996
2829
3003
2884
2902
2992
2842
3013
2878
2905
2988
2849
3006
2879
2908
2983
2851
3009
2852
2932
2966
2859
3003
2852
2936
2977
2852
3010
2835
2944
2964
2865
3005
2828
2959
2955
2868
3004
2833
2962
2949
2862
3008
2818
2974
2934
2881
2994
2828
2981
2924
2877
3002
2822
2995
2901
2882
3004
2833
3000
2883
2894
2999
2833
3006
2886
2901
2991
2837
3001
2886
2904
2984
2839
3013
2854
2928
2972
2854
3004
2835
2922
2970
2845
3006
2843
2945
2962
2858
2998
2836
2958
2955
2860
2997
2823
2968
2952
2864
2992
2823
2964
2941
2874
3003
2813
2989
2914
2886
2994
2841
2985
2911
2879
2992
2822
2997
2901
2889
2987
2828
2996
2888
2897
2992
2844
3007
2861
2911
2981
2852
3005
2865
2918
2980
2845
3016
2846
2938
2961
2845
3009
2836
2937
2959
2861
3001
2837
2948
2969
2862
2999
2836
2953
2955
2862
3005
2820
2974
2939
2865
2999
2822
2980
2923
2884
2993
2830
2975
2913
2899
2995
2831
2987
2887
2896
2994
2843
2998
2874
2894
2986
2843
2998
2880
2909
2982
2847
3009
2862
2918
2973
2857
3008
2848
2938
2967
2865
3005
2843
2939
2959
2855
3000
2839
2949
2970
2853
3009
2824
2967
2952
2868
2995
2826
2966
2940
2887
2997
2821
2972
2930
2877
2993
2834
2978
2916
2881
3001
2821
2996
2901
2902
2988
2849
3002
2884
2903
2988
2838
3001
2877
2901
2981
2857
3005
2875
2907
2988
2839
3012
2858
2912
2965
2852
3005
2849
2939
2970
2845
3013
2823
2950
2957
2872
3004
2832
2959
2946
2873
3004
2817
2967
2943
2875
3009
2815
2984
2931
2867
3002
2812
2984
2916
2882
3002
2826
2993
2900
2904
2997
2840
2992
2879
2885
2996
2834
3003
2884
2886
2986
2838
3006
2873
2923
2981
2836
3001
2851
2933
2974
2848
3010
2845
2939
2965
2858
3006
2850
2941
2963
2847
3007
2835
2953
2953
2870
3000
2812
2970
2948
2864
3012
2820
2965
2944
2872
3008
2823
2988
2911
2881
2993
2843
2984
2903
2898
2992
2845
2996
2912
2891
2987
2850
3006
2881
2905
2990
2858
3005
2874
2896
2994
2844
3003
2859
2926
2975
2852
3008
2845
2942
2962
2851
3008
2845
2943
2968
2865
2998
2832
2948
2951
2868
3003
2841
2966
2951
2874
2999
2831
2971
2944
2870
3008
2818
2978
2932
2876
2995
2828
2982
2903
2896
2997
2836
2999
2894
2897
3003
2833
3005
2885
2889
2995
2842
2999
2870
2915
2986
2829
3009
2865
2916
2980
2837
3013
2850
2942
2977
2850
3019
2833
2931
2960
2849
3010
2842
2955
2949
2863
2997
2829
2962
2949
2872
2999
2830
2966
2950
2874
2998
2837
2974
2930
2881
2995
2834
2984
2918
2878
3008
2827
3003
2902
2908
3002
2830
3008
2882
2905
2994
2839
2997
2882
2900
2991
2847
3011
2868
2924
2977
2853
3005
2863
2925
2976
2846
3014
2844
2936
2961
2856
3003
2841
2950
2953
2858
3009
2813
2951
2945
2872
2998
2834
2967
2952
2869
3004
2823
2982
2934
2880
3003
2821
2989
2909
2893
3001
2833
2984
2905
2885
2994
2840
2999
2892
2900
2991
2843
3002
2893
2891
2990
2837
3011
2861
2928
2983
2836
3009
2844
2932
2970
2845
3013
2848
2949
2961
2860
3009
2830
2954
2966
2854
3011
2820
2959
2965
2856
2996
2822
2970
2950
2877
3001
2831
2975
2939
2876
3007
2823
2978
2920
2886
3011
2821
2995
2916
2897
2994
2834
2998
2896
2896
2998
2837
3009
2873
2907
2991
2853
3001
2876
2915
2992
2844
3015
2864
2924
2974
2846
3006
2863
2937
2965
2861
3007
2843
2953
2966
2860
2998
2813
2965
2951
2872
3004
2842
2959
2955
2861
3012
2815
2980
2930
2893
3013
2830
2989
2913
2890
2995
2832
2985
2916
2884
2996
2851
2989
2893
2887
2998
2835
2999
2876
2893
2998
2841
3006
2873
2914
2984
2834
3012
2854
2936
2973
2859
3002
2851
2932
2973
2849
3010
2843
2948
2955
2864
3009
2831
2964
2952
2869
3000
2830
2962
2953
2864
3010
2826
2968
2939
2878
3004
2830
2981
2923
2887
2997
2838
2986
2907
2888
2990
2825
3001
2888
2911
2986
2829
3003
2885
2901
2982
2846
3011
2863
2901
2976
2851
3013
2845
2923
2970
2853
3006
2850
2938
2968
2840
3007
2831
2953
2958
2868
3002
2841
2960
2950
2869
2999
2821
2957
2950
2861
3002
2817
2978
2925
2882
2992
2822
2982
2913
2882
3002
2815
2988
2906
2895
2994
2820
2984
2891
2895
2991
2830
3011
2864
2902
2983
2839
3013
2865
2916
2976
2849
3000
2863
2920
2978
2840
3004
2837
2928
2968
2843
3017
2825
2939
2967
2858
3009
2824
2963
2953
2869
3005
2831
2967
2955
2859
2996
2823
2976
2935
2883
2996
2822
2968
2906
2896
2999
2835
2990
2921
2894
2996
2848
2993
2907
2887
2994
2830
3007
2873
2914
2986
2852
3005
2859
2912
2980
2852
3008
2868
2925
2982
2850
3015
2852
2929
2980
2858
3008
2847
2947
2969
2862
3008
2819
2958
2965
2887
3010
2841
2966
2963
2878
3021
2834
2981
2936
2890
3007
2839
2982
2932
2884
2994
2834
2991
2905
2901
3015
2836
3006
2898
2910
2999
2863
3008
2898
2918
2999
2860
3015
2888
2920
2987
2841
3018
2864
2923
2984
2850
3019
2854
2945
2970
2866
3014
2846
2959
2963
2870
3008
2846
2960
2959
2865
3011
2825
2964
2966
2879
3004
2832
2977
2948
2890
3003
2820
2982
2932
2881
3012
2833
2998
2904
2904
2999
2857
2998
2898
2908
2998
2849
3008
2898
2906
2998
2847
3017
2895
2917
2997
2850
3016
2867
2941
2982
2863
3022
2859
2950
2974
2874
3011
2860
2960
2973
2865
3016
2843
2959
2973
2874
3016
2830
2984
2965
2886
3016
2838
2977
2946
2895
3010
2857
2991
2939
2896
3005
2840
3002
2918
2915
3000
2838
3007
2908
2904
3001
2868
3011
2903
2911
3007
2855
3014
2892
2917
2989
2854
3021
2873
2939
2980
2862
3012
2871
2956
2973
2868
3012
2857
2952
2965
2864
3010
2850
2961
2969
2875
3013
2835
2984
2955
2879
3005
2825
2973
2958
2881
3011
2825
2989
2938
2887
3013
2835
2987
2913
2905
3002
2858
2997
2908
2888
3001
2847
3012
2890
2913
2997
2855
3005
2886
2912
2999
2846
3015
2863
2921
2977
2856
3018
2849
2939
2968
2851
3020
2853
2949
2963
2859
3003
2844
2958
2968
2857
3012
2826
2974
2953
2881
3009
2830
2975
2933
2886
3002
2838
2979
2922
2902
3005
2830
2985
2921
2889
2994
2843
2997
2905
2898
3005
2832
3008
2878
2904
2997
2850
3007
2873
2918
2981
2857
3006
2871
2922
2977
2856
3009
2862
2934
2978
2850
3010
2841
2950
2971
2860
3002
2837
2960
2960
2880
3006
2836
2960
2956
2870
2996
2821
2983
2940
2870
3010
2821
2973
2938
2889
3004
2834
2983
2907
2893
3003
2849
2988
2906
2892
3003
2830
3008
2895
2900
3000
2829
3006
2883
2909
2991
2846
3002
2875
2918
2983
2855
3006
2868
2935
2968
2860
3013
2847
2948
2957
2857
3008
2840
2956
2967
2869
3002
2816
2958
2949
2884
2997
2827
2969
2954
2880
3005
2818
2984
2919
2886
2999
2836
2985
2925
2889
2995
2831
2990
2903
2901
2999
2824
2999
2892
2898
2997
2837
2998
2875
2910
2984
2851
3009
2861
2925
2978
2853
3010
2854
2937
2967
2865
3003
2853
2939
2965
2866
3002
2834
2948
2962
2855
3006
2829
2959
2965
2863
3014
2824
2975
2952
2872
3009
2825
2972
2945
2885
2993
2830
2979
2921
2892
3003
2837
2997
2898
2905
2994
2852
2998
2892
2896
2989
2843
3004
2873
2900
2990
2835
