2378,5000
2834
2992
2908
2893
3000
2832
3002
2879
2909
3000
2850
3003
2876
2910
2983
2856
3013
2866
2921
2975
2853
3023
2851
2926
2974
2844
3012
2840
2942
2970
2855
3014
2830
2967
2956
2870
3007
2828
2962
2955
2860
3011
2845
2977
2947
2869
2996
2832
2977
2928
2878
3016
2834
2986
2923
2890
3007
2830
2994
2904
2888
3001
2839
3005
2892
2894
2995
2839
3008
2871
2913
2989
2858
3002
2876
2914
2989
2842
3008
2860
2932
2972
2861
3016
2840
2937
2970
2853
3009
2844
2952
2966
2853
3014
2823
2967
2961
2866
2998
2829
2968
2942
2890
3001
2840
2979
2937
2881
3006
2819
2990
2916
2893
3000
2839
2989
2911
2892
3010
2842
2996
2905
2896
2995
2844
2999
2889
2901
2996
2840
3013
2868
2925
2980
2861
3006
2867
2920
2980
2849
3016
2848
2952
2967
2862
3004
2842
2946
2976
2865
3010
2822
2962
2950
2873
3004
2823
2962
2943
2885
3001
2819
2984
2943
2881
2998
2837
2976
2931
2885
3006
2821
2992
2901
2897
3004
2841
2989
2906
2896
2991
2847
3001
2886
2915
2982
2852
3001
2883
2906
2991
2845
3003
2867
2917
2983
2853
3015
2846
2939
2967
2848
3014
2849
2951
2962
2868
3008
2825
2970
2964
2865
3000
2828
2964
2948
2877
3005
2828
2972
2936
2872
3007
2819
2983
2918
2885
3006
2828
2981
2910
2892
3003
2822
3000
2901
2910
2992
2840
3003
2896
2898
2998
2848
3004
2876
2909
2986
2852
3007
2886
2924
2982
2842
3016
2857
2944
2968
2853
3007
2851
2946
2973
2852
3006
2837
2945
2967
2864
3012
2820
2962
2963
2874
3009
2820
2976
2944
2865
3008
2820
2981
2939
2878
3005
2814
2994
2913
2894
3000
2838
2989
2911
2890
3012
2841
3007
2892
2905
2990
2847
3007
2896
2904
2992
2837
3010
2882
2920
2981
2850
3022
2858
2932
2975
2863
3008
2856
2934
2964
2861
3009
2850
2953
2957
2863
3005
2838
2961
2967
2865
3011
2826
2972
2958
2871
3011
2825
2973
2945
2882
3008
2836
2981
2937
2884
2994
2844
2997
2909
2902
3002
2837
2992
2902
2903
2993
2845
3003
2889
2909
2990
2853
3008
2887
2901
2987
2845
3017
2862
2929
2982
2866
3008
2870
2936
2978
2854
3012
2849
2951
2967
2875
3009
2838
2954
2963
2864
3019
2823
2973
2959
2880
3000
2834
2978
2961
2888
3009
2824
2994
2935
2897
3006
2833
2991
2923
2890
3001
2845
2995
2909
2904
2995
2849
3003
2890
2905
2997
2846
3002
2885
2910
2985
2860
3006
2859
2930
2980
2860
3008
2868
2930
2981
2856
3010
2860
2945
2972
2857
3017
2832
2961
2968
2854
3002
2817
2976
2955
2881
3006
2821
2977
2946
2873
3009
2835
2982
2931
2891
3002
2836
2987
2929
2886
3006
2830
2988
2903
2899
3005
2839
3004
2884
2910
2998
2840
3016
2891
2898
2999
2842
3021
2878
2903
2986
2839
3013
2863
2918
2976
2854
3012
2841
2951
2966
2852
3013
2832
2944
2965
2854
3011
2825
2963
2953
2874
3012
2824
2971
2956
2882
3005
2817
2980
2940
2873
2997
2829
2976
2928
2883
3005
2831
2989
2915
2886
3003
2833
3005
2891
2887
2994
2835
3004
2886
2891
2990
2831
3008
2862
2916
2980
2838
3005
2844
2915
2966
2861
3009
2847
2931
2958
2848
3002
2840
2932
2956
2843
2998
2809
2949
2946
2843
2994
2802
2951
2945
2871
2990
2817
2960
2939
2858
2993
2805
2967
2920
2865
3005
2813
2972
2911
2877
2994
2811
2983
2896
2877
2990
2831
3001
2874
2887
2993
2834
3005
2866
2900
2976
2840
3001
2870
2909
2978
2835
3006
2849
2920
2977
2844
3013
2842
2943
2971
2855
3002
2836
2947
2961
2856
2998
2820
2964
2942
2873
2996
2825
2970
2942
2876
2997
2828
2972
2939
2894
2998
2828
2982
2923
2889
3002
2837
2991
2903
2890
2988
2833
2996
2894
2893
2994
2833
2993
2890
2895
2993
2837
3008
2867
2914
2982
2839
3013
2849
2931
2968
2858
3003
2840
2949
2961
2855
3004
2841
2949
2957
2843
3005
2823
2960
2952
2879
3003
2820
2966
2938
2871
2998
2826
2971
2930
2882
3003
2816
2981
2924
2882
3006
2814
2988
2907
2894
2996
2840
2986
2896
2887
2994
2840
2998
2880
2900
2983
2845
2999
2877
2895
2977
2852
2999
2871
2909
2980
2838
2996
2860
2927
2961
2863
3009
2837
2944
2957
2864
3001
2847
2942
2956
2859
3002
2824
2961
2956
2858
3009
2810
2963
2936
2877
3011
2818
2972
2931
2876
3004
2823
2983
2911
2888
2998
2819
2992
2909
2882
2987
2835
2992
2892
2894
2995
2845
3008
2868
2909
2984
2848
2995
2870
2905
2982
2846
3010
2850
2931
2964
2849
3004
2861
2932
2972
2849
3013
2827
2940
2966
2853
3006
2819
2961
2948
2860
3009
2819
2968
2937
2870
2998
2825
2969
2939
2877
3003
2817
2981
2926
2877
3001
2821
2991
2913
2882
3006
2826
2990
2894
2886
3000
2829
3006
2878
2912
2985
2849
3003
2881
2904
2989
2841
3006
2851
2910
2975
2854
3002
2851
2924
2975
2848
3019
2834
2937
2965
2864
3012
2828
2961
2951
2855
3008
2819
2971
2951
2874
2998
2825
2966
2947
2873
2997
2830
2976
2920
2893
2998
2843
2986
2917
2882
2994
2822
2999
2908
2892
2998
2833
2994
2880
2904
2990
2833
3001
2880
2897
2983
2850
3007
2856
2910
2979
2850
3009
2854
2934
2967
2841
3011
2842
2952
2972
2854
3014
2832
2948
2965
2866
3009
2817
2962
2951
2863
3009
2826
2964
2951
2863
3003
2813
2980
2931
2888
2997
2821
2985
2915
2902
2999
2830
2985
2911
2889
3001
2827
3009
2899
2886
2988
2845
3002
2899
2895
2996
2838
3008
2876
2916
2984
2851
3001
2869
2916
2979
2868
3013
2851
2944
2961
2865
3003
2844
2940
2972
2872
3002
2848
2952
2964
2854
2997
2833
2960
2957
2868
3009
2822
2963
2945
2871
3008
2823
2986
2927
2890
2996
2831
2990
2931
2894
2994
2834
2997
2913
2891
3002
2824
2995
2889
2895
2991
2851
3004
2883
2902
2995
2840
3012
2875
2913
2975
2853
3005
2870
2925
2981
2842
3011
2838
2947
2962
2860
3002
2844
2961
2971
2861
3002
2836
2957
2947
2872
3006
2815
2976
2945
2877
2996
2827
2978
2943
2884
3000
2819
2993
2931
2883
3006
2833
2991
2903
2896
3001
2848
2997
2893
2890
2995
2833
2998
2890
2903
2993
2860
3006
2864
2919
2982
2856
3005
2854
2919
2979
2847
3017
2852
2944
2961
2855
3009
2848
2952
2960
2854
3011
2826
2967
2959
2873
3004
2835
2963
2962
2866
3005
2836
2970
2929
2883
3005
2835
2977
2932
2889
3006
2827
2994
2926
2885
2993
2834
2996
2902
2896
2993
2849
3005
2878
2904
2990
2859
3005
2885
2906
2992
2838
3015
2872
2933
2974
2849
3011
2846
2936
2971
2848
3013
2837
2942
2969
2866
3021
2843
2952
2973
2866
3003
2835
2960
2948
2857
3007
2825
2963
2954
2870
3005
2817
2981
2930
2890
2999
2845
2986
2925
2884
3006
2834
2998
2897
2890
3000
2826
2998
2895
2898
2997
2834
2995
2895
2899
2995
2844
3014
2863
2917
2981
2855
3008
2862
2922
2979
2849
3013
2845
2953
2963
2844
3017
2835
2954
2965
2852
3010
2819
2960
2961
2868
2999
2823
2969
2952
2877
3003
2829
2975
2941
2870
3005
2822
2984
2929
2889
2996
2833
2986
2903
2892
3002
2836
2989
2900
2891
2997
2843
3008
2875
2886
2994
2836
3011
2871
2913
2982
2837
3003
2867
2925
2977
2849
3005
2857
2921
2964
2859
3006
2849
2935
2958
2848
3012
2838
2953
2965
2857
3008
2822
2965
2949
2857
3006
2818
2967
2949
2883
3001
2827
2970
2922
2886
3000
2820
2979
2919
2887
3003
2828
2995
2899
2893
2992
2835
2990
2903
2890
2992
2839
2997
2879
2900
2982
2857
3004
2877
2911
2973
2853
3008
2854
2927
2969
2845
3012
2850
2942
2973
2847
2999
2842
2947
2969
2856
3004
2837
2957
2950
2873
3005
2819
2969
2940
2866
3008
2818
2973
2943
2873
3001
2826
2981
2928
2891
3000
2838
2988
2915
2893
3013
2834
3002
2892
2894
3010
2854
3002
2896
2897
2994
2836
3008
2882
2909
2992
2841
3006
2859
2926
2987
2843
3013
2854
2938
2968
2865
3012
2855
2943
2966
2845
3013
2834
2961
2960
2858
3010
2830
2964
2962
2865
3010
2820
2964
2950
2868
3010
2828
2980
2931
2881
3004
2832
2981
2915
2895
2998
2834
2993
2910
2897
2991
2850
2997
2896
2899
2990
2859
3008
2877
2892
2982
2852
3006
2870
2928
2981
2850
3014
2859
2930
2973
2840
3012
2847
2933
2968
2862
3004
2838
2943
2968
2859
3004
2824
2969
2950
2878
3005
2837
2969
2952
2866
3006
2819
2985
2935
2888
3001
2826
2977
2924
2886
3007
2829
2997
2904
2896
2999
2842
3002
2892
2888
2995
2845
3005
2879
2915
2988
2844
3004
2877
2914
2990
2852
3008
2870
2920
2984
2851
3017
2850
2939
2968
2859
3010
2857
2955
2957
2851
3011
2830
2951
2969
2860
3004
2832
2962
2960
2872
3008
2824
2964
2947
2891
3008
2827
2987
2920
2884
2997
2845
2991
2912
2903
2998
2840
2992
2906
2889
3002
2824
3010
2884
2902
2991
2852
3002
2883
2897
2991
2849
3011
2878
2909
2976
2840
3015
2862
2935
2988
2846
3019
2843
2945
2966
2872
3006
2842
2945
2971
2853
3006
2821
2957
2962
2878
3001
2834
2970
2955
2871
3005
2829
2979
2928
2888
3004
2815
2992
2913
2881
3008
2829
2995
2908
2907
2997
2829
2996
2914
2894
2998
2847
3003
2892
2903
2998
2840
3004
2875
2903
2993
2846
3007
2865
2933
2975
2854
3026
2854
2950
2975
2866
3014
2838
2944
2964
2866
3002
2836
2952
2961
2873
3005
2840
2968
2952
2884
3006
2838
2978
2951
2885
3008
2838
2985
2944
2893
3002
2824
2995
2921
2914
3004
2848
2996
2917
2906
2999
2862
3005
2898
2920
2995
2853
3011
2893
2911
2987
2846
3019
2878
2939
2990
2865
3016
2868
2941
2981
2861
3022
2849
2959
2983
2854
3018
2845
2963
2967
2867
3009
2842
2965
2966
2887
3011
2839
2987
2956
2890
3005
2838
2985
2940
2892
3007
2850
2981
2934
2883
3012
2835
2990
2925
2896
3015
2836
3000
2903
2914
3000
2853
3009
2893
2915
2998
2867
3008
2888
2906
2996
2850
3023
2868
2933
2991
2865
3012
2859
2945
2971
2861
3019
2845
2961
2969
2858
3019
2832
2952
2968
2867
3005
2837
2967
2950
2862
3014
2826
2967
2951
2875
2999
2834
2978
2945
2887
3000
2838
2989
2928
2892
3010
2836
2998
2906
2910
3003
2838
3008
2888
2891
3001
2846
3015
2885
2920
2989
2852
3010
2882
2935
2992
2849
3017
2860
2919
2982
2853
3013
2854
2937
2964
2865
3014
2853
2958
2963
2873
3005
2827
2964
2967
2863
3015
2821
2969
2959
2868
3012
2827
2966
2946
2877
3005
2836
2981
2931
2883
3006
2828
3004
2911
2902
3004
2844
2997
2910
2910
2999
2846
3005
2897
2903
3001
2851
3024
2874
2915
2989
2857
3010
2881
2925
2993
2855
3020
2866
2946
2983
2849
3024
2856
2951
2965
2877
3009
2841
2957
2960
2871
3010
2848
2965
2958
2881
3010
2844
2982
2965
2882
3015
2844
2986
2953
2896
3019
2846
2987
2921
2903
3010
2837
2999
2923
2902
3007
2855
3010
2914
2904
3000
2849
3020
2896
2934
3005
2874
3020
2894
2927
3002
2872
3022
2885
2940
2983
2873
3024
2865
2955
2981
2876
3026
2853
2962
2987
2876
3019
2854
2972
2976
2894
3032
2853
2983
2977
2894
3034
2866
2991
2967
2893
3023
2846
2997
2951
2903
3013
2839
3007
2931
2916
3016
2853
3017
2920
2932
3014
2862
3021
2905
2922
3000
2863
3016
2901
2914
2998
2850
3009
2886
2921
2984
2867
3014
2882
2949
2987
2873
3014
2864
2950
2983
2876
3019
2860
2959
2974
2870
3020
2841
2966
2971
2880
3022
2838
2978
2959
2899
3012
2847
2994
2957
2898
3024
2847
3008
2930
2906
3013
2854
3002
2923
2912
3005
2843
3013
2904
2916
3001
2854
3012
2900
2909
3004
2861
3018
2883
2921
2996
2868
3014
2883
2935
2993
2864
3017
2877
2950
2984
2863
3025
2855
2960
2972
2874
3021
2840
2968
2967
2893
3017
2845
2969
2964
2888
3014
2844
2986
2952
2893
3009
2855
2987
2951
2897
3015
2835
3000
2926
2904
3014
2851
3011
2913
2902
3005
2864
3010
2903
2922
2999
2859
3015
2890
2918
3007
2853
3019
2873
2934
2987
2864
3020
2873
2937
2979
2868
3025
2848
2955
2974
2863
3020
2853
2965
2970
2861
3016
2836
2969
2969
2875
3007
2839
2977
2967
2877
3005
2821
2975
2950
2886
3004
2844
2995
2924
2894
3012
2836
2998
2927
2918
3007
2844
3010
2902
2915
3001
2859
3005
2903
2903
2993
2858
3010
2881
2912
2980
2863
3014
2879
2932
2991
2861
3010
2860
2953
2979
2865
3013
2846
2955
2965
2876
3014
2854
2961
2972
2889
3015
2838
2977
2973
2886
3020
2842
2989
2953
2896
3004
2830
2997
2938
2895
3013
2830
2986
2926
2896
3016
2846
3009
2914
2915
3014
2862
3012
2914
2912
2998
2849
3019
2895
2921
2998
2848
3011
2882
2922
3000
2855
3023
2878
2940
2987
2871
3023
2868
2950
2987
2860
3014
2850
2960
2975
2859
3017
2826
2960
2955
2888
3009
2840
2977
2961
2889
3017
2847
2981
2939
2891
3014
2854
2985
2925
2898
3001
2839
2997
2906
2899
3015
2836
3007
2893
2910
3003
2847
3014
2887
2924
2994
2860
3013
2882
2926
2984
2857
3013
2867
2945
2986
2852
3018
2859
2953
2976
2874
3016
2861
2959
2981
2869
3029
2848
2973
2969
2881
3014
2838
2984
2971
2882
3010
2846
2981
2964
2887
3021
2829
2993
2942
2901
3011
2851
2992
2928
2903
3008
2856
3001
2926
2905
3018
2850
3024
2903
2925
2995
2854
3010
2889
2907
2993
2840
3012
2860
2927
2977
2860
3014
2872
2941
2992
2858
3029
2858
2961
2973
2875
3011
2854
2959
2966
2875
3008
2838
2966
2962
2879
3021
2827
2986
2951
2887
3011
2832
2998
2946
2883
3004
2834
2979
2923
2882
2999
2813
2984
2897
2873
2995
2824
2989
2894
2892
2997
2856
3005
2890
2903
2995
2856
3005
2879
2918
2977
2848
3005
2864
2915
2985
2848
3003
2863
2926
2972
2862
3012
2845
2949
2963
2857
3015
2836
2967
2954
2868
3003
2827
2964
2941
2861
2998
2821
2968
2941
2876
3001
2832
2978
2934
2884
3008
2836
2997
2907
2904
2994
2848
2994
2909
2892
2999
2839
2999
2883
2902
2992
2839
2997
2878
2906
2991
2845
3010
2849
2908
2980
2847
3004
2860
2927
2976
2842
3009
2845
2946
2971
2848
3013
2834
2958
2954
2878
3006
2817
2966
2950
2874
3012
2835
2973
2954
2876
3012
2820
2985
2932
2887
2997
2838
2983
2921
2890
3007
2832
2997
2902
2900
3005
2838
3011
2893
2911
2997
2852
3006
2887
2920
2985
2850
3005
2880
2914
2984
2845
3004
2857
2921
2973
2872
3010
2861
2944
2977
2859
3020
2842
2959
2960
2871
3004
2822
2968
2962
2871
3009
2820
2976
2949
2873
3003
2848
2977
2946
2881
3019
2831
2991
2918
2906
3000
2842
2992
2906
2901
2996
2843
3004
2914
2902
3007
2852
3015
2898
2917
3003
2870
3011
2884
2911
2992
2853
3007
2877
2931
2976
2864
3005
2846
2946
2970
2865
3010
2850
2951
2966
2881
3009
2843
2962
2971
2879
3009
2844
2970
2967
2874
3019
2832
2987
2950
2905
3009
2845
2990
2951
2895
3020
2833
3000
2919
2906
3012
2842
3007
2895
2891
3005
2846
3013
2887
2922
2997
2854
3014
2891
2917
3001
2864
3013
2879
2927
2995
2852
3014
2844
2920
2979
2847
3008
2834
2947
2958
2860
3003
2849
2956
2970
2867
3016
2823
2972
2959
2869
3009
2817
2960
2944
2867
2999
2811
2964
2922
2859
3002
2818
2975
2912
2880
2995
2842
2996
2905
2916
2996
2852
3000
2898
2902
2998
2847
3006
2879
2899
2989
2846
3010
2863
2914
2981
2858
3014
2865
2945
2973
2851
3025
2848
2945
2981
2858
3015
2849
2965
2961
2867
3007
2831
2956
2952
2874
3004
2838
2982
2950
2878
3012
2838
2983
2948
2893
3019
2829
2991
2925
2889
3008
2832
2992
2911
2896
2995
2849
3004
2900
2914
2993
2862
3008
2906
2918
2996
2862
3013
2887
2926
2990
2856
3013
2873
2929
2985
2855
3027
2855
2931
2974
2855
3015
2849
2960
2970
2870
3012
2840
2965
2966
2859
3010
2830
2973
2958
2877
3009
2830
2976
2930
2874
3012
2825
2996
2923
2895
3002
2852
2989
2917
2898
2999
2853
2995
2910
2899
3007
2835
3010
2892
2903
3006
2864
3012
2872
2919
2994
2854
3009
2883
2916
2974
2850
3017
2858
2948
2974
2851
3015
2839
2946
2972
2865
3006
2852
2957
2966
2868
3007
2837
2959
2953
2879
3004
2836
2978
2953
2876
3007
2815
2980
2939
2886
2999
2839
2987
2919
2891
2999
2829
2997
2895
2897
2999
2843
2999
2897
2900
2996
