2271,5000
2912
2928
2888
2943
2894
2917
2918
2896
2931
2897
2914
2916
2900
2945
2897
2912
2903
2895
2946
2892
2931
2909
2904
2938
2891
2932
2914
2903
2938
2894
2930
2911
2906
2950
2886
2927
2903
2907
2941
2888
2939
2909
2912
2937
2887
2940
2915
2908
2927
2891
2943
2903
2911
2939
2893
2937
2892
2910
2931
2894
2943
2902
2912
2930
2887
2946
2898
2908
2919
2894
2945
2901
2916
2929
2886
2940
2888
2921
2915
2901
2943
2901
2916
2917
2898
2946
2893
2922
2909
2912
2932
2892
2927
2919
2908
2935
2883
2936
2911
2912
2938
2890
2935
2905
2911
2940
2898
2929
2901
2911
2935
2889
2945
2904
2912
2924
2886
2944
2898
2918
2929
2896
2947
2898
2912
2935
2895
2942
2888
2914
2923
2889
2988
2951
2933
2924
2888
2945
2895
2918
2913
2898
2952
2885
2927
2914
2903
2941
2889
2925
2918
2903
2940
2896
2921
2909
2903
2943
2888
2942
2907
2913
2932
2889
2935
2913
2912
2934
2887
2938
2905
2910
2940
2900
2928
2902
2911
2936
2890
2941
2902
2915
2928
2896
2944
2904
2918
2914
2891
2949
2895
2910
2924
2902
2934
2895
2905
2921
2899
2947
2896
2922
2912
2904
2940
2898
2919
2913
2905
2935
2893
2918
2920
2904
2939
2881
2934
2907
2913
2937
2892
2932
2911
2911
2946
2894
2945
2902
2914
2928
2893
2942
2907
2916
2929
2886
2932
2914
2903
2932
2894
2943
2903
2907
2933
2894
2946
2896
2917
2919
2895
2941
2899
2917
2915
2891
2945
2887
2922
2920
2895
2945
2893
2920
2917
2895
2948
2898
2909
2910
2897
2942
2894
2933
2910
2896
2933
2892
2932
2912
2903
2938
2905
2930
2921
2904
2945
2885
2931
2920
2903
2936
2891
2939
2903
2909
2924
2889
2949
2901
2911
2934
2889
2943
2902
2913
2929
2890
2944
2906
2903
2925
2896
2955
2891
2908
2912
2898
2941
2897
2926
2913
2898
2949
2897
2917
2911
2896
2940
2892
2928
2907
2905
2947
2888
2924
2908
2902
2946
2890
2932
2916
2911
2928
2893
2941
2916
2911
2926
2888
2934
2908
2913
2939
2889
2927
2897
2923
2930
2898
2936
2906
2907
2930
2897
2943
2903
2908
2925
2893
2942
2910
2907
2932
2886
2937
2890
2913
2920
2897
2941
2902
2911
2918
2890
2947
2906
2905
2910
2898
2941
2893
2924
2914
2903
2932
2890
2929
2916
2905
2943
2890
2935
2907
2908
2932
2895
2921
2907
2909
2939
2891
2938
2916
2907
2933
2878
2948
2899
2920
2935
2893
2936
2901
2911
2947
2884
2934
2897
2910
2930
2896
2939
2902
2908
2918
2891
2944
2892
2921
2913
2897
2944
2892
2918
2917
2897
2941
2891
2917
2913
2899
2947
2895
2917
2912
2890
2940
2906
2917
2916
2906
2948
2886
2929
2914
2904
2933
2884
2933
2909
2915
2937
2896
2930
2905
2904
2943
2889
2934
2908
2919
2940
2882
2938
2906
2914
2928
2896
2931
2914
2910
2938
2901
2932
2894
2925
2917
2906
2934
2900
2912
2918
2892
2945
2898
2920
2913
2893
2943
2896
2914
2922
2901
2936
2887
2916
2917
2899
2952
2884
2933
2908
2899
2944
2892
2930
2910
2909
2932
2891
2935
2911
2914
2929
2885
2927
2912
2911
2934
2893
2931
2904
2916
2934
2891
2944
2899
2908
2934
2891
2943
2902
2922
2918
2888
2929
2898
2911
2926
2897
2946
2890
2914
2920
2898
2945
2894
2913
2924
2888
2948
2901
2923
2910
2895
2937
2891
2918
2915
2900
2950
2894
2931
2911
2904
2944
2888
2923
2915
2913
2932
2896
2939
2904
2903
2936
2883
2945
2904
2918
2929
2893
2935
2913
2920
2936
2888
2931
2902
2909
2933
2901
2940
2901
2900
2923
2895
2936
2905
2908
2929
2894
2944
2904
2911
2923
2890
2939
2900
2907
2920
2892
2949
2890
2913
2911
2896
2946
2897
2917
2933
2906
2934
2892
2928
2914
2897
2936
2894
2928
2924
2901
2947
2876
2929
2911
2907
2937
2892
2933
2914
2919
2928
2892
2940
2909
2909
2930
2888
2935
2905
2923
2926
2886
2936
2901
2909
2927
2893
2946
2900
2910
2932
2891
2945
2905
2914
2921
2896
2943
2896
2919
2920
2892
2940
2888
2924
2917
2896
2944
2893
2921
2908
2911
2944
2896
2920
2911
2902
2942
2887
2932
2914
2900
2942
2879
2941
2903
2908
2942
2889
2934
2905
2911
2941
2891
2938
2904
2906
2935
2890
2943
2908
2906
2926
2887
2946
2893
2915
2927
2893
2942
2894
2914
2925
2903
2933
2897
2908
2921
2892
2948
2899
2920
2905
2895
2941
2896
2930
2909
2899
2947
2889
2933
2909
2909
2931
2889
2922
2918
2896
2943
2902
2920
2916
2896
2940
2896
2938
2910
2906
2935
2888
2934
2915
2916
2929
2883
2937
2910
2915
2944
2890
2931
2906
2897
2934
2896
2938
2905
2901
2932
2892
2937
2904
2911
2924
2884
2946
2901
2906
2924
2897
2942
2899
2905
2919
2906
2940
2900
2914
2914
2888
2952
2889
2936
2903
2913
2952
2885
2926
2909
2906
2934
2886
2925
2911
2903
2951
2899
2927
2917
2898
2936
2895
2940
2905
2912
2934
2888
2943
2905
2921
2926
2887
2928
2906
2909
2929
2897
2937
2908
2899
2934
2893
2942
2902
2916
2920
2891
2939
2898
2918
2907
2895
2931
2901
2912
2921
2894
2946
2906
2905
2915
2899
2944
2895
2911
2917
2895
2943
2897
2927
2914
2895
2938
2889
2931
2912
2907
2940
2891
2942
2903
2913
2939
2891
2922
2911
2913
2940
2889
2937
2902
2909
2925
2897
2932
2907
2913
2931
2890
2942
2903
2921
2925
2893
2938
2899
2911
2919
2901
2941
2896
2900
2925
2884
2947
2889
2921
2918
2897
2937
2905
2910
2916
2896
2938
2901
2914
2916
2896
2949
2884
2919
2910
2909
2936
2894
2925
2915
2905
2938
2891
2934
2916
2912
2924
2890
2936
2909
2913
2941
2886
2930
2904
2917
2936
2899
2931
2903
2906
2928
2893
2944
2906
2905
2922
2895
2944
2898
2912
2930
2889
2935
2893
2911
2925
2904
2940
2899
2919
2912
2900
2948
2899
2921
2903
2899
2938
2893
2925
2916
2892
2937
2885
2927
2908
2904
2951
2883
2927
2909
2904
2945
2889
2929
2914
2900
2941
2890
2932
2914
2906
2936
2878
2938
2906
2917
2928
2894
2946
2900
2914
2934
2896
2930
2904
2902
2934
2888
2944
2901
2906
2918
2889
2943
2899
2922
2912
2894
2939
2898
2912
2930
2892
2947
2882
2923
2916
2900
2941
2895
2920
2901
2895
2945
2892
2928
2907
2904
2943
2885
2928
2916
2905
2937
2885
2930
2914
2903
2938
2892
2929
2903
2914
2931
2893
2936
2909
2913
2943
2879
2938
2907
2915
2926
2889
2947
2894
2915
2930
2893
2935
2894
2904
2934
2890
2953
2889
2914
2920
2894
2941
2901
2909
2914
2892
2942
2895
2918
2924
2893
2938
2894
2907
2913
2909
2945
2899
2928
2911
2899
2942
2892
2931
2918
2894
2946
2883
2931
2914
2919
2925
2890
2918
2909
2907
2940
2889
2941
2898
2922
2928
2891
2939
2899
2907
2931
2897
2934
2907
2912
2926
2884
2935
2901
2910
2922
2895
2942
2896
2921
2915
2905
2936
2895
2919
2912
2894
2945
2895
2920
2911
2891
2944
2889
2919
2914
2900
2944
2894
2919
2918
2901
2946
2892
2923
2910
2904
2940
2893
2932
2914
2894
2936
2887
2933
2908
2909
2942
2886
2935
2907
2925
2928
2886
2933
2903
2908
2931
2890
2939
2899
2901
2921
2889
2939
2905
2907
2927
2890
2940
2898
2929
2918
2900
2932
2900
2922
2909
2905
2938
2895
2907
2908
2896
2944
2902
2912
2916
2899
2938
2894
2928
2919
2892
2936
2891
2937
2905
2910
2942
2886
2927
2912
2898
2939
2899
2931
2912
2905
2931
2893
2932
2929
2909
2930
2891
2933
2903
2913
2934
2883
2930
2902
2905
2930
2891
2943
2900
2916
2929
2892
2949
2899
2910
2918
2895
2941
2895
2914
2917
2892
2933
2890
2913
2927
2899
2943
2896
2913
2915
2896
2940
2911
2915
2910
2904
2947
2885
2931
2914
2898
2931
2891
2937
2916
2909
2934
2889
2938
2903
2907
2939
2894
2929
2901
2912
2934
2898
2938
2908
2909
2933
2878
2943
2898
2914
2924
2896
2949
2888
2907
2926
2899
2935
2893
2911
2922
2898
2938
2899
2919
2907
2890
2944
2898
2916
2914
2901
2939
2894
2931
2909
2907
2948
2883
2927
2908
2902
2942
2895
2926
2916
2894
2936
2894
2930
2919
2899
2939
2891
2930
2913
2910
2930
2884
2937
2915
2903
2948
2884
2937
2902
2898
2934
2890
2938
2905
2912
2929
2888
2947
2899
2911
2923
2897
2933
2887
2919
2917
2902
2941
2885
2908
2916
2900
2947
2899
2923
2917
2893
2942
2898
2923
2912
2894
2938
2890
2923
2914
2903
2937
2888
2917
2913
2906
2941
2893
2937
2913
2909
2947
2888
2937
2907
2908
2933
2889
2938
2912
2914
2930
2885
2927
2908
2908
2932
2890
2946
2907
2901
2935
2894
2945
2901
2908
2923
2897
2940
2898
2913
2918
2894
2930
2897
2917
2920
2897
2943
2897
2911
2917
2907
2942
2889
2915
2910
2901
2943
2897
2919
2914
2896
2938
2895
2929
2916
2914
2939
2888
2931
2909
2907
2939
2887
2931
2910
2903
2936
2891
2942
2905
2913
2920
2894
2931
2906
2910
2932
2891
2935
2905
2911
2935
2888
2940
2904
2912
2925
2897
2940
2893
2911
2916
2899
2943
2907
2906
2925
2892
2943
2905
2909
2906
2893
2943
2895
2913
2909
2902
2943
2886
2914
2910
2898
2940
2894
2921
2917
2897
2946
2884
2937
2908
2905
2938
2885
2941
2903
2915
2936
2903
2922
2905
2902
2939
2886
2937
2905
2912
2929
2895
2937
2908
2906
2931
2893
2938
2905
2912
2937
2882
2947
2889
2911
2927
2889
2945
2898
2911
2917
2899
2945
2896
2912
2922
2901
2939
2892
2922
2923
2891
2936
2891
2931
2910
2906
2935
2897
2930
2909
2902
2942
2892
2924
2908
2917
2929
2890
2939
2912
2906
2939
2877
2934
2919
2906
2937
2888
2936
2903
2919
2930
2895
2933
2896
2907
2927
2892
2943
2906
2900
2925
2895
2937
2900
2908
2930
2903
2935
2898
2909
2922
2900
2938
2894
2909
2915
2899
2940
2900
2910
2909
2891
2943
2893
2921
2918
2896
2946
2880
2930
2922
2900
2935
2886
2926
2917
2899
2951
2885
2935
2901
2900
2937
2889
2937
2910
2910
2936
2886
2937
2914
2914
2934
2884
2938
2906
2904
2943
2889
2935
2897
2898
2928
2896
2943
2896
2913
2931
2886
2945
2898
2916
2920
2886
2940
2894
2910
2919
2901
2938
2896
2901
2916
2897
2943
2890
2926
2919
2892
2944
2890
2927
2908
2914
2940
2887
2929
2915
2909
2939
2879
2926
2911
2903
2938
2898
2927
2911
2904
2946
2883
2940
2902
2909
2931
2885
2948
2900
2920
2920
2884
2934
2899
2917
2930
2893
2943
2899
2903
2925
2901
2950
2891
2916
2925
2891
2942
2898
2917
2909
2890
2946
2887
2922
2918
2893
2944
2893
2917
2910
2904
2943
2887
2928
2912
2899
2949
2886
2936
2907
2895
2931
2903
2949
2913
2901
2938
2886
2930
2922
2914
2937
2885
2926
2906
2916
2935
2896
2946
2896
2912
2920
2890
2945
2897
2911
2930
2889
2939
2902
2910
2930
2884
2937
2905
2902
2920
2897
2942
2890
2911
2914
2896
2950
2891
2917
2920
2891
2940
2894
2927
2911
2904
2930
2890
2923
2912
2905
2951
2883
2923
2903
2902
2938
2892
2937
2914
2903
2945
2891
2940
2907
2908
2928
2893
2929
2907
2917
2930
2885
2939
2901
2909
2937
2886
2941
2904
2912
2920
2895
2945
2910
2900
2925
2890
2942
2900
2911
2931
2881
2937
2889
2910
2923
2905
2939
2900
2917
2914
2897
2946
2899
2909
2908
2894
2941
2895
2922
2925
2889
2941
2888
2932
2909
2911
2932
2900
2920
2911
2912
2934
2894
2930
2904
2905
2936
2889
2938
2915
2901
2927
2888
2927
2908
2904
2937
2889
2936
2901
2908
2932
2893
2938
2897
2908
2926
2890
2946
2902
2899
2921
2886
2944
2894
2913
2917
2914
2948
2886
2918
2913
2899
2944
2892
2917
2909
2896
2950
2893
2916
2917
2891
2948
2896
2928
2916
2909
2930
2890
2930
2924
2898
2933
2883
2930
2918
2900
2943
2886
2935
2900
2904
2942
2883
2941
2903
2912
2932
2886
2947
2901
2914
2923
2897
2933
2904
2903
2932
2891
2942
2891
2913
2920
2892
2944
2893
2910
2920
2883
2947
2896
2910
2907
2888
2935
2889
2910
2909
2896
2932
2890
2909
2908
2903
2932
2891
2918
2908
2893
2933
2884
2933
2894
2898
2930
2884
2926
2905
2904
2926
2877
2934
2891
2911
2921
2889
2923
2900
2899
2934
2876
2935
2897
2894
2925
2886
2929
2897
2907
2923
2876
2926
2890
2906
2914
2883
2938
2900
2894
2914
2902
2930
2889
2899
2907
2893
2930
2896
2905
2905
2880
2934
2880
2918
2914
2887
2939
2882
2909
2908
2894
2943
2871
2923
2899
2897
2929
2885
2929
2901
2899
2921
2883
2928
2897
2903
2930
2881
2926
2899
2911
2928
2879
2933
2894
2907
2917
2887
2929
2898
2889
2921
2882
2941
2892
2904
2918
2884
2936
2892
2904
2919
2878
2934
2882
2905
2910
2893
2940
2880
2903
2897
2894
2944
2884
2914
2911
2894
2926
2886
2920
2910
2891
2937
2874
2921
2897
2903
2939
2874
2915
2898
2898
2929
2880
2926
2902
2904
2928
2881
2930
2909
2896
2930
2873
2929
2910
2895
2924
2879
2925
2890
2902
2928
2880
2939
2890
2904
2916
2887
2935
2896
2901
2909
2895
2935
2891
2905
2914
2888
2931
2881
2911
2903
2906
2952
2904
2906
2904
2891
2937
2888
2921
2894
2897
2926
2887
2916
2908
2904
2924
2877
2932
2900
2903
2936
2881
2923
2900
2902
2927
2883
2923
2906
2895
2929
2878
2941
2894
2903
2913
2877
2929
2899
2903
2920
2885
2933
2891
2902
2922
2885
2936
2879
2906
2913
2897
2933
2894
2899
2904
2884
2927
2893
2907
2909
2892
2940
2877
2916
2903
2895
2932
2882
2913
2905
2903
2942
2883
2922
2896
2888
2932
2883
2924
2907
2897
2930
2876
2934
2899
2907
2930
2875
2924
2901
2900
2931
2882
2924
2900
2894
2924
2884
2931
2894
2907
2921
2882
2929
2905
2902
2913
2883
2938
2899
2897
2925
2883
2934
2877
2899
2917
2885
2933
2891
2902
2911
2894
2932
2890
2910
2897
2894
2929
2892
2902
2927
2902
2923
2880
2904
2906
2897
2934
2880
2927
2904
2906
2922
2889
2932
2894
2894
2928
2879
2922
2903
2906
2931
2870
2924
2893
2911
2930
2890
2926
2895
2900
2939
2877
2936
2887
2898
2916
2882
2930
2893
2902
2909
2884
2931
2885
2912
2904
2885
2932
2888
2910
2904
2896
2929
2882
2905
2903
2885
2932
2889
2912
2904
2889
2924
2881
2913
2904
2895
2939
2871
2914
2904
2902
2924
2878
2916
2904
2895
2922
2882
2924
2898
2890
2915
2877
2925
2894
2906
2923
2877
2932
2889
2904
2921
2877
2919
2892
2903
2917
2880
2928
2886
2892
2906
2887
2927
2890
2901
2906
2886
2929
2881
2910
2899
2882
2925
2881
2900
2895
2882
2930
2876
2899
2893
2886
2940
2873
2908
2901
2885
2920
2878
2910
2905
2877
2921
2874
2911
2895
2896
2918
2885
2913
2884
2886
2916
2873
2915
2896
2884
2905
2874
2919
2898
2880
2911
2868
2923
2887
2892
2912
2868
2917
2878
2894
2901
2876
2920
2877
2893
2900
2871
2933
2881
2892
2886
2873
2921
2876
2907
2894
2868
2915
2870
2895
2891
2884
2931
2866
2903
2889
2884
2923
2873
2910
2883
2887
2914
2871
2917
2893
2880
2911
2863
2910
2892
2896
2910
2873
2908
2887
2897
2913
2874
2919
2887
2891
2912
2878
2915
2891
2882
2908
2863
2923
2884
2903
2905
2882
2929
2876
2892
2911
2891
2915
2892
2907
2913
2876
2933
2876
2896
2890
2879
2923
2883
2900
2898
2882
2928
2875
2907
2904
2889
2919
2876
2901
2905
2877
2928
2880
2907
2889
2885
2925
2882
2916
2900
2901
2922
2872
2923
2892
2900
2915
2876
2920
2889
2901
2913
2882
2926
2878
2891
2915
2877
2931
2888
2901
2912
2875
2937
2900
2892
2910
2886
2925
2886
2906
2919
2876
2931
2874
2893
2902
2887
2935
2881
2902
2906
2875
2936
2885
2911
2903
2892
2925
2881
2911
2903
2895
2936
2870
2914
2908
2903
2928
2882
2926
2900
2896
2931
2890
2932
2909
2896
2931
2885
2934
2904
2910
2927
2885
2929
2901
2908
2932
2880
2942
2894
2906
2919
2892
2938
2901
2897
2922
2889
2938
2899
2907
2924
2879
2935
2894
2913
2913
2899
2943
