2388,5000
3044
3007
3020
3029
3005
3048
3009
3026
3023
2999
3046
3003
3025
3021
3005
3047
3005
3031
3025
3007
3052
2995
3030
3025
3010
3045
3004
3030
3021
3007
3041
3000
3036
3020
3016
3044
3006
3046
3013
3021
3042
2996
3038
3014
3020
3038
2999
3044
3012
3019
3034
2999
3050
3010
3021
3036
2998
3047
3009
3023
3036
3001
3048
3007
3023
3028
3007
3051
3000
3021
3022
3008
3044
3007
3022
3024
3007
3054
2997
3029
3024
3002
3048
3001
3031
3021
3012
3044
3002
3028
3020
3013
3045
2998
3039
3018
3015
3040
3000
3043
3015
3019
3037
3001
3039
3016
3020
3037
2999
3042
3007
3021
3036
3004
3042
3012
3019
3033
3004
3048
3009
3019
3029
3003
3046
3006
3025
3029
3001
3043
3004
3024
3025
3005
3050
3006
3024
3020
3005
3050
3006
3030
3026
3006
3050
2997
3033
3025
3011
3040
3004
3032
3021
3018
3044
2997
3039
3016
3016
3044
3002
3034
3015
3022
3036
3001
3045
3017
3021
3035
2994
3041
3014
3020
3038
3007
3041
3015
3016
3037
3000
3045
3003
3020
3029
3003
3047
3005
3024
3019
3002
3055
3000
3027
3026
3004
3049
3002
3036
3018
3011
3044
3001
3029
3022
3010
3047
3003
3034
3021
3008
3046
3004
3036
3021
3016
3045
2998
3040
3019
3024
3034
2998
3042
3014
3019
3040
3006
3035
3009
3015
3037
3003
3044
3013
3019
3034
2996
3046
3014
3018
3031
3000
3049
3008
3027
3025
3005
3045
3003
3021
3024
3007
3047
3005
3028
3024
3007
3045
3005
3029
3018
3004
3050
3003
3035
3022
3014
3045
2996
3031
3020
3014
3046
3001
3040
3016
3012
3045
2999
3040
3016
3018
3038
3003
3041
3016
3020
3037
2993
3042
3011
3019
3037
3003
3047
3007
3021
3032
3004
3044
3010
3013
3033
3003
3049
3005
3025
3024
3000
3046
3005
3025
3025
3006
3052
3002
3025
3025
3005
3052
3001
3030
3018
3007
3047
3002
3032
3020
3006
3044
3004
3033
3023
3010
3047
2995
3040
3020
3018
3049
2990
3040
3018
3018
3040
3001
3041
3013
3019
3036
3003
3044
3012
3020
3036
3000
3045
3012
3023
3039
2995
3043
3007
3019
3033
3005
3056
3001
3020
3022
3003
3050
3004
3026
3024
3006
3050
2999
3031
3019
3006
3042
3004
3026
3023
3009
3047
3000
3029
3018
3008
3049
3001
3037
3019
3012
3041
3001
3042
3016
3015
3037
2998
3038
3016
3019
3041
2996
3040
3010
3021
3040
3000
3049
3007
3022
3031
3001
3049
3011
3015
3032
3003
3047
3007
3027
3031
2999
3047
3003
3022
3029
3006
3050
3001
3025
3021
3008
3049
3006
3021
3020
3009
3047
3004
3030
3023
3006
3045
2998
3035
3024
3017
3042
3002
3031
3022
3013
3043
3000
3035
3015
3021
3040
2998
3040
3016
3018
3040
2996
3045
3012
3022
3044
2997
3046
3009
3021
3037
3000
3045
3005
3019
3032
3006
3045
3008
3022
3032
2996
3048
3003
3024
3025
3004
3046
3003
3026
3026
3007
3047
3001
3028
3022
3006
3048
3003
3029
3020
3004
3047
2999
3035
3018
3013
3047
2998
3037
3021
3020
3042
2995
3042
3013
3015
3041
3000
3041
3016
3012
3040
2999
3045
3014
3020
3039
2998
3048
3010
3019
3032
2999
3043
3011
3019
3033
3003
3043
3002
3016
3028
3006
3047
3006
3027
3020
3006
3045
3009
3025
3019
3005
3046
3003
3028
3022
3010
3051
2999
3025
3025
3010
3048
3001
3033
3018
3010
3045
2999
3037
3015
3014
3043
2995
3038
3018
3018
3037
2993
3040
3013
3027
3035
3002
3042
3017
3014
3036
3002
3042
3010
3016
3034
2999
3048
3009
3022
3028
3001
3040
3010
3025
3027
3002
3049
3004
3023
3026
3007
3051
3005
3022
3024
3006
3047
3004
3028
3020
3004
3044
3002
3028
3026
3010
3047
3000
3036
3016
3017
3044
2997
3035
3019
3015
3040
3004
3041
3014
3019
3031
3001
3039
3016
3022
3037
3002
3036
3010
3022
3039
3000
3045
3008
3019
3032
3002
3049
3001
3021
3031
3000
3049
3003
3026
3025
3006
3043
3006
3025
3026
3002
3049
3000
3027
3022
3006
3050
3000
3030
3011
3011
3043
3000
3034
3021
3014
3040
3000
3037
3020
3015
3039
3002
3038
3017
3018
3045
2994
3036
3012
3019
3041
2998
3043
3013
3019
3039
2999
3047
3012
3016
3033
3002
3044
3008
3020
3034
3001
3040
3003
3020
3030
3005
3047
3007
3018
3026
3004
3050
3002
3024
3020
3003
3048
3002
3033
3021
3004
3047
2995
3028
3023
3011
3046
3004
3031
3019
3012
3047
3001
3031
3018
3016
3037
3000
3037
3016
3012
3039
2992
3043
3014
3025
3036
3000
3042
3011
3020
3038
3001
3045
3006
3019
3035
2999
3045
3009
3019
3024
3001
3042
3009
3023
3029
3001
3047
3004
3023
3024
3006
3053
3012
3033
3020
3006
3050
3004
3024
3020
3001
3046
3004
3025
3023
3013
3048
2999
3035
3024
3012
3043
2996
3035
3016
3013
3043
2998
3037
3018
3006
3040
2997
3042
3013
3019
3040
2998
3043
3013
3018
3035
2991
3043
3010
3016
3034
3001
3047
3002
3017
3034
2998
3046
3005
3022
3026
3004
3050
3006
3030
3016
3003
3046
3000
3025
3022
3008
3050
2994
3026
3024
3006
3047
2999
3029
3023
3009
3044
3000
3036
3017
3009
3040
3000
3032
3020
3013
3040
2994
3036
3013
3018
3041
3000
3039
3014
3013
3042
3000
3046
3008
3017
3036
3000
3043
3010
3019
3029
3001
3041
3007
3023
3030
3001
3049
3006
3020
3029
3003
3052
3000
3020
3027
3005
3047
3004
3030
3022
3001
3042
3003
3025
3027
3003
3048
3006
3026
3022
3010
3045
2998
3031
3020
3014
3041
2998
3037
3014
3012
3039
2996
3042
3015
3017
3040
2996
3042
3014
3024
3036
2998
3039
3012
3017
3034
2999
3047
3005
3017
3030
3001
3051
3008
3024
3028
3003
3043
3005
3027
3024
3003
3047
3000
3024
3026
3008
3045
3001
3026
3018
3004
3054
2995
3029
3022
3010
3046
3001
3032
3020
3008
3046
2993
3036
3019
3014
3047
2991
3037
3013
3015
3040
2997
3040
3013
3019
3040
2996
3043
3012
3020
3030
2999
3043
3011
3018
3036
2998
3041
3005
3020
3029
3002
3048
3010
3016
3031
2999
3050
3006
3022
3023
3002
3048
3000
3024
3022
3003
3043
2999
3028
3020
3008
3051
3002
3030
3020
3012
3044
3002
3029
3018
3010
3045
2995
3038
3019
3014
3037
2995
3037
3018
3014
3042
2997
3040
3014
3018
3040
3001
3039
3008
3017
3037
3003
3043
3011
3021
3027
2997
3043
3008
3024
3030
3003
3046
3005
3022
3030
3002
3047
3007
3020
3025
3003
3049
3003
3024
3018
3004
3046
3006
3028
3021
3006
3051
2997
3029
3020
3010
3043
2994
3033
3019
3010
3045
3001
3033
3011
3010
3039
2999
3040
3018
3016
3040
2994
3041
3014
3021
3036
2999
3037
3015
3014
3037
2999
3041
3007
3016
3033
2997
3046
3007
3023
3028
3001
3047
3009
3019
3027
2996
3049
3003
3020
3024
3005
3044
3000
3023
3021
3005
3047
3002
3029
3021
3006
3046
3002
3030
3018
3009
3044
2997
3034
3020
3011
3039
2994
3034
3017
3014
3043
2994
3038
3014
3016
3039
2999
3042
3011
3019
3035
2998
3041
3011
3021
3033
2996
3045
3006
3020
3032
3002
3044
3006
3020
3031
3003
3044
3003
3019
3026
3002
3048
3007
3023
3019
3001
3043
3002
3026
3018
3007
3048
2999
3028
3021
3015
3044
2999
3029
3021
3009
3041
3003
3034
3015
3013
3034
2998
3038
3014
3013
3039
2999
3035
3015
3019
3040
2997
3038
3009
3017
3034
3000
3043
3007
3014
3032
2995
3045
3010
3018
3033
3001
3046
3006
3026
3025
3004
3039
3003
3025
3023
3004
3050
2998
3021
3019
3003
3046
3004
3023
3022
3006
3044
3000
3035
3016
3009
3045
3000
3031
3018
3016
3040
2996
3032
3013
3015
3038
2999
3040
3018
3019
3033
2996
3042
3015
3018
3039
2996
3042
3010
3017
3037
2994
3042
3005
3018
3032
2999
3047
3009
3019
3029
3002
3047
3006
3019
3024
3001
3053
2996
3026
3026
3001
3046
3000
3025
3026
3011
3043
3001
3026
3018
3009
3046
3000
3027
3017
3009
3048
2998
3033
3022
3008
3039
2993
3034
3017
3014
3041
2999
3036
3016
3012
3042
3000
3033
3013
3016
3035
2996
3042
3025
3011
3035
2993
3043
3010
3017
3034
2999
3042
3006
3022
3031
3004
3044
3003
3020
3027
3005
3047
3007
3023
3019
3004
3045
3003
3025
3019
3009
3042
3002
3026
3023
3010
3047
2997
3030
3022
3005
3059
3003
3030
3015
3009
3044
2998
3036
3017
3015
3042
2994
3039
3015
3017
3036
2993
3039
3011
3021
3038
3000
3046
3003
3013
3033
2998
3048
3007
3018
3037
2992
3045
3009
3021
3029
2993
3047
3003
3020
3026
3004
3046
3002
3019
3023
3006
3043
3004
3022
3021
3005
3045
3002
3028
3021
3004
3044
3000
3034
3018
3012
3043
2995
3030
3017
3011
3040
2999
3034
3016
3014
3037
3000
3039
3015
3011
3041
2996
3040
3018
3019
3036
2993
3043
3007
3019
3033
3000
3043
3009
3018
3033
3003
3044
3005
3013
3030
2998
3048
3002
3024
3019
2999
3045
3004
3024
3022
3005
3056
2993
3028
3016
3010
3047
3000
3022
3023
3006
3043
2999
3033
3017
3006
3042
2998
3038
3015
3014
3043
2995
3035
3013
3020
3038
2995
3039
3013
3020
3036
3000
3042
3009
3015
3031
2997
3046
3011
3017
3033
2998
3042
3009
3020
3036
3003
3040
3006
3018
3025
3002
3049
3002
3019
3018
3003
3049
3000
3024
3020
3006
3045
3003
3026
3021
3005
3045
2999
3027
3020
3008
3045
2997
3026
3018
3014
3037
2999
3038
3015
3011
3038
2997
3039
3015
3015
3040
2993
3039
3012
3019
3041
2992
3041
3003
3018
3033
2999
3043
3010
3018
3032
3000
3048
3007
3016
3025
2998
3045
3005
3022
3027
3001
3043
3001
3020
3022
3003
3050
3005
3023
3015
3007
3048
3001
3027
3016
3005
3044
2997
3038
3023
3009
3038
2993
3034
3019
3014
3040
2998
3041
3007
3014
3039
2997
3037
3011
3019
3034
2999
3041
3015
3018
3029
2993
3041
3011
3013
3034
3000
3043
3005
3018
3030
3002
3044
3004
3019
3026
3004
3042
3007
3018
3022
3001
3046
3004
3024
3022
3004
3048
3007
3021
3022
3006
3042
2996
3028
3021
3012
3039
2999
3032
3012
3005
3043
2999
3035
3019
3009
3041
2996
3036
3014
3014
3039
2995
3038
3017
3012
3039
2998
3042
3006
3015
3033
2998
3042
3010
3019
3031
2998
3046
3005
3022
3024
2998
3044
3005
3017
3026
3000
3044
3000
3017
3022
3002
3045
3002
3025
3021
3004
3047
2999
3034
3015
3004
3044
2997
3027
3022
3007
3041
2997
3025
3018
3010
3044
2994
3039
3012
3015
3035
3002
3034
3014
3012
3039
2994
3038
3012
3020
3033
2993
3039
3012
3016
3036
2997
3044
3007
3017
3030
3001
3042
3003
3015
3027
3000
3044
3006
3019
3024
2998
3043
3003
3018
3024
3002
3048
3000
3025
3020
3005
3048
2993
3027
3021
3007
3044
3001
3031
3016
3006
3040
2995
3033
3017
3011
3038
2995
3035
3013
3014
3039
2994
3034
3010
3016
3037
2998
3040
3009
3012
3030
2998
3043
3008
3018
3030
2997
3044
3008
3015
3031
2998
3041
3002
3019
3026
3003
3047
3002
3020
3017
3003
3043
3003
3018
3022
3001
3044
2999
3026
3020
3005
3042
2998
3030
3019
3008
3045
2996
3025
3015
3006
3040
2999
3036
3016
3010
3040
2994
3037
3016
3010
3033
2996
3035
3013
3017
3037
2998
3037
3006
3015
3034
2997
3043
3010
3018
3027
3000
3045
3007
3018
3024
3001
3044
3004
3023
3022
3000
3042
2998
3021
3024
3004
3049
3004
3021
3016
3004
3047
3002
3026
3014
3007
3040
2998
3029
3021
3008
3039
2994
3031
3017
3012
3040
2999
3032
3012
3015
3040
3000
3035
3009
3017
3037
2995
3039
3012
3015
3029
2995
3044
3010
3018
3033
2995
3045
3004
3019
3026
3001
3044
3000
3018
3026
3000
3049
3004
3019
3017
3000
3043
3002
3023
3020
3003
3047
3000
3027
3021
3001
3044
2995
3029
3018
3004
3044
3000
3032
3012
3008
3045
2996
3037
3010
3014
3035
2994
3037
3017
3010
3038
2988
3039
3008
3016
3038
2997
3035
3004
3012
3036
2994
3046
3005
3019
3032
2994
3042
3006
3017
3027
2997
3045
2998
3032
3025
3000
3042
3000
3017
3023
3002
3048
3004
3019
3022
2999
3047
3001
3029
3014
3004
3043
2997
3028
3020
3007
3038
2996
3026
3015
3012
3041
2996
3034
3013
3011
3046
2994
3036
3010
3014
3034
2997
3037
3010
3020
3033
2992
3035
3011
3015
3036
2995
3045
3003
3015
3031
3000
3045
3001
3016
3028
2998
3047
3001
3022
3021
2999
3042
3003
3023
3021
3002
3046
3000
3023
3020
3003
3047
2994
3026
3015
3004
3044
2998
3028
3012
3002
3037
2997
3034
3018
3010
3041
2994
3036
3017
3010
3041
2995
3034
3016
3015
3036
2995
3038
3004
3015
3031
2996
3042
3008
3017
3034
2998
3042
3005
3019
3031
2995
3036
3006
3013
3027
3000
3044
2997
3019
3020
3000
3049
2998
3023
3021
3005
3045
3002
3023
3021
3002
3045
2997
3027
3018
3008
3043
2994
3029
3015
3007
3043
2996
3033
3018
3012
3038
2997
3038
3021
3006
3037
2994
3037
3012
3020
3034
2993
3037
3002
3017
3039
2997
3044
3003
3016
3031
2998
3044
3005
3014
3027
2998
3048
2999
3023
3023
3001
3038
3002
3018
3023
3001
3045
3001
3022
3019
3000
3051
2995
3021
3016
3005
3042
2999
3031
3019
3006
3041
2994
3028
3016
3010
3039
2997
3032
3013
3014
3036
2997
3033
3010
3015
3035
2996
3041
3010
3019
3034
2995
3037
3010
3015
3032
2995
3042
3004
3019
3030
2998
3038
3003
3018
3028
3000
3041
3005
3017
3023
2997
3046
3002
3024
3017
3003
3045
2999
3022
3018
3006
3043
2995
3025
3019
3006
3046
2998
3026
3014
3002
3041
2998
3031
3019
3010
3040
2995
3035
3014
3013
3040
2989
3036
3012
3013
3039
2998
3035
3006
3013
3034
2998
3041
3014
3013
3032
2996
3046
3009
3017
3027
2998
3040
3005
3019
3027
2999
3043
2999
3016
3020
3003
3044
3002
3021
3023
2997
3045
2999
3028
3012
3007
3044
2996
3026
3018
3007
3041
2993
3028
3019
3005
3046
2994
3034
3019
3003
3042
2994
3038
3011
3012
3037
2998
3038
3012
3019
3037
2986
3040
3006
3016
3038
2994
3043
3007
3013
3032
3001
3039
3005
3011
3028
2997
3042
3004
3021
3021
2995
3038
3002
3022
3025
3007
3040
3000
3021
3018
3007
3044
2994
3021
3019
3005
3047
2997
3029
3019
3003
3039
2994
3029
3015
3006
3039
2994
3031
3015
3016
3036
2996
3032
3013
3015
3036
2995
3040
3011
3010
3034
2990
3041
3009
3017
3033
2995
3040
3009
3017
3031
3000
3038
3005
3013
3027
3000
3043
2997
3017
3022
2999
3045
3000
3021
3020
3002
3045
3004
3027
3018
3001
3042
3001
3022
3016
3007
3047
2995
3028
3019
3005
3041
2998
3036
3015
3011
3040
2997
3032
3016
3009
3036
2992
3038
3009
3015
3034
2994
3035
3008
3013
3033
2995
3042
3007
3014
3030
3000
3040
3012
3008
3028
2996
3047
3005
3015
3029
2993
3043
2998
3025
3020
3002
3047
2998
3021
3019
2999
3046
2998
3022
3014
3006
3046
2997
3027
3019
3005
3038
2991
3030
3015
3008
3042
2997
3029
3014
3005
3038
2996
3035
3013
3013
3040
2991
3039
3010
3014
3032
2992
3038
3010
3015
3031
2997
3043
3004
3017
3030
2999
3042
3001
3016
3024
2999
3039
3005
3015
3020
2998
3043
3000
3027
3020
3008
3040
2997
3024
3017
3006
3040
2994
3032
3013
3007
3041
3001
3030
3012
3004
3041
2998
3033
3017
3015
3034
2995
3031
3017
3013
3040
2992
3034
3014
3012
3037
2996
3035
3004
3013
3034
2997
3043
3007
3014
3028
2992
3042
3007
3018
3028
2996
3043
3005
3015
3027
3003
3044
2995
3019
3022
3004
3045
3004
3023
3018
3000
3042
3000
3025
3015
3001
3044
2996
3024
3020
3008
3038
2995
3025
3017
3010
3041
2999
3031
3016
3010
3037
2995
3035
3011
3013
3030
2997
3033
3016
3021
3032
2994
3034
3009
3015
3036
2998
3041
3004
3016
3027
3000
3045
3002
3013
3029
2999
3045
3003
3021
3021
2997
3043
2997
3020
3019
3002
3044
2997
3026
3016
3004
3048
3001
3020
3021
3001
3043
2997
3029
3013
3005
3035
2996
3034
3016
3010
3040
2995
3033
3014
3014
3040
2992
3034
3012
3015
3035
2995
3037
3006
3014
3031
2993
3039
3008
3016
3031
2998
3036
3008
3013
3033
2994
3039
3002
3016
3025
3002
3046
3000
3015
3024
2996
3044
2999
3023
3016
3000
3043
2998
3026
3019
3002
3044
2997
3024
3019
3007
3044
2993
3028
3012
3008
3039
2997
3032
3014
3012
3039
2994
3037
3014
3011
3035
2993
3036
3009
3018
3035
2994
3030
3005
3015
3028
2997
3038
3008
3012
3026
2995
3044
3002
3012
3020
2994
3040
2999
3019
3022
2995
3039
2997
3016
3018
3003
3040
2997
3024
3011
2999
3039
2994
3020
3011
3000
3038
2992
3026
3011
2999
3032
2988
3030
3013
3000
3032
2988
3030
3003
3006
3034
2985
3030
2995
3011
3025
2987
3031
3002
3003
3023
2980
3031
3000
3007
3020
2985
3031
2989
3005
3018
2986
3027
2992
2997
3013
2978
3035
2990
2999
3000
2980
3029
2986
3003
3005
2984
3028
2974
3007
3004
2989
3022
2976
3008
2999
2988
3024
2980
3007
2995
2986
3025
2969
3014
2994
2993
3021
2967
3012
2991
2989
3010
2966
3010
2986
2993
3006
2974
3009
2977
2983
3003
2968
3018
2978
2983
3000
2958
3011
2976
2985
2991
2965
3011
2970
2989
2991
2973
3010
2965
2984
2985
2970
3012
2968
2997
2984
2973
3020
2968
2997
2987
2973
3015
2968
3002
2996
2984
3022
2967
3005
2989
2988
3016
2975
3017
2993
2986
3017
2975
3022
2992
2993
3016
2976
3023
2995
2999
3013
2976
3021
2993
3001
3016
2984
3027
2990
3000
3017
2984
3033
2988
3001
3012
2986
3034
2988
3013
3007
2985
3034
2993
3009
3012
2991
3037
2992
3012
3011
3000
3032
2991
3014
3011
2997
3032
2992
3025
3006
3001
3029
2990
3028
3011
3002
3033
2987
3029
3005
3010
3030
2988
3032
3006
3012
3028
2995
3029
3001
3009
3022
2992
3035
3002
3011
3025
2996
3041
2996
3017
3019
2993
3040
2998
3018
3024
2995
3042
2995
3011
3014
2999
3043
2993
3021
3013
2999
3039
2992
3024
3013
3000
3036
2992
3022
3013
3006
3039
2992
3024
3008
3007
3036
2992
3035
3009
3010
3030
2992
3037
3010
3011
3028
2992
3036
3003
3014
3032
2992
3031
3003
3010
3028
2990
3040
3003
3015
3021
2998
3037
3004
3012
3021
2996
3039
2998
3018
3020
2995
3036
2995
3017
3015
3001
3043
2997
3022
3015
3001
3037
2998
3019
3012
3002
3037
2996
3025
3016
3003
3036
2985
3030
3011
