2190,5000
2954
2983
2980
2969
2999
2957
2989
2972
2970
3005
2956
2991
2973
2970
2996
2960
2989
2974
2977
2993
2953
2987
2977
2972
2997
2954
2998
2968
2971
2991
2959
3000
2964
2969
2989
2951
3002
2967
2979
2982
2959
2993
2966
2977
2986
2959
3002
2961
2981
2979
2968
3005
2962
2978
2982
2957
3004
2966
2983
2976
2961
2995
2958
2989
2979
2969
2999
2954
2991
2974
2970
2998
2951
2987
2974
2973
2996
2956
3003
2966
2973
2993
2957
2999
2974
2979
2996
2951
2997
2969
2979
2995
2955
2999
2961
2978
2983
2963
3000
2964
2972
2986
2960
3002
2966
2979
2985
2962
3000
2964
2984
2988
2956
3001
2961
2981
2979
2969
3009
2956
2983
2977
2963
3004
2962
2987
2979
2970
2995
2960
2991
2979
2970
2996
2962
2989
2977
2977
2998
2953
2992
2966
2977
2996
2963
2990
2976
2973
2990
2961
2998
2971
2970
2988
2957
3003
2960
2978
2989
2957
2994
2961
2977
2988
2961
3001
2973
2973
2980
2964
3002
2967
2971
2978
2963
3006
2964
2986
2981
2961
3002
2953
2992
2973
2969
3003
2959
2993
2978
2966
3004
2956
2990
2975
2975
2994
2955
2996
2974
2971
2993
2951
2992
2976
2973
2997
2960
2994
2970
2975
2994
2965
2997
2971
2973
2991
2957
3001
2969
2972
2981
2961
2999
2968
2980
2986
2960
3001
2962
2980
2986
2959
3013
2954
2981
2979
2965
3006
2965
2980
2975
2962
3001
2963
2982
2980
2969
3003
2956
2992
2980
2973
2997
2955
2991
2975
2979
3002
2958
2990
2969
2968
2993
2956
2997
2974
2979
2994
2955
2996
2974
2979
2986
2955
2997
2968
2975
2992
2956
2996
2963
2972
2987
2961
3003
2973
2986
2980
2960
3001
2966
2984
2977
2960
3001
2965
2977
2980
2966
3000
2955
2982
2981
2961
3003
2961
2987
2979
2967
3000
2962
2988
2978
2967
2997
2956
2991
2977
2974
2995
2952
2990
2975
2975
2996
2958
2998
2972
2975
2995
2960
3001
2966
2968
2994
2954
3000
2972
2978
2987
2956
2997
2975
2972
2989
2963
3003
2964
2978
2983
2968
2999
2963
2971
2984
2961
2999
2968
2978
2974
2959
3000
2962
2985
2980
2969
3003
2958
2987
2981
2969
3000
2959
2985
2978
2971
2999
2965
2991
2971
2966
2996
2950
2994
2977
2973
2997
2956
2994
2974
2978
2999
2954
2998
2964
2976
2995
2958
3002
2964
2970
2985
2960
3000
2966
2979
2988
2961
3002
2969
2975
2993
2953
3004
2964
2985
2977
2966
3011
2953
2982
2969
2967
3000
2964
2979
2981
2964
3000
2960
2988
2982
2963
2996
2960
2992
2974
2973
3001
2957
2986
2976
2969
2996
2958
3000
2968
2977
2995
2955
2997
2973
2978
2991
2960
2993
2970
2977
2994
2957
2992
2963
2977
2987
2961
3005
2963
2980
2979
2962
3004
2964
2977
2984
2959
3001
2963
2983
2986
2962
2993
2959
2980
2979
2969
2998
2963
2985
2980
2965
3006
2959
2983
2980
2969
2999
2959
2992
2979
2969
2993
2955
2992
2974
2975
2998
2957
2990
2973
2980
2994
2959
2995
2969
2979
2993
2959
2999
2972
2973
2984
2952
2998
2971
2978
2994
2961
3003
2962
2977
2990
2962
3001
2961
2985
2978
2966
2999
2968
2978
2976
2959
3002
2961
2984
2977
2964
3002
2960
2989
2979
2971
3002
2950
2991
2972
2971
2999
2962
2984
2973
2965
2997
2954
2996
2976
2973
2998
2950
2996
2975
2979
2996
2947
2999
2973
2974
2998
2955
2998
2958
2973
2989
2963
2995
2971
2975
2989
2961
3001
2966
2978
2985
2960
3002
2962
2977
2985
2964
2999
2959
2977
2980
2965
3006
2960
2986
2981
2960
3002
2965
2985
2978
2965
3004
2952
2990
2977
2972
2996
2954
2989
2978
2969
3001
2964
2994
2972
2978
2992
2961
2993
2972
2976
2996
2958
2993
2972
2979
2989
2952
2991
2972
2978
2990
2957
3005
2964
2976
2990
2966
3004
2965
2978
2981
2964
2996
2969
2978
2981
2959
3001
2963
2982
2980
2964
3005
2961
2981
2980
2967
3005
2965
2979
2979
2974
2995
2961
2991
2974
2965
2996
2955
2994
2976
2970
2998
2955
2992
2973
2975
3000
2951
2996
2969
2978
2993
2959
2999
2967
2968
2990
2965
2994
2973
2972
2991
2957
3001
2969
2980
2988
2957
3001
2960
2981
2978
2966
3004
2961
2975
2975
2960
3006
2962
2985
2986
2956
2999
2961
2987
2979
2963
3002
2959
2986
2979
2967
3004
2956
2984
2974
2970
2998
2963
2996
2975
2973
2996
2960
2995
2976
2980
2985
2959
2993
2973
2977
2998
2952
2994
2967
2976
2993
2965
2993
2970
2974
2988
2962
3001
2971
2984
2978
2963
3002
2966
2982
2989
2956
2998
2962
2980
2981
2963
3004
2963
2981
2978
2967
3003
2967
2981
2978
2969
2998
2960
2987
2979
2963
2994
2957
2986
2980
2965
2998
2957
2992
2972
2972
2998
2959
2987
2973
2968
2997
2962
2994
2975
2974
2990
2955
2993
2975
2980
2989
2960
2994
2970
2976
2990
2968
2992
2969
2971
2989
2963
3003
2966
2973
2980
2953
3002
2965
2981
2987
2957
3005
2961
2984
2979
2970
2997
2961
2981
2980
2973
3000
2966
2983
2976
2964
3002
2955
2991
2979
2981
2995
2957
2990
2980
2972
2997
2950
2992
2974
2976
2998
2959
2991
2964
2975
2993
2957
2997
2971
2975
2991
2954
3000
2974
2977
2987
2959
3003
2969
2974
2991
2961
2996
2959
2976
2985
2962
3002
2966
2980
2983
2957
3008
2960
2989
2970
2963
3003
2959
2985
2984
2964
3000
2953
2985
2971
2973
3000
2963
2995
2976
2969
3000
2958
2997
2973
2968
2997
2959
2990
2976
2976
2992
2955
2992
2970
2979
2999
2954
3000
2971
2975
2996
2962
3002
2970
2981
2987
2958
3002
2970
2977
2982
2956
2996
2964
2978
2985
2964
3009
2958
2984
2979
2966
3004
2957
2978
2976
2964
3000
2963
2987
2977
2965
2994
2960
2988
2981
2968
3002
2960
2986
2978
2972
2997
2952
2990
2978
2971
2997
2962
2995
2970
2973
2986
2957
2996
2972
2982
2989
2960
2997
2971
2976
2996
2950
3000
2966
2976
2987
2959
3004
2964
2973
2983
2959
3002
2965
2981
2985
2964
3001
2967
2980
2989
2954
3002
2961
2984
2973
2970
3002
2961
2980
2972
2970
3003
2958
2989
2977
2970
2996
2959
2991
2979
2969
2995
2957
2993
2980
2972
2999
2954
2992
2965
2975
2996
2957
2998
2975
2974
2994
2955
3002
2973
2970
2989
2956
2999
2969
2980
2994
2953
2997
2961
2977
2986
2963
3003
2965
2976
2982
2962
3007
2967
2985
2970
2967
3002
2962
2987
2977
2961
3001
2952
2983
2979
2970
2999
2963
2983
2982
2970
3003
2962
2985
2972
2967
2997
2961
2995
2977
2975
2987
2953
2994
2974
2975
2998
2957
2996
2975
2972
2999
2956
2996
2969
2975
2991
2959
3002
2970
2974
2983
2955
3001
2969
2978
2985
2962
3000
2965
2987
2980
2966
3001
2962
2984
2979
2963
3004
2964
2979
2976
2956
3004
2960
2988
2983
2974
3003
2960
2994
2975
2970
2996
2954
2990
2980
2972
3000
2959
2990
2968
2968
2995
2955
2998
2975
2976
2996
2955
3000
2971
2978
2992
2959
2997
2972
2978
2993
2960
2996
2967
2969
2989
2964
2998
2970
2979
2992
2953
3006
2964
2983
2978
2961
3003
2963
2981
2987
2964
2998
2960
2986
2975
2976
3005
2962
2989
2980
2967
3003
2961
2988
2974
2963
2999
2959
2989
2982
2972
2994
2951
2992
2974
2977
2997
2960
2995
2975
2978
2991
2959
2999
2969
2975
2994
2957
2998
2971
2977
2989
2958
2994
2970
2981
2985
2964
3003
2965
2973
2986
2964
3003
2960
2974
2984
2970
2997
2967
2983
2976
2959
2997
2962
2987
2981
2974
2997
2958
2991
2977
2972
3002
2959
2987
2978
2969
2999
2961
2994
2975
2968
2995
2959
2994
2976
2975
3003
2962
2995
2974
2980
2999
2950
2995
2968
2977
2993
2958
3006
2966
2972
2986
2959
2999
2972
2978
2990
2963
3005
2963
2981
2987
2963
2995
2965
2981
2985
2964
3007
2960
2977
2976
2965
3005
2962
2983
2980
2965
3001
2966
2987
2982
2966
3000
2956
2989
2978
2971
3002
2957
2988
2973
2972
3000
2955
2996
2974
2974
2996
2955
2999
2973
2974
2989
2960
3001
2974
2978
2998
2949
2998
2964
2977
2990
2966
2997
2968
2978
2989
2957
3006
2970
2974
2984
2960
3001
2963
2983
2982
2960
2998
2956
2981
2983
2964
3004
2965
2984
2980
2965
3003
2964
2980
2979
2964
3006
2955
2993
2977
2968
2997
2953
2994
2976
2984
2992
2960
2993
2974
2974
2997
2959
2993
2971
2976
2995
2961
2998
2972
2979
2991
2950
3002
2967
2978
2991
2963
3005
2968
2972
2994
2961
2999
2965
2977
2984
2961
3006
2967
2979
2980
2957
3004
2965
2984
2987
2965
3002
2958
2988
2980
2969
2998
2957
2984
2982
2962
3007
2957
2988
2971
2968
2998
2959
2991
2976
2974
3002
2948
2994
2974
2979
2991
2956
2994
2971
2977
2997
2960
2998
2965
2975
2992
2960
2999
2969
2981
2988
2958
3001
2973
2979
2984
2958
3008
2958
2978
2986
2962
3000
2955
2979
2976
2967
3003
2962
2984
2977
2962
3001
2962
2987
2979
2958
3005
2955
2989
2983
2968
2999
2952
2988
2977
2971
3000
2958
2998
2977
2972
3001
2959
2998
2971
2973
2995
2954
2997
2979
2980
2990
2953
2996
2968
2980
2994
2960
3005
2970
2974
2989
2964
3000
2966
2974
2989
2967
2997
2965
2983
2982
2960
2995
2964
2979
2985
2968
3000
2965
2982
2981
2974
3001
2959
2982
2979
2967
3007
2962
2988
2978
2965
2999
2962
2988
2979
2978
2995
2963
2986
2979
2972
3001
2955
2992
2977
2970
2995
2963
2993
2970
2976
2992
2958
3001
2974
2978
2993
2956
2999
2977
2975
2990
2959
2998
2968
2977
2987
2963
3006
2959
2981
2975
2965
3008
2964
2982
2984
2967
2998
2966
2980
2982
2964
3000
2964
2982
2978
2968
3004
2960
2980
2978
2977
2996
2963
2991
2978
2973
2996
2957
2997
2979
2972
2995
2957
2993
2972
2976
3001
2953
2997
2962
2981
2990
2962
2999
2971
2975
2991
2961
3001
2973
2974
2986
2959
3003
2965
2982
2989
2959
3000
2969
2975
2986
2966
3001
2972
2975
2984
2962
3006
2966
2980
2980
2961
3001
2962
2989
2980
2963
2998
2958
2991
2983
2971
3002
2959
2991
2975
2973
3004
2961
2990
2973
2972
2998
2956
2995
2973
2971
2992
2960
2990
2975
2978
2993
2957
2998
2971
2976
2995
2962
2998
2963
2975
2990
2960
3001
2970
2975
2983
2954
3004
2966
2980
2984
2962
3005
2961
2980
2992
2959
3002
2966
2979
2980
2967
3001
2967
2981
2981
2964
3002
2961
2989
2981
2968
3003
2956
2994
2978
2974
2997
2957
2993
2976
2973
3002
2959
2994
2971
2973
2993
2962
2998
2974
2980
2993
2959
3005
2973
2978
2990
2955
2999
2971
2977
2996
2962
3004
2959
2980
2984
2968
2998
2968
2982
2984
2963
3006
2967
2981
2980
2961
3005
2963
2982
2982
2966
3002
2957
2980
2978
2967
3004
2962
2988
2978
2968
3002
2963
2994
2976
2967
2997
2955
2992
2976
2978
2997
2953
2996
2969
2976
3001
2955
2999
2974
2977
3000
2957
3003
2966
2973
2995
2954
3000
2969
2980
2986
2959
2998
2967
2980
2990
2965
3003
2965
2978
2982
2966
3010
2955
2979
2991
2976
3012
2967
2984
2975
2960
2999
2966
2982
2981
2966
3001
2960
2989
2977
2975
3000
2956
2993
2975
2970
3006
2957
2997
2973
2972
2988
2963
2989
2975
2976
2996
2956
2996
2973
2979
2997
2963
2990
2969
2979
2989
2964
3003
2965
2975
2981
2963
3009
2962
2978
2989
2960
3003
2962
2984
2983
2961
3006
2960
2983
2978
2966
3004
2962
2987
2968
2968
3000
2967
2989
2979
2971
3001
2965
2991
2980
2967
3003
2956
2993
2977
2974
3004
2952
2984
2974
2966
3001
2956
2995
2975
2976
2998
2955
2999
2976
2979
2991
2959
2997
2970
2980
2995
2956
2996
2969
2974
2992
2960
3000
2969
2980
2988
2966
2999
2969
2973
2982
2961
3001
2967
2980
2984
2962
2998
2964
2983
2978
2968
3005
2963
2985
2980
2969
3002
2962
2993
2973
2969
3001
2957
2993
2978
2969
2996
2951
2994
2978
2976
2999
2957
2997
2973
2974
2998
2964
2990
2969
2974
2995
2957
3006
2968
2977
2983
2957
2997
2972
2979
2993
2966
3001
2967
2980
2993
2961
2999
2962
2979
2982
2961
3010
2968
2985
2982
2964
3004
2967
2983
2980
2965
3005
2967
2980
2985
2966
3004
2960
2987
2978
2968
3001
2962
2987
2972
2965
2999
2961
2993
2977
2974
2998
2959
2999
2975
2977
2994
2951
2994
2975
2974
3000
2959
2990
2970
2978
2988
2956
3000
2970
2979
2990
2958
3001
2970
2978
2985
2956
3001
2969
2978
2988
2968
3007
2953
2981
2976
2964
3005
2965
2982
2982
2963
3005
2966
2985
2980
2963
3004
2960
2984
2981
2972
2998
2961
2980
2978
2973
3000
2957
2994
2978
2970
2999
2959
2996
2972
2977
2992
2960
2994
2974
2979
2991
2952
3000
2969
2981
2993
2957
3000
2969
2973
2993
2961
3010
2963
2974
2985
2959
3003
2980
2995
2981
2959
3000
2964
2984
2982
2967
3003
2966
2978
2987
2966
3006
2959
2986
2977
2971
2999
2968
2986
2977
2965
3005
2962
2990
2981
2970
3001
2962
2992
2978
2973
2999
2954
2992
2973
2974
3001
2958
2999
2973
2967
2994
2960
2999
2977
2975
2997
2959
3005
2971
2979
2993
2957
2997
2966
2978
2989
2961
3008
2966
2977
2981
2963
3003
2965
2980
2986
2964
3001
2972
2981
2984
2969
2995
2964
2984
2983
2969
3008
2959
2985
2974
2970
3004
2962
2988
2979
2968
2998
2959
2995
2977
2967
2997
2961
2993
2978
2974
2999
2952
2997
2971
2972
2997
2961
2998
2971
2976
2996
2953
3002
2975
2971
2988
2960
2998
2967
2977
2994
2955
3000
2961
2978
2992
2962
3004
2968
2978
2982
2964
3002
2967
2978
2977
2963
3002
2962
2982
2982
2969
2993
2959
2985
2981
2966
3004
2959
2986
2976
2972
2996
2964
2984
2973
2971
2995
2954
2997
2977
2970
2993
2948
2992
2971
2975
2996
2956
2994
2968
2976
2992
2962
2998
2965
2975
2988
2956
3001
2968
2973
2982
2954
2999
2963
2977
2981
2966
2999
2961
2980
2983
2962
2997
2958
2980
2978
2962
3002
2959
2980
2973
2962
3002
2959
2990
2977
2965
2999
2955
2985
2980
2969
2994
2954
2989
2972
2966
2999
2956
2992
2963
2964
2989
2956
2994
2969
2973
2992
2950
2995
2973
2972
2993
2942
2994
2966
2969
2987
2957
2988
2964
2963
2984
2955
2998
2965
2974
2985
2954
2999
2964
2978
2975
2953
2996
2958
2977
2981
2964
2997
2954
2978
2974
2967
3004
2956
2983
2976
2964
2998
2957
2989
2974
2962
2999
2956
2989
2979
2975
2989
2953
2986
2972
2973
2996
2958
2994
2975
2970
2998
2959
2997
2967
2972
2993
2955
2999
2974
2975
2992
2946
2998
2964
2977
2989
2960
3000
2968
2973
2988
2964
3001
2967
2979
2980
2964
3001
2969
2981
2981
2959
3001
2963
2984
2980
2971
3003
2963
2984
2983
2977
3002
2959
2986
2978
2972
3000
2959
2998
2973
2967
2995
2960
2998
2976
2975
2999
2957
2995
2977
2983
3004
2956
2991
2973
2977
2993
2960
3002
2976
2969
2993
2962
3004
2972
2982
2990
2960
3003
2969
2980
2989
2960
3002
2968
2977
2985
2968
3007
2964
2977
2978
2967
3005
2963
2985
2983
2967
3003
2965
2993
2977
2966
3009
2956
2992
2980
2972
3005
2956
2984
2976
2972
3003
2961
2992
2980
2972
2999
2962
2996
2981
2971
2994
2958
2999
2970
2984
2994
2960
2995
2968
2976
2995
2963
3002
2971
2977
2989
2963
3005
2971
2974
2987
2962
3005
2963
2986
2988
2961
3005
2957
2982
2983
2970
3003
2963
2982
2977
2968
3006
2967
2981
2976
2968
3003
2965
2990
2986
2970
2997
2960
2989
2982
2975
3001
2964
2991
2977
2977
3002
2960
2993
2973
2975
3002
2960
3004
2973
2981
2992
2957
3000
2971
2982
2995
2966
2998
