2420,5000
3121
3003
3109
3090
3058
3117
2991
3117
3066
3048
3123
2999
3129
3048
3053
3120
2997
3130
3037
3075
3114
3009
3131
3041
3068
3109
3010
3133
3026
3072
3099
3019
3136
3003
3078
3097
3030
3131
3007
3082
3096
3022
3130
3012
3095
3073
3033
3129
3007
3097
3097
3034
3131
2984
3107
3071
3047
3130
2980
3120
3061
3059
3124
2985
3132
3048
3064
3113
3000
3125
3043
3068
3113
3008
3116
3054
3063
3120
3007
3125
3022
3075
3107
3022
3133
3024
3064
3099
3022
3133
3026
3082
3097
3021
3130
3014
3089
3106
3021
3140
3000
3088
3088
3034
3137
2990
3106
3073
3040
3130
2991
3117
3064
3043
3118
3004
3112
3071
3048
3126
2989
3123
3052
3067
3123
2991
3126
3050
3065
3117
2996
3137
3032
3067
3103
3015
3130
3026
3078
3106
3017
3130
3028
3076
3108
3018
3135
3005
3074
3092
3042
3133
3010
3082
3089
3023
3138
3001
3096
3087
3036
3126
3003
3101
3082
3025
3130
2985
3106
3074
3048
3130
2980
3118
3053
3060
3119
3000
3117
3058
3059
3108
3002
3127
3050
3057
3105
3006
3129
3029
3065
3120
3012
3125
3025
3066
3112
3014
3140
3019
3080
3095
3028
3135
3008
3073
3093
3014
3138
3010
3106
3084
3027
3131
2984
3115
3081
3041
3128
2997
3108
3066
3048
3131
2982
3109
3068
3046
3128
2985
3123
3070
3054
3115
2980
3127
3050
3064
3111
3000
3129
3029
3071
3114
2999
3123
3033
3076
3103
3003
3143
3022
3060
3115
3001
3140
3015
3094
3091
3040
3129
3013
3094
3091
3030
3130
3005
3099
3086
3034
3127
2993
3114
3072
3039
3124
3001
3115
3070
3050
3119
2992
3111
3067
3068
3112
3001
3114
3063
3057
3115
3004
3118
3046
3060
3116
2992
3134
3033
3077
3114
2996
3138
3028
3075
3106
2999
3138
3023
3073
3110
3018
3138
3007
3070
3100
3023
3140
3004
3099
3079
3031
3134
2997
3114
3072
3044
3127
3014
3112
3075
3047
3121
2987
3100
3076
3044
3130
2990
3110
3074
3045
3134
2993
3126
3067
3058
3117
3001
3122
3051
3064
3116
2995
3117
3039
3063
3118
3000
3147
3020
3074
3101
3033
3141
3011
3079
3094
3036
3137
3008
3094
3082
3023
3128
3011
3098
3082
3043
3139
2995
3105
3076
3032
3137
2984
3111
3075
3047
3124
2996
3119
3072
3039
3113
2985
3124
3060
3056
3121
3009
3115
3057
3060
3123
2984
3129
3033
3082
3118
3012
3135
3047
3057
3106
3012
3130
3031
3069
3112
3016
3137
3021
3072
3108
3011
3138
3010
3092
3088
3041
3146
3002
3081
3085
3034
3138
3000
3107
3075
3025
3133
2993
3104
3082
3037
3129
2985
3119
3066
3042
3127
2993
3119
3054
3048
3123
2990
3128
3047
3066
3114
3003
3134
3037
3068
3107
3012
3141
3037
3073
3105
3010
3137
3013
3070
3111
3011
3136
3011
3091
3100
3024
3142
3012
3079
3092
3026
3139
2996
3106
3083
3037
3123
3004
3118
3090
3047
3125
2995
3112
3076
3042
3121
3007
3109
3079
3056
3119
2996
3123
3062
3044
3120
2985
3129
3042
3059
3122
3001
3132
3035
3059
3111
3026
3130
3044
3062
3114
3007
3143
3018
3063
3103
3010
3134
3021
3080
3102
3020
3147
2998
3106
3084
3046
3129
3011
3096
3096
3034
3144
2989
3107
3065
3051
3138
2988
3117
3061
3052
3121
2995
3117
3071
3056
3111
2997
3117
3057
3054
3125
2997
3116
3049
3059
3121
3010
3132
3044
3066
3106
3023
3129
3035
3071
3108
3010
3139
3016
3084
3097
3015
3145
3000
3087
3088
3032
3134
3014
3092
3080
3032
3131
3010
3100
3092
3024
3135
2983
3101
3094
3052
3122
2987
3105
3084
3041
3126
2981
3122
3056
3047
3133
2987
3128
3052
3056
3123
2992
3136
3061
3074
3110
3005
3128
3032
3078
3114
3014
3137
3031
3068
3098
3024
3135
3021
3071
3104
3018
3139
3022
3086
3094
3017
3136
3003
3090
3099
3028
3142
2993
3101
3084
3038
3135
2988
3113
3074
3047
3123
2994
3111
3065
3047
3111
2995
3120
3048
3065
3116
2988
3128
3049
3069
3120
3001
3127
3029
3082
3107
3022
3133
3031
3066
3109
3007
3143
3019
3074
3108
3014
3128
3023
3082
3105
3015
3137
3010
3095
3088
3048
3139
2999
3098
3075
3045
3130
3004
3104
3069
3044
3127
3001
3113
3080
3039
3114
2994
3115
3059
3056
3128
3006
3116
3057
3053
3125
2991
3131
3042
3075
3116
2995
3140
3034
3072
3104
3016
3132
3034
3073
3115
3007
3126
3021
3079
3110
3018
3140
3020
3084
3096
3016
3142
3007
3089
3076
3035
3132
3017
3113
3079
3050
3119
3007
3107
3081
3034
3132
2989
3107
3074
3047
3132
2988
3112
3063
3050
3125
2992
3130
3051
3061
3114
2998
3127
3048
3070
3123
3004
3124
3047
3066
3117
3018
3136
3014
3077
3100
3022
3136
3031
3069
3097
3018
3130
3019
3085
3099
3032
3129
3024
3103
3085
3039
3132
2997
3109
3075
3044
3130
3011
3100
3076
3036
3121
2998
3114
3077
3052
3116
3006
3121
3067
3051
3108
2996
3125
3056
3057
3126
3000
3130
3029
3077
3109
3026
3130
3040
3070
3113
3013
3138
3021
3080
3106
3014
3140
3014
3086
3097
3021
3139
3002
3092
3087
3034
3142
3002
3105
3083
3023
3137
3000
3114
3068
3037
3132
2988
3114
3067
3055
3118
2987
3115
3081
3052
3128
2991
3119
3050
3054
3124
2996
3132
3036
3069
3113
3021
3135
3034
3062
3102
3020
3135
3025
3088
3101
3023
3134
3028
3071
3110
3015
3141
3016
3083
3105
3023
3144
3006
3108
3083
3027
3126
3004
3106
3080
3043
3131
2998
3110
3091
3040
3134
2981
3117
3063
3062
3117
3001
3116
3061
3042
3130
2995
3125
3060
3060
3126
2989
3130
3040
3084
3113
2992
3141
3033
3078
3106
3023
3141
3040
3062
3116
3009
3149
3036
3081
3114
3023
3147
3027
3091
3100
3022
3137
3006
3110
3082
3032
3145
3000
3104
3076
3040
3125
3001
3114
3082
3043
3132
2991
3132
3069
3055
3123
2985
3128
3067
3063
3127
3000
3115
3052
3065
3127
2999
3138
3041
3085
3111
3022
3138
3049
3074
3118
3026
3143
3037
3086
3115
3029
3136
3012
3083
3109
3027
3138
3015
3100
3093
3038
3145
3011
3107
3087
3044
3134
3010
3111
3089
3048
3124
3001
3112
3075
3065
3123
2986
3132
3068
3048
3129
3007
3118
3062
3061
3128
2994
3127
3061
3059
3124
2992
3131
3047
3058
3131
3012
3129
3043
3063
3121
3022
3134
3015
3082
3108
3029
3143
3021
3093
3093
3028
3146
3015
3103
3099
3040
3137
3011
3106
3087
3034
3136
2994
3113
3082
3036
3140
2993
3108
3086
3038
3135
3008
3113
3075
3048
3134
2989
3126
3055
3066
3115
2989
3121
3055
3060
3125
3007
3131
3031
3065
3118
3007
3147
3025
3082
3116
3015
3145
3023
3097
3100
3037
3136
3024
3094
3101
3041
3134
3018
3095
3106
3036
3141
3037
3117
3106
3061
3150
3028
3140
3097
3070
3148
3029
3136
3099
3082
3144
3012
3144
3093
3076
3137
3031
3137
3091
3075
3144
3032
3151
3084
3084
3141
3047
3152
3074
3104
3134
3037
3156
3050
3095
3132
3051
3154
3033
3104
3119
3046
3165
3033
3118
3119
3065
3155
3049
3134
3125
3080
3161
3043
3131
3118
3086
3156
3039
3136
3117
3076
3158
3021
3143
3101
3089
3152
3042
3147
3089
3074
3144
3034
3139
3084
3081
3142
3021
3140
3069
3081
3140
3019
3142
3060
3083
3132
3035
3157
3045
3094
3123
3056
3160
3045
3108
3126
3045
3149
3047
3109
3124
3044
3157
3031
3122
3111
3063
3152
3011
3120
3099
3059
3136
2998
3118
3093
3060
3141
3009
3132
3090
3064
3133
3016
3135
3069
3082
3131
3004
3127
3048
3088
3137
3010
3143
3047
3088
3133
3008
3147
3057
3086
3105
3034
3141
3022
3072
3105
3032
3132
3010
3104
3104
3041
3144
3031
3102
3096
3050
3142
3025
3108
3100
3039
3144
3002
3120
3089
3051
3129
3003
3117
3097
3061
3145
3014
3135
3076
3058
3140
3005
3127
3062
3070
3125
2999
3142
3059
3080
3127
3014
3160
3061
3100
3138
3050
3166
3061
3093
3144
3052
3148
3047
3091
3121
3034
3163
3037
3119
3116
3061
3160
3047
3131
3124
3074
3157
3046
3127
3123
3079
3146
3023
3133
3097
3073
3138
3016
3120
3070
3072
3138
3018
3137
3091
3090
3145
3023
3145
3093
3086
3143
3018
3149
3063
3090
3129
3016
3139
3040
3065
3109
3006
3137
3046
3072
3127
3019
3153
3026
3093
3115
3013
3149
3016
3075
3099
3018
3132
2988
3074
3083
3020
3122
3008
3095
3087
3027
3136
2997
3123
3082
3029
3132
2983
3101
3071
3038
3115
2974
3095
3044
3035
3104
2963
3104
3010
3031
3085
2976
3101
3006
3023
3098
2977
3122
3008
3065
3095
2989
3122
3014
3056
3079
3018
3115
2988
3067
3066
3019
3109
2969
3079
3055
2998
3114
2980
3086
3055
3011
3110
2967
3099
3058
3033
3116
2978
3092
3067
3026
3118
2958
3093
3050
3018
3109
2962
3113
3020
3030
3101
2976
3115
3022
3050
3106
2992
3115
3033
3048
3111
2982
3121
3008
3046
3079
3000
3123
2976
3023
3068
2978
3115
2982
3059
3068
3009
3106
2992
3065
3072
2999
3103
2974
3064
3065
3001
3113
2952
3062
3051
3009
3111
2976
3092
3046
3025
3099
2954
3101
3038
3013
3114
2957
3103
3021
3043
3091
2979
3093
3025
3034
3107
2984
3108
3007
3037
3085
2977
3122
2989
3052
3067
2971
3115
2984
3055
3078
2975
3097
2985
3043
3065
2985
3120
2977
3059
3050
3000
3108
2959
3068
3046
2992
3106
2961
3075
3051
2993
3101
2938
3095
3044
3020
3097
2965
3081
3034
3017
3088
2969
3096
3009
3031
3085
2982
3095
3014
3027
3085
2967
3110
2996
3030
3082
2977
3112
2980
3057
3074
2976
3108
2978
3053
3076
2984
3116
2978
3057
3046
2995
3102
2974
3056
3058
2999
3103
2964
3068
3052
3008
3087
2956
3075
3054
3003
3101
2952
3085
3023
3014
3097
2963
3092
3033
3023
3104
2955
3105
3029
3030
3083
2974
3098
3016
3033
3094
2982
3097
3001
3030
3088
2980
3110
3005
3039
3088
2979
3120
2992
3059
3060
3002
3116
2985
3068
3064
3007
3101
2975
3062
3067
3005
3117
2966
3090
3047
3004
3111
2958
3099
3039
3011
3111
2959
3103
3037
3046
3093
2968
3096
3021
3044
3098
2982
3109
3028
3037
3101
2982
3111
3012
3038
3094
2981
3118
3005
3043
3091
2980
3113
3000
3049
3081
2993
3120
2986
3060
3082
2995
3109
2980
3056
3056
3006
3110
2981
3076
3057
3002
3109
2958
3096
3052
3006
3098
2960
3074
3049
3014
3112
2953
3076
3041
3023
3103
2965
3088
3038
3010
3082
2970
3099
3016
3039
3087
2986
3107
2999
3058
3083
2966
3110
2990
3057
3069
2980
3118
2976
3049
3066
2986
3117
2984
3066
3062
3013
3109
2979
3076
3059
2994
3119
2966
3081
3050
3017
3105
2968
3080
3052
3007
3111
2953
3090
3045
3027
3093
2979
3089
3035
3026
3088
2983
3091
3026
3035
3086
2980
3093
3001
3042
3085
2977
3114
3006
3052
3083
2986
3118
2995
3042
3074
2992
3108
2982
3048
3081
2990
3102
2984
3045
3074
2991
3106
2970
3067
3059
3000
3106
2976
3068
3043
3011
3105
2966
3083
3054
3009
3101
2951
3091
3039
3023
3099
2966
3087
3035
3023
3103
2970
3088
3025
3025
3099
2962
3122
3010
3034
3086
2963
3117
2999
3048
3079
2992
3112
2987
3053
3080
2998
3107
3007
3048
3082
2992
3121
2979
3072
3059
3003
3107
2985
3066
3065
3001
3114
2961
3094
3048
3030
3093
2971
3083
3038
3023
3104
2970
3084
3036
3016
3105
2959
3099
3029
3024
3099
2949
3106
3014
3036
3088
2957
3119
3012
3037
3095
2970
3113
2995
3026
3082
2989
3112
2999
3046
3078
2986
3118
2986
3063
3059
2987
3116
2971
3070
3059
3022
3098
2972
3061
3057
3011
3110
2954
3088
3043
3006
3108
2980
3102
3051
3010
3102
2954
3082
3041
3021
3104
2973
3085
3037
3026
3097
2968
3105
3028
3028
3104
2969
3115
2999
3040
3075
2996
3116
2994
3038
3078
2980
3096
2996
3046
3076
2989
3121
2978
3068
3065
2999
3109
2988
3055
3048
3014
3102
2966
3081
3044
3004
3096
2965
3075
3051
3011
3114
2953
3086
3038
3011
3107
2950
3094
3027
3029
3089
2960
3105
3010
3032
3080
2976
3097
3013
3042
3082
2982
3103
3010
3040
3089
2978
3111
3000
3040
3092
2983
3116
2974
3037
3067
2983
3116
2976
3063
3063
3003
3107
2967
3085
3052
3012
3115
2958
3081
3046
3017
3103
2974
3084
3033
3029
3093
2961
3097
3039
3026
3085
2954
3099
3026
3032
3084
2966
3096
3022
3018
3103
2960
3102
3001
3040
3086
2994
3102
3009
3029
3090
2975
3125
2993
3043
3075
2995
3109
2990
3050
3081
2983
3098
2979
3061
3068
2993
3125
2968
3076
3048
3007
3104
2960
3080
3038
3024
3092
2965
3087
3051
3012
3106
2952
3093
3036
3025
3108
2957
3110
3018
3034
3090
2976
3102
3004
3036
3092
2968
3123
3013
3031
3068
2988
3103
3003
3041
3083
2980
3124
2989
3039
3082
2989
3099
2990
3047
3067
2993
3115
2984
3055
3061
2986
3120
2975
3080
3054
3009
3121
2949
3072
3050
3016
3100
2956
3079
3046
3013
3104
2959
3089
3031
3020
3093
2966
3088
3026
3026
3095
2960
3105
3019
3034
3087
2966
3109
3009
3041
3101
2990
3111
2987
3052
3068
2993
3110
2991
3043
3084
2983
3117
2980
3068
3053
2999
3102
2980
3061
3062
3002
3106
2960
3059
3053
3006
3110
2955
3092
3038
3019
3092
2960
3099
3031
3014
3084
2960
3094
3032
3027
3090
2946
3097
3016
3036
3092
2960
3109
3003
3037
3092
2976
3102
3001
3026
3083
2979
3104
3008
3036
3081
2974
3109
2990
3049
3062
3000
3107
2981
3056
3056
3012
3109
2965
3070
3047
3010
3104
2972
3075
3050
2999
3087
2972
3082
3047
3020
3097
2965
3084
3038
3031
3092
2974
3082
3031
3024
3085
2974
3096
3022
3023
3090
2967
3110
3000
3039
3082
2983
3099
2992
3050
3087
2987
3104
2998
3040
3080
2986
3127
2973
3054
3066
2988
3115
2973
3075
3054
2993
3111
2965
3076
3051
3005
3096
2975
3074
3037
3025
3104
2956
3072
3027
3006
3116
2948
3098
3035
3020
3094
2971
3090
3037
3017
3081
2970
3097
3022
3026
3097
2961
3090
3008
3040
3090
2973
3119
3016
3035
3082
2981
3128
2989
3038
3078
2994
3108
2988
3055
3074
2995
3095
2980
3060
3050
3002
3111
2969
3075
3050
3013
3098
2977
3071
3036
3017
3100
2948
3094
3046
3011
3096
2953
3095
3027
3026
3099
2959
3113
3014
3049
3086
2979
3095
3011
3025
3094
2971
3105
3025
3036
3084
2971
3115
3000
3039
3085
2983
3126
2981
3057
3067
3003
3103
2979
3061
3059
3000
3112
2985
3059
3059
2996
3112
2969
3067
3059
3013
3102
2957
3076
3054
3021
3094
2961
3086
3043
3024
3097
2969
3080
3032
3019
3111
2966
3107
3014
3041
3086
2960
3112
3008
3041
3100
2966
3105
3007
3039
3089
2986
3114
2986
3044
3073
2998
3106
2997
3050
3074
2992
3117
2984
3070
3051
3004
3111
2977
3086
3059
3000
3108
2954
3067
3053
3018
3102
2952
3083
3047
3015
3092
2968
3090
3022
3028
3099
2966
3097
3035
3028
3087
2969
3093
3023
3035
3101
2968
3111
3013
3044
3084
2988
3114
3004
3041
3091
2986
3117
2994
3059
3069
2992
3102
2997
3054
3079
2995
3113
2990
3064
3074
3006
3120
2971
3091
3062
3003
3122
2969
3078
3053
3007
3095
2982
3102
3043
3036
3100
2985
3095
3050
3036
3096
2975
3093
3036
3036
3095
2983
3102
3023
3038
3083
2991
3113
3027
3058
3091
2999
3113
3018
3053
3087
3000
3117
3006
3070
3078
3015
3120
3002
3061
3076
3010
3128
2988
3085
3068
3020
3123
2983
3094
3066
3025
3116
2973
3084
3075
3022
3119
2969
3097
3044
3035
3113
2975
3111
3043
3045
3099
2987
3111
3041
3041
3111
2980
3124
3021
3061
3102
3002
3119
3005
3059
3096
3003
3129
3013
3071
3085
3019
3120
3012
3054
3093
2999
3117
2985
3092
3069
3015
3107
2986
3075
3071
3005
3127
2977
3075
3064
3015
3127
2972
3078
3055
3020
3098
2984
3101
3050
3017
3101
2961
3101
3034
3041
3094
2989
3096
3024
3041
3106
2987
3107
3017
3037
3096
2981
3105
3009
3041
3079
2980
3114
2993
3052
3081
2992
3117
2983
3060
3071
3011
3101
2987
3062
3050
3005
3113
2980
3069
3060
2996
3111
2962
3084
3047
3006
3106
2953
3077
3050
3035
3089
2974
3087
3039
3022
3113
2961
3107
3015
3026
3096
2967
3105
3013
3037
3095
2970
3114
3006
3039
3082
2972
3115
2990
3057
3072
2997
3103
3000
3042
3077
2991
3120
2979
3061
3067
3000
3107
2988
3065
3070
2996
3101
2959
3088
3046
3023
3093
2947
3078
3042
3020
3098
2974
3080
3051
3017
3102
2954
3095
3029
3027
3092
2953
3104
3023
3038
3083
2974
3092
3019
3031
3081
2969
3118
3005
3037
3088
2981
3115
2991
3040
3080
2983
3114
3004
3063
3063
2995
3100
2969
3066
3057
3006
3103
2979
3068
3052
3021
3106
2965
3069
3050
3012
3113
2950
3092
3036
3014
3095
2964
3092
3035
3030
3090
2965
3089
3029
