2260,5000
2887
2908
2904
2899
2939
2898
2900
2899
2884
2937
2890
2912
2908
2901
2927
2888
2926
2906
2898
2924
2882
2916
2910
2893
2936
2880
2921
2903
2892
2925
2884
2932
2906
2895
2929
2877
2928
2905
2910
2916
2878
2926
2895
2905
2921
2897
2918
2890
2903
2912
2887
2952
2894
2903
2917
2893
2929
2895
2902
2911
2881
2934
2893
2904
2913
2888
2929
2885
2907
2897
2892
2931
2884
2916
2901
2892
2937
2881
2927
2896
2899
2925
2886
2923
2907
2903
2929
2872
2918
2907
2905
2936
2879
2926
2903
2901
2927
2885
2942
2885
2912
2914
2882
2930
2904
2904
2916
2879
2934
2886
2902
2921
2885
2943
2886
2906
2911
2892
2932
2887
2898
2910
2888
2938
2890
2910
2902
2880
2929
2885
2917
2902
2892
2937
2880
2911
2905
2896
2937
2884
2911
2911
2888
2933
2884
2922
2903
2887
2927
2878
2927
2912
2895
2931
2886
2932
2906
2906
2933
2880
2923
2897
2900
2922
2890
2942
2889
2894
2915
2886
2933
2894
2908
2914
2890
2927
2891
2904
2916
2891
2925
2891
2914
2905
2891
2938
2883
2903
2902
2890
2934
2887
2918
2902
2892
2938
2886
2916
2908
2893
2925
2890
2910
2908
2897
2934
2881
2916
2901
2896
2926
2886
2920
2903
2901
2922
2886
2925
2906
2900
2917
2884
2928
2899
2896
2924
2887
2918
2887
2896
2919
2886
2935
2901
2895
2920
2884
2938
2890
2899
2918
2880
2935
2884
2910
2920
2880
2930
2882
2914
2905
2889
2941
2883
2912
2900
2898
2933
2891
2908
2905
2899
2931
2882
2921
2905
2893
2926
2882
2923
2903
2901
2927
2881
2923
2908
2897
2935
2891
2924
2900
2902
2923
2885
2941
2894
2900
2919
2885
2923
2898
2896
2920
2895
2925
2893
2904
2915
2891
2939
2879
2904
2909
2899
2932
2893
2903
2909
2878
2937
2887
2913
2901
2890
2936
2885
2915
2910
2889
2929
2881
2918
2906
2891
2931
2884
2927
2894
2893
2930
2893
2914
2909
2894
2924
2883
2930
2902
2905
2920
2880
2930
2899
2897
2925
2886
2926
2889
2898
2918
2885
2933
2893
2903
2916
2889
2936
2898
2904
2905
2893
2940
2887
2901
2912
2890
2930
2883
2898
2907
2891
2937
2890
2906
2909
2886
2932
2892
2915
2906
2886
2932
2883
2915
2908
2897
2926
2877
2915
2902
2899
2928
2889
2917
2902
2898
2931
2881
2928
2893
2904
2927
2884
2928
2907
2900
2922
2875
2925
2893
2903
2927
2878
2934
2891
2901
2916
2890
2935
2884
2903
2907
2894
2927
2883
2913
2900
2885
2929
2888
2909
2909
2885
2938
2894
2903
2909
2896
2943
2876
2916
2900
2899
2932
2888
2921
2905
2893
2920
2883
2921
2904
2899
2928
2881
2925
2895
2909
2932
2873
2921
2898
2901
2926
2889
2928
2895
2900
2909
2891
2928
2897
2903
2921
2889
2926
2896
2902
2929
2900
2929
2887
2902
2914
2893
2930
2889
2906
2909
2884
2932
2887
2911
2905
2888
2942
2879
2915
2917
2884
2930
2884
2916
2906
2899
2932
2884
2915
2899
2895
2937
2881
2954
2913
2905
2927
2881
2937
2897
2901
2916
2883
2959
2901
2908
2931
2880
2926
2888
2905
2924
2887
2931
2901
2896
2916
2888
2937
2900
2901
2921
2880
2939
2881
2906
2913
2883
2930
2882
2905
2909
2893
2929
2894
2902
2903
2891
2945
2885
2909
2904
2884
2938
2887
2916
2909
2896
2930
2886
2924
2901
2893
2947
2876
2926
2895
2900
2932
2881
2920
2897
2901
2921
2892
2942
2900
2898
2923
2878
2928
2895
2903
2923
2889
2927
2892
2903
2921
2892
2935
2888
2901
2912
2885
2933
2895
2906
2898
2888
2932
2890
2910
2904
2894
2938
2892
2903
2913
2896
2935
2877
2916
2905
2896
2931
2892
2913
2899
2892
2930
2884
2924
2908
2899
2925
2879
2923
2904
2907
2917
2880
2926
2902
2903
2930
2893
2922
2888
2898
2920
2880
2938
2892
2904
2913
2886
2931
2902
2898
2916
2880
2940
2885
2907
2913
2894
2930
2892
2890
2914
2883
2938
2894
2906
2905
2888
2933
2893
2909
2903
2880
2933
2888
2905
2913
2893
2931
2884
2911
2910
2894
2930
2892
2914
2902
2899
2924
2889
2923
2906
2892
2929
2893
2916
2905
2910
2916
2879
2924
2906
2900
2929
2883
2931
2898
2899
2921
2889
2930
2892
2894
2918
2888
2934
2895
2904
2910
2882
2931
2884
2905
2927
2891
2937
2897
2901
2912
2890
2937
2885
2908
2914
2883
2949
2889
2923
2898
2889
2927
2886
2921
2910
2894
2933
2884
2923
2901
2901
2932
2876
2924
2903
2900
2937
2878
2931
2899
2895
2916
2885
2933
2898
2904
2931
2875
2929
2896
2901
2929
2883
2926
2893
2905
2923
2883
2945
2881
2902
2902
2891
2936
2891
2904
2914
2888
2933
2890
2914
2912
2886
2932
2887
2914
2901
2897
2929
2885
2909
2906
2891
2936
2887
2928
2903
2901
2928
2882
2933
2901
2900
2928
2876
2924
2905
2899
2941
2870
2931
2886
2905
2925
2892
2922
2902
2900
2920
2886
2934
2907
2893
2914
2883
2930
2891
2904
2915
2891
2921
2905
2906
2912
2887
2937
2898
2898
2915
2885
2940
2890
2902
2904
2886
2933
2885
2913
2907
2892
2930
2890
2905
2907
2897
2932
2888
2915
2907
2899
2931
2889
2920
2900
2898
2927
2884
2933
2898
2901
2921
2874
2925
2908
2899
2928
2888
2931
2887
2906
2922
2892
2925
2892
2900
2922
2882
2942
2891
2900
2908
2882
2935
2895
2906
2912
2895
2931
2886
2908
2909
2896
2930
2884
2913
2904
2896
2930
2895
2905
2898
2886
2934
2888
2918
2917
2890
2932
2885
2919
2910
2902
2925
2880
2920
2906
2907
2924
2894
2914
2900
2900
2928
2884
2932
2894
2911
2931
2880
2928
2907
2900
2917
2883
2926
2898
2896
2928
2881
2934
2892
2896
2915
2892
2934
2894
2901
2913
2884
2942
2886
2910
2909
2883
2931
2885
2912
2902
2897
2927
2885
2900
2906
2900
2930
2887
2912
2908
2887
2935
2884
2924
2894
2896
2932
2880
2921
2907
2905
2922
2879
2927
2893
2905
2938
2878
2931
2900
2900
2930
2886
2939
2889
2900
2914
2888
2941
2893
2906
2917
2873
2946
2886
2907
2920
2891
2940
2889
2901
2924
2888
2937
2904
2905
2901
2892
2944
2889
2909
2901
2886
2934
2887
2917
2906
2898
2929
2888
2917
2901
2900
2932
2879
2914
2906
2891
2942
2878
2924
2897
2899
2923
2885
2923
2902
2904
2935
2873
2935
2893
2909
2929
2881
2924
2892
2903
2932
2881
2936
2890
2900
2909
2885
2933
2895
2907
2913
2889
2925
2892
2909
2910
2887
2932
2889
2905
2908
2894
2938
2894
2901
2901
2890
2938
2883
2915
2905
2911
2939
2880
2923
2915
2887
2937
2878
2922
2907
2909
2925
2884
2912
2905
2889
2935
2883
2926
2901
2901
2956
2899
2933
2905
2896
2926
2880
2931
2894
2906
2939
2880
2924
2907
2895
2925
2900
2927
2894
2902
2913
2890
2935
2893
2902
2910
2895
2932
2892
2907
2907
2893
2926
2886
2907
2906
2896
2945
2881
2915
2909
2900
2935
2888
2915
2900
2901
2923
2890
2922
2907
2895
2929
2873
2925
2906
2900
2932
2880
2934
2896
2903
2930
2884
2922
2911
2898
2932
2876
2935
2904
2894
2916
2879
2932
2896
2906
2918
2886
2936
2889
2904
2924
2897
2928
2887
2905
2911
2886
2937
2899
2901
2909
2878
2936
2899
2904
2914
2892
2934
2882
2915
2910
2896
2932
2880
2915
2907
2889
2936
2888
2919
2897
2891
2933
2884
2934
2897
2906
2931
2889
2920
2904
2910
2931
2876
2927
2900
2903
2931
2887
2937
2883
2895
2921
2883
2943
2889
2924
2923
2882
2936
2895
2904
2921
2880
2933
2892
2904
2914
2895
2930
2887
2900
2907
2890
2937
2890
2914
2913
2882
2945
2880
2917
2911
2889
2933
2886
2912
2908
2898
2931
2877
2916
2903
2900
2936
2884
2931
2896
2899
2934
2880
2929
2903
2907
2921
2884
2927
2907
2911
2919
2879
2923
2899
2900
2925
2882
2933
2895
2905
2914
2892
2937
2893
2899
2919
2886
2933
2891
2909
2919
2875
2935
2885
2907
2910
2898
2928
2887
2910
2915
2888
2942
2883
2909
2916
2888
2934
2890
2912
2902
2900
2920
2888
2916
2907
2899
2935
2881
2928
2902
2900
2931
2878
2921
2903
2908
2919
2888
2934
2891
2901
2920
2884
2933
2905
2903
2924
2884
2929
2898
2900
2927
2881
2929
2898
2897
2916
2895
2946
2882
2904
2908
2887
2937
2900
2901
2911
2898
2924
2890
2915
2901
2887
2930
2889
2910
2908
2905
2929
2886
2915
2909
2887
2934
2886
2922
2909
2896
2935
2877
2928
2907
2896
2923
2885
2919
2902
2912
2923
2883
2920
2893
2904
2928
2885
2928
2896
2905
2923
2883
2933
2897
2902
2911
2883
2931
2894
2907
2925
2878
2933
2881
2905
2919
2884
2937
2893
2907
2907
2894
2931
2890
2907
2902
2889
2936
2883
2924
2899
2893
2923
2879
2923
2904
2895
2939
2884
2918
2903
2898
2937
2889
2915
2905
2896
2929
2882
2937
2899
2901
2916
2878
2930
2902
2915
2921
2884
2927
2896
2903
2931
2885
2932
2893
2898
2920
2885
2942
2896
2901
2910
2882
2939
2893
2900
2914
2893
2929
2898
2902
2914
2890
2936
2882
2911
2904
2892
2947
2882
2915
2907
2879
2931
2889
2915
2913
2900
2929
2882
2921
2910
2896
2926
2880
2915
2904
2899
2941
2877
2922
2897
2899
2935
2876
2929
2900
2910
2932
2875
2930
2900
2907
2918
2888
2926
2895
2912
2913
2894
2928
2893
2893
2918
2889
2933
2903
2898
2915
2891
2931
2894
2907
2902
2890
2928
2901
2900
2909
2891
2935
2879
2911
2906
2893
2933
2885
2927
2898
2896
2928
2893
2923
2903
2901
2924
2887
2917
2917
2902
2936
2870
2923
2896
2905
2929
2882
2927
2901
2910
2921
2887
2937
2897
2902
2920
2884
2937
2894
2905
2912
2889
2921
2894
2905
2919
2882
2949
2896
2902
2908
2901
2928
2887
2901
2906
2889
2935
2891
2911
2900
2887
2931
2882
2915
2909
2900
2944
2880
2913
2910
2895
2941
2871
2930
2902
2905
2922
2887
2926
2903
2896
2922
2883
2929
2897
2907
2927
2889
2921
2899
2910
2927
2881
2931
2896
2903
2926
2883
2935
2890
2899
2914
2888
2933
2898
2900
2914
2888
2936
2892
2908
2913
2888
2931
2887
2905
2915
2888
2941
2879
2909
2901
2889
2937
2891
2908
2913
2896
2928
2889
2926
2916
2890
2928
2888
2915
2907
2895
2938
2889
2912
2902
2897
2930
2884
2925
2905
2902
2928
2878
2932
2909
2896
2923
2883
2938
2891
2909
2924
2883
2936
2882
2909
2917
2890
2941
2891
2902
2910
2890
2940
2892
2909
2903
2895
2938
2886
2908
2915
2884
2932
2891
2903
2907
2895
2938
2892
2915
2903
2892
2939
2894
2913
2902
2903
2927
2886
2919
2910
2899
2924
2879
2924
2905
2900
2936
2885
2922
2902
2902
2926
2887
2940
2894
2904
2924
2881
2946
2890
2900
2916
2882
2926
2898
2899
2939
2904
2950
2893
2903
2919
2906
2924
2889
2898
2913
2897
2935
2893
2907
2907
2894
2926
2878
2911
2913
2885
2934
2888
2919
2906
2897
2928
2883
2914
2915
2889
2936
2885
2917
2896
2894
2927
2887
2925
2901
2904
2931
2885
2916
2910
2900
2922
2880
2934
2897
2905
2936
2880
2929
2894
2905
2917
2884
2934
2896
2903
2922
2879
2937
2894
2904
2913
2881
2932
2888
2907
2914
2889
2932
2888
2908
2900
2899
2933
2888
2913
2905
2889
2939
2889
2915
2905
2887
2931
2883
2917
2909
2902
2925
2878
2925
2900
2899
2937
2882
2925
2901
2905
2922
2890
2929
2900
2895
2924
2883
2925
2899
2916
2915
2883
2922
2896
2903
2931
2880
2931
2893
2900
2919
2891
2945
2883
2902
2913
2888
2931
2896
2908
2919
2878
2927
2888
2906
2917
2880
2935
2886
2906
2903
2897
2939
2887
2902
2909
2892
2936
2892
2917
2902
2892
2922
2886
2930
2897
2905
2925
2882
2922
2903
2900
2936
2876
2930
2897
2903
2921
2886
2935
2891
2902
2925
2889
2924
2895
2903
2922
2884
2930
2898
2904
2929
2875
2930
2903
2895
2916
2896
2933
2893
2893
2906
2882
2937
2895
2903
2908
2887
2934
2887
2922
2903
2889
2931
2888
2909
2902
2913
2928
2885
2916
2910
2892
2934
2884
2923
2908
2895
2929
2892
2920
2907
2900
2931
2877
2928
2903
2902
2925
2885
2915
2893
2899
2925
2882
2932
2903
2891
2919
2880
2928
2892
2900
2901
2879
2925
2886
2896
2910
2880
2917
2884
2909
2896
2885
2932
2888
2893
2903
2880
2933
2878
2900
2893
2886
2926
2880
2912
2898
2886
2922
2879
2899
2903
2883
2931
2880
2917
2901
2894
2923
2883
2906
2899
2887
2923
2876
2927
2894
2892
2916
2877
2914
2901
2895
2922
2875
2921
2898
2890
2920
2879
2921
2887
2896
2905
2883
2923
2893
2896
2900
2877
2925
2886
2899
2914
2876
2929
2878
2901
2905
2888
2923
2886
2898
2903
2876
2935
2881
2906
2890
2883
2928
2878
2911
2902
2892
2932
2872
2914
2898
2893
2925
2873
2913
2894
2898
2917
2885
2907
2890
2891
2919
2877
2923
2894
2902
2908
2878
2926
2896
2894
2916
2873
2922
2888
2904
2909
2886
2926
2880
2898
2907
2888
2921
2890
2899
2905
2887
2919
2888
2901
2899
2878
2929
2880
2904
2906
2888
2931
2871
2901
2901
2892
2928
2881
2908
2901
2885
2931
2877
2917
2899
2891
2924
2878
2915
2902
2897
2923
2870
2911
2894
2900
2918
2879
2918
2901
2886
2931
2871
2934
2880
2895
2914
2878
2916
2897
2898
2908
2883
2927
2885
2904
2910
2889
2922
2889
2896
2904
2888
2927
2880
2897
2897
2887
2929
2884
2906
2890
2882
2921
2889
2899
2904
2882
2927
2876
2908
2908
2887
2930
2875
2909
2896
2888
2925
2879
2919
2893
2890
2908
2886
2908
2900
2889
2924
2875
2919
2902
2891
2937
2878
2916
2894
2899
2909
2882
2927
2885
2889
2908
2880
2925
2886
2908
2902
2883
2922
2884
2900
2908
2879
2930
2885
2895
2900
2885
2928
2882
2889
2895
2883
2928
2882
2907
2899
2885
2924
2878
2909
2906
2885
2922
2876
2909
2896
2890
2925
2874
2905
2887
2893
2921
2880
2917
2895
2897
2915
2877
2924
2892
2891
2919
2872
2928
2887
2898
2919
2874
2918
2892
2888
2914
2881
2930
2887
2897
2907
2889
2922
2887
2890
2904
2880
2924
2881
2901
2912
2872
2920
2880
2899
2900
2887
2938
2875
2910
2905
2885
2932
2888
2904
2895
2890
2923
2875
2913
2897
2885
2913
2867
2912
2894
2890
2934
2869
2919
2886
2894
2919
2887
2910
2885
2902
2905
2883
2909
2895
2881
2906
2869
2917
2889
2886
2911
2885
2916
2885
2888
2910
2876
2917
2870
2891
2898
2876
2922
2882
2898
2897
2881
2916
2887
2891
2892
2880
2912
2872
2896
2896
2889
2910
2871
2903
2893
2874
2928
2862
2897
2882
2869
2908
2863
2898
2883
2878
2905
2863
2899
2885
2884
2898
2864
2891
2871
2875
2893
2854
2891
2861
2864
2893
2843
2895
2864
2867
2881
2849
2889
2860
2862
2869
2840
2891
2841
2859
2871
2844
2883
2841
2853
2860
2845
2893
2840
2857
2859
2841
2884
2841
2864
2852
2843
2886
2829
2866
2850
2847
2871
2830
2862
2856
2850
2882
2842
2872
2854
2850
2895
2837
2879
2855
2854
2877
2841
2881
2866
2869
2885
2840
2884
2871
2866
2888
2856
2904
2861
2873
2883
2865
2894
2866
2868
2888
2857
2902
2862
2876
2879
2855
2900
2864
2882
2890
2866
2909
2867
2879
2893
2864
2915
2857
2886
2881
2865
2906
2866
2901
2876
2871
2908
2861
2895
2884
2880
2920
2862
2907
2887
2889
2914
2866
2897
2886
2880
2916
2877
2919
2875
2896
2926
2864
2919
2890
2897
2918
2868
2926
2881
2911
2902
2871
2922
2881
2900
2911
2877
2924
2879
2900
2890
2883
2930
2892
2893
2905
2887
2920
2883
2909
2895
2880
2920
2881
2909
2899
2885
2930
2878
2896
2898
2887
2924
2883
2904
2901
2890
2922
2879
2913
2900
2895
2911
2876
2919
2897
2890
2925
2875
2909
2890
2895
2924
2872
2924
2895
2904
2918
2876
2924
2890
2912
2915
2882
2923
2885
2903
2911
2880
2916
2884
2896
2908
2886
2928
2886
2898
2906
2891
2928
2889
2893
2902
2883
2932
2883
2917
2900
2889
