2282,5000
2951
2918
2924
2953
2895
2943
2923
2927
2957
2888
2942
2923
2924
2943
2899
2951
2912
2922
2932
2903
2951
2921
2915
2940
2900
2950
2908
2931
2934
2897
2945
2908
2922
2930
2915
2963
2903
2921
2928
2907
2953
2903
2934
2920
2915
2951
2905
2934
2929
2912
2944
2904
2930
2926
2916
2957
2902
2941
2914
2918
2946
2902
2944
2925
2925
2944
2899
2945
2927
2918
2939
2906
2944
2920
2924
2946
2905
2938
2918
2916
2945
2901
2952
2917
2914
2936
2915
2949
2923
2913
2933
2899
2955
2904
2927
2935
2899
2944
2906
2933
2934
2910
2959
2901
2936
2915
2914
2958
2906
2932
2924
2910
2949
2902
2946
2923
2912
2943
2895
2940
2918
2921
2947
2901
2942
2924
2922
2951
2905
2946
2911
2923
2943
2901
2947
2924
2922
2938
2903
2941
2921
2926
2939
2904
2948
2910
2933
2935
2918
2938
2907
2919
2947
2908
2951
2916
2921
2929
2902
2961
2899
2940
2926
2906
2948
2906
2938
2920
2911
2945
2905
2926
2928
2903
2956
2909
2930
2920
2909
2947
2902
2940
2926
2918
2949
2907
2937
2925
2925
2943
2898
2937
2925
2918
2953
2900
2940
2915
2914
2947
2903
2942
2922
2917
2940
2900
2951
2917
2928
2934
2898
2949
2915
2917
2956
2905
2952
2898
2919
2931
2905
2950
2910
2945
2938
2897
2950
2910
2932
2919
2904
2948
2905
2926
2930
2913
2958
2889
2928
2926
2915
2954
2911
2933
2926
2917
2955
2900
2940
2920
2917
2941
2903
2951
2922
2927
2940
2898
2929
2919
2926
2942
2904
2946
2914
2922
2941
2901
2951
2911
2927
2931
2908
2950
2910
2921
2941
2892
2948
2907
2926
2937
2907
2952
2906
2922
2932
2913
2954
2904
2927
2919
2913
2944
2908
2932
2929
2898
2951
2899
2934
2926
2914
2953
2904
2928
2929
2918
2949
2904
2929
2925
2911
2946
2921
2955
2931
2920
2942
2904
2939
2924
2922
2943
2906
2938
2922
2927
2947
2903
2941
2918
2929
2931
2914
2943
2910
2916
2931
2905
2946
2913
2921
2934
2912
2945
2910
2925
2942
2901
2947
2905
2928
2927
2919
2948
2901
2933
2913
2909
2951
2904
2932
2927
2916
2946
2911
2937
2933
2908
2948
2906
2940
2929
2921
2956
2887
2945
2907
2921
2951
2899
2941
2919
2925
2934
2908
2941
2923
2922
2938
2900
2948
2915
2927
2940
2898
2944
2914
2911
2942
2900
2959
2916
2925
2933
2911
2960
2903
2924
2921
2910
2950
2909
2924
2933
2901
2951
2896
2930
2925
2911
2957
2908
2933
2922
2913
2951
2906
2931
2921
2910
2948
2902
2945
2922
2916
2936
2901
2943
2927
2914
2952
2897
2946
2922
2935
2960
2895
2945
2913
2923
2944
2894
2951
2913
2920
2932
2898
2946
2924
2914
2938
2915
2941
2912
2922
2936
2906
2947
2909
2923
2930
2913
2946
2913
2922
2924
2896
2952
2909
2925
2925
2915
2945
2904
2943
2926
2917
2946
2900
2930
2931
2904
2952
2906
2939
2929
2903
2949
2901
2942
2922
2921
2956
2888
2952
2919
2926
2946
2889
2948
2916
2925
2945
2903
2950
2906
2916
2940
2905
2943
2916
2931
2934
2899
2952
2912
2922
2932
2897
2951
2905
2923
2937
2901
2955
2896
2925
2931
2903
2955
2910
2927
2922
2913
2947
2917
2928
2921
2906
2948
2905
2942
2921
2925
2940
2899
2925
2930
2918
2941
2904
2938
2923
2918
2945
2907
2953
2910
2919
2949
2907
2939
2919
2927
2941
2892
2942
2913
2935
2948
2892
2947
2914
2918
2938
2907
2950
2907
2921
2937
2903
2955
2905
2926
2925
2905
2946
2910
2922
2927
2908
2955
2914
2920
2930
2912
2954
2902
2928
2925
2912
2948
2919
2928
2919
2906
2945
2895
2942
2924
2916
2950
2898
2938
2933
2919
2945
2893
2939
2924
2920
2945
2900
2949
2918
2918
2939
2901
2948
2915
2925
2936
2904
2940
2919
2924
2939
2900
2945
2909
2929
2927
2914
2945
2908
2913
2927
2905
2951
2907
2928
2934
2914
2946
2907
2933
2925
2905
2942
2910
2924
2926
2904
2954
2899
2933
2918
2910
2951
2905
2935
2925
2914
2946
2903
2948
2923
2921
2937
2901
2941
2929
2917
2947
2899
2931
2913
2930
2936
2901
2944
2919
2925
2939
2908
2941
2921
2912
2938
2897
2955
2906
2926
2938
2899
2945
2907
2930
2926
2907
2949
2914
2933
2924
2911
2957
2907
2921
2932
2899
2950
2907
2926
2929
2905
2945
2908
2923
2929
2904
2954
2900
2936
2927
2912
2949
2902
2933
2929
2909
2943
2902
2941
2926
2914
2938
2896
2938
2924
2925
2945
2906
2942
2918
2924
2943
2905
2950
2905
2926
2935
2902
2945
2921
2916
2934
2897
2950
2915
2925
2934
2910
2949
2904
2929
2937
2904
2948
2903
2924
2926
2912
2949
2924
2917
2923
2903
2948
2904
2932
2929
2914
2950
2908
2930
2930
2913
2949
2906
2936
2926
2914
2949
2905
2928
2921
2916
2948
2902
2939
2921
2931
2937
2903
2949
2929
2924
2943
2900
2946
2912
2922
2942
2907
2943
2909
2913
2937
2901
2952
2913
2922
2936
2904
2952
2907
2927
2931
2899
2954
2911
2922
2932
2904
2948
2904
2920
2931
2906
2961
2895
2936
2927
2904
2949
2918
2938
2920
2907
2957
2894
2936
2929
2916
2940
2895
2936
2938
2931
2956
2903
2944
2923
2915
2947
2902
2948
2913
2925
2942
2898
2948
2916
2923
2936
2893
2942
2911
2925
2937
2907
2944
2915
2916
2938
2911
2954
2907
2920
2923
2908
2946
2907
2926
2921
2902
2943
2906
2932
2918
2915
2953
2900
2931
2929
2911
2952
2901
2929
2930
2913
2953
2913
2936
2920
2909
2943
2898
2949
2913
2923
2946
2898
2939
2921
2926
2941
2897
2933
2919
2928
2940
2904
2951
2905
2914
2935
2898
2950
2914
2925
2937
2909
2940
2915
2921
2939
2901
2954
2902
2924
2929
2906
2953
2903
2923
2923
2905
2949
2907
2928
2925
2917
2942
2902
2932
2928
2907
2943
2909
2926
2929
2915
2943
2914
2946
2919
2910
2950
2899
2944
2925
2915
2946
2906
2948
2931
2909
2943
2908
2937
2933
2922
2949
2899
2938
2909
2921
2942
2903
2947
2916
2921
2935
2902
2958
2906
2919
2925
2908
2949
2909
2937
2926
2905
2940
2902
2926
2928
2910
2950
2911
2926
2926
2904
2959
2900
2929
2920
2913
2950
2905
2933
2931
2907
2945
2897
2940
2932
2919
2950
2910
2938
2925
2917
2950
2911
2934
2916
2917
2947
2906
2941
2920
2928
2928
2886
2945
2923
2927
2947
2901
2945
2916
2916
2946
2907
2942
2909
2926
2936
2910
2959
2906
2922
2926
2903
2945
2913
2919
2935
2905
2951
2904
2929
2933
2910
2946
2900
2933
2916
2911
2949
2912
2929
2919
2905
2949
2905
2937
2931
2923
2943
2895
2948
2923
2928
2933
2897
2941
2927
2908
2949
2908
2934
2915
2916
2942
2898
2942
2930
2914
2941
2896
2947
2917
2926
2934
2900
2947
2916
2911
2937
2904
2947
2903
2913
2932
2908
2952
2912
2920
2931
2906
2948
2914
2931
2922
2909
2943
2895
2937
2917
2907
2952
2888
2924
2922
2913
2951
2904
2935
2927
2915
2945
2904
2945
2921
2913
2946
2898
2946
2925
2922
2946
2901
2928
2921
2914
2946
2897
2947
2914
2921
2941
2903
2955
2908
2927
2934
2902
2942
2917
2924
2938
2894
2945
2912
2920
2936
2902
2950
2913
2911
2938
2912
2951
2911
2915
2929
2908
2949
2905
2931
2924
2903
2944
2901
2943
2916
2911
2950
2907
2926
2929
2909
2955
2904
2923
2927
2912
2945
2905
2941
2920
2907
2946
2893
2944
2924
2928
2942
2898
2938
2919
2934
2939
2896
2941
2912
2923
2942
2911
2943
2911
2914
2931
2905
2951
2908
2923
2937
2902
2948
2908
2929
2934
2901
2947
2909
2921
2930
2911
2950
2904
2918
2917
2903
2949
2904
2932
2930
2901
2948
2907
2936
2937
2900
2946
2906
2933
2925
2921
2958
2893
2932
2920
2911
2948
2909
2937
2928
2912
2948
2892
2947
2919
2915
2939
2902
2940
2920
2922
2948
2891
2945
2912
2916
2940
2902
2952
2909
2922
2935
2904
2960
2903
2919
2933
2906
2949
2904
2929
2929
2903
2946
2911
2916
2930
2911
2949
2905
2931
2916
2910
2955
2898
2935
2916
2908
2947
2902
2937
2931
2904
2947
2891
2947
2914
2917
2942
2901
2940
2916
2918
2952
2901
2941
2916
2921
2944
2895
2950
2916
2923
2936
2898
2942
2921
2918
2943
2900
2947
2910
2921
2940
2908
2946
2907
2922
2934
2906
2949
2911
2922
2924
2900
2951
2911
2920
2930
2913
2942
2905
2925
2928
2909
2948
2895
2939
2914
2912
2945
2917
2946
2938
2923
2964
2910
2931
2932
2925
2940
2898
2947
2920
2920
2943
2893
2942
2916
2924
2945
2899
2937
2915
2916
2947
2905
2942
2921
2922
2942
2905
2942
2918
2928
2934
2897
2955
2903
2924
2940
2923
2940
2915
2909
2931
2908
2957
2908
2930
2923
2905
2953
2906
2933
2917
2906
2948
2904
2927
2929
2909
2944
2898
2932
2925
2911
2948
2904
2936
2921
2918
2957
2896
2943
2921
2906
2946
2900
2941
2923
2922
2941
2897
2932
2920
2933
2935
2906
2937
2918
2917
2952
2894
2956
2904
2922
2934
2903
2945
2925
2918
2932
2895
2943
2905
2926
2933
2910
2947
2909
2917
2932
2909
2955
2901
2920
2926
2908
2957
2900
2932
2926
2902
2945
2906
2929
2930
2914
2956
2892
2934
2924
2914
2950
2897
2933
2921
2917
2955
2897
2948
2921
2909
2940
2899
2943
2925
2920
2949
2899
2942
2916
2927
2946
2902
2935
2919
2924
2937
2906
2941
2917
2905
2936
2903
2944
2909
2927
2935
2901
2956
2904
2926
2932
2905
2941
2908
2931
2926
2911
2951
2903
2928
2914
2910
2953
2903
2931
2930
2910
2942
2906
2931
2926
2913
2940
2904
2932
2924
2914
2948
2897
2934
2921
2923
2943
2907
2934
2924
2919
2947
2900
2942
2926
2921
2943
2902
2939
2918
2932
2938
2898
2940
2910
2913
2941
2912
2943
2915
2921
2936
2900
2953
2911
2915
2927
2905
2950
2909
2923
2933
2897
2948
2903
2927
2931
2904
2959
2902
2935
2916
2911
2949
2906
2927
2917
2922
2941
2914
2930
2929
2916
2936
2897
2937
2922
2919
2942
2897
2949
2909
2923
2941
2901
2939
2919
2918
2941
2901
2944
2918
2918
2937
2894
2955
2909
2921
2941
2908
2940
2925
2912
2938
2910
2942
2903
2921
2932
2903
2951
2912
2929
2919
2914
2955
2906
2930
2929
2908
2952
2901
2930
2924
2919
2941
2902
2940
2918
2913
2953
2906
2936
2920
2912
2943
2901
2945
2921
2915
2943
2898
2947
2918
2927
2939
2899
2936
2923
2918
2952
2903
2945
2915
2921
2940
2904
2953
2906
2926
2941
2893
2949
2918
2926
2940
2899
2946
2910
2929
2929
2917
2941
2901
2918
2931
2912
2949
2908
2926
2936
2902
2957
2907
2934
2919
2902
2954
2899
2941
2920
2915
2939
2895
2927
2924
2915
2950
2901
2940
2920
2911
2951
2894
2943
2920
2909
2946
2899
2938
2925
2928
2946
2885
2937
2917
2923
2944
2899
2948
2916
2912
2944
2898
2958
2900
2920
2938
2900
2948
2911
2925
2933
2902
2939
2907
2923
2934
2910
2950
2909
2918
2931
2913
2946
2905
2916
2930
2913
2989
2959
2948
2930
2907
2944
2909
2928
2926
2913
2952
2894
2934
2925
2916
2950
2897
2936
2923
2916
2944
2904
2944
2914
2910
2939
2899
2943
2929
2924
2941
2902
2943
2919
2928
2943
2898
2943
2914
2917
2938
2902
2951
2906
2915
2939
2898
2951
2907
2925
2930
2909
2954
2903
2922
2934
2915
2954
2899
2932
2919
2913
2949
2902
2919
2923
2904
2958
2897
2935
2918
2914
2946
2902
2942
2920
2913
2954
2894
2942
2924
2926
2940
2899
2929
2921
2929
2962
2892
2947
2923
2920
2939
2906
2950
2913
2921
2936
2898
2945
2920
2923
2942
2896
2950
2902
2921
2939
2900
2949
2916
2920
2936
2904
2953
2915
2918
2929
2904
2950
2910
2927
2933
2901
2950
2904
2921
2927
2909
2954
2903
2934
2921
2911
2952
2905
2928
2920
2907
2949
2898
2940
2920
2912
2938
2894
2936
2928
2922
2939
2904
2940
2918
2924
2949
2896
2941
2908
2924
2940
2905
2942
2919
2920
2933
2897
2939
2918
2914
2942
2898
2946
2913
2915
2943
2907
2951
2899
2924
2929
2915
2947
2910
2919
2924
2898
2954
2907
2929
2927
2911
2943
2905
2925
2927
2912
2945
2903
2928
2923
2906
2946
2902
2927
2914
2900
2944
2902
2937
2912
2913
2936
2894
2931
2922
2924
2930
2894
2930
2914
2909
2948
2891
2934
2903
2912
2945
2891
2943
2907
2924
2926
2891
2948
2903
2916
2925
2891
2945
2903
2910
2927
2902
2934
2899
2906
2925
2899
2946
2901
2914
2923
2899
2938
2903
2922
2914
2895
2944
2898
2925
2919
2907
2938
2892
2914
2922
2908
2940
2900
2936
2908
2908
2946
2892
2935
2917
2905
2942
2892
2931
2913
2918
2935
2889
2929
2911
2923
2932
2896
2944
2917
2923
2932
2896
2939
2905
2909
2929
2894
2950
2900
2917
2924
2900
2928
2907
2925
2925
2900
2945
2907
2909
2927
2901
2948
2895
2919
2928
2896
2945
2903
2929
2911
2899
2939
2896
2929
2913
2906
2950
2894
2922
2920
2907
2943
2896
2925
2926
2897
2939
2899
2934
2910
2904
2935
2891
2936
2915
2912
2945
2887
2936
2912
2918
2939
2889
2934
2913
2917
2927
2897
2937
2904
2908
2926
2893
2950
2899
2918
2929
2900
2941
2910
2908
2929
2892
2943
2901
2910
2929
2900
2948
2894
2916
2906
2904
2942
2900
2922
2916
2899
2943
2904
2920
2923
2902
2937
2900
2929
2921
2909
2945
2893
2933
2906
2908
2942
2897
2932
2913
2919
2927
2895
2946
2909
2912
2939
2892
2937
2909
2919
2945
2881
2935
2906
2920
2929
2895
2941
2906
2922
2922
2900
2941
2905
2908
2930
2894
2943
2902
2918
2929
2901
2932
2898
2917
2922
2897
2945
2898
2918
2909
2901
2948
2899
2931
2905
2905
2947
2897
2931
2923
2901
2939
2886
2925
2921
2903
2938
2893
2932
2918
2905
2950
2886
2934
2901
2916
2942
2893
2935
2914
2907
2929
2891
2936
2913
2908
2938
2887
2945
2904
2915
2929
2900
2933
2901
2911
2927
2900
2942
2907
2915
2921
2894
2946
2901
2927
2915
2903
2951
2896
2919
2919
2900
2941
2891
2935
2906
2905
2948
2895
2915
2912
2899
2942
2900
2926
2914
2909
2941
2895
2932
2921
2917
2928
2892
2929
2916
2901
2942
2888
2930
2912
2901
2932
2893
2931
2914
2906
2935
2880
2939
2905
2912
2932
2876
2942
2903
2904
2929
2902
2927
2895
2899
2921
2886
2936
2897
2918
2913
2885
2945
2887
2913
2903
2894
2933
2892
2908
2905
2893
2937
2870
2905
2901
2888
2934
2891
2904
2913
2882
2937
2879
2924
2903
2890
2932
2876
2916
2902
2898
2913
2888
2905
2896
2899
2920
2877
2921
2896
2894
2917
2881
2915
2884
2895
2898
2870
2908
2881
2896
2966
2886
2920
2871
2884
2894
2876
2903
2866
2887
2906
2857
2914
2854
2873
2878
2860
2901
2867
2877
2870
2858
2893
2855
2890
2864
2863
2907
2858
2883
2874
2865
2912
2852
2883
2885
2862
2908
2858
2897
2870
2869
2892
2855
2893
2880
2877
2907
2866
2894
2891
2875
2911
2858
2906
2879
2887
2914
2881
2913
2887
2883
2907
2874
2926
2890
2894
2914
2869
2909
2902
2889
2911
2876
2925
2879
2894
2898
2882
2929
2880
2896
2892
2883
2936
2880
2908
2902
2887
2925
2890
2917
2894
2891
2926
2890
2904
2905
2897
2938
2877
2907
2898
2894
2930
2888
2915
2907
2895
2925
2885
2928
2916
2890
2936
2874
2931
2900
2910
2929
2881
2925
2899
2900
2931
2896
2933
2907
2899
2924
2887
2939
2892
2902
2914
2886
2936
2902
2907
2927
2885
2935
2893
2907
2920
2895
2942
2896
2909
2912
2902
2935
2896
2921
2897
2898
2940
2896
2926
2916
2904
2942
2883
2924
2914
2900
2939
2890
2925
2909
2902
2943
2886
2929
2905
2906
2938
2889
2928
2918
2904
2933
2885
2930
2906
2910
2932
2898
2931
2910
2904
2937
2896
2926
2901
2917
2924
2897
2936
2915
2902
2919
2891
2937
2902
2907
2923
2907
2938
2895
2913
2919
2896
2936
2912
2916
2911
2897
2939
2904
2905
2909
2898
2935
2897
2925
2915
2901
2942
2891
2924
2916
2902
2942
2880
2929
2915
2911
2941
2905
2928
2916
2904
2943
2892
2942
2917
2914
2941
2887
2954
2903
2938
