2264,5000
2921
2925
2895
2935
2906
2911
2935
2888
2935
2898
2914
2933
2895
2944
2901
2922
2915
2903
2952
2905
2911
2913
2900
2938
2902
2919
2918
2898
2940
2899
2914
2915
2904
2952
2890
2926
2916
2910
2941
2903
2923
2915
2912
2936
2897
2932
2923
2901
2932
2891
2930
2913
2916
2936
2891
2935
2910
2923
2930
2895
2933
2907
2914
2941
2890
2942
2909
2906
2927
2891
2942
2903
2912
2931
2911
2950
2896
2918
2923
2901
2943
2900
2915
2921
2898
2947
2900
2915
2917
2888
2943
2904
2923
2920
2897
2945
2898
2918
2922
2914
2934
2895
2923
2913
2907
2939
2900
2922
2907
2910
2935
2896
2930
2914
2910
2934
2889
2942
2908
2917
2928
2891
2934
2911
2913
2936
2893
2934
2907
2913
2927
2894
2946
2904
2917
2928
2891
2945
2907
2916
2928
2890
2944
2901
2914
2922
2906
2933
2909
2906
2918
2902
2950
2900
2919
2912
2914
2937
2902
2920
2915
2893
2952
2886
2927
2918
2908
2939
2888
2924
2917
2902
2941
2891
2932
2912
2906
2941
2891
2939
2908
2907
2936
2892
2939
2911
2917
2930
2889
2937
2903
2925
2927
2899
2933
2903
2910
2930
2900
2939
2901
2915
2943
2967
2966
2913
2921
2923
2888
2942
2899
2915
2920
2901
2945
2899
2918
2914
2908
2941
2897
2919
2919
2898
2937
2897
2927
2918
2898
2939
2889
2932
2917
2904
2943
2893
2926
2916
2913
2944
2888
2930
2910
2906
2947
2886
2954
2922
2901
2929
2891
2938
2919
2906
2936
2887
2942
2905
2913
2932
2892
2940
2895
2913
2929
2899
2945
2901
2901
2923
2890
2946
2896
2919
2916
2898
2942
2908
2916
2918
2892
2938
2894
2925
2914
2903
2942
2894
2925
2918
2900
2949
2892
2930
2918
2904
2935
2912
2940
2923
2897
2936
2896
2930
2918
2917
2935
2889
2931
2917
2907
2946
2884
2941
2904
2911
2933
2891
2941
2907
2906
2935
2889
2944
2906
2912
2926
2898
2930
2898
2916
2919
2900
2951
2896
2917
2921
2897
2947
2910
2906
2917
2893
2962
2894
2921
2921
2898
2944
2890
2925
2919
2913
2935
2897
2935
2906
2907
2946
2894
2933
2913
2908
2936
2891
2937
2919
2904
2934
2889
2945
2908
2917
2940
2902
2932
2904
2922
2928
2897
2934
2911
2902
2936
2895
2947
2898
2910
2924
2892
2945
2900
2912
2933
2894
2943
2894
2927
2915
2901
2942
2897
2912
2916
2900
2946
2906
2910
2918
2891
2945
2896
2927
2917
2905
2950
2885
2930
2920
2911
2934
2896
2933
2914
2905
2939
2896
2929
2906
2905
2942
2887
2935
2910
2924
2927
2893
2935
2929
2908
2933
2884
2941
2899
2911
2941
2892
2938
2897
2906
2933
2895
2945
2908
2907
2927
2896
2953
2896
2922
2919
2887
2953
2888
2916
2915
2905
2937
2894
2910
2920
2910
2952
2890
2931
2914
2897
2943
2903
2925
2923
2893
2941
2901
2922
2915
2913
2932
2889
2927
2912
2914
2937
2890
2937
2917
2904
2940
2889
2947
2898
2909
2934
2895
2944
2911
2913
2926
2884
2936
2912
2913
2928
2896
2948
2893
2913
2931
2903
2942
2897
2911
2920
2903
2939
2901
2922
2914
2896
2940
2899
2918
2917
2903
2946
2899
2917
2915
2905
2946
2891
2920
2917
2900
2941
2894
2943
2903
2908
2926
2895
2942
2905
2917
2943
2893
2926
2919
2910
2941
2890
2931
2904
2911
2930
2903
2935
2903
2914
2920
2897
2942
2906
2911
2929
2892
2951
2894
2920
2934
2892
2939
2899
2912
2922
2903
2946
2899
2907
2915
2900
2940
2897
2924
2915
2899
2945
2904
2920
2925
2891
2940
2890
2926
2915
2909
2943
2890
2924
2915
2900
2940
2895
2935
2914
2913
2931
2896
2934
2914
2906
2933
2891
2943
2905
2914
2937
2888
2945
2889
2913
2928
2904
2935
2902
2910
2927
2896
2946
2901
2908
2927
2890
2944
2897
2920
2924
2896
2938
2891
2917
2913
2907
2941
2897
2920
2912
2903
2946
2893
2921
2910
2909
2930
2897
2929
2922
2898
2937
2885
2930
2917
2904
2941
2887
2932
2909
2911
2937
2896
2940
2896
2923
2925
2892
2938
2910
2913
2931
2889
2938
2907
2923
2921
2885
2944
2901
2913
2928
2899
2942
2895
2908
2921
2910
2952
2895
2911
2921
2890
2939
2899
2924
2917
2909
2934
2897
2921
2919
2903
2936
2891
2927
2913
2904
2944
2906
2914
2911
2898
2938
2892
2932
2913
2911
2946
2881
2935
2925
2905
2934
2895
2929
2914
2913
2938
2894
2935
2909
2901
2928
2893
2941
2907
2914
2924
2894
2941
2905
2917
2923
2891
2942
2894
2917
2923
2900
2947
2885
2910
2916
2904
2939
2898
2923
2908
2899
2943
2909
2916
2915
2892
2949
2889
2927
2921
2905
2937
2890
2919
2914
2914
2937
2894
2931
2916
2908
2938
2894
2936
2909
2906
2933
2898
2928
2919
2912
2931
2883
2930
2916
2903
2935
2887
2940
2910
2902
2937
2892
2945
2897
2911
2919
2900
2943
2897
2916
2917
2891
2934
2896
2914
2921
2901
2938
2898
2918
2915
2904
2945
2895
2913
2915
2903
2940
2898
2929
2912
2902
2933
2890
2933
2924
2900
2942
2895
2926
2914
2908
2939
2887
2939
2902
2917
2932
2899
2941
2904
2916
2922
2895
2937
2904
2910
2931
2898
2928
2904
2908
2930
2887
2939
2905
2903
2923
2906
2939
2897
2909
2913
2896
2941
2900
2910
2918
2896
2941
2906
2915
2924
2891
2940
2897
2918
2913
2914
2934
2892
2914
2909
2910
2934
2901
2923
2922
2899
2926
2895
2929
2916
2909
2930
2889
2934
2907
2910
2938
2884
2938
2896
2912
2935
2893
2937
2909
2904
2929
2890
2948
2896
2912
2931
2889
2939
2902
2910
2927
2898
2930
2897
2909
2921
2894
2953
2890
2922
2907
2904
2941
2897
2923
2906
2904
2949
2886
2930
2918
2907
2928
2876
2934
2905
2911
2934
2896
2928
2913
2903
2953
2886
2937
2896
2908
2933
2890
2937
2907
2908
2929
2885
2936
2907
2911
2940
2887
2937
2899
2908
2931
2895
2943
2889
2913
2920
2906
2953
2900
2909
2920
2885
2947
2894
2932
2910
2906
2936
2892
2915
2914
2901
2940
2891
2918
2921
2902
2940
2900
2919
2906
2897
2940
2901
2920
2920
2901
2944
2883
2932
2916
2910
2934
2896
2923
2910
2920
2930
2892
2930
2905
2907
2937
2892
2940
2900
2916
2927
2889
2943
2906
2913
2922
2892
2938
2902
2911
2927
2906
2930
2901
2900
2927
2896
2942
2898
2917
2930
2885
2941
2897
2924
2908
2897
2938
2894
2920
2919
2902
2934
2888
2920
2912
2901
2953
2889
2928
2912
2908
2942
2900
2927
2908
2903
2938
2888
2934
2908
2915
2924
2892
2920
2912
2908
2935
2892
2947
2898
2912
2925
2901
2934
2900
2909
2923
2898
2936
2908
2909
2933
2882
2934
2898
2915
2925
2901
2951
2890
2914
2910
2902
2951
2885
2916
2906
2898
2940
2898
2924
2909
2896
2942
2897
2919
2917
2903
2944
2889
2930
2910
2908
2940
2888
2922
2909
2910
2929
2894
2935
2906
2910
2939
2885
2938
2906
2925
2924
2895
2935
2905
2914
2937
2882
2946
2893
2914
2927
2895
2946
2900
2915
2909
2900
2949
2897
2913
2919
2895
2938
2900
2924
2919
2894
2939
2905
2909
2910
2904
2945
2889
2912
2909
2904
2945
2891
2932
2916
2900
2934
2891
2930
2916
2897
2933
2888
2931
2911
2918
2940
2889
2930
2906
2912
2938
2884
2937
2909
2914
2936
2901
2932
2909
2899
2925
2893
2935
2901
2920
2921
2893
2935
2892
2913
2924
2896
2942
2895
2918
2917
2900
2952
2892
2930
2904
2894
2942
2895
2933
2909
2900
2936
2891
2920
2917
2912
2934
2893
2917
2924
2897
2941
2894
2924
2908
2906
2935
2900
2926
2912
2909
2935
2883
2932
2910
2911
2930
2891
2935
2904
2909
2934
2900
2937
2892
2912
2921
2906
2937
2906
2914
2912
2893
2937
2902
2914
2916
2900
2949
2889
2919
2916
2906
2930
2891
2917
2911
2897
2945
2896
2918
2914
2885
2941
2893
2923
2916
2900
2937
2890
2930
2916
2912
2931
2894
2921
2910
2907
2938
2896
2927
2903
2900
2932
2898
2928
2908
2915
2931
2889
2943
2900
2917
2920
2896
2933
2899
2909
2933
2900
2940
2889
2911
2925
2892
2941
2899
2922
2908
2894
2943
2911
2909
2913
2898
2944
2904
2914
2914
2900
2938
2896
2909
2920
2893
2944
2897
2925
2914
2900
2942
2895
2930
2908
2897
2946
2883
2934
2909
2910
2935
2879
2930
2915
2920
2928
2894
2938
2901
2917
2937
2903
2953
2891
2909
2933
2895
2929
2904
2912
2920
2885
2935
2896
2910
2920
2893
2946
2900
2910
2921
2900
2947
2893
2921
2907
2902
2938
2907
2918
2911
2895
2937
2895
2919
2910
2901
2943
2896
2913
2912
2915
2931
2888
2922
2909
2902
2935
2893
2932
2914
2894
2928
2895
2928
2913
2923
2932
2889
2935
2915
2905
2936
2886
2931
2903
2906
2927
2891
2948
2896
2907
2921
2895
2938
2898
2912
2924
2893
2947
2891
2915
2930
2883
2939
2889
2914
2915
2898
2941
2902
2914
2908
2899
2943
2894
2926
2924
2892
2939
2896
2929
2921
2903
2939
2893
2933
2910
2911
2934
2886
2923
2908
2906
2937
2880
2934
2907
2908
2934
2890
2938
2906
2908
2935
2886
2936
2900
2910
2930
2892
2932
2893
2910
2927
2897
2938
2901
2918
2909
2897
2943
2897
2905
2925
2885
2946
2898
2926
2913
2893
2941
2880
2923
2912
2901
2942
2890
2922
2908
2904
2942
2892
2922
2908
2905
2938
2890
2933
2914
2900
2934
2882
2929
2908
2906
2940
2890
2931
2909
2905
2937
2890
2933
2894
2911
2926
2885
2942
2898
2905
2928
2880
2941
2899
2908
2924
2895
2945
2888
2912
2927
2906
2931
2896
2917
2916
2898
2941
2899
2908
2908
2897
2936
2895
2924
2914
2900
2939
2885
2923
2914
2909
2935
2882
2926
2913
2903
2940
2889
2928
2912
2900
2936
2895
2941
2906
2909
2935
2897
2927
2916
2904
2925
2891
2931
2904
2904
2932
2898
2936
2900
2909
2920
2897
2943
2901
2910
2924
2895
2947
2892
2917
2914
2897
2934
2898
2910
2917
2909
2948
2892
2919
2915
2903
2938
2901
2913
2911
2896
2942
2892
2936
2902
2917
2938
2889
2932
2910
2908
2928
2886
2926
2916
2901
2942
2889
2933
2919
2897
2937
2893
2935
2903
2903
2933
2892
2931
2907
2906
2924
2886
2932
2906
2905
2929
2888
2938
2895
2907
2933
2887
2945
2885
2909
2919
2900
2931
2901
2910
2911
2891
2936
2891
2921
2912
2898
2946
2887
2914
2915
2900
2941
2888
2919
2918
2892
2945
2890
2934
2906
2900
2934
2888
2927
2914
2918
2926
2891
2927
2907
2916
2933
2883
2928
2899
2927
2920
2893
2934
2896
2909
2916
2890
2939
2902
2906
2925
2890
2936
2900
2918
2933
2886
2937
2894
2913
2913
2906
2934
2895
2906
2911
2891
2941
2893
2918
2910
2897
2951
2885
2931
2911
2901
2934
2890
2921
2917
2899
2941
2892
2913
2907
2905
2934
2898
2922
2918
2899
2936
2888
2941
2900
2910
2937
2882
2937
2907
2911
2934
2890
2926
2894
2908
2928
2895
2941
2899
2918
2911
2897
2935
2903
2900
2919
2891
2941
2904
2908
2918
2894
2942
2887
2921
2906
2905
2933
2895
2911
2907
2894
2942
2897
2912
2911
2892
2948
2884
2928
2918
2889
2932
2883
2928
2910
2901
2936
2894
2928
2910
2917
2932
2890
2929
2905
2906
2931
2889
2929
2908
2901
2923
2884
2935
2901
2912
2927
2899
2926
2900
2900
2931
2897
2942
2890
2909
2921
2890
2945
2897
2905
2918
2882
2940
2898
2913
2912
2901
2936
2896
2917
2916
2896
2938
2897
2914
2910
2900
2944
2896
2914
2908
2890
2935
2890
2925
2912
2904
2935
2886
2928
2914
2915
2938
2880
2930
2904
2912
2940
2887
2931
2896
2908
2928
2890
2939
2900
2912
2923
2893
2934
2901
2923
2920
2888
2943
2899
2916
2925
2888
2951
2884
2906
2928
2890
2942
2888
2915
2912
2894
2938
2897
2914
2910
2891
2940
2891
2916
2915
2908
2928
2886
2911
2914
2904
2931
2892
2920
2913
2906
2936
2892
2933
2902
2908
2939
2883
2928
2910
2911
2924
2879
2929
2899
2919
2921
2893
2932
2905
2905
2925
2897
2942
2892
2904
2933
2886
2941
2892
2915
2916
2889
2942
2890
2912
2925
2891
2948
2890
2910
2913
2896
2943
2888
2913
2908
2895
2944
2893
2920
2909
2897
2929
2890
2914
2911
2907
2925
2891
2915
2908
2899
2937
2873
2934
2894
2900
2934
2881
2935
2895
2899
2916
2880
2933
2892
2907
2920
2881
2928
2898
2913
2914
2886
2922
2893
2905
2922
2881
2937
2882
2897
2906
2890
2940
2887
2907
2910
2880
2934
2885
2912
2903
2884
2930
2886
2907
2902
2904
2927
2883
2901
2902
2890
2930
2888
2915
2902
2896
2919
2888
2922
2907
2890
2932
2880
2920
2898
2906
2937
2868
2918
2893
2903
2922
2882
2929
2898
2898
2919
2884
2939
2890
2895
2912
2881
2934
2891
2902
2913
2899
2922
2894
2893
2913
2891
2930
2888
2900
2905
2885
2934
2888
2904
2907
2881
2931
2884
2913
2911
2883
2927
2881
2907
2906
2890
2931
2881
2915
2901
2904
2926
2889
2918
2898
2899
2921
2881
2924
2905
2896
2919
2873
2926
2896
2905
2920
2892
2917
2895
2903
2932
2878
2935
2883
2903
2913
2891
2926
2895
2897
2909
2878
2931
2893
2901
2913
2894
2928
2890
2906
2916
2885
2928
2884
2903
2903
2889
2934
2891
2898
2899
2895
2924
2892
2905
2917
2885
2930
2885
2919
2900
2893
2925
2877
2920
2903
2898
2923
2887
2914
2897
2893
2923
2879
2935
2894
2908
2933
2871
2932
2895
2902
2920
2875
2931
2894
2903
2922
2893
2918
2890
2902
2908
2891
2927
2890
2903
2907
2888
2941
2888
2911
2894
2886
2925
2885
2905
2903
2896
2929
2880
2902
2903
2896
2927
2891
2905
2908
2890
2931
2886
2918
2898
2892
2924
2883
2925
2904
2896
2927
2872
2922
2893
2900
2924
2885
2924
2896
2901
2918
2898
2948
2895
2905
2910
2878
2925
2895
2905
2907
2886
2914
2892
2893
2921
2882
2935
2885
2898
2909
2888
2940
2873
2904
2914
2880
2934
2896
2904
2897
2882
2930
2879
2923
2900
2890
2931
2882
2911
2905
2894
2936
2881
2912
2903
2892
2937
2877
2925
2895
2889
2920
2877
2922
2901
2898
2926
2881
2920
2906
2900
2930
2876
2918
2898
2899
2922
2881
2931
2898
2882
2913
2879
2928
2888
2905
2916
2893
2923
2900
2919
2904
2882
2927
2887
2912
2902
2891
2934
2880
2900
2896
2893
2927
2892
2908
2910
2890
2931
2890
2911
2910
2885
2927
2880
2912
2919
2897
2928
2879
2911
2893
2896
2928
2878
2925
2911
2891
2931
2873
2927
2899
2895
2918
2879
2932
2892
2900
2922
2884
2912
2886
2897
2922
2890
2921
2888
2895
2911
2889
2928
2900
2883
2903
2874
2926
2881
2902
2900
2879
2921
2879
2908
2895
2891
2919
2882
2899
2891
2883
2924
2881
2907
2887
2884
2925
2870
2917
2892
2887
2914
2868
2906
2892
2897
2907
2869
2905
2885
2890
2913
2872
2904
2886
2882
2908
2864
2913
2878
2876
2890
2856
2896
2872
2874
2898
2856
2904
2860
2872
2890
2865
2886
2874
2879
2894
2869
2886
2858
2859
2865
2848
2895
2846
2871
2872
2854
2894
2840
2871
2874
2851
2884
2843
2864
2870
2842
2896
2851
2867
2861
2847
2888
2842
2879
2860
2858
2884
2827
2875
2856
2856
2877
2836
2882
2862
2862
2888
2848
2883
2858
2862
2887
2853
2893
2864
2873
2894
2855
2901
2877
2873
2891
2857
2913
2870
2881
2898
2872
2913
2859
2881
2888
2869
2915
2871
2898
2879
2871
2913
2873
2891
2878
2869
2919
2867
2903
2883
2883
2906
2861
2894
2893
2880
2924
2860
2924
2886
2878
2913
2869
2909
2886
2880
2914
2866
2910
2888
2891
2907
2865
2907
2885
2907
2907
2880
2922
2886
2894
2911
2882
2922
2892
2881
2906
2876
2926
2883
2906
2893
2874
2922
2891
2890
2906
2884
2927
2881
2896
2900
2887
2931
2879
2894
2898
2887
2931
2884
2910
2904
2881
2924
2888
2902
2903
2891
2929
2919
2971
2926
2906
2940
2874
2927
2897
2899
2926
2887
2922
2895
2900
2919
2878
2927
2891
2910
2924
2880
2924
2898
2900
2926
2873
2933
2890
2902
2917
2893
2939
2881
2892
2908
2887
2945
2890
2908
2915
2891
2936
2897
2913
2910
2894
2933
2900
2906
2911
2892
2941
2884
2908
2905
2896
2940
2885
2929
2903
2900
2928
2896
2922
2912
2896
2936
2881
2935
2899
2905
2938
2887
2924
2900
2916
2926
2890
2929
2915
2901
2929
2886
2940
2906
2914
2916
2897
2933
2901
2901
2936
