2173,5000
2892
2938
2920
2916
2934
2893
2935
2920
2915
2945
2895
2928
2912
2914
2943
2898
2945
2921
2916
2944
2895
2946
2923
2906
2935
2894
2946
2912
2920
2935
2901
2940
2901
2925
2923
2909
2943
2904
2919
2923
2907
2951
2907
2920
2927
2898
2950
2902
2932
2927
2909
2938
2897
2926
2922
2905
2944
2902
2931
2920
2910
2946
2899
2932
2919
2919
2939
2893
2942
2925
2911
2935
2890
2940
2910
2933
2949
2887
2941
2905
2923
2939
2895
2943
2906
2919
2934
2904
2940
2913
2911
2931
2894
2948
2903
2937
2948
2909
2936
2903
2926
2930
2902
2942
2898
2921
2925
2901
2949
2901
2924
2918
2909
2940
2904
2929
2919
2908
2946
2896
2932
2921
2914
2943
2892
2931
2920
2911
2946
2909
2922
2911
2917
2941
2895
2941
2918
2921
2934
2882
2943
2912
2923
2930
2895
2942
2922
2909
2940
2905
2933
2909
2910
2933
2896
2947
2909
2918
2934
2891
2949
2907
2932
2916
2896
2948
2905
2921
2945
2899
2962
2891
2905
2922
2902
2949
2902
2925
2920
2900
2952
2900
2931
2917
2903
2946
2893
2929
2928
2913
2939
2902
2921
2922
2910
2947
2893
2950
2907
2911
2943
2903
2941
2912
2914
2939
2895
2943
2912
2924
2937
2892
2935
2914
2918
2940
2893
2948
2904
2913
2936
2900
2956
2897
2918
2926
2902
2942
2918
2912
2927
2898
2939
2904
2917
2929
2896
2952
2900
2927
2922
2907
2948
2897
2923
2923
2900
2951
2901
2943
2911
2905
2935
2899
2934
2920
2914
2947
2906
2925
2922
2927
2941
2895
2931
2914
2916
2941
2900
2935
2915
2907
2939
2901
2941
2916
2916
2939
2896
2941
2910
2920
2938
2890
2938
2906
2917
2933
2903
2948
2903
2916
2933
2899
2946
2907
2929
2923
2904
2947
2910
2923
2933
2894
2946
2902
2925
2934
2916
2941
2901
2917
2921
2903
2945
2904
2938
2926
2904
2953
2892
2944
2919
2917
2932
2898
2942
2920
2911
2945
2903
2926
2915
2912
2941
2901
2936
2917
2915
2934
2894
2951
2907
2927
2946
2909
2936
2910
2919
2938
2904
2934
2902
2916
2936
2898
2957
2897
2923
2926
2903
2950
2917
2909
2921
2912
2944
2899
2937
2916
2906
2943
2896
2930
2917
2911
2952
2901
2933
2927
2905
2948
2904
2931
2918
2908
2950
2890
2940
2921
2910
2938
2893
2945
2911
2918
2941
2902
2947
2904
2921
2945
2901
2945
2906
2921
2941
2897
2950
2908
2918
2935
2887
2951
2900
2909
2935
2896
2954
2896
2923
2928
2905
2943
2900
2924
2921
2902
2959
2896
2919
2915
2899
2949
2904
2930
2925
2907
2950
2899
2927
2922
2913
2944
2893
2929
2918
2908
2952
2892
2933
2913
2909
2944
2897
2939
2916
2915
2941
2898
2934
2915
2924
2933
2900
2935
2920
2911
2944
2895
2946
2901
2917
2926
2901
2939
2910
2916
2933
2897
2951
2904
2922
2925
2893
2947
2896
2922
2921
2911
2937
2899
2911
2921
2898
2948
2903
2926
2920
2902
2951
2912
2925
2920
2897
2950
2902
2932
2924
2912
2939
2896
2930
2920
2916
2939
2898
2936
2918
2907
2943
2896
2941
2913
2916
2943
2890
2944
2915
2921
2936
2887
2946
2900
2935
2943
2894
2947
2912
2908
2935
2913
2949
2900
2914
2926
2905
2945
2903
2921
2922
2897
2942
2904
2923
2925
2902
2953
2905
2926
2921
2912
2949
2899
2921
2924
2906
2947
2902
2939
2913
2905
2938
2895
2936
2921
2919
2937
2897
2937
2915
2928
2940
2891
2945
2911
2917
2939
2900
2948
2901
2917
2934
2899
2941
2911
2919
2941
2893
2944
2910
2921
2939
2892
2945
2906
2923
2930
2904
2950
2913
2911
2918
2912
2940
2903
2923
2926
2898
2956
2901
2928
2928
2903
2939
2902
2924
2918
2907
2943
2897
2921
2920
2918
2944
2897
2933
2916
2911
2939
2899
2938
2928
2901
2937
2899
2934
2915
2926
2935
2897
2938
2916
2914
2942
2893
2953
2905
2919
2929
2901
2944
2911
2915
2928
2900
2950
2902
2918
2934
2897
2942
2901
2920
2935
2897
2952
2904
2920
2924
2902
2952
2910
2980
2947
2920
2954
2899
2931
2925
2903
2942
2895
2927
2928
2911
2946
2897
2939
2917
2906
2946
2903
2934
2917
2922
2935
2903
2933
2918
2914
2936
2888
2944
2911
2923
2939
2899
2938
2917
2906
2938
2903
2937
2910
2912
2935
2900
2944
2906
2919
2921
2906
2938
2906
2918
2928
2907
2947
2903
2919
2924
2906
2953
2889
2926
2912
2910
2942
2906
2921
2925
2891
2945
2899
2933
2922
2910
2950
2886
2936
2926
2915
2935
2897
2940
2914
2913
2946
2895
2933
2910
2910
2942
2891
2946
2911
2923
2940
2893
2940
2916
2915
2934
2897
2940
2912
2916
2936
2904
2934
2899
2910
2930
2899
2944
2908
2920
2928
2899
2954
2900
2928
2929
2893
2948
2903
2918
2924
2902
2944
2895
2930
2912
2906
2951
2898
2928
2924
2902
2945
2908
2937
2913
2910
2942
2894
2944
2910
2921
2937
2892
2938
2917
2915
2943
2894
2942
2918
2913
2940
2899
2942
2914
2903
2936
2897
2942
2910
2921
2926
2898
2939
2913
2910
2933
2907
2938
2906
2912
2944
2898
2947
2905
2909
2921
2903
2954
2900
2925
2919
2894
2941
2899
2933
2921
2907
2948
2900
2926
2924
2913
2945
2892
2931
2918
2909
2937
2902
2934
2915
2904
2933
2901
2931
2919
2914
2939
2895
2936
2915
2926
2941
2889
2934
2914
2928
2931
2902
2947
2903
2920
2922
2915
2939
2912
2911
2932
2900
2942
2911
2926
2930
2897
2953
2892
2928
2915
2906
2944
2901
2924
2917
2902
2948
2902
2934
2914
2913
2937
2900
2930
2923
2906
2943
2896
2939
2912
2918
2943
2901
2924
2920
2909
2940
2895
2936
2913
2916
2935
2901
2943
2926
2908
2941
2896
2940
2910
2923
2937
2902
2929
2906
2915
2937
2900
2947
2907
2918
2931
2911
2943
2908
2916
2924
2901
2947
2899
2927
2921
2902
2939
2896
2923
2921
2923
2947
2898
2926
2920
2905
2951
2909
2917
2922
2910
2950
2896
2936
2930
2899
2941
2886
2940
2922
2911
2943
2897
2937
2925
2911
2948
2894
2944
2905
2921
2933
2899
2948
2916
2910
2939
2885
2944
2923
2933
2929
2901
2949
2907
2922
2938
2905
2944
2900
2917
2931
2903
2954
2905
2917
2922
2896
2946
2904
2927
2931
2898
2948
2893
2932
2924
2910
2944
2903
2919
2925
2901
2949
2903
2926
2913
2901
2942
2899
2940
2916
2912
2950
2889
2938
2919
2918
2939
2890
2945
2907
2923
2936
2897
2936
2910
2910
2937
2908
2948
2912
2919
2934
2897
2947
2907
2928
2923
2908
2943
2902
2916
2933
2910
2937
2900
2910
2935
2899
2949
2913
2924
2919
2899
2956
2902
2928
2913
2901
2947
2898
2933
2926
2905
2950
2886
2923
2919
2910
2947
2897
2936
2919
2917
2945
2896
2936
2916
2907
2945
2890
2940
2921
2918
2941
2883
2936
2907
2925
2948
2891
2950
2904
2918
2930
2906
2940
2907
2912
2929
2896
2956
2898
2929
2917
2897
2938
2900
2928
2922
2905
2956
2896
2924
2917
2913
2942
2897
2930
2915
2907
2956
2899
2933
2913
2905
2935
2904
2926
2922
2910
2943
2897
2934
2919
2922
2950
2903
2926
2920
2916
2937
2899
2950
2906
2914
2931
2895
2952
2906
2923
2937
2894
2939
2910
2921
2939
2902
2933
2917
2912
2929
2904
2941
2914
2926
2925
2897
2956
2895
2927
2925
2902
2952
2898
2930
2924
2900
2941
2897
2925
2918
2909
2950
2893
2924
2914
2907
2952
2893
2933
2933
2899
2940
2900
2942
2922
2905
2940
2895
2933
2918
2926
2940
2891
2932
2911
2918
2944
2905
2935
2916
2928
2930
2907
2949
2910
2918
2931
2901
2945
2909
2929
2930
2896
2949
2897
2919
2934
2899
2949
2902
2919
2923
2954
2986
2927
2929
2924
2900
2948
2910
2917
2928
2892
2943
2894
2934
2917
2907
2946
2901
2931
2918
2910
2950
2897
2934
2913
2911
2941
2895
2939
2940
2917
2931
2892
2938
2922
2914
2942
2896
2940
2913
2927
2949
2893
2947
2915
2917
2936
2896
2951
2906
2912
2932
2895
2946
2908
2927
2925
2903
2944
2903
2917
2932
2899
2946
2892
2924
2915
2907
2958
2900
2919
2913
2895
2946
2910
2919
2931
2898
2949
2894
2928
2923
2910
2938
2895
2941
2910
2916
2940
2902
2932
2914
2902
2945
2897
2943
2916
2923
2931
2893
2943
2915
2929
2929
2894
2941
2910
2918
2943
2895
2942
2903
2909
2932
2901
2947
2912
2914
2937
2892
2949
2910
2934
2918
2899
2949
2910
2919
2934
2903
2951
2893
2917
2918
2909
2943
2904
2919
2920
2911
2944
2903
2926
2921
2902
2945
2902
2928
2927
2917
2941
2889
2929
2917
2918
2940
2900
2940
2925
2908
2939
2904
2934
2907
2916
2934
2895
2938
2917
2910
2936
2889
2938
2907
2917
2931
2898
2943
2908
2914
2930
2908
2940
2906
2914
2928
2900
2944
2906
2932
2913
2902
2933
2901
2923
2924
2906
2945
2898
2923
2924
2908
2953
2894
2926
2924
2903
2942
2901
2935
2913
2904
2947
2887
2937
2918
2913
2943
2896
2937
2918
2916
2944
2890
2939
2908
2919
2945
2895
2944
2918
2903
2934
2893
2945
2917
2912
2939
2900
2940
2909
2927
2937
2904
2940
2908
2914
2936
2897
2951
2909
2909
2924
2903
2948
2913
2919
2925
2898
2943
2904
2930
2922
2900
2944
2899
2930
2925
2905
2949
2892
2925
2912
2912
2940
2905
2930
2920
2916
2940
2898
2938
2925
2908
2935
2896
2932
2919
2917
2947
2894
2943
2916
2909
2942
2901
2936
2915
2915
2932
2899
2948
2920
2903
2927
2900
2947
2906
2931
2927
2902
2943
2898
2919
2924
2903
2948
2904
2922
2921
2899
2951
2906
2923
2924
2896
2959
2894
2931
2924
2912
2932
2897
2931
2920
2912
2949
2895
2932
2927
2906
2944
2899
2932
2910
2913
2941
2902
2933
2920
2907
2935
2886
2938
2915
2926
2943
2905
2936
2911
2908
2937
2904
2938
2903
2915
2932
2895
2944
2910
2915
2921
2902
2939
2908
2920
2925
2904
2941
2902
2917
2924
2921
2959
2905
2915
2916
2903
2952
2902
2926
2923
2893
2946
2898
2933
2925
2909
2944
2894
2936
2920
2912
2939
2890
2936
2917
2916
2942
2897
2938
2901
2914
2941
2905
2934
2922
2913
2933
2906
2938
2918
2911
2940
2888
2942
2906
2913
2933
2903
2941
2899
2919
2919
2905
2947
2911
2911
2923
2899
2945
2905
2924
2918
2900
2938
2917
2916
2922
2909
2950
2891
2926
2921
2906
2955
2893
2936
2915
2909
2943
2897
2938
2912
2911
2939
2895
2936
2931
2908
2936
2886
2937
2921
2911
2940
2898
2940
2910
2927
2932
2896
2945
2911
2916
2933
2896
2941
2908
2916
2936
2889
2939
2905
2928
2932
2898
2950
2899
2920
2920
2909
2957
2894
2919
2920
2908
2940
2905
2922
2921
2891
2941
2903
2924
2921
2907
2951
2894
2931
2929
2905
2949
2895
2926
2929
2901
2944
2901
2942
2907
2915
2931
2896
2944
2925
2912
2937
2891
2935
2916
2921
2942
2889
2939
2912
2922
2941
2896
2944
2909
2905
2942
2890
2951
2913
2910
2933
2898
2944
2908
2918
2926
2898
2943
2904
2918
2919
2909
2945
2901
2921
2910
2906
2940
2904
2923
2923
2903
2952
2895
2928
2925
2902
2950
2888
2935
2920
2919
2937
2895
2930
2909
2911
2942
2899
2944
2911
2920
2945
2891
2939
2915
2912
2928
2901
2938
2910
2923
2944
2893
2939
2902
2918
2933
2897
2943
2910
2908
2930
2901
2954
2902
2915
2933
2896
2947
2903
2921
2924
2902
2942
2894
2923
2920
2906
2946
2901
2925
2926
2899
2948
2901
2922
2917
2898
2946
2890
2937
2925
2900
2939
2900
2927
2917
2914
2941
2894
2934
2917
2914
2942
2898
2935
2908
2917
2936
2897
2944
2915
2906
2934
2887
2943
2909
2923
2943
2892
2947
2911
2911
2936
2897
2944
2911
2910
2925
2902
2955
2906
2920
2912
2913
2957
2898
2924
2921
2903
2950
2900
2925
2931
2899
2947
2892
2931
2919
2902
2947
2896
2931
2916
2907
2941
2894
2937
2915
2912
2937
2894
2941
2917
2921
2930
2891
2940
2911
2914
2939
2901
2930
2911
2907
2942
2890
2950
2905
2921
2936
2902
2944
2910
2921
2930
2896
2946
2905
2922
2927
2900
2944
2906
2908
2928
2901
2956
2894
2933
2913
2901
2951
2901
2932
2912
2902
2947
2915
2916
2922
2910
2945
2889
2927
2916
2908
2942
2893
2928
2916
2902
2942
2894
2935
2912
2898
2936
2902
2924
2913
2911
2931
2889
2932
2903
2910
2935
2898
2930
2909
2898
2928
2892
2940
2895
2906
2925
2890
2936
2900
2919
2910
2889
2940
2902
2910
2918
2894
2944
2895
2909
2912
2898
2946
2884
2917
2907
2897
2939
2900
2921
2909
2898
2940
2892
2921
2916
2906
2941
2898
2917
2911
2907
2946
2881
2926
2908
2905
2932
2888
2933
2902
2909
2923
2896
2931
2907
2912
2933
2886
2933
2907
2904
2936
2884
2937
2908
2904
2925
2897
2938
2895
2905
2924
2884
2942
2902
2912
2919
2896
2945
2893
2918
2920
2889
2946
2887
2919
2907
2903
2940
2891
2915
2921
2890
2934
2894
2922
2915
2908
2928
2893
2926
2916
2905
2923
2888
2928
2912
2906
2936
2885
2923
2901
2917
2928
2895
2933
2912
2907
2928
2892
2935
2915
2901
2929
2886
2934
2899
2911
2927
2888
2932
2896
2905
2926
2892
2941
2897
2911
2918
2896
2941
2898
2907
2916
2888
2943
2890
2919
2911
2891
2934
2886
2920
2914
2897
2948
2885
2937
2918
2899
2946
2889
2923
2910
2900
2936
2893
2941
2905
2904
2928
2892
2921
2911
2907
2935
2894
2933
2904
2922
2925
2894
2932
2898
2913
2929
2889
2947
2897
2914
2911
2888
2937
2901
2916
2916
2901
2930
2905
2901
2924
2898
2936
2900
2904
2912
2901
2943
2901
2910
2903
2893
2937
2894
2911
2916
2900
2940
2887
2922
2913
2911
2928
2904
2920
2908
2900
2928
2895
2922
2904
2893
2935
2889
2930
2899
2903
2927
2882
2928
2913
2904
2920
2881
2927
2902
2905
2922
2889
2921
2890
2897
2917
2885
2934
2893
2902
2919
2888
2932
2901
2899
2911
2875
2942
2875
2904
2907
2882
2922
2876
2892
2897
2884
2934
2872
2907
2891
2881
2930
2877
2899
2884
2874
2913
2874
2887
2887
2877
2904
2856
2890
2882
2870
2894
2864
2909
2873
2873
2899
2858
2899
2873
2864
2900
2847
2900
2860
2878
2887
2854
2878
2863
2869
2881
2859
2885
2857
2866
2881
2854
2903
2851
2865
2872
2850
2889
2851
2867
2863
2845
2885
2852
2866
2878
2854
2900
2857
2889
2870
2868
2897
2853
2883
2880
2865
2905
2862
2894
2878
2869
2904
2868
2900
2889
2884
2920
2867
2901
2887
2887
2918
2859
2904
2884
2890
2906
2875
2911
2884
2886
2905
2872
2918
2888
2897
2911
2871
2915
2896
2886
2930
2870
2919
2881
2894
2908
2882
2931
2879
2923
2961
2911
2936
2895
2897
2906
2885
2933
2896
2906
2908
2880
2920
2888
2915
2913
2894
2936
2891
2907
2904
2897
2935
2894
2928
2917
2894
2931
2884
2934
2912
2897
2926
2891
2922
2912
2904
2935
2884
2932
2897
2911
2930
2887
2934
2903
2911
2926
2897
2944
2902
2902
2923
2889
2939
2896
2911
2923
2889
2942
2885
2914
2914
2896
2942
2903
2907
2913
2899
2949
2900
2905
2909
2898
2950
2884
2932
2908
2898
2930
2886
2923
2915
2911
2930
2909
2920
2905
2911
2943
2890
2924
2908
2904
2939
2892
2934
2918
2910
2929
2884
2935
2911
2911
2934
2892
2935
2906
2917
2933
2897
2934
2900
2913
2930
2902
2938
2914
2903
2919
2893
2945
2899
2914
2921
2900
2935
2911
2920
2919
2902
2934
2891
2927
