2398,5000
2900
2925
2918
2911
2941
2899
2938
2922
2921
2936
2902
2931
2925
2919
2940
2897
2936
2920
2909
2946
2893
2938
2917
2921
2937
2897
2944
2915
2919
2937
2894
2944
2922
2911
2929
2892
2945
2904
2915
2933
2904
2944
2899
2916
2928
2906
2943
2905
2924
2928
2893
2953
2907
2922
2928
2895
2946
2902
2924
2921
2909
2948
2891
2931
2914
2908
2944
2901
2934
2918
2909
2946
2905
2936
2914
2921
2940
2898
2931
2924
2914
2937
2902
2930
2918
2927
2935
2902
2940
2912
2919
2941
2901
2945
2909
2915
2938
2899
2948
2913
2920
2932
2895
2938
2907
2915
2931
2900
2947
2900
2916
2926
2905
2949
2902
2911
2933
2894
2948
2906
2924
2916
2903
2941
2897
2931
2923
2911
2955
2897
2924
2927
2905
2955
2895
2929
2922
2923
2935
2905
2942
2917
2908
2935
2894
2939
2922
2910
2940
2897
2947
2910
2926
2942
2894
2942
2913
2917
2935
2904
2951
2913
2907
2927
2899
2945
2911
2917
2943
2890
2947
2901
2921
2932
2897
2941
2903
2920
2928
2908
2945
2904
2916
2913
2902
2949
2904
2925
2934
2895
2951
2901
2934
2934
2898
2937
2897
2930
2930
2910
2952
2891
2931
2917
2910
2945
2896
2947
2913
2919
2940
2898
2938
2919
2918
2944
2893
2950
2906
2924
2939
2892
2939
2904
2915
2934
2904
2945
2910
2916
2931
2900
2955
2901
2916
2926
2904
2947
2907
2915
2934
2897
2936
2898
2924
2922
2908
2948
2903
2924
2923
2906
2950
2907
2919
2921
2901
2947
2899
2937
2923
2908
2941
2890
2937
2926
2915
2948
2899
2939
2919
2910
2946
2894
2938
2910
2915
2939
2896
2945
2916
2920
2939
2881
2944
2909
2926
2929
2898
2941
2904
2924
2938
2901
2948
2897
2919
2931
2902
2946
2912
2915
2925
2895
2946
2904
2922
2930
2899
2957
2893
2929
2920
2905
2944
2909
2928
2920
2907
2956
2905
2920
2919
2899
2945
2903
2931
2923
2922
2935
2894
2943
2924
2913
2947
2886
2954
2909
2921
2950
2899
2933
2912
2910
2939
2902
2946
2921
2913
2936
2890
2943
2916
2919
2929
2895
2949
2902
2918
2940
2898
2946
2896
2915
2929
2914
2940
2905
2921
2925
2903
2948
2904
2925
2920
2896
2949
2903
2921
2927
2907
2945
2898
2927
2922
2910
2953
2893
2938
2913
2914
2948
2907
2939
2916
2907
2943
2903
2930
2922
2914
2945
2887
2939
2911
2917
2951
2892
2961
2918
2913
2937
2897
2948
2907
2914
2935
2896
2956
2904
2924
2927
2894
2939
2906
2920
2930
2904
2953
2911
2910
2927
2914
2946
2904
2919
2924
2900
2955
2929
2994
2941
2917
2942
2901
2934
2928
2918
2942
2906
2927
2920
2918
2940
2894
2939
2914
2910
2944
2900
2938
2922
2901
2938
2894
2941
2912
2923
2938
2897
2936
2924
2917
2945
2893
2938
2915
2917
2935
2900
2949
2904
2922
2921
2911
2945
2907
2920
2935
2901
2943
2914
2918
2932
2901
2943
2908
2916
2925
2906
2959
2893
2921
2916
2906
2942
2905
2922
2925
2903
2951
2903
2932
2935
2894
2950
2897
2932
2920
2918
2945
2894
2932
2918
2909
2945
2895
2949
2908
2915
2939
2897
2941
2924
2917
2935
2901
2944
2905
2921
2937
2894
2938
2908
2911
2941
2898
2944
2912
2925
2926
2901
2951
2908
2915
2928
2902
2944
2913
2917
2930
2898
2941
2897
2922
2922
2913
2943
2905
2931
2913
2906
2948
2903
2926
2926
2901
2949
2902
2932
2930
2897
2943
2891
2937
2924
2913
2943
2908
2931
2916
2922
2937
2903
2933
2915
2918
2942
2892
2946
2913
2926
2924
2896
2945
2915
2917
2935
2901
2938
2908
2914
2937
2906
2941
2904
2915
2934
2897
2945
2914
2914
2930
2894
2953
2898
2926
2934
2899
2951
2897
2925
2922
2906
2942
2896
2924
2920
2903
2961
2894
2933
2913
2912
2938
2902
2929
2926
2915
2942
2897
2935
2924
2925
2936
2899
2932
2919
2924
2943
2897
2935
2910
2919
2939
2899
2936
2917
2929
2932
2896
2945
2912
2921
2934
2899
2950
2902
2917
2940
2913
2934
2903
2913
2937
2900
2952
2900
2925
2934
2900
2948
2907
2926
2922
2895
2946
2901
2927
2922
2906
2943
2894
2925
2925
2917
2944
2897
2934
2922
2910
2948
2901
2941
2925
2900
2947
2891
2938
2931
2913
2941
2894
2935
2911
2919
2939
2902
2936
2915
2914
2941
2897
2944
2911
2908
2936
2906
2936
2914
2928
2924
2896
2938
2903
2919
2931
2905
2947
2910
2920
2936
2903
2951
2898
2926
2929
2906
2944
2902
2927
2921
2905
2937
2901
2929
2925
2906
2952
2895
2930
2929
2908
2953
2896
2929
2929
2905
2947
2894
2946
2912
2915
2931
2896
2939
2919
2925
2937
2898
2940
2922
2914
2945
2888
2941
2910
2917
2941
2897
2947
2905
2917
2926
2896
2949
2910
2916
2932
2903
2938
2911
2921
2935
2901
2952
2896
2921
2925
2908
2947
2907
2910
2916
2905
2944
2904
2933
2924
2913
2941
2899
2938
2934
2893
2954
2888
2932
2920
2909
2951
2893
2933
2908
2917
2948
2898
2939
2919
2919
2944
2898
2940
2918
2915
2936
2901
2942
2912
2923
2940
2894
2939
2906
2924
2932
2905
2939
2913
2915
2934
2897
2948
2911
2921
2927
2905
2942
2904
2920
2929
2898
2941
2894
2929
2920
2908
2948
2905
2925
2930
2896
2954
2903
2926
2929
2897
2946
2898
2937
2932
2899
2943
2890
2944
2912
2916
2937
2901
2933
2917
2920
2944
2904
2936
2923
2906
2944
2889
2943
2925
2914
2938
2890
2942
2914
2914
2941
2894
2943
2915
2917
2946
2896
2943
2902
2917
2933
2902
2946
2906
2919
2918
2896
2947
2906
2925
2923
2903
2944
2899
2924
2922
2905
2940
2899
2923
2933
2895
2955
2895
2928
2912
2905
2955
2892
2936
2930
2904
2945
2904
2928
2922
2916
2938
2895
2935
2919
2914
2946
2899
2942
2904
2916
2945
2899
2945
2914
2920
2938
2897
2946
2921
2913
2935
2892
2944
2909
2917
2934
2902
2943
2900
2913
2934
2896
2950
2911
2929
2921
2900
2951
2903
2924
2927
2891
2950
2896
2925
2928
2913
2946
2889
2926
2921
2906
2953
2904
2935
2922
2906
2962
2896
2939
2920
2912
2948
2897
2942
2923
2914
2944
2888
2931
2912
2916
2944
2899
2933
2916
2918
2938
2904
2939
2916
2907
2936
2900
2940
2914
2918
2940
2885
2947
2899
2908
2935
2901
2947
2906
2919
2930
2904
2952
2902
2916
2937
2894
2955
2898
2925
2921
2900
2940
2904
2922
2932
2906
2955
2892
2929
2922
2907
2948
2894
2938
2917
2911
2937
2904
2932
2916
2904
2938
2895
2938
2916
2914
2942
2895
2942
2922
2914
2944
2903
2931
2913
2922
2934
2898
2948
2911
2905
2932
2904
2939
2921
2912
2938
2894
2948
2916
2913
2936
2900
2950
2898
2921
2923
2906
2948
2901
2918
2920
2901
2957
2903
2924
2918
2907
2941
2905
2921
2930
2903
2942
2903
2922
2923
2914
2942
2898
2936
2909
2915
2944
2901
2935
2923
2911
2946
2899
2943
2921
2914
2941
2891
2938
2911
2920
2945
2889
2939
2902
2920
2942
2898
2948
2912
2915
2935
2899
2952
2910
2914
2935
2891
2945
2904
2927
2933
2898
2951
2895
2919
2937
2894
2953
2903
2926
2919
2903
2957
2897
2935
2905
2922
2942
2909
2923
2932
2899
2940
2897
2932
2921
2919
2939
2898
2934
2930
2904
2948
2904
2929
2924
2904
2944
2896
2942
2925
2905
2937
2900
2933
2926
2914
2941
2906
2938
2913
2916
2936
2902
2943
2901
2919
2935
2901
2954
2909
2912
2927
2901
2940
2908
2919
2927
2904
2947
2912
2912
2928
2899
2946
2902
2925
2925
2897
2950
2914
2915
2916
2903
2942
2902
2932
2929
2910
2946
2903
2925
2934
2904
2944
2895
2933
2913
2913
2946
2900
2933
2910
2918
2934
2897
2941
2917
2923
2935
2893
2943
2914
2922
2940
2885
2943
2909
2919
2947
2895
2941
2904
2911
2932
2906
2944
2902
2918
2937
2892
2948
2902
2927
2928
2891
2950
2904
2920
2926
2908
2940
2902
2920
2924
2912
2941
2902
2933
2918
2907
2948
2902
2933
2918
2907
2943
2899
2933
2921
2912
2939
2890
2931
2914
2923
2936
2895
2943
2911
2913
2939
2903
2942
2911
2912
2932
2895
2942
2913
2919
2936
2887
2938
2927
2936
2939
2905
2942
2906
2911
2931
2901
2949
2897
2913
2928
2904
2952
2900
2926
2926
2893
2940
2903
2920
2923
2904
2959
2890
2924
2923
2903
2948
2901
2923
2930
2898
2948
2898
2936
2917
2902
2947
2895
2933
2919
2913
2945
2906
2932
2921
2913
2947
2890
2935
2917
2915
2939
2899
2945
2908
2920
2942
2892
2944
2912
2920
2947
2891
2944
2905
2927
2926
2896
2941
2903
2919
2926
2905
2948
2917
2903
2929
2897
2951
2907
2924
2925
2902
2943
2908
2925
2921
2906
2948
2895
2924
2923
2913
2950
2893
2925
2914
2906
2945
2897
2942
2916
2913
2948
2892
2950
2912
2909
2947
2892
2943
2907
2926
2938
2894
2932
2912
2914
2941
2901
2952
2909
2915
2933
2899
2947
2914
2918
2923
2899
2952
2902
2918
2936
2898
2936
2902
2917
2940
2895
2944
2903
2926
2925
2905
2951
2903
2920
2919
2910
2941
2900
2930
2916
2901
2941
2897
2925
2921
2907
2948
2896
2931
2925
2904
2945
2903
2933
2908
2921
2941
2895
2939
2914
2911
2939
2896
2939
2921
2918
2948
2890
2945
2915
2922
2937
2902
2945
2910
2914
2940
2893
2948
2915
2907
2927
2893
2942
2904
2916
2937
2899
2945
2905
2918
2940
2897
2942
2900
2921
2923
2912
2944
2907
2915
2915
2900
2946
2903
2923
2922
2908
2949
2890
2938
2914
2913
2946
2895
2928
2922
2915
2943
2903
2925
2914
2908
2941
2899
2934
2919
2919
2939
2893
2943
2914
2920
2945
2887
2944
2906
2920
2938
2904
2938
2909
2907
2938
2892
2945
2908
2914
2942
2888
2951
2901
2924
2923
2906
2937
2904
2920
2932
2903
2943
2900
2911
2924
2910
2940
2911
2920
2918
2901
2950
2894
2931
2914
2900
2947
2891
2932
2928
2908
2943
2888
2932
2922
2913
2949
2893
2943
2911
2916
2936
2907
2933
2915
2904
2940
2911
2930
2918
2918
2935
2887
2937
2913
2921
2937
2903
2937
2911
2907
2935
2903
2946
2900
2910
2937
2893
2946
2907
2923
2933
2888
2946
2903
2921
2925
2904
2944
2906
2922
2920
2906
2946
2897
2918
2923
2902
2943
2901
2938
2914
2899
2939
2898
2932
2920
2909
2960
2889
2938
2926
2922
2943
2892
2936
2914
2914
2943
2898
2947
2906
2912
2940
2899
2937
2923
2916
2942
2890
2946
2904
2920
2943
2890
2947
2908
2916
2933
2899
2954
2906
2911
2925
2899
2948
2905
2921
2927
2902
2938
2910
2931
2920
2904
2936
2904
2914
2926
2906
2951
2896
2921
2916
2898
2950
2901
2930
2923
2905
2944
2902
2929
2926
2900
2958
2897
2941
2912
2913
2950
2888
2933
2916
2916
2940
2903
2937
2917
2924
2945
2892
2946
2916
2913
2933
2896
2950
2903
2918
2940
2891
2938
2902
2913
2936
2902
2954
2903
2915
2928
2899
2948
2904
2917
2923
2902
2949
2905
2923
2927
2900
2938
2898
2919
2928
2900
2951
2892
2926
2927
2907
2955
2905
2923
2914
2909
2942
2901
2935
2922
2910
2935
2889
2932
2923
2912
2944
2904
2931
2922
2913
2942
2898
2933
2909
2915
2944
2887
2948
2922
2907
2932
2892
2936
2913
2915
2937
2900
2953
2897
2925
2940
2910
2935
2903
2913
2928
2902
2948
2905
2916
2921
2902
2940
2901
2923
2925
2906
2947
2897
2932
2923
2907
2941
2895
2927
2922
2903
2954
2907
2928
2917
2899
2945
2897
2936
2939
2919
2936
2896
2936
2922
2914
2939
2897
2932
2912
2916
2941
2897
2938
2907
2922
2932
2900
2943
2918
2911
2942
2888
2945
2911
2919
2934
2891
2943
2906
2916
2932
2912
2934
2915
2928
2922
2903
2945
2905
2916
2920
2899
2949
2907
2923
2919
2907
2936
2906
2916
2923
2906
2943
2892
2925
2921
2905
2953
2898
2937
2916
2906
2950
2897
2938
2913
2909
2943
2895
2944
2912
2925
2932
2890
2933
2912
2920
2940
2903
2950
2905
2920
2933
2900
2947
2903
2914
2932
2900
2937
2920
2910
2933
2896
2939
2905
2916
2932
2902
2948
2900
2920
2924
2905
2943
2901
2912
2921
2903
2942
2905
2928
2922
2893
2947
2893
2927
2923
2908
2946
2895
2933
2911
2911
2940
2893
2922
2912
2905
2948
2886
2936
2905
2906
2928
2894
2931
2913
2910
2935
2936
2981
2931
2922
2936
2884
2932
2902
2907
2935
2893
2942
2899
2913
2912
2892
2938
2905
2918
2918
2896
2933
2898
2913
2931
2887
2944
2891
2909
2920
2907
2938
2898
2902
2911
2891
2941
2893
2919
2911
2899
2938
2893
2938
2907
2896
2939
2898
2918
2914
2908
2936
2889
2918
2909
2908
2940
2890
2937
2907
2904
2931
2894
2933
2907
2914
2925
2886
2938
2901
2918
2936
2887
2934
2894
2909
2933
2895
2940
2910
2907
2925
2893
2952
2895
2917
2911
2903
2931
2896
2913
2923
2891
2938
2891
2908
2919
2898
2950
2888
2920
2904
2899
2945
2894
2913
2911
2898
2937
2894
2922
2917
2900
2936
2884
2927
2907
2908
2941
2888
2931
2910
2912
2938
2889
2926
2904
2915
2928
2890
2931
2919
2899
2929
2884
2941
2906
2917
2923
2895
2936
2900
2910
2931
2892
2934
2896
2910
2924
2899
2935
2906
2898
2913
2894
2935
2900
2907
2925
2890
2950
2889
2916
2919
2894
2945
2886
2913
2911
2896
2942
2892
2922
2898
2903
2934
2893
2927
2916
2906
2938
2893
2937
2907
2925
2929
2885
2928
2908
2903
2937
2892
2931
2910
2902
2935
2886
2938
2906
2914
2931
2888
2935
2907
2916
2918
2889
2932
2906
2904
2928
2893
2935
2892
2910
2928
2887
2948
2896
2920
2912
2893
2942
2909
2905
2914
2899
2932
2898
2917
2911
2903
2933
2887
2913
2911
2900
2950
2888
2925
2913
2896
2942
2893
2927
2908
2901
2930
2889
2937
2907
2914
2934
2889
2920
2915
2905
2934
2891
2931
2903
2906
2932
2893
2936
2899
2902
2928
2889
2939
2903
2920
2918
2887
2931
2900
2909
2926
2906
2935
2898
2901
2920
2895
2948
2888
2908
2918
2905
2933
2900
2915
2914
2892
2927
2892
2920
2914
2895
2947
2883
2924
2916
2898
2940
2890
2919
2912
2901
2946
2884
2932
2904
2897
2938
2882
2935
2908
2911
2930
2893
2928
2906
2918
2931
2887
2933
2902
2911
2932
2900
2931
2904
2899
2922
2899
2934
2903
2905
2930
2885
2939
2893
2917
2930
2887
2934
2898
2909
2915
2898
2951
2890
2913
2907
2898
2947
2895
2915
2912
2898
2932
2896
2919
2917
2897
2931
2890
2921
2923
2905
2936
2890
2922
2904
2904
2939
2893
2923
2913
2903
2931
2890
2931
2910
2901
2933
2886
2931
2906
2922
2931
2887
2933
2891
2918
2945
2893
2933
2905
2912
2925
2893
2944
2910
2899
2923
2887
2941
2891
2917
2920
2892
2934
2890
2922
2908
2898
2940
2895
2916
2903
2897
2945
2893
2923
2903
2897
2945
2882
2924
2909
2894
2937
2879
2934
2904
2905
2939
2883
2928
2904
2903
2934
2893
2919
2906
2903
2930
2887
2939
2898
2902
2929
2877
2930
2899
2903
2926
2886
2937
2893
2910
2919
2887
2927
2888
2901
2914
2888
2928
2900
2892
2910
2880
2928
2887
2913
2902
2890
2925
2887
2907
2903
2887
2928
2886
2899
2904
2889
2943
2878
2908
2892
2891
2921
2885
2918
2894
2892
2920
2873
2922
2891
2894
2909
2872
2912
2893
2885
2917
2875
2895
2886
2877
2912
2874
2904
2883
2885
2901
2860
2904
2879
2890
2884
2860
2897
2872
2871
2899
2858
2904
2861
2870
2886
2867
2900
2871
2885
2873
2864
2901
2871
2872
2870
2852
2901
2849
2870
2864
2859
2887
2842
2865
2870
2845
2900
2836
2879
2860
2869
2899
2843
2872
2863
2853
2885
2849
2883
2871
2885
2885
2844
2882
2869
2878
2889
2855
2895
2874
2875
2897
2871
2898
2877
2870
2904
2862
2916
2883
2879
2889
2860
2908
2881
2876
2905
2871
2921
2873
2888
2897
2881
2925
2875
2894
2888
2876
2957
2936
2924
2889
2880
2927
2874
2907
2897
2881
2936
2867
2898
2886
2883
2916
2872
2900
2896
2896
2918
2884
2915
2904
2901
2918
2885
2930
2900
2904
2935
2885
2925
2905
2906
2932
2886
2933
2904
2909
2932
2897
2951
2892
2909
2930
2890
2947
2894
2900
2934
2883
2936
2899
2913
2923
2896
2941
2907
2911
2925
2895
2948
2890
2912
2907
2894
2943
2897
2919
2917
2899
2945
2906
2921
2923
2896
2941
2892
2938
2910
2909
2940
2886
2930
2907
2916
2932
2896
2936
2917
2909
2943
2902
2935
2914
2914
2933
2903
2929
2896
2918
2936
2888
2934
2902
2917
2930
2893
2943
2901
2916
2934
2890
2947
2900
2910
2928
2886
2944
2898
2919
2931
2887
2940
2891
2925
2918
2901
2943
2895
2923
2902
2912
2942
2901
2926
2909
2905
2943
2896
2928
2924
2909
2928
2891
2929
2925
2910
2945
2891
