2720,10000
812,1577,19851,16087
808,1574,19643,15889
809,1576,19699,15970
808,1566,19650,15968
812,1601,19767,16059
811,1575,19796,16041
807,1573,19642,15893
809,1564,19690,15988
809,1569,19712,15985
809,1585,19668,15975
813,1558,19852,16138
806,1583,19598,15908
806,1575,19655,15950
810,1576,19746,15972
807,1580,19622,15901
812,1571,19828,16085
806,1578,19586,15879
808,1575,19643,15954
811,1588,19781,16022
811,1580,19683,15914
814,1557,19927,16154
807,1583,19615,15863
811,1575,19761,16048
809,1584,19666,15981
808,1570,19644,15942
810,1557,19768,16004
809,1578,19698,15952
810,1579,19731,16019
813,1563,19830,16089
816,1594,19750,15996
809,1575,19703,16008
807,1582,19598,15917
811,1572,19793,16092
809,1566,19699,15946
809,1586,19664,15968
810,1571,19739,16032
805,1573,19522,15849
808,1553,19709,16013
808,1568,19691,15958
809,1590,19711,15967
809,1590,19729,15970
806,1588,19629,15883
812,1560,19802,16071
808,1571,19646,15949
810,1573,19724,16026
810,1571,19713,15972
808,1584,19653,15894
809,1565,19717,16003
810,1576,19735,16010
808,1583,19615,15912
810,1575,19728,16028
807,1581,19512,15806
811,1570,19769,16068
809,1573,19717,15973
810,1585,19719,15990
810,1581,19735,16033
806,1565,19580,15879
813,1561,19841,16135
811,1580,19683,15925
810,1573,19760,16013
810,1578,19725,15979
808,1581,19699,15943
811,1564,19779,16052
805,1579,19538,15847
808,1582,19651,15944
811,1564,19762,16027
809,1574,19718,15945
811,1571,19759,16034
807,1598,19632,15896
807,1580,19652,15928
809,1569,19716,16037
808,1569,19631,15944
810,1568,19784,16087
807,1577,19629,15896
810,1581,19755,15965
809,1568,19706,15990
807,1578,19592,15897
812,1569,19794,16088
806,1583,19572,15868
810,1572,19697,15993
808,1584,19695,15941
808,1579,19697,15936
813,1560,19825,16114
807,1583,19589,15905
808,1582,19636,15928
808,1583,19704,15964
811,1574,19767,16019
809,1571,19717,16020
807,1579,19613,15887
810,1578,19728,16027
811,1565,19714,16019
816,1596,19755,15999
811,1572,19712,15986
808,1569,19667,15927
812,1567,19833,16106
807,1575,19620,15916
811,1584,19723,16007
813,1580,19719,16008
807,1576,19600,15889
815,1569,19822,16112
808,1585,19713,15952
808,1569,19696,15937
809,1587,19690,15965
807,1581,19562,15886
810,1572,19693,15996
806,1572,19698,15972
809,1568,19726,15972
810,1579,19732,16014
807,1585,19594,15884
810,1569,19749,16035
808,1579,19637,15947
808,1566,19644,15947
810,1575,19708,16005
807,1584,19674,15882
810,1574,19733,16000
810,1580,19723,16016
809,1590,19669,15970
812,1577,19759,16041
815,1582,19745,15977
810,1574,19772,16016
808,1578,19700,15946
810,1578,19763,16016
812,1573,19832,16105
807,1581,19578,15887
812,1563,19793,16090
807,1577,19650,15897
809,1575,19747,15990
810,1581,19704,15987
807,1570,19652,15934
811,1558,19796,16079
805,1591,19543,15848
813,1574,19747,16046
810,1574,19713,16017
807,1580,19641,15919
812,1554,19814,16091
809,1591,19662,15954
813,1577,19695,15958
809,1565,19680,16001
807,1575,19675,15927
814,1572,19886,16152
806,1579,19601,15856
810,1582,19756,16000
809,1582,19712,15990
808,1571,19620,15929
815,1556,19890,16176
816,1585,19768,15999
808,1583,19668,15911
810,1582,19747,16027
811,1575,19666,15934
811,1574,19804,16071
809,1584,19585,15886
811,1569,19733,16022
808,1572,19634,15936
808,1580,19706,15957
812,1575,19814,16093
807,1587,19563,15859
812,1554,19815,16102
809,1568,19648,15967
807,1591,19633,15901
809,1572,19725,15990
813,1581,19777,16018
826,1553,20241,16394
817,1592,19802,16025
814,1584,19795,16072
823,1559,20118,16349
809,1586,19656,15922
811,1578,19810,16043
811,1585,19753,16029
808,1571,19650,15952
810,1580,19732,16013
806,1572,19549,15851
812,1558,19797,16088
809,1580,19701,16002
810,1575,19742,15976
808,1582,19674,15961
807,1588,19609,15905
806,1568,19707,15991
810,1573,19705,16018
810,1589,19767,16006
809,1568,19711,15974
809,1582,19684,15929
812,1578,19847,16063
807,1569,19640,15922
809,1583,19712,16001
809,1580,19706,15999
809,1580,19679,15975
813,1578,19861,16093
806,1569,19619,15913
811,1576,19730,15947
809,1587,19715,16023
810,1581,19710,16003
812,1571,19755,16031
806,1586,19572,15864
813,1571,19797,16016
810,1587,19752,16018
807,1575,19617,15911
812,1601,19842,16130
806,1584,19569,15889
809,1562,19730,16005
809,1575,19748,15991
808,1578,19712,15955
814,1567,19948,16152
809,1584,19585,15889
808,1580,19673,15958
810,1571,19706,16003
807,1586,19606,15886
816,1552,19976,16195
814,1591,19704,15957
809,1571,19692,15982
809,1578,19674,15988
806,1577,19624,15937
811,1570,19760,16075
807,1581,19587,15910
812,1574,19813,16049
816,1581,19764,16021
806,1573,19595,15879
819,1564,19979,16211
813,1584,19721,16014
825,1563,20150,16357
810,1578,19717,15994
808,1583,19688,15940
811,1576,19840,16074
805,1579,19549,15853
811,1567,19769,16054
812,1581,19755,16033
809,1583,19643,15911
811,1565,19827,16041
808,1581,19594,15902
811,1572,19803,16071
807,1579,19651,15940
809,1573,19664,15982
811,1572,19776,16065
810,1590,19665,15975
817,1582,19899,16106
809,1580,19681,15946
809,1582,19674,15966
810,1578,19709,16008
805,1569,19490,15812
809,1552,19763,16056
809,1570,19723,16000
809,1584,19727,15946
814,1579,19755,16014
807,1577,19582,15895
811,1571,19741,16025
807,1572,19627,15931
808,1575,19680,15927
813,1565,19867,16085
806,1580,19586,15877
811,1570,19809,16067
808,1581,19643,15936
808,1578,19613,15924
810,1568,19739,16034
808,1561,19617,15925
814,1571,19925,16143
809,1587,19634,15896
810,1577,19725,16018
808,1583,19696,15956
809,1586,19674,15991
811,1566,19809,16085
813,1582,19840,16087
821,1588,19949,16143
810,1568,19741,15960
809,1572,19670,15981
812,1562,19808,16112
807,1582,19589,15896
810,1568,19746,16002
811,1564,19765,16031
809,1585,19614,15915
812,1563,19848,16089
808,1569,19614,15928
810,1582,19646,15932
808,1573,19633,15939
808,1580,19630,15933
812,1568,19822,16066
807,1570,19612,15912
810,1576,19725,16000
808,1575,19669,15948
808,1577,19625,15939
811,1568,19807,16052
806,1579,19610,15881
814,1556,19871,16114
808,1582,19714,15949
810,1581,19707,16021
812,1578,19735,15991
807,1623,19604,15910
813,1573,19840,16084
810,1576,19716,15945
809,1583,19691,15979
810,1557,19742,16019
806,1586,19591,15907
811,1572,19786,16088
807,1572,19628,15943
810,1572,19720,16004
810,1578,19764,16015
806,1585,19556,15861
811,1575,19774,16059
812,1556,19753,16059
807,1586,19620,15936
810,1561,19804,16057
806,1568,19583,15855
812,1563,19843,16100
810,1573,19753,15977
812,1554,19829,16105
817,1594,19814,16065
806,1580,19589,15905
812,1570,19831,16095
809,1576,19740,15971
807,1564,19650,15924
808,1573,19727,15994
807,1581,19602,15900
809,1562,19752,16048
806,1579,19572,15877
809,1565,19719,16033
812,1571,19847,16084
810,1585,19657,15928
810,1572,19766,16040
807,1586,19605,15889
807,1584,19619,15920
812,1557,19858,16117
811,1574,19740,16019
813,1571,19820,16060
813,1592,19746,15962
809,1585,19641,15930
809,1565,19721,16033
807,1566,19629,15932
813,1572,19892,16126
808,1580,19649,15896
809,1575,19690,15974
809,1577,19683,15950
810,1576,19679,15968
811,1574,19780,16077
806,1592,19572,15887
812,1577,19772,16060
810,1577,19695,15947
808,1574,19674,15949
811,1570,19800,16082
805,1572,19566,15879
810,1578,19698,16010
811,1571,19776,16046
811,1577,19671,15915
811,1564,19832,16061
810,1583,19735,15979
814,1579,19760,16010
808,1573,19650,15961
809,1567,19646,15974
809,1578,19736,16015
811,1573,19772,15986
812,1562,19802,16099
808,1571,19701,15985
811,1581,19712,16002
811,1568,19715,15988
806,1590,19582,15880
810,1572,19749,16037
809,1590,19702,15940
807,1582,19673,15959
810,1576,19704,15988
805,1584,19533,15850
810,1572,19720,16027
811,1569,19775,16044
809,1573,19731,15989
810,1562,19789,16028
806,1587,19626,15870
810,1579,19749,16028
809,1564,19684,16001
810,1567,19699,15997
808,1574,19723,15973
819,1605,19837,16048
811,1561,19731,15998
808,1570,19701,15963
806,1567,19674,15970
810,1575,19732,16014
808,1586,19622,15924
811,1568,19760,16056
808,1577,19711,15939
810,1566,19732,16005
812,1580,19793,16085
807,1587,19610,15922
810,1559,19732,16040
808,1580,19594,15889
809,1581,19707,15952
811,1566,19799,16041
809,1578,19732,15953
811,1565,19802,16063
808,1591,19614,15905
812,1577,19757,16042
824,1580,20084,16279
816,1576,19845,16104
822,1577,20025,16253
812,1582,19676,15928
811,1578,19754,16031
809,1588,19655,15939
807,1582,19622,15947
812,1568,19794,16067
807,1574,19658,15910
807,1570,19667,15942
809,1583,19679,15965
808,1580,19645,15936
811,1563,19755,16052
808,1587,19617,15898
809,1579,19699,15958
810,1585,19759,16004
809,1566,19723,15959
809,1574,19723,16004
808,1580,19606,15926
811,1572,19756,16046
810,1570,19731,15992
809,1583,19685,15953
809,1578,19723,16008
808,1573,19613,15917
813,1571,19769,16042
808,1576,19654,15937
809,1588,19656,15958
808,1588,19658,15942
807,1583,19627,15895
811,1563,19807,16063
808,1590,19647,15968
809,1565,19691,15989
808,1572,19677,16007
807,1582,19638,15894
812,1573,19851,16101
810,1562,19728,15976
810,1572,19763,15993
809,1565,19694,15997
806,1581,19547,15869
813,1570,19841,16113
808,1576,19686,15927
812,1584,19786,16038
820,1572,19908,16132
807,1581,19610,15894
811,1574,19786,16063
808,1571,19641,15924
809,1572,19659,15959
811,1573,19754,16064
808,1587,19635,15898
811,1571,19791,16073
803,1580,19570,15908
808,1576,19632,15934
810,1575,19726,16047
810,1583,19654,15908
812,1579,19801,16062
806,1582,19596,15856
817,1571,19969,16145
818,1591,19824,16094
807,1585,19603,15898
813,1574,19805,16088
807,1579,19632,15875
808,1575,19701,15956
817,1574,19900,16157
817,1569,19898,16122
816,1563,19921,16175
817,1587,19762,16036
808,1577,19650,15960
808,1584,19664,15949
808,1582,19652,15928
813,1569,19875,16125
806,1580,19589,15905
810,1580,19712,15991
813,1579,19798,16079
809,1578,19653,15913
814,1555,19896,16151
807,1584,19650,15907
822,1588,19973,16165
808,1580,19676,15964
811,1579,19729,16037
813,1567,19756,16019
807,1590,19611,15892
811,1577,19814,16059
809,1567,19679,15986
809,1588,19687,15972
809,1571,19704,15988
807,1586,19571,15904
811,1572,19778,16069
809,1582,19690,15991
810,1576,19777,16011
812,1573,19697,15976
808,1584,19634,15931
812,1567,19773,16043
808,1570,19650,15956
810,1565,19731,16002
814,1593,19772,16002
807,1592,19658,15893
813,1565,19885,16127
810,1567,19700,15994
808,1555,19700,16008
809,1577,19668,15980
806,1579,19582,15863
813,1567,19903,16130
812,1572,19774,16062
811,1576,19740,16014
810,1569,19728,16037
808,1572,19585,15901
814,1569,19887,16138
812,1581,19699,15970
810,1588,19749,15976
809,1571,19716,15977
807,1579,19595,15899
814,1568,19861,16141
809,1568,19583,15871
811,1581,19777,16027
809,1570,19755,16009
810,1583,19725,15971
813,1567,19882,16124
805,1584,19559,15850
810,1571,19715,16013
810,1580,19680,15995
807,1584,19662,15919
816,1563,19935,16189
819,1590,19838,16082
823,1587,20038,16238
822,1576,19968,16217
814,1576,19729,15977
810,1578,19741,16052
809,1588,19667,15959
814,1579,19763,15972
809,1570,19706,15995
809,1577,19681,15971
811,1572,19811,16077
806,1575,19559,15872
809,1580,19686,15954
809,1580,19747,16020
809,1579,19709,15961
813,1570,19894,16114
806,1570,19585,15895
810,1571,19734,16023
808,1583,19657,15952
809,1578,19725,15974
810,1572,19771,16010
806,1580,19582,15892
814,1571,19873,16128
808,1571,19635,15912
809,1581,19674,15988
812,1560,19753,16046
806,1582,19566,15882
811,1544,19835,16068
812,1570,19765,16040
808,1572,19656,15942
810,1566,19704,16014
805,1570,19514,15857
810,1578,19772,16027
810,1574,19739,16011
808,1578,19656,15916
811,1586,19826,16038
806,1584,19570,15857
811,1566,19792,16103
809,1573,19660,15964
811,1553,19786,16060
811,1576,19784,16040
807,1600,19563,15873
811,1570,19811,16063
820,1562,20027,16282
808,1578,19674,15977
812,1565,19770,16081
806,1579,19544,15863
815,1566,19946,16156
809,1572,19682,15961
813,1577,19827,16082
816,1573,19807,16055
807,1582,19572,15901
813,1563,19858,16122
814,1579,19707,15933
809,1579,19721,15950
810,1579,19784,16004
807,1579,19607,15910
809,1551,19771,16108
806,1584,19561,15879
809,1575,19722,15990
811,1574,19804,16045
807,1576,19638,15940
814,1548,19906,16151
807,1583,19563,15882
809,1580,19681,15970
809,1574,19680,16000
810,1567,19708,16003
812,1567,19822,16043
808,1583,19639,15933
810,1580,19715,16008
808,1567,19687,15970
806,1584,19592,15899
813,1561,19886,16150
807,1571,19614,15889
810,1574,19760,15996
809,1576,19766,15986
808,1582,19677,15963
810,1575,19763,16049
806,1587,19598,15880
808,1579,19698,15957
809,1575,19748,15991
807,1575,19605,15912
810,1570,19777,16060
807,1579,19600,15904
811,1557,19752,16043
808,1586,19653,15959
807,1591,19638,15951
811,1578,19780,16028
808,1578,19651,15938
813,1558,19811,16077
808,1578,19656,15964
808,1581,19628,15952
809,1581,19734,16002
807,1571,19604,15888
812,1565,19852,16085
811,1582,19781,16026
807,1578,19602,15902
808,1573,19668,15992
806,1576,19569,15869
815,1572,19911,16134
809,1588,19715,15940
815,1571,19747,16049
809,1568,19699,15973
805,1583,19546,15861
813,1567,19812,16108
809,1578,19703,15994
810,1581,19706,15995
809,1574,19726,15950
807,1576,19628,15924
810,1564,19768,16042
812,1572,19727,15969
809,1582,19697,15984
811,1566,19765,16035
810,1578,19692,15971
812,1567,19852,16109
806,1583,19646,15905
811,1566,19733,16037
811,1567,19726,16025
807,1586,19613,15934
810,1573,19763,15995
809,1568,19695,15942
809,1572,19681,15978
810,1583,19758,16024
809,1578,19676,15965
807,1575,19778,16064
806,1584,19567,15879
809,1577,19672,15992
810,1575,19788,16021
810,1580,19693,15988
814,1557,19881,16135
807,1582,19568,15854
811,1582,19729,16032
810,1580,19710,15959
810,1576,19718,15979
812,1556,19874,16096
808,1574,19670,15910
809,1576,19696,15992
811,1570,19739,16032
809,1583,19611,15910
812,1568,19839,16078
807,1566,19620,15872
814,1576,19816,16090
823,1577,20099,16294
811,1580,19652,15927
811,1567,19749,16044
805,1588,19559,15854
813,1572,19825,16120
809,1577,19709,15953
810,1571,19719,15988
817,1550,19944,16201
818,1605,19813,16043
816,1575,19805,16054
808,1581,19700,15968
812,1574,19772,16040
814,1589,19810,16014
807,1594,19640,15884
817,1566,19952,16203
816,1580,19786,16055
808,1569,19663,15933
811,1557,19812,16054
806,1576,19607,15848
813,1568,19832,16109
811,1581,19748,15991
810,1589,19700,15981
809,1574,19687,15993
808,1569,19631,15936
813,1564,19752,16038
810,1563,19734,16016
810,1582,19764,16017
809,1581,19705,16000
809,1585,19670,15957
810,1567,19711,15997
809,1580,19726,15982
809,1575,19724,15999
812,1574,19829,16083
809,1573,19700,15947
812,1557,19794,16068
808,1584,19628,15943
812,1570,19755,16045
816,1586,19831,16048
808,1571,19691,15931
813,1570,19871,16154
807,1582,19621,15887
814,1569,19834,16118
816,1590,19798,16050
808,1576,19621,15932
811,1581,19788,16071
809,1586,19720,15974
808,1573,19661,15951
811,1574,19740,16032
808,1565,19611,15926
812,1567,19814,16111
808,1579,19601,15865
810,1562,19765,16044
810,1566,19737,16007
811,1579,19791,16042
812,1566,19789,16062
808,1574,19595,15902
812,1564,19759,16051
819,1587,19846,16067
808,1593,19683,15945
814,1566,19874,16141
812,1576,19654,15929
816,1580,19882,16124
822,1591,19954,16176
809,1574,19598,15884
811,1570,19749,16059
808,1589,19655,15918
815,1574,19880,16134
816,1593,19787,16017
809,1576,19680,15993
809,1561,19700,16018
807,1592,19630,15900
811,1570,19801,16066
810,1586,19754,16001
808,1585,19688,15922
810,1564,19749,16024
806,1579,19551,15863
809,1572,19726,16039
809,1582,19736,15980
811,1586,19778,15998
810,1552,19704,15999
808,1588,19630,15905
812,1559,19809,16097
809,1576,19686,15981
808,1585,19659,15971
811,1565,19756,16053
806,1581,19612,15873
810,1564,19762,16035
811,1555,19756,16059
808,1570,19628,15918
810,1578,19727,16025
811,1584,19658,15918
812,1570,19820,16079
810,1576,19793,16018
810,1577,19735,16012
810,1578,19727,16009
811,1590,19718,15997
816,1583,19827,16014
811,1583,19738,15995
810,1581,19729,15962
809,1570,19724,15998
809,1582,19696,15947
810,1590,19736,16012
807,1564,19582,15905
809,1582,19699,15981
811,1568,19703,15995
809,1571,19727,15984
816,1556,19929,16165
815,1590,19706,15971
810,1584,19707,15993
808,1565,19639,15955
811,1572,19714,16007
812,1560,19834,16103
809,1587,19724,15949
810,1580,19779,16005
810,1578,19717,16008
810,1569,19620,15903
814,1573,19877,16151
807,1571,19620,15887
810,1572,19752,16001
809,1578,19693,15987
809,1583,19714,15972
811,1566,19788,16087
806,1584,19561,15884
808,1576,19678,15974
810,1584,19723,16017
810,1585,19731,15976
810,1566,19764,16038
810,1581,19705,15982
814,1576,19790,16037
809,1576,19675,15978
809,1569,19649,15919
810,1581,19764,16043
807,1587,19613,15866
813,1569,19888,16127
808,1581,19664,15943
811,1571,19714,16017
812,1573,19714,15990
807,1567,19637,15892
812,1570,19838,16060
810,1590,19702,16007
810,1579,19729,16004
809,1572,19696,15985
806,1580,19572,15872
813,1566,19839,16121
811,1573,19638,15916
810,1582,19753,15987
812,1570,19820,16080
806,1581,19556,15850
813,1565,19857,16139
807,1585,19601,15921
813,1572,19817,16075
809,1572,19714,15946
808,1578,19664,15926
812,1576,19866,16079
807,1578,19639,15927
809,1562,19686,16003
808,1569,19673,15962
810,1575,19725,15972
816,1576,19866,16081
809,1583,19648,15948
810,1576,19730,16021
810,1575,19713,16009
808,1589,19607,15933
811,1569,19800,16084
805,1562,19528,15846
811,1572,19789,16034
810,1572,19741,16007
810,1584,19715,15985
810,1574,19774,16054
806,1579,19540,15865
809,1585,19740,16014
808,1574,19680,15957
811,1582,19788,16030
816,1576,19913,16099
808,1578,19622,15945
809,1567,19661,15976
809,1569,19714,15996
809,1578,19688,15963
811,1569,19854,16092
807,1587,19613,15906
808,1580,19670,15955
810,1578,19702,15990
807,1588,19608,15909
811,1572,19734,16038
807,1593,19631,15922
811,1581,19794,16025
808,1578,19644,15920
807,1573,19646,15934
813,1563,19846,16128
805,1578,19527,15847
818,1567,19956,16194
822,1591,19998,16192
814,1585,19744,15980
810,1581,19769,16011
808,1585,19613,15928
812,1570,19751,16019
808,1571,19669,15963
807,1537,19631,15913
812,1576,19828,16061
806,1585,19580,15883
812,1567,19835,16083
810,1585,19714,16002
808,1567,19610,15934
811,1572,19758,16067
806,1578,19564,15885
814,1553,19893,16130
811,1588,19692,15962
809,1577,19681,15972
810,1566,19720,16012
806,1590,19566,15878
812,1569,19832,16092
808,1564,19678,15956
810,1583,19771,16020
809,1584,19748,15970
809,1576,19648,15935
809,1556,19775,16081
808,1571,19663,15983
811,1579,19783,16052
811,1573,19805,16056
806,1574,19574,15878
812,1578,19795,16044
806,1582,19596,15871
810,1573,19685,15978
812,1571,19780,16076
812,1576,19641,15953
812,1568,19852,16090
807,1588,19615,15888
810,1564,19745,16049
810,1575,19720,16013
808,1590,19628,15924
812,1562,19851,16102
809,1573,19665,15943
811,1575,19778,16024
809,1579,19762,15983
811,1580,19764,16053
811,1572,19767,16034
808,1582,19589,15920
809,1575,19741,16002
808,1573,19714,15975
808,1571,19656,15936
812,1575,19849,16101
806,1580,19582,15910
811,1563,19722,16026
810,1578,19700,16012
807,1583,19589,15890
818,1559,19980,16206
822,1570,20001,16233
810,1574,19719,16004
807,1580,19646,15927
808,1583,19635,15964
813,1551,19880,16122
811,1586,19660,15900
811,1573,19812,16055
809,1578,19744,15982
805,1575,19636,15932
810,1562,19723,16026
807,1591,19625,15929
811,1552,19802,16069
813,1565,19849,16096
808,1587,19634,15951
810,1575,19745,16029
806,1577,19591,15894
810,1570,19722,15989
817,1573,19862,16140
814,1578,19711,15983
808,1583,19697,15956
806,1583,19576,15880
811,1560,19757,16036
809,1580,19671,15970
807,1562,19590,15928
811,1569,19774,16048
808,1577,19635,15892
808,1563,19773,16037
810,1573,19766,16008
810,1578,19733,16016
811,1567,19754,16052
807,1583,19588,15898
808,1568,19712,16028
810,1570,19753,16027
814,1593,19737,16001
810,1569,19743,16020
808,1583,19639,15918
814,1567,19851,16139
815,1583,19735,15975
816,1580,19857,16118
815,1562,19927,16147
815,1586,19755,15985
812,1544,19849,16134
806,1592,19581,15858
811,1575,19704,16034
810,1570,19753,16018
809,1572,19695,15985
812,1570,19830,16058
808,1591,19703,15946
808,1578,19662,15953
809,1569,19668,15987
808,1573,19639,15946
811,1564,19867,16101
808,1582,19637,15915
809,1576,19692,15998
811,1557,19754,16033
806,1571,19598,15902
812,1566,19806,16090
806,1582,19551,15888
808,1585,19661,15963
809,1578,19740,15972
808,1585,19645,15904
810,1569,19758,16044
808,1568,19645,15923
810,1577,19670,15959
812,1578,19797,16034
809,1565,19656,15910
811,1579,19810,16075
807,1583,19650,15900
809,1566,19717,16001
809,1584,19693,15979
808,1590,19612,15917
810,1567,19778,16040
806,1587,19592,15863
811,1567,19792,16080
805,1577,19648,15932
808,1592,19644,15933
809,1569,19699,15998
809,1575,19622,15935
809,1564,19696,15968
808,1585,19702,15965
810,1575,19715,15993
808,1575,19683,15976
807,1594,19598,15893
808,1571,19672,15975
810,1579,19714,15988
809,1567,19709,15986
809,1576,19702,15970
808,1578,19670,15895
816,1573,19866,16070
812,1583,19715,16017
809,1566,19676,15978
810,1567,19766,16036
809,1582,19702,15952
812,1557,19803,16095
808,1577,19669,15958
809,1577,19696,15980
810,1559,19733,16028
805,1573,19566,15867
812,1572,19788,16076
809,1572,19722,15953
809,1573,19669,15971
809,1563,19704,16015
809,1573,19663,15968
810,1576,19729,16047
808,1571,19661,15910
808,1570,19691,15987
808,1576,19694,16025
808,1576,19697,15940
813,1559,19835,16106
806,1576,19577,15897
808,1575,19659,15959
809,1568,19717,15990
810,1586,19719,15981
811,1558,19768,16049
809,1586,19660,15931
808,1580,19675,15965
809,1579,19673,15985
810,1576,19684,15978
811,1569,19785,16068
807,1581,19653,15894
809,1580,19721,15990
807,1575,19639,15924
812,1578,19755,16030
813,1579,19747,16028
808,1573,19653,15915
810,1574,19731,16011
811,1577,19795,16029
808,1584,19673,15936
809,1578,19702,15999
806,1586,19591,15890
811,1574,19766,16067
811,1577,19774,16007
808,1577,19715,15965
810,1567,19719,16005
806,1588,19598,15873
811,1557,19765,16049
810,1578,19672,15974
809,1583,19659,15946
809,1572,19678,15997
806,1585,19601,15875
810,1573,19806,16053
808,1582,19663,15977
809,1591,19706,15982
811,1562,19746,16057
807,1565,19612,15890
811,1593,19857,16094
810,1581,19762,16024
811,1570,19824,16054
811,1581,19751,16042
805,1570,19548,15868
810,1575,19715,16026
808,1571,19697,15946
813,1565,19828,16074
808,1584,19656,15953
809,1589,19630,15904
812,1572,19749,16031
805,1584,19592,15911
811,1570,19758,16060
811,1584,19699,15964
807,1581,19645,15894
815,1554,19942,16217
816,1595,19777,16022
809,1576,19651,15936
810,1557,19739,16063
809,1584,19684,15955
811,1571,19797,16065
809,1567,19684,15948
809,1576,19753,15982
808,1586,19667,15951
808,1577,19619,15913
816,1563,19914,16193
817,1593,19819,16022
809,1579,19705,15969
809,1560,19701,15996
816,1572,19883,16117
825,1561,20168,16376
812,1586,19735,16026
813,1589,19714,15976
809,1586,19665,15969
808,1587,19699,15938
826,1573,20119,16331
821,1586,19924,16176
810,1582,19743,16012
809,1581,19610,15927
809,1575,19692,15973
811,1567,19805,16066
807,1568,19623,15903
810,1580,19778,16005
808,1576,19663,15968
809,1573,19685,15978
809,1577,19681,15989
808,1587,19661,15913
812,1581,19807,16047
811,1584,19752,16028
812,1566,19694,15958
811,1571,19756,16046
805,1590,19532,15843
812,1559,19800,16103
813,1583,19696,16015
810,1575,19757,15994
816,1583,19809,16047
806,1591,19559,15858
813,1564,19817,16097
813,1579,19767,16076
815,1590,19764,15999
809,1564,19733,15992
807,1588,19630,15893
811,1578,19837,16048
809,1586,19683,15960
810,1587,19745,16014
808,1568,19680,15974
806,1575,19574,15855
813,1569,19879,16110
808,1576,19699,15976
811,1573,19732,16023
809,1585,19680,15967
808,1592,19609,15917
809,1570,19715,16024
808,1569,19651,15952
810,1569,19774,16037
809,1574,19707,15993
807,1581,19633,15934
810,1566,19747,16016
806,1588,19594,15892
809,1579,19695,15975
808,1574,19689,15952
812,1584,19790,16029
819,1578,19969,16134
806,1572,19568,15866
809,1582,19695,15982
811,1567,19748,16041
810,1591,19765,16015
812,1563,19833,16061
807,1584,19622,15926
808,1576,19696,15975
809,1561,19708,15995
808,1580,19652,15963
812,1578,19808,16090
806,1594,19564,15874
809,1579,19717,15975
811,1563,19743,16011
813,1582,19685,15958
812,1567,19832,16108
807,1573,19565,15879
810,1570,19770,16030
808,1566,19661,15940
809,1582,19709,15964
812,1571,19836,16072
807,1581,19602,15917
809,1576,19690,15989
809,1572,19682,15987
809,1577,19676,15947
811,1567,19827,16067
806,1577,19609,15910
812,1573,19839,16099
811,1585,19721,16026
808,1581,19612,15936
809,1567,19694,15988
806,1581,19571,15875
814,1572,19909,16149
807,1575,19668,15955
812,1584,19736,16019
809,1567,19695,16003
806,1584,19563,15878
810,1571,19731,15976
810,1573,19760,16015
810,1581,19720,15936
810,1573,19796,16021
805,1572,19537,15836
808,1567,19749,16026
810,1573,19714,16032
809,1583,19718,15977
810,1567,19743,16003
806,1586,19529,15840
811,1573,19784,16044
810,1567,19704,16004
810,1563,19702,16021
810,1578,19733,16025
808,1565,19640,15944
820,1583,19965,16124
808,1571,19664,15958
810,1574,19702,15998
809,1577,19704,15982
808,1572,19625,15937
815,1554,19913,16163
812,1590,19672,15921
809,1575,19763,16006
812,1583,19814,16064
807,1573,19618,15913
811,1564,19788,16085
807,1588,19580,15893
810,1572,19748,16010
811,1569,19790,16040
807,1589,19625,15924
812,1567,19863,16108
809,1570,19653,15949
809,1573,19626,15921
810,1576,19709,16027
812,1580,19755,16037
813,1562,19837,16043
809,1588,19659,15959
808,1581,19617,15912
811,1572,19734,16003
807,1571,19598,15937
814,1559,19905,16158
813,1596,19708,15929
810,1567,19777,16032
811,1570,19760,15983
808,1585,19640,15946
810,1575,19743,16022
808,1570,19613,15938
810,1571,19762,16017
809,1562,19721,15976
809,1582,19679,15980
811,1571,19778,16039
807,1598,19573,15877
812,1569,19807,16104
807,1584,19620,15918
807,1586,19612,15908
811,1580,19807,16034
806,1582,19596,15874
809,1565,19703,15999
808,1569,19675,15977
808,1584,19617,15941
810,1582,19752,16035
807,1565,19605,15902
812,1561,19855,16085
811,1586,19770,15983
807,1568,19630,15925
811,1574,19727,16042
806,1574,19565,15881
818,1563,20003,16209
816,1577,19889,16137
820,1583,19871,16110
810,1567,19716,15996
807,1580,19590,15881
811,1570,19764,16041
808,1578,19643,15950
810,1573,19704,16002
809,1577,19739,15981
809,1586,19697,15980
811,1574,19774,16072
809,1577,19673,15966
810,1575,19693,16002
809,1561,19741,16021
808,1575,19646,15918
812,1560,19819,16062
808,1578,19690,15914
810,1568,19674,15941
810,1559,19724,16024
809,1585,19636,15939
811,1576,19822,16051
808,1574,19670,15930
809,1555,19682,15969
811,1573,19788,16060
808,1578,19673,15961
812,1566,19799,16088
807,1584,19573,15907
808,1580,19651,15956
810,1567,19773,16037
823,1595,19974,16201
827,1552,20202,16424
808,1569,19628,15925
808,1585,19664,15966
810,1586,19774,16025
808,1584,19679,15921
813,1562,19878,16124
809,1583,19721,15953
809,1576,19695,15990
810,1586,19700,15990
807,1582,19620,15918
812,1568,19808,16076
808,1590,19688,15932
813,1578,19730,15991
811,1567,19759,16036
807,1578,19625,15923
812,1556,19782,16077
806,1590,19577,15881
811,1575,19776,16055
809,1572,19722,15975
810,1573,19704,15968
808,1570,19697,15978
807,1583,19595,15914
811,1569,19756,16052
809,1579,19685,15968
811,1571,19755,16017
810,1580,19760,16000
807,1578,19642,15879
814,1570,19861,16108
809,1575,19677,15968
808,1573,19657,15953
812,1582,19808,16072
807,1575,19605,15881
812,1560,19804,16081
809,1573,19723,15989
808,1572,19679,15984
811,1567,19722,16014
808,1580,19609,15855
812,1562,19812,16103
808,1567,19698,15971
809,1581,19716,15985
810,1573,19688,15962
807,1593,19607,15900
811,1565,19774,16075
809,1575,19690,15947
809,1578,19708,15989
808,1564,19768,15996
809,1571,19702,15934
813,1565,19829,16105
807,1588,19590,15900
811,1577,19777,16010
810,1567,19791,16022
809,1571,19719,15967
811,1578,19766,16036
807,1569,19622,15884
813,1569,19734,15994
810,1577,19691,16008
808,1590,19645,15946
811,1567,19776,16050
807,1589,19631,15907
811,1573,19747,16023
808,1573,19667,15949
809,1585,19711,15983
811,1563,19797,16113
806,1581,19580,15884
810,1586,19767,16006
808,1578,19728,15974
809,1587,19715,15951
811,1578,19788,16070
807,1571,19602,15897
808,1583,19629,15933
810,1581,19767,16012
809,1585,19725,15979
813,1575,19835,16115
813,1580,19698,15920
810,1581,19733,16017
811,1567,19736,16020
807,1587,19600,15922
812,1567,19800,16091
810,1589,19744,15996
812,1618,19764,16033
810,1584,19695,15987
809,1575,19686,15967
809,1563,19694,16015
806,1589,19579,15868
812,1563,19856,16107
810,1579,19770,16009
808,1585,19723,15956
809,1579,19723,15999
806,1577,19543,15856
814,1576,19846,16124
809,1592,19726,15971
809,1568,19723,15990
810,1574,19717,16020
804,1564,19593,15871
810,1570,19746,16049
809,1594,19689,15996
810,1577,19649,15947
811,1571,19772,16079
808,1588,19631,15885
811,1568,19789,16069
809,1566,19690,15990
809,1578,19698,15981
808,1574,19643,15979
808,1597,19664,15922
813,1556,19834,16111
809,1582,19729,15968
810,1587,19769,15984
814,1572,19799,16079
807,1577,19585,15873
814,1566,19845,16130
815,1588,19730,15974
809,1590,19720,15963
810,1578,19711,15986
808,1574,19655,15934
813,1574,19835,16121
807,1596,19557,15863
808,1575,19641,15940
814,1570,19832,16114
810,1563,19741,15972
811,1566,19790,16048
809,1583,19631,15932
807,1571,19647,15933
810,1578,19734,16036
809,1587,19684,15918
812,1555,19854,16106
807,1587,19637,15888
810,1569,19762,16009
807,1560,19641,15938
808,1587,19672,15970
810,1565,19782,16103
806,1574,19600,15865
811,1572,19754,16004
807,1576,19638,15934
809,1575,19692,15956
812,1559,19811,16101
807,1578,19573,15866
811,1581,19749,16056
809,1570,19693,15982
813,1590,19738,15957
811,1576,19810,16093
813,1583,19684,15918
811,1563,19760,16056
807,1578,19612,15914
822,1579,20057,16256
810,1562,19729,15996
810,1574,19731,15979
822,1575,19996,16165
811,1566,19746,16044
807,1576,19593,15896
808,1577,19678,15975
807,1585,19638,15910
815,1580,19863,16064
810,1571,19700,16011
808,1580,19666,15950
818,1565,19946,16184
806,1567,19611,15945
821,1587,19902,16145
808,1577,19670,15969
809,1577,19708,15971
811,1568,19770,16031
806,1575,19543,15862
811,1568,19736,16018
812,1567,19763,16068
809,1580,19710,15964
810,1581,19734,16005
806,1584,19604,15861
815,1561,19934,16147
810,1580,19645,15900
814,1582,19828,16081
811,1580,19739,16043
808,1573,19672,15951
811,1572,19846,16073
807,1580,19602,15903
810,1569,19710,16032
811,1566,19723,15980
809,1583,19652,15960
812,1569,19834,16106
807,1576,19577,15884
811,1613,19759,15998
812,1583,19823,16079
813,1573,19666,15930
812,1566,19798,16074
807,1574,19602,15916
809,1564,19707,15993
811,1586,19762,16039
809,1567,19719,15987
814,1575,19915,16129
807,1587,19598,15885
808,1575,19635,15948
807,1573,19627,15937
810,1574,19751,15982
812,1557,19873,16123
807,1581,19607,15915
810,1569,19722,15997
812,1572,19764,16056
809,1591,19605,15905
811,1577,19759,16049
807,1582,19577,15906
811,1572,19836,16063
808,1576,19691,15973
807,1579,19624,15925
814,1575,19856,16119
812,1589,19628,15913
814,1573,19823,16083
808,1588,19676,15964
807,1565,19665,15926
811,1573,19787,16044
807,1588,19613,15902
811,1565,19713,16014
810,1580,19703,15995
808,1567,19688,15947
811,1579,19798,16042
805,1588,19528,15834
812,1551,19843,16134
810,1580,19695,15993
809,1578,19699,16005
810,1565,19741,16037
806,1587,19540,15840
813,1564,19871,16112
809,1573,19690,15973
809,1595,19666,15940
808,1573,19649,15954
806,1583,19547,15886
811,1576,19809,16066
810,1577,19783,16034
809,1579,19751,15978
811,1558,19827,16048
807,1578,19610,15911
809,1573,19735,16050
808,1580,19669,15955
809,1576,19739,15980
811,1566,19793,16039
808,1578,19686,15970
812,1559,19814,16092
808,1590,19578,15868
805,1576,19693,15985
809,1563,19659,15941
808,1590,19654,15967
812,1571,19851,16084
806,1584,19571,15872
812,1566,19783,16068
810,1570,19666,15969
811,1585,19690,15997
812,1569,19855,16095
810,1582,19696,15974
810,1575,19767,16012
809,1576,19779,16007
809,1580,19687,15983
812,1561,19826,16124
809,1581,19664,15975
813,1568,19725,15974
810,1581,19758,15997
807,1564,19638,15945
811,1564,19836,16102
806,1578,19614,15891
808,1573,19646,15945
808,1562,19657,15971
809,1578,19674,15968
811,1562,19802,16048
805,1584,19573,15855
811,1564,19779,16055
808,1572,19653,15960
821,1594,20020,16258
823,1568,20018,16239
816,1584,19752,15992
809,1571,19793,16020
810,1587,19757,16007
808,1575,19673,15961
810,1574,19768,16054
807,1575,19631,15946
812,1574,19847,16083
809,1569,19739,15984
808,1582,19640,15942
810,1583,19789,16039
811,1590,19607,15913
811,1565,19751,16035
808,1583,19656,15962
809,1570,19678,15999
809,1568,19667,15953
808,1579,19645,15922
810,1573,19732,16015
810,1584,19719,16024
808,1570,19664,15974
810,1572,19732,16014
813,1590,19666,15955
812,1566,19853,16103
808,1580,19717,15961
810,1567,19710,16020
810,1571,19728,16035
807,1584,19590,15885
813,1560,19872,16146
806,1573,19627,15875
810,1580,19702,15995
811,1574,19721,16005
808,1574,19643,15962
812,1578,19808,16089
806,1589,19545,15866
808,1579,19637,15929
812,1575,19837,16082
808,1566,19633,15918
812,1573,19814,16086
807,1583,19550,15849
809,1571,19685,15978
810,1568,19743,16023
812,1585,19776,16035
814,1565,19872,16068
810,1592,19731,15974
810,1574,19674,15952
810,1573,19694,16000
807,1583,19631,15921
813,1559,19879,16128
807,1577,19634,15896
812,1578,19788,16062
822,1595,19995,16187
809,1570,19671,15975
812,1565,19803,16092
807,1578,19576,15872
810,1566,19693,15981
808,1575,19722,15970
810,1586,19688,15979
811,1579,19743,16014
807,1585,19588,15898
812,1567,19782,16065
810,1583,19730,16005
813,1576,19820,16045
823,1581,19999,16208
807,1596,19637,15865
811,1568,19789,16062
808,1571,19660,15958
810,1582,19690,15981
810,1575,19736,15987
812,1580,19768,15988
812,1573,19784,16064
809,1574,19705,15979
808,1578,19684,15970
811,1574,19731,16026
804,1586,19514,15832
811,1570,19783,16078
809,1573,19714,15971
811,1571,19777,16044
809,1588,19683,15951
806,1568,19580,15874
811,1580,19724,16034
810,1581,19750,16026
810,1566,19748,16033
813,1577,19855,16081
807,1580,19613,15852
813,1577,19857,16121
809,1576,19690,15996
813,1567,19681,15992
810,1573,19742,15993
808,1583,19703,15931
810,1569,19743,16039
811,1577,19743,16006
811,1583,19648,15923
810,1570,19725,16018
809,1589,19590,15897
812,1564,19808,16097
807,1583,19626,15888
809,1579,19717,16009
809,1581,19693,15990
812,1573,19759,16038
812,1579,19748,16023
809,1588,19717,15977
809,1578,19729,15982
810,1570,19759,16003
810,1580,19774,16001
813,1559,19835,16127
806,1585,19561,15860
811,1578,19749,16031
821,1587,19922,16131
809,1590,19711,15946
810,1560,19788,16082
808,1570,19645,15940
809,1580,19676,15963
808,1573,19664,15979
808,1575,19611,15925
812,1555,19828,16109
811,1577,19757,15982
809,1588,19663,15920
811,1570,19771,16037
808,1563,19610,15895
812,1563,19800,16114
817,1589,19773,16016
811,1572,19765,16028
809,1587,19725,15993
810,1572,19756,16000
809,1570,19710,15999
806,1578,19629,15932
813,1565,19814,16115
811,1571,19781,16033
810,1570,19724,15986
810,1581,19746,16026
806,1595,19546,15828
811,1567,19774,16063
810,1570,19697,16007
807,1573,19605,15904
809,1575,19757,15996
808,1585,19639,15897
817,1565,19948,16171
823,1577,20024,16250
812,1568,19785,16043
808,1592,19600,15906
808,1570,19648,15925
813,1567,19878,16120
814,1580,19889,16107
816,1605,19841,16053
811,1579,19712,15981
806,1585,19567,15888
809,1571,19715,16022
809,1582,19756,15992
811,1571,19768,16019
809,1560,19697,16003
808,1588,19646,15920
814,1570,19875,16132
806,1585,19570,15884
810,1580,19729,16030
809,1567,19669,15985
810,1584,19749,16005
813,1560,19883,16123
805,1577,19545,15853
808,1581,19675,15975
808,1569,19648,15979
810,1571,19719,15981
815,1584,19845,16050
808,1591,19665,15945
809,1565,19724,15982
815,1579,19890,16133
818,1591,19823,16058
811,1573,19730,16004
807,1579,19599,15877
812,1574,19826,16055
809,1591,19691,15975
808,1579,19683,15959
812,1552,19820,16103
808,1576,19637,15928
807,1581,19628,15947
808,1580,19659,15974
810,1586,19759,15993
810,1548,19759,16030
810,1581,19651,15934
807,1590,19616,15948
812,1560,19740,16029
810,1578,19674,15922
812,1564,19848,16109
807,1591,19657,15923
811,1574,19824,16046
807,1585,19632,15911
806,1579,19582,15893
810,1565,19733,16036
807,1566,19674,15954
813,1568,19885,16111
807,1586,19661,15954
809,1565,19724,15996
808,1559,19660,15975
806,1585,19563,15874
811,1577,19750,16039
808,1578,19649,15952
808,1584,19682,15947
809,1575,19736,16024
806,1596,19565,15858
811,1575,19781,16062
808,1578,19653,15965
811,1579,19802,16046
809,1571,19719,16007
807,1570,19611,15879
815,1569,19960,16166
822,1597,19993,16215
827,1586,20108,16309
814,1569,19841,16116
821,1595,19940,16136
825,1576,20161,16333
812,1585,19801,16078
823,1582,20059,16252
810,1582,19771,16044
805,1578,19546,15869
816,1556,19921,16196
822,1573,20044,16279
825,1576,20123,16312
812,1578,19795,16074
807,1581,19590,15905
811,1557,19805,16085
809,1579,19658,15971
809,1585,19700,15951
811,1569,19791,16061
809,1567,19683,15954
814,1565,19922,16129
806,1581,19557,15868
811,1566,19710,16009
807,1566,19655,15965
812,1576,19793,16051
813,1578,19841,16044
807,1583,19596,15904
809,1576,19710,15983
809,1581,19673,15967
811,1586,19716,16020
814,1564,19801,16060
806,1578,19583,15888
809,1573,19723,15986
808,1569,19689,15981
810,1581,19697,15996
811,1561,19775,16054
807,1587,19561,15879
812,1568,19809,16061
809,1571,19686,15950
809,1574,19716,15968
813,1575,19902,16121
813,1589,19667,15945
810,1576,19735,16040
809,1563,19674,15968
808,1587,19629,15900
811,1578,19778,16045
806,1575,19567,15887
814,1556,19886,16145
809,1585,19658,15920
811,1595,19723,16002
817,1586,19814,16057
806,1575,19556,15850
814,1557,19875,16120
809,1567,19705,15988
809,1573,19713,15996
809,1565,19740,16020
807,1595,19563,15890
811,1574,19802,16059
810,1570,19721,15997
809,1578,19724,15982
812,1567,19831,16053
805,1584,19507,15818
815,1566,19872,16148
815,1587,19721,15990
810,1571,19710,15964
811,1567,19787,16044
806,1579,19569,15861
813,1575,19863,16119
808,1570,19678,15956
809,1570,19705,16021
809,1568,19686,15993
807,1580,19594,15899
812,1571,19847,16090
807,1577,19642,15893
809,1573,19679,15973
811,1574,19739,16022
808,1575,19621,15951
812,1556,19832,16078
810,1580,19733,15925
812,1576,19806,16044
810,1559,19747,15986
809,1583,19685,15973
810,1557,19746,16070
806,1587,19577,15884
811,1570,19781,16053
811,1569,19804,16041
808,1576,19664,15960
813,1568,19867,16134
807,1584,19594,15896
812,1574,19771,16068
808,1581,19655,15934
810,1577,19718,16015
812,1568,19844,16078
807,1563,19631,15931
808,1578,19642,15917
812,1577,19761,16038
812,1578,19652,15932
813,1543,19865,16118
808,1585,19636,15914
810,1578,19748,15975
809,1570,19728,15985
812,1580,19784,16028
813,1579,19737,15999
811,1582,19690,15991
820,1583,19941,16143
809,1569,19698,15961
808,1571,19671,15965
810,1581,19752,16015
807,1571,19560,15885
811,1568,19795,16072
808,1579,19659,15937
809,1587,19670,15987
811,1573,19862,16084
808,1588,19628,15921
811,1570,19761,16046
810,1580,19737,16010
809,1553,19693,16007
808,1572,19686,15958
807,1593,19618,15898
811,1570,19783,16048
812,1583,19822,16061
809,1575,19678,15972
809,1575,19701,15982
806,1573,19541,15844
810,1569,19812,16046
810,1569,19789,16019
809,1563,19695,15972
812,1555,19788,16065
805,1569,19528,15837
817,1566,19928,16194
824,1565,20138,16390
814,1591,19723,15976
811,1565,19793,16043
808,1580,19653,15949
824,1586,20024,16252
812,1584,19642,15948
810,1570,19707,16019
811,1573,19766,16056
808,1578,19650,15927
811,1562,19792,16043
807,1576,19673,15899
809,1580,19686,15981
809,1577,19682,15976
808,1581,19637,15942
815,1565,19931,16106
808,1580,19630,15892
808,1572,19690,15979
813,1560,19801,16080
808,1586,19619,15917
812,1580,19806,16076
807,1566,19541,15873
808,1571,19671,15978
808,1574,19743,15971
809,1579,19703,15986
812,1558,19806,16085
806,1568,19564,15867
811,1571,19720,16017
808,1589,19686,15943
810,1584,19734,16002
812,1566,19856,16093
812,1577,19784,15999
812,1577,19699,15961
810,1581,19714,15998
809,1570,19697,15993
809,1577,19746,16030
808,1576,19662,15905
812,1565,19793,16070
809,1581,19699,15974
810,1583,19696,15974
807,1565,19743,16030
806,1582,19541,15857
812,1566,19807,16104
810,1566,19748,15996
808,1589,19630,15910
810,1569,19745,16046
807,1578,19606,15899
810,1571,19712,16012
811,1576,19755,16036
808,1575,19653,15927
809,1581,19769,15986
808,1576,19656,15915
811,1570,19774,16059
809,1580,19670,15963
811,1573,19724,16000
813,1578,19835,16093
806,1575,19578,15845
811,1565,19763,16036
813,1587,19817,16036
810,1559,19695,15979
809,1562,19697,15995
807,1576,19610,15915
816,1564,19912,16168
820,1582,19918,16150
810,1578,19673,15936
810,1565,19753,16030
807,1584,19578,15860
810,1575,19758,16052
808,1583,19669,15937
812,1574,19791,16065
814,1575,19800,16019
809,1582,19700,15966
814,1575,19840,16106
809,1585,19585,15886
811,1577,19736,16018
815,1577,19817,16048
809,1569,19718,15967
813,1565,19838,16130
807,1586,19624,15912
808,1572,19684,15970
810,1552,19725,16041
810,1571,19720,15989
811,1568,19790,16075
808,1589,19648,15909
807,1576,19660,15944
810,1568,19720,16023
815,1571,19816,16076
826,1581,20143,16358
817,1574,19925,16169
808,1582,19678,15943
809,1578,19737,15969
809,1581,19717,15968
814,1570,19868,16132
806,1572,19589,15884
810,1577,19709,15990
808,1586,19683,15931
812,1573,19788,16014
810,1567,19728,16002
807,1589,19617,15902
811,1560,19741,16047
810,1574,19698,16001
813,1579,19667,15941
809,1537,19714,16013
807,1577,19651,15894
811,1570,19796,16071
809,1580,19701,15995
810,1579,19712,16013
808,1563,19701,16011
806,1577,19571,15865
813,1567,19825,16091
809,1587,19708,15944
812,1609,19806,16061
809,1572,19702,15980
805,1570,19550,15854
812,1566,19791,16095
811,1566,19793,16033
808,1578,19685,15933
809,1570,19706,15998
806,1581,19589,15877
812,1573,19815,16082
806,1567,19676,15979
808,1580,19702,15993
811,1581,19752,16045
807,1585,19634,15892
813,1566,19846,16116
809,1575,19716,15966
809,1561,19670,15971
809,1567,19697,16001
808,1592,19632,15915
811,1573,19815,16059
807,1567,19643,15903
811,1564,19771,16022
809,1573,19702,16002
807,1583,19614,15919
811,1581,19728,16022
808,1567,19695,15952
811,1577,19775,16010
811,1579,19760,16051
813,1577,19733,15973
812,1560,19823,16088
806,1581,19599,15905
810,1581,19717,16015
808,1573,19676,15980
809,1577,19728,15971
812,1572,19842,16105
806,1593,19551,15860
811,1572,19766,16036
809,1566,19646,15981
811,1594,19733,16003
813,1554,19870,16119
807,1586,19636,15887
810,1584,19783,16015
809,1584,19642,15921
810,1578,19698,15992
809,1568,19710,15998
806,1583,19649,15900
809,1582,19722,15987
810,1569,19715,16010
814,1559,19798,16067
825,1570,20090,16308
811,1591,19714,16006
825,1569,20041,16289
821,1590,19925,16153
821,1600,19906,16117
809,1579,19680,15963
807,1583,19597,15881
812,1566,19808,16077
809,1573,19672,15975
809,1590,19695,15971
811,1578,19789,16051
806,1593,19597,15875
813,1563,19886,16121
810,1579,19726,16023
810,1589,19681,15976
811,1567,19788,16081
807,1580,19607,15849
813,1569,19875,16118
809,1577,19726,15998
807,1582,19663,15937
810,1574,19779,16038
815,1584,19659,15917
811,1571,19774,16064
808,1593,19653,15949
809,1573,19727,15978
809,1565,19721,16012
806,1571,19583,15885
814,1567,19859,16138
806,1585,19567,15891
812,1559,19790,16065
812,1570,19743,15985
809,1592,19705,15957
812,1564,19875,16101
807,1579,19625,15912
823,1567,20085,16331
822,1583,19963,16191
808,1578,19641,15883
812,1519,19840,16083
806,1578,19593,15899
811,1584,19774,16021
809,1567,19716,16021
807,1570,19640,15950
811,1570,19797,16070
806,1592,19606,15897
811,1579,19752,16000
810,1571,19720,16000
808,1576,19681,15963
812,1571,19773,16069
806,1569,19582,15921
808,1570,19691,15966
809,1579,19704,15978
810,1583,19751,16005
812,1559,19830,16066
809,1571,19653,15942
808,1583,19629,15919
810,1580,19705,16003
808,1578,19680,15919
811,1567,19833,16095
807,1556,19594,15916
814,1584,19850,16079
822,1579,19942,16188
822,1590,19916,16155
817,1570,19861,16092
807,1578,19593,15912
813,1566,19870,16106
808,1578,19667,15950
807,1574,19669,15951
810,1574,19744,16032
807,1579,19592,15899
810,1561,19768,16053
810,1585,19761,16009
808,1587,19652,15923
810,1579,19762,15994
807,1587,19579,15890
812,1568,19816,16100
810,1561,19696,16004
807,1580,19659,15920
811,1575,19829,16051
805,1598,19553,15853
811,1575,19791,16053
811,1550,19774,16075
809,1571,19668,15976
808,1568,19665,15975
808,1581,19615,15915
818,1577,19924,16118
812,1558,19781,16053
811,1577,19690,15951
810,1571,19701,16002
808,1578,19618,15924
825,1573,20156,16349
817,1587,19846,16059
809,1584,19715,15949
814,1566,19889,16097
807,1575,19598,15885
820,1566,20017,16217
818,1599,19799,16054
812,1583,19771,15968
811,1575,19789,16040
810,1571,19706,16009
810,1584,19774,16015
807,1581,19581,15902
809,1578,19651,15956
811,1568,19762,16061
807,1581,19609,15921
812,1565,19856,16080
807,1577,19604,15882
809,1571,19694,15980
809,1585,19688,15999
811,1559,19698,16011
812,1564,19816,16098
806,1596,19592,15878
812,1569,19807,16054
812,1578,19775,15982
809,1574,19671,15967
813,1568,19808,16114
822,1595,19983,16218
810,1568,19756,15998
810,1585,19744,16009
807,1590,19648,15925
811,1568,19834,16099
807,1579,19595,15905
812,1575,19780,16067
808,1585,19628,15914
810,1577,19709,15989
810,1576,19787,16043
808,1573,19640,15927
811,1573,19767,16041
811,1579,19743,16029
807,1579,19546,15876
810,1572,19740,15996
809,1567,19646,15949
813,1562,19879,16116
808,1588,19746,15992
810,1577,19677,15958
809,1560,19710,16017
806,1574,19558,15893
811,1567,19827,16071
811,1570,19784,16028
808,1583,19645,15947
809,1573,19741,16022
806,1573,19543,15841
810,1577,19755,16039
809,1560,19671,15985
811,1582,19742,16017
809,1565,19710,15946
807,1572,19578,15888
812,1573,19815,16103
812,1578,19782,16054
808,1588,19639,15939
813,1581,19827,16090
807,1570,19615,15900
808,1567,19805,16058
809,1570,19744,15991
808,1578,19672,15969
810,1569,19733,16034
808,1572,19636,15946
811,1574,19775,16038
805,1585,19623,15878
811,1563,19748,16053
811,1582,19728,15973
808,1591,19624,15936
811,1564,19765,16057
807,1579,19585,15893
810,1588,19755,16032
810,1581,19763,15997
813,1578,19808,16061
813,1569,19787,16047
807,1569,19576,15885
810,1580,19701,16006
809,1564,19718,15990
810,1576,19699,15979
813,1567,19888,16105
808,1586,19675,15929
809,1579,19686,15981
808,1569,19624,15938
808,1575,19650,15950
811,1572,19820,16064
811,1577,19754,15995
808,1571,19630,15930
812,1584,19771,16040
813,1578,19718,15975
810,1567,19744,16054
807,1582,19578,15880
810,1577,19709,16024
810,1569,19768,16017
811,1571,19725,15999
810,1566,19701,15983
807,1581,19613,15905
809,1564,19723,16019
811,1561,19766,16024
810,1580,19660,15957
813,1578,19862,16097
807,1564,19638,15901
811,1568,19767,16042
809,1578,19692,15999
809,1587,19673,15999
809,1580,19751,15985
806,1573,19584,15848
812,1565,19800,16081
809,1576,19714,15975
807,1581,19661,15934
809,1582,19674,15978
808,1595,19577,15903
814,1559,19856,16135
807,1579,19692,15968
810,1567,19751,16019
809,1577,19699,15994
806,1583,19584,15882
810,1570,19749,16038
810,1575,19764,16017
809,1575,19695,15973
809,1568,19770,15999
808,1570,19657,15913
814,1566,19905,16149
806,1578,19591,15892
811,1571,19752,16059
810,1567,19768,16035
808,1589,19694,15939
811,1574,19758,16032
820,1599,19867,16091
810,1574,19690,15951
810,1567,19716,16011
806,1584,19563,15873
813,1559,19822,16111
808,1579,19626,15864
810,1570,19699,15982
810,1563,19750,16022
808,1584,19658,15965
811,1568,19780,16072
808,1594,19652,15950
809,1583,19722,15990
810,1559,19781,16031
810,1575,19768,16007
812,1576,19817,16085
806,1579,19562,15876
810,1579,19706,15999
819,1594,19909,16122
810,1573,19707,15927
812,1561,19824,16077
808,1567,19661,15932
808,1578,19650,15948
818,1580,19908,16175
817,1564,19860,16114
817,1559,19917,16177
822,1581,20035,16221
810,1580,19750,16021
810,1582,19704,16002
807,1574,19631,15909
811,1562,19754,16069
809,1584,19627,15868
812,1575,19816,16084
808,1577,19702,15919
816,1599,19895,16110
810,1582,19709,15964
806,1570,19557,15873
812,1573,19801,16099
809,1561,19735,15992
809,1581,19751,15992
809,1577,19686,15990
810,1584,19708,15978
826,1580,20141,16359
819,1571,19937,16192
816,1573,19860,16118
809,1568,19700,15987
806,1588,19606,15862
811,1568,19779,16071
810,1579,19748,16022
809,1564,19647,15943
809,1572,19679,16006
807,1585,19613,15888
816,1563,19833,16080
813,1560,19848,16070
809,1566,19743,15996
810,1583,19726,16009
807,1568,19560,15858
809,1576,19713,15999
808,1570,19670,15934
810,1581,19756,15996
807,1573,19667,15956
811,1575,19704,15970
813,1575,19773,16027
808,1582,19614,15936
809,1580,19674,15965
808,1584,19664,15965
811,1588,19761,15992
820,1578,19913,16147
805,1578,19593,15870
811,1570,19750,16042
809,1573,19664,15987
808,1593,19702,15967
812,1558,19825,16084
806,1580,19623,15884
810,1578,19778,16002
810,1557,19727,16031
815,1568,19816,16092
816,1557,19951,16202
810,1587,19631,15899
809,1572,19759,16005
808,1580,19660,15942
812,1572,19773,16032
816,1588,19837,16068
807,1574,19603,15916
809,1575,19638,15926
810,1581,19713,16016
810,1573,19742,16003
810,1559,19776,16066
808,1589,19625,15921
814,1574,19829,16103
811,1583,19663,15933
809,1566,19709,15984
809,1567,19722,16005
809,1597,19702,15959
811,1573,19819,16060
810,1582,19713,15998
807,1577,19618,15926
810,1574,19730,16020
808,1586,19613,15868
812,1564,19855,16082
807,1583,19629,15906
812,1581,19753,16034
808,1580,19671,15944
808,1577,19608,15931
810,1566,19760,16058
810,1583,19714,16004
809,1573,19721,15964
814,1576,19850,16114
813,1589,19698,15918
809,1578,19692,15967
810,1577,19711,16029
810,1570,19694,15931
811,1593,19769,16037
807,1593,19640,15881
810,1542,19812,16019
810,1574,19713,16019
808,1570,19681,15966
810,1581,19677,15970
810,1585,19724,15983
814,1563,19913,16136
806,1576,19589,15897
823,1567,20112,16321
817,1550,19905,16148
821,1581,20013,16233
811,1583,19781,16056
805,1581,19544,15872
812,1580,19807,16045
816,1581,19853,16024
808,1577,19658,15941
814,1560,19868,16140
806,1571,19544,15868
809,1574,19716,16002
811,1582,19774,16051
811,1565,19759,15996
813,1564,19886,16097
808,1584,19607,15887
809,1576,19684,16004
810,1569,19721,16032
808,1575,19691,15936
813,1567,19894,16130
806,1586,19572,15863
818,1581,19961,16159
807,1577,19604,15902
807,1581,19629,15939
812,1564,19844,16153
808,1568,19563,15863
813,1580,19854,16068
812,1578,19713,15965
808,1586,19643,15951
811,1562,19773,16067
808,1582,19589,15901
810,1574,19755,16008
810,1592,19728,15992
809,1572,19727,15971
809,1572,19746,15987
807,1580,19634,15926
809,1561,19706,15998
811,1570,19748,16047
809,1572,19707,15978
810,1579,19753,16004
807,1587,19604,15901
812,1558,19836,16097
809,1579,19657,15954
809,1587,19663,15963
809,1569,19697,16001
807,1589,19522,15833
816,1567,19890,16111
809,1581,19682,15966
810,1574,19688,15978
810,1576,19748,16045
806,1581,19539,15865
813,1567,19901,16143
809,1573,19697,15960
812,1571,19838,16076
810,1575,19779,15977
808,1580,19604,15893
810,1580,19723,16013
807,1579,19635,15930
810,1571,19781,16036
810,1576,19759,16007
808,1564,19628,15932
812,1567,19826,16084
806,1573,19598,15897
811,1563,19745,16048
810,1567,19738,16038
809,1580,19667,15975
812,1569,19845,16074
807,1588,19591,15889
808,1568,19658,15958
810,1555,19726,16016
808,1578,19611,15944
811,1576,19819,16082
805,1581,19586,15878
810,1567,19736,15994
810,1586,19759,15969
810,1582,19741,16014
811,1574,19751,16030
808,1579,19639,15957
809,1580,19727,15996
810,1580,19756,16017
811,1575,19741,16030
811,1551,19824,16096
806,1584,19574,15882
808,1584,19663,15968
808,1579,19628,15951
809,1574,19672,15971
811,1560,19841,16070
806,1589,19597,15864
814,1572,19819,16082
816,1581,19762,16020
808,1586,19619,15948
812,1563,19814,16089
806,1572,19593,15880
811,1577,19788,16054
809,1576,19740,15981
808,1567,19665,15982
809,1557,19703,16012
820,1584,19936,16185
812,1570,19811,16061
809,1584,19711,15955
808,1561,19639,15955
811,1584,19751,16038
806,1594,19567,15869
812,1570,19802,16080
808,1559,19694,16055
808,1582,19626,15940
811,1579,19808,16066
806,1595,19551,15844
821,1559,20061,16299
809,1582,19698,15985
809,1591,19683,15984
808,1576,19694,15965
808,1581,19661,15929
820,1583,19861,16059
809,1582,19749,15986
809,1581,19666,15949
809,1578,19698,16000
807,1576,19581,15896
811,1581,19832,16067
810,1563,19751,15993
807,1564,19634,15947
811,1575,19783,16026
803,1566,19561,15919
810,1560,19747,16037
806,1590,19579,15903
809,1581,19654,15972
812,1560,19836,16092
807,1582,19622,15919
811,1571,19779,16068
806,1596,19583,15883
808,1577,19654,15952
810,1606,19763,16031
807,1583,19650,15940
812,1573,19839,16090
809,1579,19701,15953
810,1577,19670,15951
808,1577,19667,15964
808,1567,19620,15926
813,1558,19886,16129
807,1583,19651,15900
808,1576,19680,15968
825,1578,20094,16300
812,1579,19768,16057
817,1572,19844,16112
807,1573,19577,15901
808,1575,19644,15955
810,1568,19763,16017
808,1584,19652,15928
812,1574,19796,16090
808,1583,19617,15938
808,1569,19648,15965
811,1572,19763,16020
808,1588,19661,15953
814,1568,19878,16122
814,1583,19734,15952
812,1573,19808,16084
807,1586,19606,15918
809,1577,19664,15977
810,1574,19768,16002
809,1579,19698,15953
812,1578,19796,16087
808,1580,19677,15933
813,1581,19733,16035
811,1573,19738,16027
805,1590,19563,15862
812,1560,19817,16096
809,1583,19725,15979
808,1587,19682,15949
810,1581,19741,16042
805,1586,19543,15834
812,1606,19829,16134
814,1570,19834,16084
816,1582,19799,16039
812,1563,19768,15993
808,1583,19643,15883
812,1575,19800,16079
809,1557,19694,16003
810,1564,19698,16018
811,1572,19760,16021
805,1582,19611,15899
812,1565,19805,16077
808,1560,19674,15957
815,1577,19828,16081
824,1557,20094,16348
814,1597,19714,15973
813,1564,19820,16120
807,1574,19647,15909
811,1579,19753,16022
810,1567,19713,15999
807,1577,19626,15917
811,1567,19712,16023
807,1594,19626,15912
808,1582,19683,15944
814,1587,19856,16118
810,1577,19750,15984
813,1563,19880,16147
807,1589,19589,15899
822,1562,20034,16269
810,1576,19753,16021
807,1582,19677,15940
813,1556,19870,16143
807,1575,19634,15912
807,1582,19651,15927
810,1569,19744,16043
807,1575,19603,15917
813,1575,19851,16140
812,1592,19699,15921
809,1581,19706,15976
809,1579,19690,15943
810,1572,19724,16005
809,1568,19728,16041
812,1577,19681,15899
812,1572,19791,16042
812,1574,19824,16066
813,1587,19764,15973
809,1573,19726,16001
808,1584,19610,15914
810,1568,19752,16046
810,1576,19742,16005
809,1581,19718,15977
809,1561,19724,15997
806,1584,19585,15884
814,1574,19849,16111
808,1579,19656,15967
807,1579,19599,15895
810,1578,19720,16004
819,1591,19866,16068
812,1560,19804,16058
809,1577,19692,15996
807,1578,19634,15917
808,1592,19646,15965
806,1587,19592,15854
810,1550,19790,16057
809,1578,19688,15954
813,1567,19839,16073
815,1571,19786,16027
805,1582,19486,15816
813,1560,19811,16111
809,1587,19681,15941
814,1585,19879,16101
811,1560,19699,15978
808,1584,19635,15908
814,1559,19910,16186
808,1574,19661,15982
809,1584,19684,15990
812,1570,19803,16107
809,1569,19683,15938
813,1568,19874,16140
807,1578,19558,15852
809,1581,19697,15996
810,1572,19714,15983
809,1580,19663,15934
813,1576,19848,16116
807,1596,19675,15921
809,1572,19715,15981
810,1567,19718,16022
808,1578,19639,15956
811,1569,19765,16053
808,1571,19671,15949
808,1569,19671,15926
810,1583,19745,16033
809,1576,19698,15971
812,1549,19814,16090
807,1574,19562,15892
807,1581,19666,15955
808,1585,19643,15954
809,1569,19701,15955
812,1571,19804,16055
810,1580,19691,15979
816,1580,19752,16004
808,1567,19633,15953
809,1580,19686,15969
810,1569,19811,16063
809,1574,19708,15957
811,1575,19794,16018
808,1576,19650,15933
809,1583,19675,15987
809,1589,19680,15978
808,1582,19668,15937
811,1567,19809,16056
815,1572,19841,16100
823,1574,20038,16255
810,1562,19726,16006
821,1596,19875,16113
826,1558,20182,16404
808,1561,19648,15957
810,1562,19734,15994
809,1575,19725,16013
805,1596,19536,15850
813,1565,19862,16124
822,1586,19938,16206
810,1575,19662,15922
813,1577,19816,16092
807,1582,19595,15856
813,1567,19856,16081
808,1565,19655,15939
808,1571,19647,15960
810,1579,19733,16036
806,1576,19561,15843
812,1575,19852,16082
809,1570,19705,15997
813,1580,19838,16083
812,1578,19718,15981
811,1585,19655,15895
811,1569,19760,16065
807,1574,19615,15916
811,1581,19792,16017
809,1568,19702,15993
814,1583,19787,16046
825,1583,20066,16289
810,1576,19653,15957
813,1584,19753,15976
811,1511,19814,16065
809,1566,19704,15925
814,1558,19940,16154
812,1593,19655,15907
807,1566,19637,15944
812,1566,19783,16081
808,1575,19674,15937
813,1570,19871,16107
807,1583,19594,15904
810,1564,19730,16020
813,1579,19806,16086
810,1575,19635,15938
813,1560,19848,16143
805,1577,19541,15874
811,1572,19783,16024
809,1612,19684,15949
810,1578,19691,15974
811,1556,19805,16100
808,1578,19603,15926
810,1588,19757,16013
814,1574,19865,16096
817,1600,19850,16036
810,1579,19807,16022
807,1581,19609,15913
809,1568,19699,15988
808,1581,19652,15968
809,1584,19688,15963
811,1569,19807,16041
806,1570,19568,15888
811,1571,19780,16054
809,1589,19708,15986
807,1572,19610,15922
810,1577,19732,16051
806,1588,19539,15853
818,1572,19914,16149
808,1585,19680,15950
809,1589,19695,15983
809,1553,19721,15978
805,1586,19520,15843
811,1556,19776,16053
809,1572,19717,15983
809,1571,19735,15977
811,1582,19800,16044
805,1569,19518,15844
813,1571,19851,16132
814,1587,19734,15998
809,1574,19738,16003
811,1564,19807,16048
803,1581,19582,15856
813,1569,19848,16106
809,1581,19690,15981
809,1570,19635,15947
809,1572,19692,15995
808,1585,19639,15927
812,1566,19852,16093
810,1575,19720,15996
809,1581,19679,15977
811,1566,19735,16038
807,1596,19598,15923
810,1560,19762,16002
810,1561,19682,15976
808,1584,19706,15965
812,1557,19818,16047
808,1575,19646,15944
812,1565,19802,16082
808,1574,19633,15950
809,1574,19702,15962
810,1573,19793,16036
809,1583,19709,16008
812,1569,19848,16104
816,1589,19822,16086
811,1575,19743,16032
816,1588,19787,16031
806,1582,19608,15927
815,1571,19936,16178
806,1584,19602,15876
810,1572,19726,16006
811,1583,19752,16029
812,1581,19667,15957
810,1567,19790,16052
808,1572,19612,15911
809,1577,19757,15980
812,1576,19809,16052
809,1569,19663,15972
810,1562,19738,16037
806,1571,19568,15876
811,1572,19783,16025
810,1571,19754,16010
808,1584,19628,15918
810,1589,19742,15995
806,1570,19594,15901
813,1566,19823,16106
810,1570,19648,15937
810,1587,19691,15995
815,1576,19810,16030
806,1579,19587,15878
811,1562,19761,16044
811,1581,19779,16040
807,1583,19601,15881
812,1573,19789,16073
807,1590,19607,15873
814,1566,19908,16150
810,1574,19760,15995
810,1568,19727,16021
809,1577,19718,16004
807,1584,19558,15870
812,1567,19831,16077
811,1573,19776,16035
808,1570,19627,15921
810,1558,19756,16035
806,1580,19553,15860
810,1570,19763,16049
807,1573,19617,15929
811,1573,19759,16044
808,1570,19694,15938
808,1586,19643,15935
810,1578,19724,15991
810,1569,19677,15961
817,1587,19782,16054
813,1582,19790,16054
810,1588,19707,15982
811,1567,19796,16050
809,1573,19732,15957
808,1579,19672,15977
811,1573,19741,16039
807,1582,19625,15915
811,1562,19820,16105
808,1586,19677,15926
808,1574,19659,15964
811,1558,19776,16060
808,1579,19639,15917
813,1561,19846,16129
811,1576,19643,15908
810,1572,19695,16002
810,1569,19708,15960
809,1588,19686,15963
812,1573,19816,16098
806,1582,19570,15880
809,1583,19668,15985
810,1579,19756,16009
809,1577,19661,15967
814,1558,19910,16144
808,1592,19697,15948
809,1580,19672,15973
810,1587,19694,16001
807,1582,19606,15908
813,1576,19858,16107
808,1583,19672,15934
811,1568,19784,16062
809,1580,19693,15962
810,1577,19705,15998
813,1556,19813,16116
806,1580,19561,15858
810,1567,19774,16067
811,1569,19775,16008
812,1579,19769,16039
813,1573,19734,15990
807,1575,19602,15904
809,1574,19680,15980
809,1560,19750,16027
811,1578,19738,16000
810,1578,19787,16042
806,1580,19621,15897
813,1568,19831,16106
810,1571,19703,16004
810,1584,19706,16010
812,1583,19807,16069
809,1609,19658,15922
812,1568,19802,16106
813,1564,19821,16090
809,1575,19683,15985
809,1568,19707,16010
806,1589,19576,15867
811,1572,19802,16078
808,1574,19695,15948
811,1567,19765,16047
809,1564,19708,16058
812,1590,19733,16011
821,1593,19953,16206
807,1585,19598,15877
811,1572,19756,16030
812,1575,19858,16096
815,1577,19796,15994
811,1578,19788,16065
806,1582,19555,15859
810,1589,19724,16010
808,1571,19766,16006
811,1576,19792,16038
816,1569,19844,16098
808,1582,19658,15924
809,1577,19667,15952
809,1571,19695,15990
809,1579,19719,16005
813,1574,19775,16054
809,1577,19714,15955
809,1571,19700,15978
810,1567,19727,16028
811,1575,19734,16033
819,1588,19897,16150
807,1582,19586,15876
811,1571,19753,16019
810,1576,19721,15990
809,1587,19705,15959
812,1565,19828,16115
806,1571,19575,15888
810,1569,19738,16034
810,1587,19749,15992
813,1561,19834,16076
819,1584,19884,16114
806,1564,19576,15864
811,1577,19778,16057
808,1582,19673,15980
806,1574,19595,15918
810,1559,19745,16067
814,1587,19841,16052
825,1555,20176,16389
812,1582,19676,15947
808,1565,19666,15944
810,1575,19729,16024
811,1594,19737,15977
812,1574,19785,16036
807,1568,19665,15919
808,1573,19686,15947
812,1555,19798,16084
807,1590,19564,15870
814,1575,19852,16122
812,1567,19736,15976
813,1574,19829,16071
813,1585,19748,15996
807,1580,19585,15881
817,1567,19940,16173
821,1596,19926,16175
818,1596,19827,16065
812,1564,19779,16068
809,1587,19686,15921
821,1560,20142,16160
808,1576,19683,15988
810,1585,19748,16024
812,1563,19766,16050
814,1580,19886,16044
810,1575,19795,16047
809,1575,19677,15941
812,1583,19866,16092
812,1559,19768,16051
811,1588,19738,16012
814,1575,19884,16163
810,1570,19703,15963
813,1581,19879,16094
813,1561,19829,16107
811,1569,19748,16039
816,1549,19935,16204
810,1576,19665,15954
813,1576,19787,16088
813,1576,19830,16119
814,1569,19897,16114
816,1566,19948,16198
811,1592,19716,15990
813,1576,19811,16086
816,1563,19900,16197
815,1589,19843,16051
818,1536,20014,16262
812,1576,19806,16029
814,1575,19934,16126
814,1586,19821,16092
812,1591,19783,16058
815,1554,19901,16179
813,1574,19832,16085
815,1569,19969,16163
817,1563,19938,16196
818,1586,19851,16075
813,1572,19851,16117
808,1570,19626,15943
810,1568,19744,16046
807,1561,19618,15921
810,1578,19748,16007
809,1588,19648,15918
805,1570,19547,15847
808,1566,19699,16006
807,1577,19621,15951
806,1582,19652,15921
809,1558,19703,15995
809,1576,19630,15892
812,1566,19865,16078
809,1582,19683,15989
807,1588,19625,15914
810,1568,19711,16017
806,1580,19612,15889
813,1567,19893,16121
810,1570,19687,15978
814,1564,19869,16120
814,1569,19861,16126
811,1584,19726,16045
810,1565,19707,16010
809,1562,19692,16003
812,1566,19830,16071
809,1562,19837,16106
811,1576,19703,16013
813,1564,19869,16145
810,1591,19676,15988
813,1554,19866,16119
812,1557,19823,16094
809,1589,19709,15971
813,1567,19847,16077
812,1574,19718,16014
809,1572,19638,15914
812,1566,19785,16093
809,1589,19703,15975
813,1566,19859,16095
807,1575,19589,15902
808,1586,19683,15957
808,1576,19678,15972
804,1573,19539,15842
808,1572,19672,15980
801,1570,19492,15825
809,1585,19715,15973
806,1571,19575,15875
807,1568,19602,15920
805,1570,19598,15886
800,1570,19382,15781
817,1584,19830,16083
807,1590,19622,15886
808,1573,19573,15818
804,1568,19611,15855
799,1573,19373,15718
801,1575,19452,15788
814,1598,19757,16039
806,1570,19503,15776
804,1578,19582,15856
799,1579,19352,15693
801,1576,19487,15782
801,1560,19419,15767
799,1574,19347,15710
802,1576,19471,15798
798,1571,19332,15670
803,1574,19554,15845
801,1573,19447,15762
800,1577,19422,15760
804,1578,19533,15842
800,1571,19369,15719
806,1574,19630,15912
804,1575,19539,15821
804,1581,19560,15831
805,1579,19595,15852
810,1595,19662,15929
807,1569,19664,15963
805,1589,19524,15820
805,1580,19596,15879
805,1584,19585,15849
804,1574,19414,15753
808,1569,19723,16007
806,1567,19536,15830
802,1587,19483,15791
802,1587,19481,15819
800,1576,19386,15737
805,1575,19640,15901
801,1576,19444,15757
800,1579,19406,15740
800,1571,19387,15773
802,1578,19416,15779
807,1573,19634,15907
800,1579,19410,15722
800,1571,19422,15721
805,1574,19584,15857
802,1564,19436,15757
812,1562,19795,16070
807,1568,19517,15821
808,1573,19732,15960
808,1568,19704,15968
805,1575,19606,15903
822,1586,20009,16210
813,1589,19685,15972
813,1576,19807,16078
817,1582,19808,16054
809,1585,19674,15980
812,1573,19853,16089
807,1571,19706,15970
815,1586,19769,16026
812,1576,19796,16063
811,1583,19735,16037
812,1559,19854,16113
807,1562,19650,15974
811,1573,19760,16001
812,1578,19831,16052
811,1579,19721,16007
812,1572,19797,16076
809,1572,19640,15932
815,1559,19901,16132
817,1585,19821,16040
808,1571,19653,15951
812,1571,19847,16093
808,1576,19658,15940
811,1568,19789,16090
810,1582,19700,16011
811,1588,19700,15980
811,1569,19793,16038
809,1577,19663,15950
813,1576,19847,16107
809,1581,19689,15954
808,1576,19656,15974
811,1589,19747,16029
807,1571,19598,15895
814,1574,19859,16053
812,1574,19843,16059
812,1583,19758,16041
809,1578,19677,15970
804,1580,19575,15899
810,1570,19763,16018
810,1582,19748,16005
809,1569,19655,15971
805,1562,19679,15978
808,1572,19618,15930
812,1565,19793,16080
810,1568,19647,15915
809,1567,19662,15979
810,1574,19760,16023
806,1573,19590,15873
810,1559,19736,16025
807,1573,19584,15895
808,1582,19663,15974
810,1578,19745,16024
809,1573,19668,15956
809,1571,19765,16013
808,1583,19676,15916
809,1585,19639,15945
811,1580,19741,16049
809,1573,19668,15974
810,1573,19781,16013
805,1587,19568,15829
807,1578,19621,15917
808,1571,19661,15943
808,1578,19664,15929
817,1567,19939,16205
816,1587,19763,16012
805,1576,19545,15857
813,1571,19813,16056
811,1581,19657,15919
813,1556,19828,16125
808,1590,19586,15854
809,1579,19667,15976
806,1572,19621,15914
806,1575,19600,15902
807,1571,19658,15905
807,1593,19669,15913
811,1584,19705,16002
808,1575,19632,15913
807,1574,19597,15915
809,1583,19720,15981
805,1571,19557,15840
811,1574,19761,16041
807,1581,19693,15959
808,1578,19639,15949
807,1573,19654,15949
805,1581,19518,15826
808,1577,19689,15992
809,1572,19728,15965
809,1576,19664,15952
809,1566,19699,15986
806,1586,19563,15855
808,1573,19686,16008
808,1577,19671,15946
809,1591,19730,15982
813,1579,19767,15962
809,1581,19674,15928
810,1563,19749,16033
807,1580,19610,15933
806,1581,19626,15926
809,1572,19714,15984
805,1580,19581,15841
812,1569,19800,16067
810,1559,19765,16017
808,1575,19620,15936
809,1570,19674,15982
806,1585,19547,15854
810,1572,19731,16034
810,1578,19768,16002
809,1570,19647,15927
821,1589,19930,16154
820,1593,19966,16192
810,1565,19739,16058
805,1582,19555,15840
807,1581,19612,15907
809,1580,19747,15983
808,1587,19697,15937
809,1571,19717,16003
805,1581,19536,15862
808,1593,19661,15962
812,1586,19870,16098
808,1582,19680,15940
815,1568,19908,16165
820,1589,19954,16187
813,1569,19781,16050
816,1591,19770,16025
805,1566,19549,15856
811,1560,19770,16068
805,1569,19563,15840
808,1579,19656,15943
810,1571,19718,16013
808,1573,19589,15877
812,1564,19765,16067
806,1590,19569,15827
812,1578,19774,16046
807,1581,19665,15922
809,1579,19718,15974
807,1568,19650,15944
805,1584,19542,15873
810,1569,19722,16024
810,1572,19753,16017
807,1580,19593,15881
809,1579,19713,15991
804,1576,19535,15824
