2513,5000
2859
2903
2964
2828
2996
2844
2922
2958
2853
2995
2832
2920
2958
2843
2998
2822
2942
2942
2860
2990
2844
2954
2934
2861
2980
2824
2958
2938
2871
2994
2823
2964
2932
2877
2990
2818
2971
2927
2876
2979
2829
2982
2896
2884
2979
2815
2991
2892
2880
2981
2845
2981
2888
2889
2980
2820
2991
2871
2902
2971
2837
2988
2864
2890
2960
2838
2996
2849
2906
2970
2849
2986
2844
2931
2955
2853
2988
2844
2930
2964
2850
2997
2833
2931
2946
2856
2988
2817
2946
2935
2860
2992
2825
2962
2935
2861
2995
2812
2968
2940
2872
3001
2824
2959
2902
2887
2990
2826
2973
2909
2876
2982
2820
2989
2891
2882
2977
2839
2990
2872
2890
2984
2826
2993
2862
2893
2971
2844
2997
2873
2912
2970
2839
3001
2855
2911
2962
2839
3003
2864
2926
2956
2852
3005
2841
2937
2945
2850
2999
2833
2949
2942
2866
2990
2842
2956
2935
2869
2987
2836
2960
2927
2859
2979
2821
2962
2916
2882
2986
2825
2962
2912
2872
2995
2822
2968
2887
2878
2978
2831
2994
2887
2881
2980
2844
2987
2878
2891
2985
2837
2994
2861
2895
2981
2839
2995
2848
2901
2963
2850
2991
2861
2926
2960
2837
2989
2849
2918
2948
2866
2990
2824
2940
2952
2850
2994
2818
2939
2937
2866
2990
2811
2954
2926
2864
2991
2813
2956
2924
2863
2990
2817
2958
2919
2870
2980
2831
2965
2910
2872
2981
2818
2977
2881
2888
2980
2821
2980
2879
2897
2985
2827
2989
2869
2890
2975
2822
2993
2861
2913
2968
2852
2985
2843
2904
2968
2851
2993
2854
2915
2963
2841
2997
2860
2925
2961
2846
3000
2830
2929
2953
2856
2989
2809
2946
2937
2865
2982
2826
2951
2930
2864
2992
2823
2969
2918
2871
2982
2808
2976
2931
2875
2978
2831
2962
2907
2893
2989
2826
2974
2886
2893
2981
2822
2982
2883
2882
2986
2831
2984
2866
2905
2968
2829
2979
2869
2898
2968
2842
2990
2862
2905
2969
2841
2998
2840
2926
2953
2855
2992
2845
2947
2944
2843
2990
2821
2946
2941
2845
2993
2810
2955
2934
2868
2992
2805
2959
2930
2872
2990
2821
2966
2924
2870
2986
2822
2962
2903
2874
2990
2826
2973
2892
2882
2991
2814
2983
2892
2890
2978
2839
2983
2880
2878
2980
2835
2986
2865
2907
2976
2827
2983
2869
2907
2962
2832
2986
2858
2915
2964
2850
2989
2843
2929
2956
2844
2998
2851
2938
2950
2858
2988
2820
2952
2946
2845
2985
2825
2952
2936
2880
2988
2803
2950
2930
2870
2991
2818
2960
2911
2880
2981
2814
2978
2908
2867
2986
2829
2975
2886
2902
2979
2829
2980
2870
2893
2988
2823
2985
2872
2885
2967
2844
2993
2861
2900
2977
2832
2996
2853
2916
2963
2844
2985
2839
2922
2962
2838
2992
2833
2918
2956
2848
2990
2831
2933
2938
2858
2986
2816
2953
2957
2853
2979
2818
2951
2945
2865
2981
2826
2960
2926
2879
2986
2821
2965
2915
2882
2986
2811
2977
2920
2886
2983
2829
2983
2890
2893
2982
2838
2994
2874
2900
2976
2840
2984
2865
2889
2967
2829
2988
2875
2894
2959
2843
2989
2864
2907
2966
2846
2987
2847
2914
2953
2843
2985
2841
2929
2957
2845
2993
2836
2934
2935
2864
3002
2820
2954
2951
2858
2982
2811
2955
2930
2864
2981
2833
2955
2915
2879
2989
2813
2970
2906
2888
2984
2834
2972
2904
2892
2983
2832
2985
2885
2895
2973
2832
2989
2895
2905
2974
2832
2993
2865
2898
2984
2849
2991
2868
2913
2972
2831
2992
2865
2924
2963
2842
2992
2841
2935
2966
2860
2990
2821
2926
2954
2851
2988
2833
2953
2944
2848
3003
2822
2959
2934
2854
2991
2827
2960
2925
2881
2984
2816
2961
2929
2869
2983
2831
2968
2911
2870
2990
2820
2991
2884
2876
2980
2834
2984
2882
2889
2973
2822
2995
2872
2904
2973
2834
2986
2871
2901
2978
2846
2995
2847
2918
2968
2849
2995
2856
2927
2951
2848
2992
2833
2924
2949
2846
2993
2825
2945
2944
2865
2990
2816
2948
2951
2855
2982
2827
2953
2930
2863
2980
2808
2957
2931
2869
2991
2820
2970
2930
2883
2982
2826
2966
2903
2878
2980
2845
2981
2893
2887
2976
2837
2982
2878
2894
2973
2831
2994
2876
2903
2979
2826
3000
2864
2896
2964
2841
2993
2860
2905
2964
2852
2992
2852
2915
2964
2848
2995
2837
2927
2960
2840
2996
2821
2941
2952
2851
2989
2827
2939
2940
2866
2995
2821
2961
2944
2865
2980
2815
2958
2922
2876
2980
2838
2967
2914
2875
2990
2838
2978
2892
2879
2982
2819
2988
2888
2882
2973
2833
2984
2888
2892
2969
2830
2999
2869
2892
2973
2843
2983
2871
2898
2960
2849
2990
2847
2922
2962
2852
3001
2840
2924
2951
2854
2996
2827
2945
2946
2852
2992
2831
2937
2951
2857
2993
2822
2949
2938
2858
2996
2824
2948
2923
2883
2986
2837
2971
2923
2873
2985
2816
2963
2906
2885
2994
2834
2973
2892
2893
2986
2822
2983
2876
2895
2982
2836
2997
2878
2883
2965
2825
2984
2873
2899
2965
2847
2991
2865
2906
2962
2852
2999
2841
2921
2968
2854
2999
2862
2918
2954
2841
2986
2841
2941
2953
2860
2995
2824
2954
2942
2866
2991
2806
2953
2948
2859
2998
2815
2952
2934
2858
2984
2812
2969
2915
2887
2982
2810
2968
2903
2879
2976
2828
2974
2887
2894
2982
2838
2995
2881
2893
2983
2831
2996
2868
2890
2967
2837
3002
2864
2908
2968
2828
2996
2868
2905
2958
2842
3002
2839
2905
2949
2841
2997
2838
2937
2947
2840
2987
2838
2948
2935
2847
2995
2840
2941
2947
2860
2989
2816
2944
2949
2868
2983
2814
2956
2937
2870
2990
2823
2968
2922
2868
2980
2814
2966
2908
2901
2975
2833
2973
2892
2887
2984
2823
2997
2884
2882
2982
2835
2993
2871
2885
2966
2830
2983
2854
2899
2960
2829
2984
2843
2916
2962
2850
2991
2845
2922
2968
2846
2990
2839
2930
2950
2844
2986
2832
2944
2944
2848
2979
2814
2944
2942
2870
2985
2813
2959
2946
2864
2994
2807
2963
2918
2865
2980
2813
2964
2909
2874
2994
2824
2969
2890
2884
2977
2840
2977
2881
2892
2991
2845
2989
2884
2899
2971
2837
2992
2868
2891
2972
2847
2995
2850
2910
2959
2833
2985
2853
2913
2966
2838
2996
2834
2926
2956
2861
2994
2821
2930
2947
2853
2984
2829
2939
2935
2850
2994
2814
2966
2932
2854
2989
2822
2959
2917
2878
2993
2808
2966
2903
2878
2983
2815
2976
2913
2876
2979
2833
2976
2899
2879
2973
2830
2993
2887
2893
2973
2823
2980
2870
2893
2969
2835
2996
2866
2898
2969
2833
2987
2852
2914
2962
2833
2997
2845
2929
2954
2845
2994
2827
2929
2946
2856
3002
2840
2933
2936
2866
2991
2814
2942
2935
2856
2990
2821
2959
2930
2857
2976
2821
2962
2926
2885
2986
2813
2963
2916
2879
2980
2816
2977
2904
2878
2978
2817
2978
2897
2883
2969
2819
2983
2881
2887
2980
2850
2997
2860
2904
2974
2838
2990
2874
2904
2961
2835
3006
2851
2906
2960
2831
2995
2839
2931
2960
2855
2993
2836
2926
2944
2861
2992
2815
2949
2950
2855
2997
2814
2942
2936
2873
2983
2827
2960
2935
2885
2986
2814
2962
2927
2875
2987
2818
2974
2902
2884
2985
2818
2977
2896
2877
2985
2835
2979
2878
2896
2977
2821
2984
2883
2900
2965
2836
2981
2857
2906
2969
2849
2985
2844
2898
2960
2849
2987
2855
2916
2953
2852
2992
2840
2938
2956
2846
2985
2843
2946
2943
2867
2995
2835
2937
2944
2876
2996
2814
2962
2937
2867
2994
2823
2961
2925
2875
2982
2813
2970
2911
2893
2977
2805
2963
2909
2880
2981
2831
2977
2907
2879
2975
2840
2991
2871
2881
2974
2828
2999
2867
2889
2975
2830
2993
2864
2895
2964
2836
3004
2853
2902
2955
2843
3005
2842
2912
2948
2840
2997
2838
2931
2950
2846
2991
2835
2950
2939
2855
2988
2836
2955
2938
2872
2986
2833
2958
2932
2858
2982
2827
2964
2907
2876
2984
2831
2973
2903
2877
2978
2830
2974
2888
2893
2980
2833
2982
2881
2897
2977
2827
2993
2867
2896
2973
2838
2992
2868
2902
2973
2837
2998
2867
2904
2969
2843
2983
2843
2929
2952
2856
2990
2841
2933
2943
2853
2994
2830
2947
2942
2864
2993
2820
2945
2940
2864
2984
2812
2952
2941
2865
2996
2811
2949
2909
2887
2983
2833
2979
2913
2870
2988
2818
2972
2897
2876
2974
2832
2980
2880
2896
2983
2817
2976
2876
2906
2976
2834
2985
2865
2889
2975
2837
3002
2864
2904
2976
2833
2994
2858
2912
2967
2839
2984
2842
2930
2958
2844
2996
2852
2938
2940
2860
2993
2818
2937
2939
2863
2994
2819
2962
2936
2875
2991
2818
2952
2921
2877
2988
2811
2970
2907
2869
2982
2829
2965
2904
2879
2982
2831
2984
2907
2886
2971
2819
2976
2875
2897
2992
2827
2986
2877
2898
2976
2833
2984
2851
2908
2963
2836
2989
2863
2915
2964
2838
2988
2838
2915
2958
2849
2996
2835
2949
2946
2860
2984
2829
2941
2948
2853
2987
2822
2962
2935
2867
3000
2829
2957
2933
2874
2986
2807
2977
2921
2869
2988
2812
2974
2922
2879
2979
2840
2970
2902
2890
2977
2831
2977
2896
2906
2978
2823
2994
2873
2913
2969
2838
2986
2870
2896
2973
2846
2984
2860
2902
2955
2835
2988
2842
2923
2960
2835
2992
2846
2945
2943
2864
2995
2835
2939
2951
2852
2983
2808
2950
2944
2853
2987
2822
2950
2935
2859
2989
2827
2963
2908
2865
2980
2814
2963
2907
2880
2975
2823
2977
2895
2894
2978
2846
2984
2889
2892
2976
2837
2987
2867
2898
2975
2826
2986
2875
2901
2961
2827
2995
2856
2903
2963
2835
2997
2841
2909
2955
2856
2995
2839
2933
2952
2859
2999
2829
2944
2944
2855
2992
2841
2947
2949
2857
2984
2811
2957
2937
2863
2993
2829
2964
2933
2875
2979
2815
2965
2924
2866
2979
2812
2971
2904
2887
2978
2832
2979
2882
2886
2988
2825
2979
2881
2887
2981
2836
3004
2872
2884
2965
2844
2999
2855
2902
2971
2845
2991
2853
2912
2957
2836
2988
2861
2925
2950
2847
2990
2837
2937
2947
2854
3003
2829
2941
2956
2862
2983
2828
2955
2944
2866
2991
2809
2963
2919
2882
2987
2810
2970
2914
2872
2992
2830
2974
2920
2881
2994
2822
2983
2887
2905
2982
2821
2998
2898
2889
2977
2824
3000
2860
2904
2975
2831
2989
2871
2908
2972
2841
3000
2862
2926
2955
2839
3006
2845
2921
2953
2857
2990
2834
2942
2950
2850
2990
2836
2942
2937
2855
2997
2821
2944
2929
2864
2992
2818
2958
2930
2862
2986
2805
2971
2921
2872
2993
2814
2984
2896
2878
2983
2829
2970
2901
2885
2987
2826
2992
2882
2884
2972
2825
2986
2877
2906
2983
2846
2988
2872
2906
2965
2839
2985
2850
2906
2960
2855
3008
2856
2924
2960
2860
2989
2844
2932
2946
2848
2986
2819
2944
2941
2867
2986
2821
2944
2950
2867
2995
2835
2963
2927
2871
2982
2816
2977
2915
2884
2990
2838
2975
2912
2886
2978
2829
2974
2887
2894
2981
2836
2992
2878
2888
2992
2840
2992
2878
2903
2986
2827
2986
2875
2904
2968
2842
2992
2861
2909
2960
2839
2986
2849
2912
2969
2843
2990
2847
2944
2951
2855
2989
2839
2936
2936
2861
2987
2823
2948
2944
2871
2996
2805
2949
2924
2867
2994
2814
2958
2926
2870
2989
2813
2967
2898
2869
2989
2829
2981
2898
2895
2975
2812
2981
2883
2893
2973
2837
2985
2877
2898
2972
2832
2990
2867
2902
2972
2843
3002
2857
2914
2959
2832
2996
2842
2915
2970
2842
2987
2856
2928
2947
2856
2991
2831
2932
2960
2850
2984
2815
2942
2930
2860
2984
2824
2954
2940
2858
2997
2822
2963
2916
2868
2981
2830
2959
2900
2881
2978
2817
2972
2899
2871
2986
2842
2979
2879
2902
2981
2820
2982
2883
2907
2980
2840
2983
2873
2893
2977
2835
2988
2848
2912
2960
2835
2986
2857
2913
2965
2845
2987
2845
2924
2955
2834
2985
2837
2937
2939
2850
2995
2815
2947
2931
2850
2983
2812
2947
2932
2875
2981
2810
2967
2923
2861
2987
2818
2972
2919
2878
2983
2823
2966
2902
2889
2990
2836
2982
2887
2885
2978
2827
2996
2882
2890
2971
2845
2998
2875
2913
2979
2834
2989
2858
2931
2977
2859
3008
2883
2934
2968
2862
3015
2864
2931
2949
2846
3000
2835
2934
2950
2842
2981
2814
2953
2946
2878
2992
2827
2953
2935
2879
2993
2821
2957
2926
2873
2998
2818
2967
2916
2885
2985
2831
2989
2906
2896
3000
2831
2984
2891
2897
2998
2851
2992
2881
2901
2993
2842
2998
2893
2904
2984
2850
2996
2876
2910
2968
2854
3003
2868
2918
2973
2847
2996
2856
2939
2958
2850
3007
2843
2941
2954
2846
2999
2839
2943
2942
2860
2999
2821
2963
2953
2886
2995
2828
2972
2947
2875
3004
2841
2969
2918
2890
2999
2827
2982
2929
2888
2992
2820
2980
2914
2890
2991
2836
2995
2897
2896
2996
2852
2996
2890
2914
2985
2864
3007
2876
2915
2985
2847
2999
2874
2930
2970
2855
3008
2873
2937
2982
2866
3008
2864
2946
2972
2873
3016
2846
2967
2967
2881
3002
2848
2969
2951
2875
2993
2845
2979
2952
2895
3011
2846
2992
2945
2917
3013
2864
3003
2938
2927
3008
2866
2998
2936
2914
2998
2853
3000
2915
2914
2999
2849
3009
2912
2929
3002
2868
3016
2891
2930
2989
2875
3011
2895
2949
2984
2871
3012
2862
2955
2965
2872
3007
2862
2945
2966
2877
3006
2858
2960
2961
2896
3012
2836
2972
2961
2881
3011
2846
2977
2955
2887
3010
2855
2994
2956
2909
3010
2860
2991
2943
2921
3017
2864
3007
2937
2929
3007
2872
3010
2927
2917
2998
2869
3020
2905
2936
2996
2868
3009
2904
2949
3000
2867
3020
2893
2941
2987
2888
3019
2883
2945
2980
2874
3022
2871
2955
2983
2882
3010
2864
2966
2969
2879
3014
2867
2972
2968
2894
3016
2839
2974
2951
2904
3005
2841
2981
2945
2907
3006
2855
2991
2928
2898
3008
2851
2991
2935
2917
3003
2859
2997
2902
2920
2997
2856
3007
2897
2928
2991
2870
3010
2884
2920
2982
2871
3009
2892
2935
2986
2858
3022
2871
2940
2978
2881
3023
2860
2949
2965
2870
3016
2853
2965
2958
2889
3006
2842
2976
2960
2880
3009
2844
2973
2963
2894
3004
2844
2981
2950
2905
3011
2846
2981
2935
2902
2999
2845
2999
2936
2911
2998
2848
3011
2917
2913
2998
2867
3007
2900
2913
2991
2857
3010
2887
2923
2988
2856
3006
2890
2932
2983
2855
3016
2881
2942
2986
2883
3018
2859
2947
2981
2889
3015
2846
2964
2963
2884
3004
2850
2962
2952
2872
3004
2848
2979
2956
2898
3005
2841
2988
2945
2904
3001
2842
2980
2926
2898
3012
2844
2982
2904
2910
3002
2840
2995
2907
2906
3003
2857
3006
2897
2926
2993
2867
3013
2905
2917
2984
2874
3004
2874
2919
2985
2865
3004
2875
2944
2971
2855
3022
2866
2943
2962
2869
3001
2859
2957
2971
2870
3001
2832
2964
2966
2872
3008
2841
2961
2947
2878
3010
2840
2975
2939
2889
3001
2848
2980
2933
2903
3007
2834
2984
2926
2901
2999
2845
2995
2914
2903
2995
2849
3015
2898
2907
2991
2854
3002
2897
2922
2993
2855
3001
2887
2922
2992
2859
3005
2879
2932
2983
2877
3007
2867
2947
2972
2864
3005
2862
2953
2957
2878
3001
2859
2968
2960
2885
3009
2847
2977
2961
2890
3013
2839
2981
2946
2899
3014
2842
2988
2937
2892
3007
2851
2991
2920
2919
3004
2858
2994
2922
2910
3004
2854
2995
2905
2906
2991
2855
3014
2884
2906
2988
2853
3013
2882
2923
2989
2862
3007
2883
2932
2984
2857
3013
2860
2955
2969
2865
3006
2871
2954
2975
2871
3004
2854
2957
2959
2885
3001
2835
2974
2964
2872
3005
2838
2978
2942
2899
3001
2854
2979
2940
2912
3000
2857
2985
2925
2906
2999
2857
2995
2913
2905
3005
2847
3003
2902
2904
2994
2867
3004
2883
2911
2991
2867
3009
2886
2921
2985
2859
3013
2874
2925
2971
2860
3003
2866
2941
2987
2865
3015
2872
2949
2973
2879
3005
2846
2955
2957
2875
3011
2841
2958
2956
2871
3000
2852
2970
2944
2889
2994
2844
2983
2954
2893
2997
2851
2983
2931
2895
3009
2852
2986
2907
2900
2992
2853
2992
2899
2905
2985
2841
3000
2900
2915
2993
2858
2997
2876
2923
2983
2856
3012
2868
2930
2971
2850
2998
2859
2941
2963
2858
3004
2863
2955
2971
2859
3006
2838
2958
2957
2866
2994
2841
2962
2950
2879
2996
2830
2960
2946
2867
2991
2829
2976
2933
2879
3006
2843
2983
2920
2890
3006
2828
2986
2915
2912
2993
2848
2990
2912
2903
2989
2859
2990
2895
2906
2991
2839
3004
2877
2905
2974
2841
3000
2863
2921
2987
2856
2994
2847
2913
2961
2863
2997
2843
2929
2958
2849
3004
2848
2941
2959
2858
3006
2833
2960
2953
2877
3004
2818
2957
2951
2879
2998
2838
2968
2929
2895
2995
2837
2973
2916
2877
2994
2853
2984
2919
2889
3000
2827
2985
2908
2900
2995
2838
3004
2891
2915
2989
2865
3002
2885
2907
2981
2852
3003
2883
2909
2980
2849
2997
2869
2918
2965
2865
2997
2859
2926
2961
2852
3005
2845
2937
2953
2857
3001
2843
2949
2956
2856
2993
2835
2964
2945
2879
2993
2822
2972
2937
2892
2991
2830
2965
2922
2871
2991
2837
2981
2910
2877
2994
2826
2992
2908
2886
2987
2828
2991
2908
2897
2987
2841
3001
2890
2897
2981
2850
3009
2866
2899
2968
2843
2993
2881
2916
2973
2858
2997
2866
2925
2972
2848
3001
2848
2943
2965
2856
2997
2842
2949
2953
2858
3004
2823
2952
2954
2873
2996
2834
2961
2942
2878
2990
2818
2965
2940
2876
3002
2819
2966
2921
2878
2987
2841
2989
2903
2903
2987
2824
2992
2894
2896
2981
2844
2989
2877
2904
2984
2828
2985
2864
2895
2975
2853
2998
2875
2905
2975
2854
2997
2854
2933
2961
2839
2992
2855
2931
2965
2850
2996
2848
2939
2950
2870
2991
2840
2954
2952
2868
3004
2832
2949
2948
2867
2999
2820
2964
2930
2875
2997
2816
2973
2916
2877
2994
2832
2972
2910
2894
2991
2831
2987
2894
2900
2988
2851
2992
2885
2902
2987
2828
3000
2885
2896
2977
2840
