2392,5000
2956
2970
2865
3011
2834
2966
2956
2876
3012
2829
2973
2946
2880
2999
2853
2981
2940
2879
3010
2830
2980
2928
2898
3000
2845
2986
2914
2906
3000
2843
2994
2909
2898
3002
2851
2999
2906
2908
2988
2846
3011
2887
2912
2992
2845
3001
2885
2917
2982
2860
3005
2872
2922
2975
2860
3007
2860
2946
2970
2860
3014
2863
2956
2973
2863
3014
2843
2952
2970
2867
3015
2831
2969
2958
2874
3012
2844
2965
2945
2889
3000
2847
2972
2933
2905
3001
2829
2989
2925
2889
3002
2832
3002
2923
2906
3014
2856
2992
2902
2906
3006
2852
3008
2893
2917
2997
2853
3016
2891
2921
2983
2858
3008
2878
2933
2983
2870
3008
2876
2942
2989
2864
3017
2866
2944
2983
2869
3014
2872
2955
2966
2880
3027
2854
2961
2973
2878
3016
2837
2965
2953
2894
3002
2817
2972
2955
2876
3002
2824
2970
2928
2881
2999
2842
2982
2925
2909
3007
2843
3002
2941
2910
3006
2853
3011
2916
2921
3010
2867
3016
2897
2930
3004
2863
3012
2901
2945
3003
2869
3018
2894
2951
2992
2881
3018
2894
2954
2991
2890
3029
2872
2958
2980
2881
3018
2868
2960
2975
2877
3006
2853
2967
2957
2874
2996
2827
2952
2941
2865
2995
2808
2955
2942
2883
2993
2825
2981
2931
2883
2992
2850
2989
2906
2888
2997
2842
2984
2899
2902
2996
2843
3002
2922
2914
3017
2859
3017
2913
2918
2999
2870
3005
2891
2911
2981
2862
3007
2884
2933
2978
2872
3012
2887
2952
2990
2878
3026
2880
2955
2975
2885
3012
2854
2960
2960
2855
2995
2836
2947
2944
2844
2982
2823
2955
2933
2864
2998
2815
2962
2936
2881
3003
2826
2967
2934
2889
3005
2827
2992
2906
2871
2990
2826
2987
2898
2903
2994
2840
2986
2887
2911
2988
2845
3000
2876
2906
2979
2858
2995
2851
2896
2970
2840
2998
2846
2920
2966
2842
3001
2849
2924
2961
2856
2999
2839
2943
2963
2865
3011
2838
2948
2945
2855
3006
2820
2967
2947
2880
2991
2825
2969
2943
2862
3000
2827
2966
2932
2900
2995
2845
2980
2914
2901
3002
2829
2993
2914
2883
2989
2841
2999
2904
2900
2990
2833
3002
2895
2904
2990
2837
3012
2886
2903
2980
2856
2997
2870
2920
2976
2847
3001
2859
2927
2980
2861
3011
2859
2945
2974
2865
3006
2842
2948
2979
2864
3020
2839
2961
2957
2886
3003
2841
2966
2951
2869
2998
2842
2985
2951
2874
2997
2833
2974
2947
2897
3006
2835
2982
2932
2895
3006
2845
2983
2909
2905
2998
2839
3004
2905
2900
2992
2842
3003
2907
2911
3001
2866
3006
2895
2915
2997
2859
3017
2872
2929
2985
2866
3025
2867
2930
2987
2856
3015
2876
2949
2978
2869
3019
2860
2953
2977
2876
3004
2862
2960
2969
2881
3009
2853
2965
2960
2877
3011
2857
2982
2959
2894
3011
2840
2995
2947
2899
3007
2837
2993
2924
2896
3004
2852
2991
2915
2910
2999
2847
3003
2907
2904
3002
2844
3005
2905
2914
2989
2862
3004
2895
2930
2995
2864
3008
2877
2928
2980
2862
3015
2870
2946
2974
2875
3022
2864
2945
2973
2861
3017
2851
2957
2975
2878
3012
2841
2968
2967
2892
3004
2833
2973
2969
2874
3006
2839
2981
2941
2889
3001
2843
2985
2935
2891
3000
2826
2982
2929
2897
3011
2840
2999
2913
2893
3003
2840
2996
2892
2897
2990
2841
2998
2888
2927
3001
2849
2997
2879
2919
2993
2864
3005
2868
2927
2985
2870
3012
2866
2941
2979
2857
3015
2859
2944
2972
2865
3013
2858
2960
2974
2872
3013
2840
2968
2966
2878
3005
2844
2968
2951
2891
3003
2842
2984
2942
2891
3005
2835
2980
2944
2891
3011
2850
2984
2931
2908
3004
2847
2995
2921
2902
3009
2858
3000
2897
2923
2998
2850
3013
2908
2925
2993
2853
3016
2884
2932
2987
2866
3008
2886
2939
2980
2872
3009
2864
2953
2977
2859
3011
2878
2949
2968
2878
3005
2857
2960
2974
2873
3002
2849
2963
2961
2890
3005
2832
2973
2955
2880
3003
2849
2978
2960
2885
3009
2838
2991
2940
2887
2996
2847
2984
2927
2896
3011
2833
2995
2907
2896
2994
2843
2999
2906
2916
2993
2869
3004
2900
2913
2983
2852
3016
2877
2927
2991
2862
3004
2863
2936
2983
2873
3010
2884
2948
2972
2878
3011
2871
2948
2966
2882
3011
2847
2966
2971
2879
3009
2835
2969
2963
2883
3018
2841
2967
2961
2885
3020
2840
2984
2942
2897
3005
2850
2986
2943
2890
3003
2832
2994
2920
2918
3003
2841
3001
2908
2917
3006
2849
2998
2897
2909
2995
2854
3006
2905
2921
2991
2861
3011
2896
2932
3004
2865
3017
2887
2932
2986
2879
3015
2869
2955
2980
2867
3021
2873
2957
2974
2868
3017
2854
2965
2967
2887
3010
2863
2970
2970
2900
3008
2851
2980
2955
2900
3010
2845
2979
2952
2898
3009
2838
2993
2932
2895
3004
2851
2991
2931
2911
3004
2853
2993
2912
2918
3001
2852
2997
2907
2906
3002
2870
3005
2888
2923
2989
2864
3010
2890
2919
2980
2867
3007
2871
2948
2983
2878
3010
2868
2956
2978
2871
3020
2858
2953
2964
2868
3009
2860
2960
2966
2868
3012
2841
2966
2967
2879
3008
2843
2977
2954
2896
3006
2842
2984
2952
2889
3021
2850
2985
2930
2893
3012
2839
2992
2933
2908
3006
2844
2999
2904
2910
3001
2861
3004
2912
2915
2995
2875
3006
2885
2911
2999
2861
3006
2894
2928
2990
2864
3013
2885
2936
2987
2876
3015
2885
2942
2990
2873
3013
2865
2956
2977
2882
3010
2871
2966
2959
2882
3009
2838
2967
2962
2891
3013
2848
2971
2965
2893
3006
2839
2991
2943
2895
3012
2847
2994
2926
2891
3007
2846
2997
2931
2910
3016
2849
2995
2914
2919
3012
2866
2998
2913
2923
2994
2860
3012
2902
2910
2983
2853
3015
2878
2934
2983
2860
3014
2877
2927
2976
2867
3006
2860
2940
2976
2870
3015
2847
2944
2971
2869
3005
2845
2966
2961
2877
3005
2847
2967
2958
2884
3001
2851
2979
2948
2895
3004
2843
2973
2944
2885
2999
2846
2981
2930
2907
2997
2848
2990
2922
2901
3005
2841
2994
2900
2913
3001
2841
2996
2899
2915
2995
2866
3011
2888
2928
2996
2857
3014
2890
2918
2985
2865
3022
2885
2946
2976
2854
3014
2860
2950
2973
2881
3008
2852
2957
2965
2870
3005
2859
2954
2955
2875
3008
2832
2974
2959
2870
3002
2844
2972
2960
2885
3018
2849
2977
2948
2891
3002
2842
2987
2926
2896
3011
2839
2987
2926
2904
3000
2849
2996
2905
2905
3006
2847
2998
2914
2907
3002
2855
2999
2901
2911
2986
2851
3007
2876
2926
2989
2851
3006
2870
2927
2975
2870
3012
2855
2949
2973
2876
3011
2860
2954
2978
2876
3023
2855
2958
2955
2879
3003
2846
2961
2956
2874
3013
2832
2968
2964
2883
3013
2839
2975
2951
2894
3008
2842
2985
2932
2885
3003
2837
2988
2918
2907
3006
2843
3003
2905
2911
2998
2838
3006
2896
2915
2993
2851
3009
2886
2913
2985
2852
3005
2885
2917
2981
2868
3007
2868
2939
2984
2869
3007
2860
2948
2972
2876
3003
2847
2949
2961
2882
3005
2846
2971
2958
2884
3004
2849
2968
2949
2870
3010
2838
2968
2952
2895
3000
2848
2980
2949
2891
2998
2846
2984
2922
2889
3009
2841
2997
2931
2908
2997
2862
3002
2923
2908
2991
2853
3000
2900
2918
2998
2850
3010
2894
2913
2987
2865
3011
2871
2929
2981
2858
3016
2874
2936
2980
2865
3002
2858
2951
2970
2874
3012
2864
2957
2972
2883
3012
2851
2973
2968
2886
3010
2842
2978
2960
2874
3010
2860
2974
2962
2893
3019
2839
2985
2948
2905
3006
2837
2985
2932
2900
3007
2846
3003
2917
2916
2999
2856
3000
2918
2906
3008
2849
3003
2909
2913
3002
2863
3005
2904
2918
2997
2859
3010
2882
2916
2988
2865
3017
2882
2933
2985
2861
3018
2862
2959
2988
2864
3013
2855
2963
2971
2868
3009
2851
2961
2965
2877
3021
2845
2970
2954
2877
3018
2842
2971
2948
2894
3005
2846
2974
2943
2901
3004
2834
2988
2927
2905
3003
2852
2990
2923
2913
3008
2854
3001
2924
2901
3009
2857
3000
2914
2911
3003
2847
2997
2883
2922
2995
2864
3005
2878
2930
2983
2870
3008
2869
2932
2979
2857
3007
2867
2942
2982
2860
3006
2857
2954
2962
2880
3008
2851
2962
2955
2870
3011
2844
2972
2960
2886
3002
2845
2975
2954
2879
2997
2826
2982
2954
2889
3008
2841
2980
2922
2905
3000
2854
2988
2905
2900
3004
2847
2994
2913
2900
2994
2849
3006
2892
2907
3000
2850
3004
2892
2916
2990
2866
3003
2885
2928
2977
2863
3015
2878
2932
2979
2864
3008
2860
2951
2968
2879
3014
2856
2949
2965
2877
3003
2850
2959
2956
2890
3003
2847
2965
2956
2880
3017
2839
2971
2943
2883
3005
2842
2975
2932
2890
3006
2829
2987
2924
2898
2995
2840
2993
2910
2903
3001
2837
3001
2898
2910
2990
2851
2999
2898
2901
2996
2843
3005
2885
2919
2984
2861
2999
2863
2921
2983
2872
3004
2872
2932
2969
2867
3006
2868
2940
2962
2873
3005
2843
2956
2960
2874
2999
2851
2956
2951
2875
2999
2842
2962
2948
2870
3011
2829
2970
2937
2885
3004
2824
2980
2932
2888
3001
2826
2983
2918
2909
2997
2845
2986
2925
2896
3001
2850
2992
2894
2908
2993
2853
2996
2886
2904
2982
2837
2997
2877
2920
2994
2855
3009
2866
2917
2976
2867
3006
2870
2927
2971
2853
3017
2856
2938
2960
2858
3015
2846
2963
2961
2878
3004
2839
2961
2960
2889
3009
2825
2968
2949
2886
3002
2843
2971
2958
2873
2999
2841
2985
2934
2902
2998
2852
2986
2924
2901
3005
2851
2983
2907
2893
3007
2841
2996
2911
2898
2997
2846
3007
2892
2906
2997
2855
2997
2894
2911
2994
2844
3000
2884
2930
2977
2868
3006
2860
2934
2973
2856
3006
2868
2947
2967
2862
3012
2855
2958
2979
2869
3016
2837
2955
2971
2874
3010
2825
2959
2947
2885
3003
2831
2980
2945
2890
3000
2834
2986
2937
2883
3012
2847
2983
2920
2906
3000
2844
2984
2917
2901
3001
2850
2999
2908
2901
3001
2851
3017
2907
2911
2996
2851
3005
2896
2915
2987
2869
3002
2877
2919
2982
2868
3016
2884
2929
2970
2858
3016
2868
2936
2962
2866
3007
2850
2944
2967
2853
3005
2828
2959
2968
2871
2996
2834
2963
2942
2878
2997
2826
2967
2950
2873
3001
2831
2980
2932
2885
2999
2836
2976
2918
2900
2995
2835
2999
2907
2906
3004
2851
2990
2907
2903
2991
2858
3001
2902
2905
2996
2845
3004
2893
2912
2994
2853
3011
2884
2921
2993
2863
3020
2876
2945
2973
2870
3012
2860
2948
2973
2864
3005
2863
2953
2965
2879
3005
2851
2975
2965
2883
3007
2832
2967
2964
2880
3011
2849
2970
2942
2894
3010
2835
2986
2940
2889
3007
2843
2981
2941
2899
3001
2835
2998
2924
2898
3009
2851
3004
2910
2900
3005
2854
3002
2894
2909
2999
2861
3005
2895
2912
2993
2847
3012
2885
2920
2993
2855
3020
2863
2931
2974
2873
3010
2864
2951
2971
2884
3025
2861
2964
2965
2863
3008
2843
2958
2969
2888
3009
2829
2970
2959
2887
3003
2836
2981
2954
2895
3009
2852
2984
2945
2889
3002
2839
2995
2931
2905
3006
2834
2988
2922
2907
3005
2856
3002
2902
2917
2997
2858
3008
2905
2910
3003
2856
3017
2893
2921
3005
2860
3007
2890
2938
2992
2875
3018
2877
2934
2978
2866
3022
2871
2944
2975
2872
3012
2870
2962
2967
2871
3010
2860
2969
2973
2887
3007
2843
2970
2959
2885
3013
2833
2982
2954
2893
3003
2861
2982
2943
2895
2998
2852
2986
2934
2895
3012
2841
2997
2923
2913
2999
2840
3006
2913
2910
2997
2850
3006
2901
2912
2989
2866
3008
2906
2922
2988
2867
3015
2889
2935
2992
2859
3018
2870
2937
2975
2866
3012
2857
2944
2978
2871
3022
2863
2965
2968
2886
3016
2850
2970
2970
2890
3010
2854
2971
2966
2900
3018
2848
2983
2955
2903
3009
2857
2989
2942
2896
3013
2849
2998
2934
2915
3013
2852
2994
2929
2910
3012
2859
2998
2904
2913
3007
2860
3014
2908
2915
2996
2870
3024
2889
2920
2985
2863
3019
2882
2930
2988
2875
3019
2884
2946
2991
2887
3016
2883
2960
2971
2884
3014
2876
2951
2962
2870
3018
2852
2973
2970
2878
3006
2853
2981
2968
2889
3012
2863
2985
2957
2908
3014
2864
2986
2952
2917
3006
2844
2991
2939
2900
3009
2850
2996
2928
2919
3013
2855
3012
2922
2916
3015
2867
3011
2899
2930
3003
2875
3014
2905
2923
2991
2857
3021
2888
2946
2991
2882
3019
2898
2952
2986
2888
3026
2880
2954
2977
2877
3025
2869
2963
2964
2891
3009
2847
2971
2963
2888
3009
2853
2972
2975
2892
3018
2846
2992
2965
2896
3014
2863
2992
2952
2908
3008
2864
2991
2932
2912
3006
2838
2999
2912
2906
2995
2864
3005
2903
2919
3007
2870
3009
2892
2916
3002
2868
3015
2886
2938
2995
2860
3016
2894
2944
2992
2879
3009
2882
2939
2994
2870
3020
2862
2947
2982
2869
3019
2861
2962
2966
2879
3015
2848
2973
2957
2875
3005
2839
2978
2959
2887
3013
2836
2981
2959
2890
3020
2843
2985
2948
2892
3014
2844
2995
2936
2916
3003
2853
2996
2915
2909
3007
2848
3006
2907
2928
3003
2861
3014
2906
2905
3002
2861
3022
2878
2917
2986
2867
3010
2891
2929
2980
2868
3010
2880
2951
2979
2878
3012
2872
2950
2980
2877
3010
2862
2959
2974
2873
3017
2855
2976
2977
2885
3008
2836
2985
2957
2895
3011
2836
2984
2951
2894
3013
2851
2987
2958
2894
3010
2849
2998
2930
2905
2999
2857
2994
2926
2922
3002
2857
2998
2916
2928
2999
2861
3013
2904
2923
2996
2872
3011
2899
2918
2998
2865
3019
2888
2943
2984
2873
3014
2883
2941
2986
2862
3015
2870
2952
2969
2882
3015
2871
2954
2961
2893
3009
2868
2966
2967
2890
3009
2844
2981
2961
2897
3011
2857
2985
2953
2915
3010
2844
2983
2945
2900
3016
2865
2995
2947
2907
3020
2856
3003
2936
2912
3014
2867
3021
2914
2932
3004
2856
3016
2907
2927
3003
2874
3028
2899
2940
2995
2872
3029
2894
2948
2990
2874
3020
2880
2958
2994
2883
3018
2872
2965
2984
2877
3025
2869
2962
2972
2881
3016
2866
2972
2973
2882
3024
2863
2986
2965
2896
3014
2855
2996
2960
2897
3010
2847
2993
2949
2911
3018
2861
2995
2938
2910
3006
2848
3005
2929
2904
3015
2850
3010
2911
2923
3005
2857
3017
2905
2926
3001
2873
3011
2900
2923
3000
2865
3024
2881
2945
2985
2869
3020
2880
2959
2994
2868
3022
2863
2948
2974
2882
3025
2871
2959
2974
2889
3010
2857
2964
2958
2884
3008
2863
2978
2962
2879
3013
2839
2973
2962
2892
3012
2834
2988
2937
2902
3005
2844
2983
2932
2899
3011
2851
3008
2914
2912
3007
2857
3015
2906
2921
2994
2862
3008
2908
2916
3004
2864
3017
2882
2936
2991
2873
3017
2892
2928
2992
2868
3012
2881
2939
2987
2871
3010
2875
2961
2979
2883
3012
2861
2953
2975
2883
3008
2857
2964
2961
2876
3008
2858
2974
2965
2886
3018
2843
2993
2966
2896
3015
2841
2990
2942
2902
3014
2850
2989
2938
2902
3013
2860
2995
2922
2916
3006
2870
3003
2919
2914
3008
2854
3022
2901
2924
3002
2858
3024
2887
2917
2990
2883
3022
2885
2935
2983
2875
3011
2874
2954
2977
2876
3016
2874
2949
2982
2875
3015
2853
2964
2976
2892
3012
2856
2964
2978
2885
3016
2857
2973
2973
2891
3005
2854
2980
2962
2892
3006
2840
2990
2957
2897
3014
2845
2983
2924
2909
3009
2859
2998
2911
2904
3000
2853
3011
2906
2912
3000
2864
3004
2905
2934
3002
2862
3006
2897
2923
2993
2871
3010
2873
2944
2984
2859
3014
2881
2942
2981
2861
3018
2865
2958
2976
2864
3024
2859
2963
2970
2874
3008
2852
2962
2967
2887
3010
2839
2980
2964
2892
3009
2849
2976
2958
2893
3000
2846
2991
2946
2903
3012
2834
2986
2916
2909
3003
2857
2998
2933
2909
3006
2852
3000
2904
2914
2996
2861
3009
2891
2924
3005
2853
3000
2890
2921
2986
2867
3007
2892
2928
2986
2871
3009
2881
2942
2986
2864
3025
2862
2961
2981
2867
3004
2845
2963
2967
2873
3006
2844
2961
2961
2876
3014
2840
2977
2963
2891
3003
2851
2979
2958
2885
3010
2842
2991
2939
2902
3002
2852
2990
2921
2917
3006
2860
2994
2910
2901
3002
2867
3004
2911
2915
2999
2846
3021
2900
2911
3002
2861
3003
2892
2921
2988
2869
3011
2880
2923
2982
2872
3011
2872
2945
