2486,5000
2999
3000
2980
3025
2982
2998
3008
2979
3017
2980
2998
3004
2986
3019
2987
2997
2998
2984
3025
2987
2995
2995
2986
3022
2978
3007
2999
2984
3019
2979
3002
3000
2985
3021
2976
3010
2995
2991
3020
2979
3009
2989
2990
3015
2978
3013
2998
2991
3011
2971
3017
2991
2997
3016
2979
3017
2987
2996
3017
2983
3012
2984
2997
3007
2990
3032
2984
2995
3007
2972
3023
2988
2996
3005
2984
3022
2982
3000
3003
2984
3020
2978
3003
2999
2985
3025
2982
3001
2994
2985
3020
2981
3009
2996
2988
3025
2978
3007
2999
2994
3015
2972
3009
2992
2992
3019
2974
3010
2990
2987
3018
2975
3017
2988
2999
3015
2977
3017
2993
2996
3011
2972
3019
2988
2994
3015
2976
3019
2983
2992
3007
2981
3023
2985
2992
3007
2979
3021
2986
3000
2998
2978
3023
2985
2996
3002
2986
3022
2979
2996
2998
2991
3017
2979
3004
2996
2985
3021
2982
3009
2998
2985
3019
2981
3013
2994
2993
3015
2975
3010
2994
2993
3017
2975
3017
2992
2993
3019
2978
3020
2985
2996
3013
2977
3018
2994
2994
3014
2972
3013
2996
2991
3012
2980
3023
2984
2993
3010
2976
3025
2981
2994
3006
2978
3022
2985
3002
3000
2978
3019
2980
3002
3000
2983
3022
2981
3004
2998
2985
3026
2982
2998
2998
2991
3027
2979
3014
2995
2985
3020
2976
3010
2994
2993
3019
2977
3012
2998
2992
3017
2972
3011
2991
2996
3016
2978
3019
2991
2990
3013
2975
3016
2992
2995
3009
2979
3024
2982
2999
3011
2978
3020
2984
2998
3009
2978
3026
2981
2996
3000
2983
3020
2986
2996
3005
2976
3022
2984
3010
2996
2982
3021
2982
3004
2998
2987
3025
2982
2999
2997
2985
3022
2980
3010
2996
2989
3017
2979
3014
2998
2989
3017
2978
3013
2993
2994
3017
2972
3011
2990
2994
3015
2980
3021
2985
2997
3011
2978
3021
2993
2994
3010
2977
3016
2986
2997
3010
2978
3019
2981
2998
3003
2984
3027
2979
2998
3002
2982
3028
2983
3000
3001
2985
3021
2989
3003
2998
2983
3024
2976
3006
3001
2983
3021
2980
3004
2997
2990
3021
2979
3013
2992
2992
3013
2979
3011
2997
2993
3010
2976
3011
2995
2996
3015
2975
3014
2990
2998
3016
2982
3020
2984
2994
3017
2977
3020
2994
2989
3003
2981
3014
2990
2996
3008
2982
3022
2987
2995
3011
2985
3021
2984
2995
3003
2981
3026
2983
3008
2997
2981
3019
2982
3003
2999
2989
3021
2979
3005
3000
2989
3018
2975
3007
3001
2985
3023
2978
3009
2992
2987
3022
2973
3015
2993
2993
3013
2977
3022
2988
2999
3009
2974
3017
2988
2999
3010
2982
3013
2984
2994
3008
2978
3019
2991
2995
3010
2979
3018
2987
3000
3002
2982
3020
2985
2998
3007
2983
3024
2982
2993
3001
2982
3021
2984
3003
2998
2991
3018
2984
3006
2996
2985
3018
2983
3001
3001
2988
3017
2975
3005
2999
2989
3021
2978
3011
2997
2987
3020
2981
3014
2993
2988
3015
2976
3013
2994
2998
3012
2975
3009
2992
2996
3014
2984
3013
2992
2994
3010
2980
3024
2984
2996
3009
2980
3020
2988
3000
3001
2975
3017
2985
3000
3004
2981
3026
2987
2994
3000
2988
3023
2982
2996
2998
2982
3023
2987
3006
2998
2980
3018
2982
3004
2999
2989
3026
2977
3008
2997
2990
3023
2970
3013
2990
2993
3014
2978
3014
2990
2990
3016
2982
3021
2991
2996
3016
2975
3017
2990
2995
3016
2975
3016
2992
2994
3008
2978
3021
2984
2992
3010
2973
3026
2982
2998
3003
2981
3023
2987
2996
3006
2984
3026
2976
3002
2997
2984
3025
2978
2999
2993
2991
3020
2982
3005
3000
2985
3020
2980
3012
3000
2986
3021
2978
3010
2995
2993
3014
2976
3003
2992
2994
3024
2973
3019
2990
2996
3012
2980
3015
2994
2997
3011
2979
3018
2992
2995
3014
2976
3016
2985
2992
3013
2977
3022
2987
2995
3005
2982
3023
2989
2989
3005
2980
3021
2984
3000
3004
2981
3023
2977
2999
3000
2983
3025
2982
3003
2995
2988
3023
2981
3006
2993
2988
3023
2980
3003
2999
2983
3019
2973
3006
3000
2988
3020
2977
3014
2993
2988
3020
2980
3014
2989
2994
3015
2982
3014
2995
2995
3011
2976
3018
2989
2995
3013
2978
3018
2985
2999
3011
2981
3019
2983
2994
3010
2977
3025
2986
2996
3000
2977
3020
2983
3001
3005
2980
3021
2985
3004
2997
2984
3018
2980
3002
3001
2986
3025
2985
3003
2994
2985
3021
2980
3009
2998
2989
3021
2974
3010
2996
2992
3018
2978
3009
2998
2988
3018
2978
3012
2992
2989
3017
2980
3011
2997
2993
3015
2972
3017
2993
2997
3008
2975
3021
2985
2993
3012
2979
3020
2980
2994
3007
2983
3019
2984
3003
2999
2984
3018
2984
2998
2998
2977
3022
2982
3002
2999
2985
3020
2976
3001
2998
2986
3022
2981
3005
2998
2984
3023
2978
3013
2992
2987
3018
2978
3010
2996
2993
3013
2976
3009
2992
2991
3019
2972
3016
2995
2990
3017
2980
3018
2988
2997
3009
2976
3017
2992
2995
3010
2973
3016
2992
2991
3011
2979
3024
2983
2996
3007
2985
3020
2985
2992
3002
2980
3023
2985
3001
2998
2978
3019
2979
3002
3002
2981
3025
2977
3004
2999
2987
3023
2977
3002
2998
2988
3020
2980
3007
2995
2986
3020
2975
3012
2999
2992
3019
2977
3012
2996
2996
3018
2971
3016
2991
2994
3016
2979
3020
2987
2991
3011
2980
3019
2988
2995
3017
2971
3017
2986
3000
3004
2977
3017
2987
2993
3011
2979
3025
2986
2990
2999
2982
3021
2984
2999
2998
2983
3020
2981
3005
2999
2982
3020
2983
3002
2999
2988
3026
2974
3003
2993
2985
3025
2975
3011
2997
2988
3020
2977
3014
2996
2989
3018
2976
3012
2995
2997
3018
2972
3012
2988
2995
3018
2977
3020
2985
2996
3011
2978
3020
2990
2991
3006
2981
3014
2988
2999
3010
2978
3017
2981
2995
3010
2977
3023
2985
2998
3000
2981
3027
2981
2999
2998
2983
3026
2979
3005
2998
2981
3019
2980
2999
3003
2982
3022
2978
3008
2996
2988
3023
2979
3007
2993
2989
3017
2977
3012
2994
2990
3010
2973
3013
2996
2988
3018
2976
3013
2990
2999
3014
2981
3014
2985
2998
3007
2979
3016
2992
2991
3008
2970
3024
2983
2996
3007
2981
3022
2984
2999
3003
2983
3020
2982
2999
3002
2982
3024
2985
2998
2998
2975
3024
2989
2997
2999
2985
3021
2978
3004
2998
2990
3020
2976
3009
2994
2988
3020
2982
3003
2995
2987
3020
2972
3013
2992
2992
3017
2975
3016
2994
2997
3014
2972
3015
2989
2998
3012
2982
3018
2985
2993
3005
2978
3017
2990
2994
3012
2973
3024
2983
3001
2999
2978
3024
2983
2997
3007
2982
3020
2980
2992
3002
2984
3024
2980
3000
3002
2980
3026
2983
3006
2995
2981
3022
2980
3004
2998
2989
3021
2975
3005
2992
2989
3024
2977
3014
2990
2991
3022
2973
3017
2989
2992
3017
2975
3018
2992
2997
3014
2972
3012
2990
2998
3013
2976
3019
2991
2990
3014
2975
3022
2987
2989
3009
2981
3019
2988
2996
3002
2979
3013
2983
2999
3004
2983
3021
2983
2998
3001
2986
3020
2978
2998
2997
2985
3017
2982
3008
2997
2979
3018
2977
3005
2999
2988
3021
2977
3009
2996
2991
3022
2975
3010
2992
2993
3013
2980
3020
2989
2987
3011
2977
3018
2994
2996
3016
2974
3015
2990
2995
3014
2976
3011
2988
2996
3007
2980
3024
2981
2995
3002
2978
3019
2986
2997
3007
2982
3017
2989
2997
3002
2980
3019
2983
2995
3001
2986
3022
2977
2999
2996
2983
3023
2984
3005
3000
2984
3020
2979
3006
3002
2986
3018
2979
3013
2997
2992
3018
2972
3009
2989
2990
3019
2981
3009
2997
2991
3014
2976
3019
2992
2994
3011
2982
3012
2989
2998
3012
2977
3014
2985
3000
3005
2981
3023
2989
2995
3006
2980
3024
2985
2997
2999
2978
3021
2982
3002
3003
2982
3014
2983
2997
2999
2983
3025
2979
3001
2996
2986
3029
2982
3003
2995
2991
3017
2979
3007
3001
2987
3018
2973
3010
2995
2991
3017
2978
3012
2992
2995
3014
2981
3006
2989
2993
3014
2973
3017
2993
2993
3012
2971
3017
2991
2996
3013
2980
3016
2988
2995
3012
2982
3017
2984
2994
3009
2978
3022
2985
2994
3003
2975
3023
2984
3000
2999
2985
3020
2982
2997
3000
2983
3021
2979
3004
2998
2986
3022
2980
3000
2993
2982
3022
2978
3010
2998
2990
3024
2971
3015
2998
2992
3016
2974
3013
2991
2998
3013
2981
3009
2990
2988
3016
2976
3019
2991
2999
3012
2974
3016
2993
2994
3012
2969
3021
2991
2996
3010
2981
3019
2983
2993
3008
2986
3023
2983
2999
3005
2978
3025
2983
3000
2996
2981
3026
2987
2997
3001
2983
3021
2978
3003
2995
2984
3024
2979
3005
2999
2984
3023
2982
3009
2994
2984
3019
2975
3008
2997
2992
3016
2972
3009
2996
2990
3016
2979
3011
2995
2990
3017
2985
3014
2988
2990
3013
2975
3023
2989
2999
3014
2968
3018
2989
2995
3008
2981
3022
2984
2993
3008
2982
3026
2985
2994
3000
2981
3023
2984
3003
3000
2976
3019
2982
3002
2998
2986
3020
2983
2998
3001
2989
3026
2976
3012
2992
2988
3020
2981
3016
2989
2984
3017
2975
3011
2996
2994
3018
2978
3011
2992
2994
3016
2972
3012
2992
2996
3017
2976
3019
2989
2985
3013
2972
3023
2988
2997
3008
2978
3018
2986
2998
3010
2975
3020
2982
2998
3006
2983
3024
2982
2996
2997
2982
3023
2983
3002
2999
2981
3024
2980
3003
2996
2984
3019
2981
3005
2998
2987
3022
2978
2999
2998
2985
3022
2977
3009
2997
2992
3017
2976
3017
2995
2988
3015
2976
3014
2996
2993
3016
2973
3010
2986
2997
3017
2972
3020
2991
3002
3007
2980
3018
2990
2990
3007
2983
3015
2990
2999
3008
2976
3017
2984
2992
3007
2981
3021
2983
2997
2999
2981
3025
2982
3000
2990
2985
3020
2982
2998
3002
2983
3019
2976
3005
3001
2982
3023
2985
3002
3002
2987
3022
2980
3007
2994
2989
3018
2979
3012
2997
2989
3016
2970
3013
2999
2990
3019
2976
3014
2989
2999
3015
2981
3010
2989
2988
3012
2977
3021
2992
2988
3009
2971
3022
2984
2996
3005
2983
3016
2986
2994
3010
2983
3019
2982
3001
2998
2981
3024
2984
2998
2994
2978
3023
2979
3003
2998
2987
3023
2979
3008
3002
2991
3019
2974
3004
2997
2987
3020
2979
3008
2992
2986
3016
2976
3012
2996
2996
3013
2976
3017
2991
2997
3012
2974
3019
2989
2999
3015
2982
3010
2986
2992
3010
2976
3021
2988
2997
3009
2980
3026
2984
2999
2999
2978
3018
2986
2998
3002
2984
3019
2984
2992
3002
2984
3022
2982
3003
3003
2976
3024
2982
3009
2992
2985
3019
2981
3003
3005
2989
3019
2975
3003
2996
2988
3018
2977
3014
2995
2988
3026
2975
3018
2991
2990
3019
2975
3014
2996
2998
3012
2975
3014
2990
2997
3015
2976
3022
2983
2996
3012
2982
3020
2985
2995
3011
2976
3021
2991
2998
3003
2976
3017
2984
3000
3005
2977
3024
2980
2996
2999
2982
3023
2977
3003
2996
2985
3028
2976
3008
2999
2980
3017
2979
3006
3000
2988
3021
2975
3008
2998
2988
3018
2975
3006
2995
2992
3012
2978
3019
2988
2989
3010
2978
3016
2991
2996
3015
2977
3013
2990
2995
3016
2978
3011
2990
2994
3010
2980
3022
2982
2993
3002
2979
3022
2985
2995
3006
2981
3021
2984
3000
3004
2979
3019
2981
3000
3000
2983
3026
2977
2999
2995
2986
3023
2979
3008
2999
2985
3022
2981
3014
2993
2988
3017
2980
3006
2997
2995
3015
2978
3005
2988
2991
3020
2976
3014
2995
2996
3010
2980
3016
2994
2996
3010
2977
3016
2992
2998
3012
2973
3013
2985
2994
3014
2979
3022
2987
2995
3004
2984
3021
2983
2995
3000
2982
3021
2981
3005
3001
2981
3016
2977
3002
2999
2984
3022
2981
3006
2992
2986
3025
2980
3000
2997
2990
3016
2980
3007
3000
2982
3014
2971
3008
2999
2988
3022
2984
3010
2991
2994
3019
2980
3010
2989
2994
3015
2973
3016
2994
2993
3010
2974
3014
2993
2990
3013
2981
3017
2983
2994
3011
2982
3019
2981
3001
3004
2981
3022
2987
2997
2997
2980
3021
2983
3002
2997
2983
3022
2979
3001
2997
2984
3020
2979
3005
3001
2980
3023
2980
3002
2996
2979
3023
2979
3010
3003
2983
3018
2975
3011
2996
2994
3014
2974
3010
2993
2993
3016
2977
3013
2989
2990
3014
2978
3014
2993
2997
3012
2973
3019
2989
2996
3008
2972
3020
2987
2995
3009
2978
3021
2982
2994
3008
2978
3022
2983
2998
3001
2976
3024
2984
3000
2995
2979
3023
2983
2996
3006
2979
3021
2977
2999
3000
2988
3021
2982
3007
2996
2985
3023
2979
3009
2993
2988
3020
2979
3008
2996
2995
3016
2972
3008
2993
2993
3018
2977
3018
2992
2992
3014
2977
3022
2985
2995
3013
2977
3019
2989
2997
3007
2975
3018
2987
2998
3011
2985
3016
2984
3000
2999
2983
3025
2980
2996
3004
2982
3023
2984
3000
2994
2983
3014
2980
3006
2992
2986
3024
2977
3004
3000
2986
3024
2974
3006
2993
2989
3019
2978
3011
2993
2984
3017
2977
3013
2996
2996
3014
2976
3012
2995
2994
3019
2974
3015
2992
2998
3013
2981
3017
2987
2990
3009
2978
3021
2994
2998
3015
2975
3018
2986
3001
3005
2978
3022
2987
2993
3004
2983
3022
2980
2993
2997
2981
3025
2979
2999
2999
2982
3022
2982
3005
2997
2987
3013
2980
3003
2996
2987
3021
2978
3000
2996
2982
3023
2975
3010
2998
2988
3015
2976
3016
2997
2992
3018
2978
3010
2994
2996
3018
2977
3014
2994
2990
3014
2978
3020
2989
2993
3008
2979
3017
2993
2990
3005
2979
3021
2987
2996
3011
2973
3020
2978
2996
3008
2980
3023
2983
2999
2998
2983
3024
2985
3001
2995
2982
3022
2978
3006
2999
2983
3023
2980
3002
3000
2986
3023
2977
3011
2997
2990
3023
2978
3008
2993
2989
3018
2980
3011
2996
2995
3006
2972
3011
2994
2995
3014
2977
3017
2991
2999
3015
2978
3016
2987
2995
3012
2978
3021
2990
2999
3004
2975
3019
2988
2996
3006
2982
3022
2985
2999
3002
2982
3020
2976
2999
3003
2981
3024
2992
2999
2992
2981
3023
2982
3004
2999
2989
3020
2978
3004
2998
2988
3019
2977
3007
2994
2989
3021
2979
3007
2992
2988
3017
2975
3012
3003
3002
3025
2972
3013
2997
2991
3015
2970
3016
2989
2999
3012
2980
3016
2987
2987
3014
2974
3021
2985
2996
3006
2978
3020
2987
3006
2998
2979
3024
2977
2998
3004
2984
3021
2980
2999
3000
2986
3019
2985
2999
2998
2980
3020
2985
3007
2998
2985
3018
2980
3003
2999
2988
3022
2976
3004
2999
2991
3015
2978
3010
2996
2991
3019
2979
3018
2990
2990
3018
2975
3015
2996
2998
3012
2972
3012
2990
2999
3015
2980
3017
2993
2989
3015
2978
3021
2987
2999
3011
2978
3023
2988
3001
3004
2974
3022
2980
3001
3004
2985
3023
2979
3000
3002
2988
3024
2978
2997
3001
2981
3023
2980
3006
2992
2983
3021
2978
3006
2999
2990
3023
2979
3008
2996
2992
3024
2974
3008
2997
2991
3015
2979
3014
2992
2984
3013
2976
3014
2991
2997
3016
2975
3019
2988
2997
3019
2974
3017
2990
2993
3008
2982
3024
2979
2993
3003
2978
3021
2992
3003
3002
2983
3014
2984
3003
3003
2976
3016
2983
3000
2999
2982
3025
2987
2990
2997
2979
3025
2980
3009
2993
2987
3018
2979
3005
2997
2980
3019
2981
3002
2996
2991
3023
2969
3007
2989
2987
3015
2975
3019
2985
2993
3008
2979
3009
2993
2989
3011
2969
3015
2992
2987
3011
2971
3012
2981
2991
3008
2973
3018
2979
2989
3001
2974
3019
2981
2989
2997
2978
3022
2972
2998
3000
2972
3014
2977
2996
2996
2976
3020
2972
3000
2990
2981
3016
2980
2992
2993
2980
3016
2974
3004
2996
2981
3012
2967
3001
2988
2983
3013
2970
3002
2992
2990
3013
2972
3005
2985
2984
3008
2968
3010
2989
2988
3003
2964
3010
2983
2989
3011
2969
3012
2986
2985
3011
2974
3015
2981
2988
3002
2972
3018
2982
2986
2997
2972
3017
2977
2995
3001
2977
3015
2978
2997
2999
2985
3010
2977
2999
2993
2979
3022
2978
2999
2991
2978
3019
2975
3005
2996
2984
3020
2974
3007
3000
2990
3011
2978
3007
2995
2990
3018
2978
3011
2989
2989
3017
2975
3014
2989
2996
3012
2976
3012
2995
2994
3007
2975
3017
2989
2994
3015
2974
3018
2981
2990
3005
2979
3023
2985
2997
3009
2978
3029
2982
2999
2998
2982
3018
2984
2996
3000
2982
3020
2974
2999
2996
2981
3022
2977
3002
3001
2980
3022
2983
3003
2998
2983
3019
2978
3006
2997
2989
3014
2973
3005
2995
2987
3017
2977
3014
2992
2990
3016
2979
3015
2996
2990
3013
2973
3014
2991
2995
3006
2974
3011
2988
2996
3014
2978
3020
2987
2993
3007
2980
3021
2982
2997
3000
2982
3016
2987
2997
3002
2973
3020
2987
2994
3001
2983
3022
2981
2999
2999
2996
3036
2975
3001
3000
2986
3019
2979
3007
2994
2984
3016
2974
3008
2996
2992
3018
2979
3006
2998
2991
3022
2970
3011
2991
2993
