2352,5000
2877
2952
2968
2881
3019
2867
2970
2961
2902
3011
2864
2973
2951
2898
3006
2857
2989
2951
2908
3001
2859
2982
2950
2912
2999
2866
2987
2948
2917
3003
2854
3004
2918
2913
3002
2854
3008
2908
2939
2986
2867
3005
2906
2929
2991
2870
3017
2886
2932
2987
2877
3010
2883
2945
2981
2881
3017
2870
2955
2972
2878
3015
2864
2962
2969
2888
3010
2859
2972
2960
2891
3021
2839
2984
2962
2898
2998
2858
2987
2944
2906
3001
2856
2993
2926
2923
3002
2852
2998
2923
2927
3003
2858
3010
2899
2922
3002
2867
3019
2891
2943
2979
2877
3015
2879
2950
2978
2888
3010
2891
2950
2973
2882
3014
2860
2968
2967
2890
3017
2855
2978
2957
2902
3010
2847
2987
2950
2906
3005
2854
2982
2953
2898
3007
2846
2995
2936
2922
3000
2845
2998
2927
2917
3002
2858
3007
2911
2934
2990
2865
3016
2902
2935
2990
2863
3024
2883
2940
2988
2876
3007
2886
2944
2973
2884
3017
2880
2957
2964
2886
3009
2875
2961
2966
2895
3008
2865
2975
2966
2892
3000
2851
2979
2960
2905
3011
2846
2991
2942
2914
3006
2851
3000
2924
2912
3003
2852
2994
2928
2917
2999
2854
3014
2902
2923
2998
2865
3019
2900
2939
2996
2875
3010
2902
2943
2978
2883
3019
2886
2953
2968
2883
3010
2878
2966
2964
2903
3014
2871
2972
2962
2906
3011
2864
2977
2955
2909
3011
2863
2988
2955
2902
3014
2864
2996
2949
2917
3002
2870
2997
2939
2926
3005
2860
3012
2916
2925
2995
2885
3007
2911
2934
2989
2890
3024
2894
2946
2987
2880
3019
2884
2955
2980
2885
3012
2886
2956
2973
2895
3014
2872
2964
2963
2900
3013
2878
2972
2968
2897
3015
2848
2987
2953
2906
3002
2857
2987
2944
2918
2997
2855
2990
2940
2921
3016
2864
3001
2928
2927
3006
2868
3022
2904
2930
2999
2872
3009
2908
2944
2988
2881
3010
2899
2941
2991
2882
3022
2883
2960
2976
2895
3016
2870
2971
2970
2885
3020
2868
2968
2957
2905
3005
2870
2976
2964
2902
3003
2851
2990
2955
2920
3005
2849
2998
2943
2925
3008
2861
2999
2943
2924
3005
2859
3014
2913
2938
2999
2870
3022
2906
2947
2992
2868
3022
2896
2947
2990
2888
3022
2884
2957
2979
2899
3015
2886
2960
2986
2883
3019
2863
2970
2973
2883
3008
2876
2973
2970
2905
3021
2849
2978
2961
2912
3017
2855
2987
2962
2914
3008
2857
2990
2952
2914
3006
2858
3011
2923
2937
3012
2871
3015
2920
2942
3006
2879
3016
2915
2942
2995
2881
3026
2891
2948
2978
2884
3013
2877
2959
2978
2891
3012
2880
2963
2980
2895
3032
2868
2980
2964
2911
3013
2867
2976
2961
2902
3011
2852
2982
2960
2903
3002
2857
2994
2950
2919
3011
2858
3010
2925
2932
3001
2862
3007
2910
2941
2993
2877
3007
2910
2927
2994
2867
3012
2904
2938
2985
2886
3017
2896
2951
2978
2893
3015
2882
2957
2980
2886
3028
2871
2969
2969
2898
3014
2872
2974
2969
2897
3017
2853
2980
2963
2908
3011
2847
2994
2943
2918
3008
2849
2996
2931
2909
3006
2856
3006
2924
2929
2998
2866
3007
2916
2933
2993
2871
3012
2902
2929
2986
2870
3020
2887
2943
2980
2884
3023
2880
2954
2980
2875
3022
2876
2968
2968
2893
3016
2858
2978
2969
2905
3013
2861
2975
2958
2899
3016
2865
2984
2964
2905
3019
2856
2998
2937
2927
3004
2861
2997
2924
2937
2996
2861
3001
2928
2924
2994
2863
3022
2900
2932
2987
2880
3016
2898
2932
2990
2872
3020
2885
2952
2975
2882
3009
2869
2962
2968
2892
3012
2876
2965
2968
2904
3009
2870
2973
2960
2900
3009
2857
2981
2958
2896
3008
2847
2993
2944
2924
3003
2856
2993
2936
2914
3004
2853
2992
2923
2922
2999
2865
3002
2905
2932
2987
2867
3015
2900
2940
2987
2876
3014
2881
2935
2986
2871
3016
2875
2960
2970
2890
3010
2874
2955
2968
2884
3016
2854
2965
2967
2893
3011
2855
2972
2962
2889
3002
2854
2985
2944
2920
2998
2853
2988
2937
2905
2998
2858
2991
2933
2922
2994
2852
3009
2912
2930
2990
2857
3006
2916
2931
3003
2866
3017
2887
2929
2993
2872
3021
2882
2942
2981
2875
3023
2878
2950
2973
2880
3008
2871
2967
2977
2883
3013
2847
2984
2959
2892
3004
2855
2982
2955
2914
3003
2845
2991
2938
2910
2997
2858
2991
2937
2916
2991
2857
2996
2915
2919
3002
2865
3007
2911
2930
2996
2862
3015
2891
2937
2987
2877
3012
2898
2938
2974
2886
3010
2894
2948
2978
2876
3019
2865
2966
2966
2894
3008
2864
2968
2973
2886
3020
2848
2981
2949
2892
3011
2851
2981
2948
2912
3000
2849
2996
2936
2910
3007
2846
3004
2920
2927
2995
2864
2999
2915
2920
3000
2860
3023
2906
2933
2995
2864
3025
2889
2944
2978
2865
3026
2881
2940
2974
2880
3004
2881
2952
2965
2898
3008
2871
2965
2973
2886
3013
2857
2972
2957
2886
3010
2844
2983
2956
2904
2997
2849
2982
2933
2915
3000
2855
2994
2932
2914
3007
2854
3013
2921
2919
3000
2857
3011
2900
2925
2993
2859
3020
2885
2947
2988
2871
3008
2891
2940
2984
2878
3010
2875
2956
2970
2890
3012
2875
2962
2964
2889
3006
2868
2968
2969
2889
3018
2842
2982
2958
2905
3002
2849
2982
2940
2911
3001
2854
2984
2938
2906
2996
2849
3001
2921
2928
2993
2871
2997
2913
2928
2989
2866
3008
2890
2934
2984
2878
3011
2886
2936
2988
2871
3010
2885
2949
2978
2871
3024
2867
2965
2966
2887
3012
2864
2966
2954
2903
3008
2855
2969
2954
2903
3005
2842
2987
2953
2898
3006
2848
2993
2943
2908
3000
2865
2994
2930
2917
3003
2851
3003
2906
2937
3000
2863
3013
2894
2942
2984
2876
3015
2899
2931
2987
2873
3008
2889
2945
2973
2872
3008
2875
2955
2964
2894
3020
2861
2972
2963
2885
3016
2852
2975
2956
2900
3003
2852
2985
2958
2904
3014
2843
2994
2937
2923
2998
2867
2994
2934
2915
3006
2857
2995
2927
2922
3000
2858
3003
2911
2940
2987
2866
3013
2887
2940
2984
2888
3010
2889
2935
2991
2872
3016
2873
2947
2967
2895
3009
2875
2956
2957
2892
3007
2863
2974
2954
2890
3014
2843
2985
2968
2903
3009
2851
2984
2961
2909
3007
2850
2984
2938
2908
3005
2852
3010
2915
2934
2993
2873
3010
2908
2941
2989
2860
3008
2894
2926
3000
2869
3017
2883
2940
2983
2872
3020
2876
2956
2975
2893
3011
2879
2959
2972
2883
3009
2869
2970
2966
2889
3012
2856
2981
2957
2906
3005
2856
2982
2957
2903
3006
2859
2991
2944
2910
3005
2851
2998
2922
2928
2996
2858
2996
2923
2923
3006
2858
3014
2902
2934
2991
2882
3014
2897
2934
2989
2875
3020
2885
2950
2980
2869
3023
2872
2952
2970
2894
3014
2867
2968
2970
2885
3011
2863
2969
2957
2893
3010
2854
2984
2957
2899
3007
2843
2993
2945
2912
3009
2850
2995
2934
2924
2999
2846
3001
2917
2920
3006
2858
3020
2899
2936
2987
2874
3012
2895
2938
2991
2873
3010
2904
2943
2987
2879
3016
2882
2956
2972
2879
3018
2872
2963
2963
2881
3016
2871
2968
2969
2893
3015
2855
2976
2963
2898
3001
2850
2990
2948
2916
3001
2853
2990
2940
2914
3006
2855
3003
2923
2928
2998
2857
3009
2907
2934
2989
2867
3008
2904
2938
3002
2863
3017
2887
2943
2987
2870
3011
2878
2944
2981
2882
3012
2882
2955
2966
2879
3020
2866
2964
2971
2889
3004
2861
2972
2963
2899
3013
2848
2984
2945
2911
3005
2863
2985
2947
2912
2999
2856
2992
2928
2923
2996
2864
3007
2914
2921
3001
2862
3003
2907
2934
2991
2879
3010
2897
2935
2992
2870
3015
2890
2952
2975
2881
3012
2892
2952
2970
2893
3017
2873
2962
2978
2883
3018
2850
2966
2962
2896
3015
2854
2988
2956
2895
3001
2855
2983
2951
2909
3003
2855
2990
2944
2913
3010
2864
2992
2924
2926
2996
2854
3007
2911
2924
2988
2861
3015
2900
2939
2986
2881
3010
2904
2934
2985
2874
3009
2886
2948
2982
2880
3023
2863
2961
2966
2896
3016
2868
2968
2963
2893
3011
2860
2983
2952
2907
3001
2853
2979
2965
2911
3003
2850
2984
2938
2918
3000
2848
3000
2924
2910
2999
2860
3007
2909
2937
2995
2867
3005
2899
2939
2991
2866
3023
2894
2940
2989
2876
3010
2896
2941
2978
2878
3021
2871
2956
2971
2890
3011
2874
2965
2960
2883
3006
2863
2971
2966
2897
3004
2857
2976
2959
2917
3007
2850
2985
2939
2904
3005
2855
2996
2923
2922
2994
2861
3004
2921
2917
3005
2854
3007
2904
2941
2989
2876
3005
2892
2938
2994
2869
3010
2891
2934
2976
2880
3015
2885
2951
2980
2879
3008
2879
2956
2975
2880
3007
2868
2967
2957
2905
3007
2858
2973
2960
2897
3014
2847
2989
2947
2912
3000
2859
2991
2950
2908
3004
2850
2999
2925
2924
3002
2856
3012
2914
2930
2996
2869
3008
2898
2928
2995
2869
3019
2898
2942
2984
2881
3011
2881
2941
2981
2881
3012
2881
2950
2968
2891
3011
2862
2970
2961
2901
3009
2857
2975
2958
2890
3011
2848
2976
2962
2896
3008
2851
2985
2950
2907
3002
2854
2992
2927
2931
2998
2862
2995
2925
2920
3009
2856
3022
2915
2927
2988
2868
3012
2905
2941
2988
2887
3011
2893
2943
2980
2887
3011
2885
2950
2988
2884
3020
2869
2953
2977
2877
3018
2862
2976
2962
2902
3011
2861
2977
2965
2908
3013
2845
2991
2951
2914
3007
2861
2988
2946
2908
3006
2856
2993
2934
2921
3004
2857
3010
2924
2931
2990
2858
3023
2903
2936
2998
2877
3018
2893
2929
2989
2881
3016
2885
2951
2982
2887
3017
2887
2956
2967
2890
3014
2877
2963
2974
2890
3015
2854
2977
2961
2893
3013
2844
2992
2960
2906
3006
2846
2986
2949
2908
3008
2847
3004
2930
2932
2998
2862
3001
2924
2925
3005
2860
3014
2905
2937
2992
2871
3020
2896
2940
2984
2889
3016
2899
2940
2986
2869
3028
2883
2948
2982
2891
3015
2868
2965
2971
2894
3018
2859
2981
2968
2890
3016
2860
2974
2959
2889
3009
2857
2989
2955
2914
3004
2850
2998
2938
2923
3006
2856
2994
2930
2920
3003
2860
3010
2915
2916
2987
2873
3024
2899
2949
2996
2872
3027
2898
2935
2992
2871
3020
2881
2955
2975
2888
3016
2866
2964
2964
2892
3013
2863
2974
2967
2898
3011
2862
2988
2959
2900
3007
2857
2980
2960
2907
3012
2848
2983
2939
2917
3002
2861
2994
2948
2920
3003
2856
3009
2918
2926
2998
2866
3011
2910
2936
2996
2874
3009
2890
2948
2983
2881
3016
2883
2948
2979
2892
3013
2888
2951
2978
2892
3013
2876
2965
2972
2881
3015
2854
2978
2960
2910
3015
2854
2974
2960
2900
3012
2846
2992
2948
2914
3005
2856
2997
2943
2914
2993
2858
2997
2924
2919
3007
2860
3013
2908
2942
2993
2875
3008
2913
2927
2995
2872
3013
2900
2935
2989
2870
3012
2891
2951
2975
2897
3015
2879
2958
2978
2885
3009
2879
2975
2964
2888
3009
2865
2975
2955
2888
3020
2846
2988
2952
2915
3005
2854
2989
2949
2920
2996
2861
3001
2929
2926
3000
2868
3000
2919
2930
2997
2880
3017
2917
2936
2999
2866
3023
2900
2947
2988
2882
3018
2905
2946
2988
2887
3014
2880
2963
2975
2894
3020
2868
2964
2966
2900
3014
2862
2982
2960
2894
3023
2849
2985
2957
2913
3002
2840
2993
2948
2924
3001
2858
2998
2931
2923
3003
2869
3007
2927
2928
2995
2876
3005
2920
2932
2999
2869
3014
2907
2940
2994
2892
3017
2902
2945
2989
2890
3025
2887
2959
2981
2881
3026
2877
2968
2967
2901
3015
2875
2972
2974
2899
3020
2865
2979
2966
2912
3014
2855
2991
2956
2918
3009
2867
2995
2943
2923
3005
2853
3008
2935
2942
3007
2869
3000
2917
2945
2999
2872
3012
2914
2933
2997
2876
3027
2897
2935
2993
2884
3025
2896
2956
2986
2900
3021
2880
2970
2981
2882
3029
2872
2980
2979
2897
3019
2870
2976
2969
2904
3013
2872
2987
2966
2913
3019
2860
3006
2965
2910
3013
2861
2998
2952
2923
3004
2869
3004
2935
2929
3012
2871
3023
2918
2950
2997
2882
3021
2916
2949
2990
2885
3019
2900
2954
2996
2879
3025
2889
2963
2983
2903
3023
2887
2972
2983
2896
3031
2878
2972
2972
2905
3018
2872
2984
2971
2902
3008
2860
2989
2964
2911
3014
2861
2991
2952
2924
3013
2867
3006
2929
2933
3003
2858
3014
2925
2922
2995
2859
3014
2914
2936
2992
2874
3023
2896
2938
2997
2881
3017
2902
2950
2985
2890
3022
2886
2960
2976
2900
3017
2866
2975
2969
2892
3012
2867
2990
2961
2909
3009
2858
2985
2963
2912
3011
2862
2985
2954
2909
3010
2856
3002
2940
2934
3001
2871
3016
2921
2938
3003
2869
3014
2917
2930
3012
2876
3011
2893
2944
2994
2886
3018
2900
2954
2981
2894
3017
2891
2959
2983
2882
3024
2880
2970
2972
2893
3026
2858
2972
2978
2915
3016
2856
2990
2962
2898
3022
2851
2994
2953
2915
3013
2849
2992
2936
2927
3001
2859
2995
2935
2927
3008
2864
3004
2922
2931
2995
2878
3015
2919
2941
2992
2890
3027
2894
2949
2986
2882
3015
2892
2957
2978
2901
3021
2884
2959
2968
2904
3014
2874
2968
2971
2888
3019
2856
2982
2964
2892
3012
2852
2992
2957
2905
3013
2852
2995
2951
2920
3013
2850
3008
2926
2929
2999
2871
3004
2921
2924
3001
2864
3008
2915
2935
2998
2879
3016
2911
2940
3002
2873
3014
2896
2944
2979
2898
3018
2872
2968
2974
2898
3017
2866
2975
2967
2903
3016
2871
2977
2965
2893
3021
2852
2979
2962
2902
3017
2847
2996
2945
2920
3005
2864
2996
2945
2919
2999
2868
3002
2939
2929
3001
2862
3015
2923
2941
2999
2875
3015
2892
2934
2998
2878
3021
2896
2952
2992
2880
3019
2893
2955
2980
2893
3017
2884
2962
2978
2893
3011
2856
2978
2968
2906
3016
2866
2984
2958
2911
3018
2858
2991
2950
2907
3002
2853
3003
2947
2933
3000
2868
3000
2938
2926
3008
2866
3005
2925
2931
3012
2869
3018
2903
2951
2998
2869
3020
2905
2940
2983
2890
3018
2899
2957
2988
2886
3024
2885
2964
2972
2898
3016
2876
2971
2973
2901
3015
2875
2975
2967
2898
3017
2854
2992
2960
2916
3009
2861
2991
2955
2916
3009
2855
3001
2927
2930
3006
2869
3004
2918
2933
2998
2873
3011
2914
2942
2996
2875
3019
2906
2947
2988
2871
3013
2892
2950
2980
2898
3013
2881
2955
2972
2886
3024
2871
2965
2975
2891
3022
2865
2972
2959
2894
3021
2851
2989
2963
2916
3006
2858
2990
2948
2929
3012
2853
3004
2942
2928
3006
2870
3006
2928
2938
3002
2868
3005
2919
2931
3000
2872
3015
2911
2942
3009
2884
3035
2897
2956
2989
2903
3026
2896
2953
2988
2889
3026
2882
2971
2976
2897
3012
2872
2981
2968
2897
3020
2875
2981
2962
2922
3012
2861
3004
2960
2911
3017
2859
3005
2942
2927
3008
2855
3008
2931
2942
3005
2859
3004
2912
2934
3018
2876
3013
2905
2938
3001
2878
3027
2895
2940
2991
2880
3027
2884
2967
2983
2881
3014
2888
2961
2977
2894
3011
2885
2966
2974
2903
3013
2865
2989
2961
2909
3027
2863
2988
2964
2910
3012
2855
3001
2951
2925
3003
2857
3004
2940
2922
3012
2858
2999
2934
2929
3002
2867
3022
2927
2938
3001
2870
3019
2905
2934
2999
2875
3026
2899
2952
2982
2883
3014
2875
2967
2977
2907
3024
2879
2973
2968
2894
3016
2876
2973
2967
2898
3019
2857
2995
2958
2912
3015
2851
2998
2953
2924
3007
2866
2996
2946
2923
3012
2864
2998
2937
2929
3010
2863
3006
2919
2938
3000
2862
3025
2901
2949
2992
2881
3023
2899
2941
2984
2891
3014
2899
2961
2982
2895
3018
2887
2973
2969
2904
3014
2883
2971
2972
2899
3017
2861
2988
2962
2924
3010
2860
2986
2962
2912
3014
2857
2999
2952
2919
2999
2869
2999
2938
2933
3003
2874
3018
2916
2947
2992
2877
3012
2907
2944
2995
2874
3012
2906
2940
2983
2888
3022
2888
2948
2984
2887
3013
2889
2966
2975
2907
3018
2877
2973
2973
2897
3018
2856
2983
2976
2915
3007
2869
2985
2965
2914
3005
2871
2992
2951
2919
3014
2878
2996
2943
2931
3006
2857
3001
2931
2934
3009
2875
3021
2911
2949
2993
2888
3021
2910
2945
3006
2891
3026
2896
2968
2980
2897
3017
2896
2963
2986
2898
3028
2875
2984
2972
2903
3019
2875
2982
2974
2911
3014
2875
2988
2968
2913
3015
2856
3004
2953
2931
3011
2861
2997
2951
2931
3006
2874
3007
2924
2950
3016
2873
3023
2914
2935
3002
2880
3018
2913
2947
2999
2885
3016
2908
2949
2987
2900
3018
2890
2955
2977
2900
3025
2888
2966
2966
2902
3015
2869
2982
2965
2912
3008
2864
2984
2967
2911
3005
2849
2992
2958
2918
3011
2856
3000
2934
2927
3006
2875
2999
2939
2928
3004
2872
3008
2910
2925
2998
2866
3019
2902
2947
2990
2873
3019
2887
2944
2990
2883
3026
2881
2965
2982
2887
3024
2875
2960
2978
2889
3011
2866
2979
2967
2901
3005
2861
2981
2966
2909
3014
2857
3001
2959
2918
3014
2866
2995
2949
2923
3009
2864
3004
2939
2927
3008
2863
3016
2918
2945
2999
2881
3017
2914
2946
3003
2882
3016
2893
2953
2992
2880
3027
2897
2958
2987
2885
3022
2889
2964
2978
2901
3019
2869
2971
2984
2905
3009
2865
2984
2967
2910
3010
2875
2992
2954
2919
3006
2862
2995
2952
2927
3006
2862
3003
2937
2937
3000
2875
3007
2925
2933
3007
2875
3009
2911
2935
3008
2876
3021
2892
2950
2989
2888
3032
2884
2951
2981
2886
3032
2882
2957
2981
2892
3019
2869
2963
2972
2893
3020
2863
2985
2963
2896
3018
2853
2993
2955
2914
3007
2861
2990
2945
2932
3003
2849
3005
2931
2931
3007
2867
3013
2921
2940
3005
2885
3012
2924
2931
3008
2872
3027
2901
2940
2996
2892
3018
2896
2959
2983
2887
3015
2889
2958
2971
2887
3024
2865
2976
2964
2901
3015
2859
2984
2965
2902
3005
2848
2994
2954
2915
3007
2866
2985
2953
2914
3002
2846
3004
2927
2927
3000
2873
2998
2923
2920
3000
2869
3021
2910
2941
2992
2884
3010
2904
2940
2989
2878
3010
2896
2943
2987
2876
3013
2871
2959
2973
2903
3025
2869
2974
2968
2899
3014
2860
2979
2971
2895
3009
2860
2983
2962
2910
3012
2857
2986
2953
2912
3006
2860
2991
2945
2917
3008
2862
3002
2930
2923
3005
2861
3007
2917
2935
