2354,5000
2999
2862
3006
2924
2929
2998
2856
3020
2907
2937
2996
2879
3007
2894
2941
2989
2869
3022
2890
2951
2982
2875
3029
2881
2963
2975
2889
3017
2875
2967
2968
2892
3012
2875
2970
2962
2890
3017
2858
2984
2957
2907
3012
2858
2983
2949
2915
3000
2845
2998
2939
2910
3011
2851
2992
2933
2927
3002
2866
3003
2927
2921
3002
2865
3005
2897
2938
2989
2877
3016
2906
2933
2989
2870
3012
2893
2945
2986
2882
3019
2882
2953
2979
2888
3009
2869
2971
2966
2903
3009
2865
2975
2950
2898
3007
2863
2978
2962
2902
3012
2848
3001
2942
2919
3007
2854
2990
2925
2924
2999
2866
2998
2921
2914
3002
2856
3014
2904
2937
2993
2878
3019
2898
2950
2984
2868
3019
2885
2937
2987
2888
3019
2878
2958
2979
2889
3022
2875
2958
2975
2882
3010
2859
2983
2959
2890
3014
2853
2975
2955
2910
3005
2853
2981
2946
2916
3001
2858
2989
2949
2923
2999
2865
2996
2929
2921
3002
2867
3004
2919
2930
2996
2866
3003
2908
2930
2999
2869
3011
2902
2942
2981
2876
3021
2882
2941
2977
2884
3012
2882
2958
2979
2878
3016
2869
2964
2973
2891
3006
2859
2979
2957
2898
3013
2855
2980
2960
2903
3010
2852
2993
2948
2905
3000
2844
3001
2933
2926
3005
2857
3012
2916
2931
2997
2858
3011
2907
2925
2997
2874
3029
2887
2939
2983
2868
3027
2883
2959
2988
2875
3011
2892
2953
2980
2880
3024
2865
2964
2972
2889
3017
2860
2966
2962
2890
3016
2851
2986
2949
2906
3008
2856
2990
2943
2916
2998
2857
2993
2938
2923
3001
2859
2994
2915
2927
2995
2867
3007
2916
2927
3001
2866
3010
2895
2943
2984
2878
3011
2895
2941
2988
2868
3015
2868
2955
2971
2889
3011
2889
2963
2964
2903
3015
2859
2971
2960
2897
3009
2858
2979
2965
2894
3017
2839
2990
2954
2913
3002
2864
2988
2943
2921
3000
2862
2995
2930
2920
2994
2864
3004
2922
2921
3005
2861
3016
2916
2927
2997
2869
3011
2898
2934
2996
2873
3012
2872
2951
2977
2885
3018
2881
2955
2963
2885
3009
2860
2971
2965
2897
3009
2868
2974
2956
2901
3010
2844
2988
2951
2905
3011
2856
2983
2953
2907
3006
2850
3007
2927
2924
3000
2869
3009
2916
2919
2998
2865
3006
2910
2933
2997
2870
3026
2886
2924
2992
2875
3010
2894
2939
2986
2877
3010
2885
2954
2976
2888
3014
2875
2961
2974
2890
3013
2854
2964
2967
2893
3007
2867
2987
2952
2916
3011
2852
2994
2955
2901
3005
2853
2996
2940
2913
3005
2848
3001
2919
2929
2996
2858
3012
2912
2935
2993
2875
3017
2905
2927
2996
2872
3017
2885
2938
2978
2879
3009
2893
2950
2982
2885
3018
2876
2964
2970
2883
3029
2864
2967
2958
2906
3007
2870
2975
2965
2893
3015
2847
2994
2949
2914
3007
2856
2989
2947
2909
3001
2850
3007
2918
2928
2996
2866
3002
2904
2921
2995
2866
3018
2899
2939
2989
2877
3010
2897
2937
2983
2866
3018
2874
2943
2989
2882
3029
2863
2960
2965
2898
3009
2871
2967
2967
2895
3009
2858
2987
2958
2893
3011
2843
2979
2956
2904
3012
2845
2983
2942
2903
3007
2848
2991
2932
2921
2997
2862
3003
2921
2929
2992
2868
3008
2897
2936
2989
2858
3015
2886
2939
2986
2881
3013
2898
2945
2982
2874
3019
2869
2959
2967
2888
3010
2858
2973
2963
2892
3006
2863
2969
2965
2896
3012
2846
2993
2964
2897
3008
2851
2988
2940
2915
3003
2857
2993
2938
2910
3002
2847
2996
2912
2930
2995
2869
3004
2907
2932
2987
2874
3010
2898
2932
2992
2870
3024
2882
2944
2977
2880
3009
2880
2946
2979
2880
3009
2873
2961
2979
2883
3013
2863
2969
2955
2897
3011
2844
2986
2947
2902
3003
2858
2986
2943
2916
3000
2860
2997
2932
2921
2997
2844
3005
2925
2923
3003
2861
3008
2901
2920
2998
2862
3010
2904
2928
2995
2862
3019
2885
2946
2977
2873
3017
2874
2955
2973
2891
3008
2874
2958
2973
2898
3007
2867
2972
2957
2894
3008
2846
2976
2955
2900
3002
2858
2979
2954
2902
3002
2841
2983
2942
2910
3005
2849
3001
2922
2921
2995
2866
3001
2911
2921
2987
2870
3005
2907
2928
2991
2861
3015
2889
2941
2984
2880
3010
2884
2947
2971
2876
3020
2865
2965
2964
2889
3008
2878
2978
2963
2884
3009
2850
2978
2958
2909
3004
2852
2980
2945
2909
3001
2851
2985
2938
2915
2997
2859
2992
2927
2911
2989
2861
2997
2925
2919
3000
2859
3009
2905
2936
2989
2877
3013
2897
2932
2991
2869
3012
2885
2940
2970
2882
3012
2883
2951
2976
2879
3017
2861
2962
2970
2882
3002
2859
2970
2953
2904
3004
2852
2972
2958
2893
3008
2846
2990
2938
2913
2998
2855
2996
2928
2905
3008
2852
2991
2921
2920
2991
2869
2997
2906
2923
2997
2860
3020
2888
2925
2989
2870
3020
2886
2931
2974
2879
3008
2888
2949
2979
2876
3016
2860
2964
2966
2882
3015
2857
2974
2956
2898
3011
2844
2986
2950
2905
3001
2854
2988
2953
2907
3010
2839
2995
2931
2927
2999
2860
2993
2930
2918
2994
2865
3003
2912
2926
2993
2868
3016
2902
2931
2992
2863
3017
2887
2941
2983
2870
3015
2881
2955
2987
2876
3017
2864
2962
2968
2898
3014
2871
2966
2962
2887
3014
2847
2978
2963
2898
3012
2844
2988
2954
2899
3007
2844
2995
2932
2919
2999
2860
2993
2926
2917
3004
2856
3009
2921
2923
2999
2868
3008
2898
2941
2997
2866
3009
2895
2938
2990
2869
3018
2876
2955
2975
2887
3014
2887
2957
2965
2896
3012
2869
2975
2965
2880
3014
2852
2980
2956
2892
3003
2847
2984
2953
2899
3010
2855
2992
2937
2904
2998
2860
2994
2930
2920
3001
2862
3000
2922
2926
2990
2871
3004
2912
2929
2998
2868
3010
2898
2932
2982
2881
3012
2889
2941
2991
2879
3010
2891
2956
2967
2875
3018
2862
2970
2963
2900
3007
2851
2968
2966
2895
3016
2838
2984
2952
2907
3003
2856
2988
2947
2904
2999
2855
2997
2936
2918
2996
2849
3005
2917
2932
2995
2857
3008
2905
2920
2991
2876
3018
2893
2933
2980
2875
3021
2896
2937
2986
2875
3018
2881
2958
2975
2893
3014
2874
2962
2964
2896
3012
2853
2972
2959
2899
3006
2866
2975
2960
2892
3009
2856
2986
2955
2900
3006
2849
2988
2941
2924
3003
2858
2995
2926
2918
2993
2862
3000
2904
2935
2989
2864
3017
2893
2942
2983
2877
3010
2894
2935
2989
2872
3018
2869
2955
2974
2894
3013
2879
2961
2963
2901
3018
2863
2963
2972
2889
3008
2859
2983
2958
2890
3011
2840
2993
2947
2914
3002
2860
2988
2932
2909
3003
2861
2995
2928
2924
2995
2865
3003
2920
2920
2991
2867
3009
2905
2937
2989
2865
3026
2889
2932
2991
2877
3019
2876
2954
2976
2880
3024
2872
2966
2966
2878
3009
2869
2967
2971
2890
3017
2851
2982
2962
2904
3005
2853
2979
2956
2909
3015
2849
2999
2951
2903
3008
2859
2990
2925
2930
2999
2848
3009
2915
2929
2990
2866
3010
2915
2925
2996
2876
3017
2887
2940
2985
2869
3022
2879
2945
2976
2892
3016
2871
2952
2978
2888
3011
2872
2963
2968
2884
3017
2857
2972
2964
2899
3004
2855
2985
2956
2897
3012
2849
2992
2941
2914
2999
2852
3000
2935
2920
3004
2847
2997
2925
2921
3003
2863
3016
2902
2943
2995
2865
3020
2894
2938
2985
2875
3017
2882
2950
2976
2880
3014
2871
2948
2972
2888
3016
2882
2958
2981
2889
3009
2864
2968
2968
2891
3007
2849
2982
2955
2911
3005
2855
2994
2944
2913
3005
2844
2996
2937
2925
3002
2857
2991
2936
2917
3003
2861
3012
2908
2927
2992
2858
3012
2907
2933
2995
2864
3017
2884
2952
2983
2869
3025
2876
2956
2980
2885
3018
2873
2959
2972
2883
3027
2877
2965
2970
2891
3013
2857
2981
2971
2889
3010
2853
2989
2951
2919
3002
2855
2986
2931
2926
3000
2861
2995
2927
2922
2995
2864
3006
2922
2923
2989
2869
3010
2895
2928
3004
2865
3006
2893
2937
2981
2890
3011
2889
2945
2983
2880
3023
2873
2951
2974
2886
3017
2880
2978
2963
2888
3011
2843
2974
2962
2904
3004
2858
2981
2963
2902
3004
2844
2985
2944
2903
3007
2851
2999
2936
2919
2999
2853
3007
2917
2929
2997
2875
3006
2898
2943
2993
2874
3015
2896
2948
2998
2869
3029
2896
2938
2988
2866
3018
2879
2951
2979
2882
3017
2862
2965
2963
2901
3007
2860
2967
2966
2890
3020
2849
2989
2955
2902
3003
2846
2993
2946
2914
3002
2856
2990
2946
2913
3004
2849
3005
2920
2925
2994
2868
3001
2918
2918
2998
2867
3019
2898
2936
2990
2875
3013
2895
2937
2985
2866
3017
2885
2950
2981
2887
3018
2865
2962
2969
2880
3025
2859
2983
2965
2897
3007
2861
2979
2960
2894
3012
2847
2993
2964
2907
3006
2845
2986
2941
2909
3007
2853
3001
2921
2926
2997
2866
3004
2916
2921
3001
2863
3017
2899
2938
2989
2882
3023
2884
2944
2986
2882
3014
2887
2952
2976
2885
3020
2871
2960
2965
2895
3010
2859
2967
2966
2886
3013
2855
2981
2956
2892
3012
2847
2978
2957
2905
3005
2854
2986
2946
2912
2997
2862
2993
2932
2914
3010
2857
3003
2925
2922
3008
2862
3012
2896
2945
2994
2859
3015
2890
2940
2984
2882
3014
2887
2941
2983
2875
3021
2873
2962
2970
2879
3019
2864
2972
2963
2891
3011
2862
2975
2965
2893
3022
2843
2984
2948
2914
3002
2859
2986
2940
2914
2997
2861
2993
2929
2920
2998
2863
3000
2919
2930
2996
2871
3002
2908
2941
2991
2865
3019
2891
2946
2985
2875
3020
2882
2947
2978
2888
3014
2883
2955
2972
2874
3016
2860
2968
2971
2894
3013
2873
2970
2966
2895
3007
2865
2975
2956
2906
3006
2855
2987
2944
2917
2996
2848
2997
2930
2923
3002
2869
2996
2929
2921
3013
2856
3017
2909
2931
3001
2864
3011
2913
2926
2993
2864
3013
2896
2943
2979
2885
3014
2886
2952
2985
2884
3008
2879
2956
2967
2892
3017
2868
2968
2971
2882
3014
2862
2979
2964
2899
3013
2844
2987
2957
2916
2999
2856
2988
2953
2908
3014
2858
2992
2931
2917
3002
2854
3017
2924
2924
3002
2864
3013
2904
2937
2993
2860
3018
2892
2948
2990
2883
3010
2887
2941
2990
2876
3014
2883
2955
2973
2891
3015
2877
2965
2976
2881
3015
2860
2975
2964
2908
3006
2856
2976
2962
2903
3001
2851
2980
2961
2902
3010
2855
2998
2930
2905
3008
2857
2993
2931
2917
3002
2875
3004
2921
2924
3003
2869
3014
2901
2920
2990
2879
3012
2893
2934
2989
2878
3017
2885
2957
2976
2883
3011
2882
2964
2968
2894
3015
2857
2964
2965
2887
3015
2850
2970
2965
2896
3002
2852
2997
2948
2906
3003
2854
2993
2938
2919
3006
2861
2995
2929
2924
3001
2862
3001
2917
2923
2999
2870
3015
2903
2918
2986
2882
3017
2897
2939
2991
2877
3017
2886
2951
2985
2878
3006
2882
2953
2979
2883
3018
2855
2968
2967
2891
3008
2864
2973
2959
2901
3004
2854
2994
2963
2912
3003
2860
2988
2938
2913
3004
2851
2994
2929
2907
3010
2861
2997
2914
2927
3003
2867
3016
2911
2924
3000
2867
3022
2901
2938
2996
2868
3015
2880
2941
2986
2881
3018
2886
2947
2980
2883
3021
2870
2963
2970
2890
3006
2868
2971
2971
2892
3011
2849
2982
2955
2893
3019
2849
2989
2941
2917
3002
2863
2985
2930
2917
3008
2859
3002
2916
2909
3004
2861
2999
2907
2928
2995
2876
3012
2906
2927
3005
2872
3016
2886
2942
2989
2879
3009
2881
2953
2977
2882
3011
2881
2958
2978
2887
3018
2859
2974
2966
2900
3009
2846
2976
2958
2906
3005
2856
2985
2951
2908
3007
2860
2985
2950
2906
3010
2852
3002
2932
2918
3008
2860
3005
2916
2929
2999
2875
3006
2906
2923
3002
2868
3017
2890
2941
2984
2870
3019
2884
2954
2976
2881
3013
2888
2953
2974
2892
3008
2860
2967
2965
2882
3018
2855
2967
2969
2890
3013
2863
2977
2965
2898
3012
2851
2995
2944
2922
3007
2850
2985
2938
2911
3010
2858
3010
2915
2929
2996
2872
3005
2898
2928
2995
2862
3013
2892
2936
2990
2876
3006
2895
2939
2987
2874
3018
2874
2956
2976
2894
3009
2873
2959
2970
2890
3010
2856
2976
2959
2902
3006
2860
2977
2966
2898
3012
2856
2979
2956
2912
3007
2860
2988
2941
2914
3012
2857
2995
2924
2919
3003
2861
3017
2908
2929
2999
2875
3004
2898
2935
2994
2886
3015
2887
2941
2986
2871
3019
2878
2960
2990
2881
3019
2868
2972
2977
2891
3008
2876
2966
2975
2885
3014
2860
2969
2966
2899
3005
2859
2980
2955
2903
3009
2863
2988
2952
2917
3003
2855
3005
2926
2909
3008
2857
3001
2914
2921
3005
2866
3019
2904
2920
3005
2876
3016
2902
2927
2991
2881
3027
2887
2957
2975
2877
3008
2887
2954
2982
2880
3014
2869
2968
2979
2887
3005
2856
2984
2959
2891
3012
2862
2976
2960
2897
3002
2860
2990
2951
2905
2997
2859
2990
2929
2920
3004
2868
2998
2921
2912
2996
2860
3007
2898
2931
2994
2878
3016
2896
2940
2986
2883
3009
2893
2954
2983
2884
3011
2884
2949
2976
2893
3007
2876
2966
2969
2889
3016
2856
2979
2965
2893
3008
2861
2977
2966
2898
3010
2854
2988
2946
2919
3001
2870
2984
2942
2911
3012
2862
3001
2920
2905
3006
2862
3013
2908
2929
2995
2876
3020
2906
2932
2994
2872
3006
2895
2932
2992
2870
3014
2875
2955
2978
2885
3019
2875
2963
2973
2888
3013
2873
2975
2962
2896
3005
2860
2978
2964
2889
3017
2857
2981
2949
2909
3013
2856
2992
2940
2910
3007
2873
2990
2921
2918
3006
2859
3012
2920
2915
2995
2856
3009
2902
2931
2994
2876
3009
2899
2928
2994
2875
3018
2880
2946
2982
2882
3010
2895
2949
2978
2877
3015
2867
2966
2967
2893
3009
2865
2968
2964
2900
3004
2858
2977
2962
2901
3001
2870
2981
2952
2898
3013
2850
2996
2935
2922
3005
2853
2995
2926
2922
3001
2855
3007
2905
2927
3003
2864
3008
2902
2918
2993
2878
3005
2905
2949
2984
2889
3008
2885
2952
2984
2874
3007
2876
2959
2969
2881
3020
2855
2971
2967
2895
3007
2861
2976
2957
2900
3000
2860
2989
2952
2908
2999
2863
2984
2934
2923
3003
2869
2987
2929
2916
3005
2856
3007
2913
2926
2995
2875
3005
2908
2921
2998
2871
3003
2898
2933
2996
2867
3015
2888
2949
2977
2885
3010
2876
2950
2981
2881
3016
2870
2964
2963
2886
3016
2851
2986
2969
2892
3008
2842
2984
2954
2897
3012
2852
2983
2942
2916
3004
2855
2988
2931
2920
3003
2864
3001
2910
2929
2994
2867
3001
2920
2934
2991
2881
3007
2887
2937
2988
2870
3018
2879
2934
2979
2882
3012
2893
2953
2969
2881
3012
2876
2960
2966
2880
3013
2855
2982
2966
2888
3009
2847
2984
2954
2910
3003
2861
2979
2950
2902
2999
2854
2996
2930
2911
3005
2865
2991
2934
2912
3004
2865
3009
2910
2922
3002
2865
3010
2886
2916
2992
2876
3008
2884
2949
2984
2882
3008
2895
2945
2987
2871
3020
2865
2961
2972
2894
3007
2863
2965
2968
2889
3001
2869
2972
2955
2910
3008
2860
2983
2950
2914
3006
2856
2990
2939
2915
3004
2846
2995
2919
2922
2996
2867
2998
2904
2933
2994
2876
3011
2904
2926
2997
2877
3010
2891
2940
2981
2868
3005
2890
2941
2989
2880
3005
2879
2956
2975
2892
3019
2861
2958
2975
2888
3011
2872
2971
2958
2908
3011
2852
2983
2956
2899
3017
2857
2981
2959
2916
3011
2860
2988
2939
2917
3003
2873
2996
2915
2915
3005
2875
3011
2913
2934
3005
2878
3016
2904
2936
2999
2885
3007
2902
2944
2991
2887
3021
2877
2961
2977
2882
3019
2868
2967
2970
2897
3011
2871
2976
2982
2889
3004
2853
2983
2959
2909
3015
2854
2996
2955
2910
3021
2856
2998
2936
2920
3003
2877
2995
2931
2916
3008
2865
3016
2916
2923
2996
2876
3001
2893
2936
2993
2887
3007
2897
2940
2978
2885
3010
2884
2940
2987
2880
3007
2876
2954
2978
2886
3009
2864
2967
2962
2903
3008
2859
2971
2956
2902
3007
2864
2976
2963
2901
3010
2853
2987
2944
2911
3004
2854
3002
2920
2913
3005
2856
3004
2907
2934
2997
2861
3011
2894
2940
2991
2873
3005
2899
2933
2989
2877
3007
2888
2952
2984
2879
3012
2872
2961
2976
2887
3003
2863
2967
2969
2891
3007
2857
2986
2949
2889
3000
2855
2989
2948
2912
3001
2850
2994
2936
2910
3002
2845
2996
2923
2916
2999
2859
2996
2891
2921
2987
2865
3005
2888
2936
2993
2861
3008
2894
2945
2982
2876
3018
2887
2952
2975
2885
3007
2877
2961
2961
2887
3006
2859
2964
2960
2875
3017
2848
2978
2951
2896
3001
2857
2979
2949
2905
2999
2829
2985
2931
2912
2991
2856
2987
2925
2906
3000
2846
2993
2912
2923
2988
2862
2999
2908
2921
2979
2862
3004
2889
2928
2977
2872
3012
2876
2931
2987
2874
3014
2871
2942
2975
2875
