2368,5000
2989
2947
2985
2967
2975
2977
2945
2981
2964
2965
2986
2952
2994
2955
2963
2986
2944
2996
2960
2967
2978
2948
2993
2956
2971
2971
2946
2991
2952
2970
2976
2956
2995
2944
2971
2970
2958
2996
2957
2972
2974
2950
2992
2952
2981
2963
2954
2991
2946
2979
2971
2963
2989
2938
2980
2966
2966
2992
2946
2987
2963
2964
2989
2956
2984
2960
2973
2982
2946
2989
2968
2965
2983
2947
2982
2964
2970
2982
2948
2992
2956
2965
2977
2953
2996
2955
2961
2976
2950
2995
2956
2973
2973
2945
2993
2951
2976
2971
2956
3001
2945
2975
2972
2966
2989
2946
2977
2974
2955
2993
2946
2981
2966
2955
2989
2949
2980
2969
2961
2991
2943
2980
2967
2966
2990
2941
2986
2966
2966
2987
2950
2995
2956
2965
2990
2942
2995
2962
2967
2984
2944
2992
2957
2968
2980
2947
2991
2955
2970
2977
2952
3001
2952
2967
2970
2956
2996
2954
2976
2970
2955
2991
2954
2973
2983
2946
2997
2942
2978
2971
2964
2997
2946
2975
2979
2958
2994
2944
2988
2964
2964
2989
2948
2991
2964
2963
2985
2951
2990
2960
2970
2988
2944
2986
2956
2963
2984
2954
2991
2958
2966
2978
2950
2995
2961
2967
2973
2953
2992
2953
2973
2974
2950
2988
2948
2972
2972
2954
3002
2945
2976
2966
2959
2999
2948
2976
2967
2962
2988
2955
2979
2973
2958
2988
2941
2982
2970
2963
2992
2951
2984
2962
2968
2991
2950
2985
2960
2971
2989
2950
2988
2967
2964
2980
2942
2991
2964
2970
2981
2950
2991
2957
2967
2983
2951
2991
2957
2967
2977
2952
2996
2955
2967
2969
2947
3000
2949
2974
2972
2958
2996
2947
2977
2970
2962
2987
2951
2974
2972
2958
2999
2946
2980
2963
2953
2989
2948
2985
2969
2964
2990
2942
2983
2969
2972
2978
2944
2982
2961
2970
2986
2952
2984
2961
2963
2982
2946
2992
2960
2970
2983
2949
2994
2963
2964
2980
2944
2993
2957
2968
2979
2957
2992
2947
2966
2971
2955
2999
2953
2973
2968
2953
2993
2955
2978
2970
2948
2995
2948
2977
2972
2962
2987
2945
2984
2962
2965
2990
2948
2992
2963
2964
2988
2950
2988
2963
2961
2988
2947
2990
2966
2975
2979
2947
2985
2962
2963
2988
2949
2991
2959
2967
2980
2955
2991
2959
2971
2975
2950
2994
2958
2973
2971
2951
2998
2947
2974
2971
2955
2997
2950
2973
2970
2962
2993
2950
2972
2975
2952
2993
2949
2982
2966
2957
2985
2950
2988
2963
2964
2993
2948
2983
2967
2970
2991
2944
2985
2962
2965
2986
2947
2992
2961
2966
2978
2948
2995
2956
2970
2986
2945
2996
2956
2970
2983
2950
2986
2958
2972
2972
2953
2995
2953
2966
2971
2952
2995
2958
2978
2966
2955
2992
2950
2977
2971
2953
2994
2954
2971
2974
2955
2996
2946
2978
2963
2957
2991
2955
2977
2966
2963
2986
2946
2988
2973
2963
2983
2947
2987
2965
2976
2985
2945
2982
2960
2968
2986
2952
2986
2962
2969
2982
2952
2994
2964
2960
2977
2952
2994
2957
2974
2979
2950
2993
2944
2972
2975
2954
2997
2953
2974
2969
2959
2996
2956
2976
2965
2959
2997
2946
2981
2971
2957
2989
2942
2981
2967
2965
2992
2949
2990
2962
2965
2992
2946
2985
2961
2965
2991
2940
2990
2966
2962
2980
2943
2987
2959
2967
2984
2951
2987
2961
2962
2986
2955
2993
2955
2967
2978
2949
2993
2955
2966
2972
2947
2995
2963
2988
2983
2959
2993
2946
2978
2971
2957
2992
2951
2973
2972
2959
2992
2954
2971
2966
2958
2988
2953
2977
2973
2962
2993
2947
2985
2971
2963
2987
2944
2984
2965
2966
2992
2943
2988
2955
2961
2987
2945
2993
2960
2969
2984
2945
2992
2961
2969
2981
2943
2989
2957
2969
2981
2956
2992
2953
2965
2974
2953
2996
2956
2971
2974
2952
2996
2954
2976
2967
2952
2994
2952
2975
2976
2956
2990
2940
2977
2971
2961
2993
2949
2982
2969
2960
2994
2946
2986
2962
2959
2991
2938
2987
2967
2968
2985
2938
2983
2966
2967
2991
2942
2994
2956
2966
2986
2949
2993
2955
2967
2983
2955
2993
2960
2971
2974
2947
2987
2956
2972
2975
2952
2996
2956
2970
2971
2956
2996
2949
2976
2962
2962
2992
2952
2980
2967
2950
2990
2947
2981
2971
2960
2989
2948
2982
2971
2972
2989
2947
2977
2969
2963
2991
2957
2986
2967
2957
2981
2946
2990
2964
2968
2986
2947
2988
2964
2970
2982
2949
2986
2960
2965
2978
2956
2995
2956
2959
2975
2947
2995
2956
2980
2972
2955
2990
2960
2976
2973
2950
2994
2949
2976
2974
2955
2995
2945
2970
2963
2953
2996
2949
2980
2973
2957
2992
2948
2982
2974
2961
2983
2950
2980
2965
2966
2988
2940
2982
2956
2966
2984
2950
2987
2969
2964
2984
2947
2994
2962
2963
2978
2950
2986
2958
2969
2988
2940
2989
2949
2967
2981
2956
3000
2954
2974
2979
2950
2996
2958
2965
2971
2946
3000
2943
2976
2975
2956
2987
2947
2979
2971
2968
2989
2953
2976
2968
2973
3006
2958
2972
2972
2961
2989
2947
2990
2970
2961
2990
2937
2990
2965
2972
2995
2941
2991
2959
2968
2985
2947
2986
2960
2964
2991
2943
2994
2965
2971
2974
2944
2994
2960
2971
2975
2958
2988
2952
2972
2974
2954
2994
2943
2975
2966
2957
2995
2961
2969
2966
2952
2993
2950
2981
2969
2963
2997
2943
2983
2972
2964
2988
2942
2986
2966
2968
2992
2947
2983
2961
2965
2987
2949
2987
2963
2974
2986
2944
2991
2968
2968
2982
2946
2990
2962
2963
2985
2955
2984
2954
2963
2980
2950
2994
2958
2974
2976
2956
2991
2961
2969
2969
2952
2993
2951
2976
2974
2958
2993
2946
2974
2969
2956
2996
2952
2981
2967
2959
2987
2951
2981
2964
2957
2992
2949
2986
2969
2964
2985
2944
2982
2967
2965
2988
2948
2989
2969
2966
2985
2949
2990
2958
2960
2984
2947
2991
2966
2967
2978
2946
2989
2956
2968
2983
2953
2995
2957
2967
2973
2955
2995
2951
2969
2973
2956
2995
2954
2977
2964
2953
2988
2958
2973
2974
2954
2996
2948
2978
2974
2964
2996
2943
2976
2969
2958
2990
2946
2989
2957
2959
2982
2946
2988
2964
2965
2989
2945
2992
2956
2969
2985
2945
2989
2960
2968
2983
2952
2994
2957
2966
2973
2947
2992
2959
2966
2981
2950
2991
2955
2973
2981
2951
2991
2952
2972
2969
2957
2994
2947
2970
2963
2953
2994
2955
2975
2969
2958
3000
2944
2982
2977
2950
2991
2948
2982
2965
2970
2988
2944
2981
2958
2963
2986
2953
2982
2969
2963
2986
2947
2988
2963
2966
2980
2945
2990
2958
2972
2982
2944
2981
2954
2965
2982
2949
2997
2955
2966
2972
2954
2995
2957
2968
2969
2951
2993
2950
2976
2975
2948
2990
2946
2975
2969
2956
2996
2950
2978
2967
2958
2999
2944
2979
2961
2956
2994
2943
2984
2972
2952
2989
2948
2986
2962
2965
2985
2944
2988
2961
2970
2988
2948
2985
2956
2967
2984
2946
2990
2964
2965
2980
2938
2990
2961
2972
2980
2951
2993
2957
2969
2976
2957
2990
2951
2975
2970
2952
2996
2956
2969
2967
2951
2989
2954
2970
2971
2960
2996
2944
2976
2975
2959
2990
2946
2980
2970
2965
2991
2946
2980
2964
2957
2988
2948
2986
2967
2965
2986
2944
2987
2965
2971
2984
2941
2991
2957
2969
2986
2950
2987
2956
2963
2979
2951
2990
2959
2969
2976
2950
2991
2962
2969
2973
2954
2999
2947
2970
2978
2958
2986
2953
2966
2968
2954
2994
2950
2974
2971
2954
2995
2951
2978
2969
2959
2991
2946
2979
2970
2966
2985
2947
2972
2966
2960
2989
2949
2985
2963
2965
2989
2951
2987
2962
2967
2984
2943
2989
2963
2968
2984
2938
2987
2962
2966
2986
2952
2988
2960
2963
2981
2951
2995
2952
2968
2972
2951
2989
2956
2971
2968
2952
2986
2953
2972
2971
2955
2999
2953
2972
2969
2966
2991
2948
2974
2973
2952
2994
2952
2983
2969
2951
2990
2939
2987
2964
2963
2992
2940
2984
2967
2969
2990
2941
2991
2957
2970
2982
2953
2987
2959
2963
2982
2954
2986
2964
2964
2981
2947
2991
2962
2971
2980
2950
2986
2958
2970
2973
2955
2993
2950
2965
2966
2951
2995
2954
2976
2970
2954
2992
2951
2976
2978
2947
2993
2949
2978
2969
2959
2995
2944
2977
2962
2959
2989
2948
2984
2966
2967
2994
2947
2988
2968
2965
2983
2944
2988
2967
2967
2989
2943
2985
2961
2960
2984
2946
2995
2958
2964
2979
2952
2994
2962
2962
2971
2949
2995
2954
2973
2975
2952
2992
2948
2969
2976
2950
2993
2954
2973
2966
2959
2990
2954
2972
2966
2957
2995
2950
2980
2969
2957
2987
2945
2979
2968
2964
2986
2949
2981
2969
2960
2993
2940
2987
2965
2964
2989
2946
2991
2964
2961
2984
2939
2986
2962
2968
2987
2944
2989
2958
2972
2983
2950
2989
2956
2967
2976
2949
2994
2954
2967
2967
2946
2994
2956
2973
2969
2956
2997
2947
2979
2968
2960
2985
2951
2971
2973
2959
3000
2951
2974
2967
2951
2993
2952
2981
2970
2962
2990
2945
2981
2969
2974
2986
2945
2990
2963
2966
2987
2951
2982
2953
2965
2983
2949
2995
2967
2966
2981
2946
2990
2962
2970
2978
2945
2992
2955
2967
2983
2952
2988
2953
2964
2973
2954
2992
2955
2973
2969
2949
2994
2955
2978
2962
2950
2991
2955
2969
2975
2958
2987
2941
2969
2969
2959
2991
2945
2982
2963
2956
2989
2948
2983
2960
2962
2982
2943
2984
2966
2966
2984
2931
2983
2960
2969
2985
2949
2986
2957
2965
2982
2954
2995
2947
2973
2981
2945
2990
2955
2971
2973
2946
2991
2951
2980
2971
2950
2994
2951
2973
2966
2960
2995
2947
2969
2969
2957
2987
2957
2974
2967
2952
2987
2948
2981
2967
2959
2994
2943
2979
2964
2965
2991
2953
2972
2968
2957
2985
2951
2987
2959
2961
2982
2946
2993
2956
2971
2989
2943
2990
2957
2972
2983
2944
2990
2959
2968
2983
2950
2994
2955
2962
2969
2953
2995
2954
2972
2979
2953
2992
2954
2976
2972
2955
2987
2953
2973
2963
2960
2997
2949
2969
2966
2953
2996
2951
2980
2970
2959
2990
2948
2983
2969
2960
2988
2956
2977
2968
2963
2990
2942
2981
2963
2962
2987
2944
2990
2962
2968
2986
2945
2995
2962
2965
2979
2948
2996
2949
2967
2981
2941
2992
2949
2967
2978
2952
2996
2958
2971
2973
2953
2995
2958
2965
2970
2947
2995
2950
2979
2973
2954
2989
2943
2978
2972
2963
2994
2949
2978
2963
2961
2993
2948
2974
2968
2961
2988
2949
2984
2968
2959
2984
2941
2984
2973
2965
2988
2947
2989
2960
2966
2985
2946
2989
2956
2964
2980
2946
2991
2968
2958
2973
2945
2991
2965
2967
2977
2953
2998
2946
2970
2973
2956
2989
2953
2968
2974
2953
3002
2950
2970
2965
2952
2993
2947
2979
2978
2952
2997
2947
2981
2972
2962
2986
2942
2984
2968
2964
2997
2946
2984
2957
2961
2986
2950
2989
2965
2970
2985
2942
2987
2964
2968
2983
2944
2989
2959
2971
2979
2952
2985
2953
2961
2979
2955
2994
2958
2969
2977
2949
2995
2955
2974
2970
2945
2992
2952
2973
2972
2964
2984
2946
2969
2968
2960
2994
2949
2980
2972
2953
2994
2948
2983
2965
2954
2993
2943
2984
2976
2963
2987
2943
2979
2964
2964
2989
2950
2985
2970
2959
2988
2951
2985
2959
2963
2985
2945
2990
2966
2965
2980
2945
2982
2960
2969
2978
2961
3002
2952
2966
2979
2953
2998
2950
2965
2975
2954
2994
2959
2972
2966
2945
2993
2956
2971
2973
2958
2995
2950
2976
2970
2962
2995
2941
2973
2968
2958
2989
2952
2982
2961
2959
2984
2949
2986
2967
2966
2990
2948
2991
2964
2968
2985
2944
2983
2960
2967
2982
2949
2993
2955
2962
2980
2947
2993
2959
2970
2986
2942
2993
2955
2971
2975
2953
2986
2956
2967
2976
2959
2995
2949
2969
2966
2955
2997
2953
2974
2975
2950
2998
2947
2982
2969
2959
2983
2954
2974
2974
2955
2992
2943
2977
2959
2961
2992
2948
2988
2974
2980
2985
2949
2991
2966
2964
2981
2948
2988
2958
2969
2988
2945
2987
2953
2966
2981
2950
2993
2957
2966
2978
2955
2995
2961
2962
2975
2952
2996
2957
2970
2975
2948
2990
2949
2971
2974
2959
2995
2958
2972
2970
2956
2996
2953
2977
2967
2958
2992
2948
2982
2971
2959
2990
2940
2982
2971
2965
2989
2950
2990
2955
2966
2996
2940
2984
2958
2970
2980
2961
2987
2962
2960
2981
2943
2993
2961
2967
2983
2950
2998
2952
2971
2982
2952
2992
2954
2972
2974
2959
2991
2958
2968
2969
2950
2992
2953
2975
2975
2955
2992
2947
2978
2969
2962
2990
2946
2974
2975
2954
2996
2945
2980
2961
2955
2988
2949
2988
2968
2971
2985
2948
2981
2968
2969
2983
2940
2987
2970
2961
2989
2950
2986
2955
2965
2986
2951
2989
2964
2968
2978
2949
2989
2964
2970
2974
2946
2993
2962
2973
2975
2953
2991
2958
2959
2977
2950
2996
2957
2970
2971
2945
2995
2954
2978
2963
2956
2992
2949
2979
2973
2964
2986
2940
2977
2969
2964
2994
2944
2987
2959
2963
2988
2947
2987
2964
2961
2989
2945
2987
2971
2968
2980
2939
2983
2963
2966
2983
2947
2993
2955
2964
2982
2948
2998
2948
2968
2977
2957
2986
2959
2971
2974
2948
2991
2951
2973
2973
2954
3001
2944
2971
2970
2957
2996
2943
2973
2969
2958
2989
2954
2979
2967
2954
2988
2950
2982
2969
2962
2989
2944
2982
2967
2967
2992
2942
2984
2967
2967
2990
2946
2989
2960
2964
2983
2943
2993
2960
2965
2984
2951
2985
2962
2966
2985
2944
2986
2959
2966
2977
2955
2995
2952
2966
2969
2951
2991
2956
2974
2973
2951
2996
2949
2981
2972
2953
2999
2948
2978
2978
2955
2996
2948
2973
2964
2971
3001
2945
2981
2973
2958
2987
2948
2989
2971
2960
2983
2944
2983
2963
2968
2986
2941
2982
2956
2975
2980
2949
2985
2965
2963
2981
2947
2991
2961
2967
2973
2953
2995
2953
2972
2979
2951
2987
2946
2970
2977
2957
2991
2958
2972
2967
2954
2999
2955
2977
2966
2954
2992
2949
2982
2974
2953
2988
2941
2980
2970
2961
2990
2948
2983
2966
2961
2989
2953
2977
2963
2963
2986
2945
2988
2966
2959
2983
2941
2989
2962
2969
2989
2944
2988
2959
2967
2983
2952
2982
2958
2968
2978
2947
2997
2959
2963
2974
2944
2991
2957
2976
2971
2955
3001
2946
2973
2973
2954
2993
2954
2966
2967
2956
2995
2950
2972
2965
2955
2991
2947
2984
2966
2961
2993
2946
2982
2972
2960
2987
2943
2992
2961
2964
2989
2950
2982
2958
2962
2985
2943
2988
2964
2975
2986
2945
2986
2964
2968
2978
2945
2991
2959
2967
2980
2955
2987
2948
2960
2973
2951
2992
2953
2974
2977
2943
2991
2952
2974
2963
2951
2994
2948
2967
2966
2957
2987
2947
2976
2962
2960
2989
2946
2983
2964
2961
2983
2950
2978
2962
2954
2981
2946
2977
2968
2958
2983
2942
2976
2961
2966
2983
2941
2994
2956
2963
2987
2941
2987
2951
2959
2980
2938
2988
2957
2964
2978
2934
2983
2950
2959
2976
2941
2986
2942
2963
2966
2950
2990
2942
2958
2964
2950
2986
2946
2972
2957
2946
2980
2937
2968
2963
2947
2986
2947
2959
2960
2950
2983
2932
2970
2956
2952
2976
2937
2975
2951
2947
2973
2935
2977
2953
2954
2978
2935
2975
2948
2960
2973
2935
2976
2951
2960
2966
2942
2979
2944
2955
2965
2936
2986
2948
2961
2970
2951
2978
2946
2967
2966
2936
2984
2948
2961
2965
2944
2991
2938
2967
2957
2943
2988
2942
2972
2966
2959
2978
2943
2976
2963
2946
2983
2942
2974
2961
2957
2984
2937
2974
2956
2959
2983
2942
2980
2961
2957
2982
2937
2988
2963
2955
2980
2943
2986
2960
2968
2987
2936
2987
2950
2964
2980
2948
2990
2957
2959
2985
2952
2993
2960
2960
2968
2948
2992
2952
2974
2977
2942
2988
2941
2973
2967
2952
2993
2952
2970
2970
2954
2993
2954
2972
2965
2959
2990
2946
2983
2968
2957
2983
2939
2983
2960
2961
2990
2945
2989
2959
2968
2986
2947
2983
2958
2966
2985
2943
2990
2976
2972
2976
2946
2986
2959
2969
2985
2953
2989
2954
2972
2975
2952
2988
2952
2963
2975
2948
2999
2952
2971
2966
2953
2990
2953
2975
2970
2959
2990
2943
2976
2978
2955
2990
2945
2981
2969
2960
2991
2952
2986
2955
2961
2986
2948
2989
2968
2971
2981
2947
2982
2968
2969
2988
2935
2995
2956
2969
2982
2948
2989
2957
2969
2988
2943
2992
2959
2968
2981
2948
2993
2958
2977
2969
2949
2993
2952
2970
2975
2952
2989
2948
2970
2968
2956
2993
2953
2978
2971
2953
2996
2945
2981
2967
2958
2989
2948
2979
2969
2961
2990
2941
2979
2965
2963
2990
2946
2987
2965
2959
2987
2954
2982
2962
2966
2983
2950
2987
2961
2969
2980
2945
2981
2959
2968
2981
2948
2992
2961
2964
2977
2949
2994
2951
2966
2977
2951
2992
2955
2974
