2500,15000
1716,1765
1716,1763
1717,1743
1713,1745
1715,1755
1712,1761
1713,1755
1720,1755
1717,1761
1715,1761
1712,1787
1730,1772
1714,1758
1709,1782
1726,1784
1724,1780
1716,1774
1712,1761
1731,1781
1720,1783
1717,1755
1717,1758
1713,1751
1714,1760
1730,1770
1728,1743
1712,1748
1712,1754
1718,1769
1718,1754
1717,1749
1713,1757
1711,1756
1716,1781
1712,1767
1719,1758
1712,1773
1714,1772
1732,1774
1714,1779
1716,1759
1714,1787
1712,1784
1733,1763
1719,1756
1719,1755
1717,1779
1714,1764
1711,1745
1716,1750
1716,1757
1714,1754
1713,1751
1713,1754
1710,1757
1713,1758
1713,1781
1713,1765
1716,1764
1715,1773
1714,1761
1713,1769
1724,1781
1725,1767
1711,1785
1720,1775
1709,1764
1716,1765
1716,1755
1712,1779
1718,1758
1713,1754
1715,1744
1711,1752
1716,1751
1716,1753
1712,1754
1718,1765
1726,1753
1713,1778
1713,1774
1729,1770
1716,1768
1723,1769
1714,1769
1714,1778
1719,1770
1718,1779
1711,1776
1719,1777
1722,1754
1721,1757
1717,1783
1724,1771
1729,1753
1723,1759
1721,1765
1720,1767
1718,1766
1725,1759
1728,1757
1724,1758
1714,1778
1713,1767
1722,1764
1715,1768
1713,1760
1712,1780
1714,1782
1715,1773
1713,1778
1713,1779
1712,1765
1714,1801
1722,1771
1715,1766
1716,1766
1734,1745
1713,1756
1729,1757
1719,1756
1713,1753
1713,1753
1713,1768
1718,1764
1721,1782
1712,1771
1713,1784
1726,1793
1725,1778
1719,1788
1724,1786
1719,1767
1709,1788
1718,1772
1714,1775
1725,1766
1731,1766
1726,1789
1717,1765
1718,1753
1715,1757
1715,1750
1716,1750
1719,1769
1720,1757
1713,1762
1713,1759
1712,1777
1717,1764
1719,1763
1712,1773
1715,1761
1713,1762
1719,1787
1722,1795
1716,1790
1731,1779
1724,1770
1720,1772
1712,1762
1712,1771
1714,1768
1716,1751
1713,1754
1715,1766
1724,1749
1717,1752
1716,1755
1717,1750
1716,1759
1716,1777
1713,1762
1715,1769
1715,1790
1712,1766
1719,1778
1724,1770
1716,1772
1714,1789
1717,1766
1714,1770
1717,1773
1716,1757
1714,1778
1716,1777
1709,1752
1716,1772
1713,1750
1715,1756
1717,1753
1714,1756
1714,1760
1714,1758
1712,1775
1715,1766
1717,1762
1717,1769
1718,1761
1714,1779
1715,1775
1717,1768
1712,1785
1720,1771
1718,1771
1715,1775
1715,1763
1714,1775
1715,1765
1712,1748
1716,1755
1714,1753
1712,1749
1716,1758
1715,1753
1715,1769
1718,1755
1714,1769
1716,1770
1715,1759
1713,1783
1729,1768
1724,1787
1719,1769
1714,1771
1714,1804
1721,1778
1722,1779
1722,1775
1716,1769
1718,1779
1715,1763
1709,1751
1715,1763
1731,1754
1711,1744
1716,1750
1714,1754
1715,1757
1724,1755
1716,1762
1713,1770
1716,1763
1719,1768
1713,1768
1713,1776
1716,1778
1732,1774
1714,1793
1715,1774
1730,1762
1723,1789
1718,1787
1728,1797
1723,1768
1715,1753
1713,1761
1716,1770
1714,1753
1715,1749
1715,1750
1713,1755
1715,1757
1718,1758
1715,1754
1716,1761
1731,1770
1714,1761
1714,1773
1718,1765
1730,1771
1730,1806
1723,1778
1726,1772
1716,1774
1715,1768
1712,1785
1716,1765
1712,1746
1718,1767
1714,1763
1710,1758
1713,1750
1713,1749
1715,1756
1716,1773
1720,1766
1719,1751
1716,1766
1713,1766
1716,1757
1718,1770
1711,1750
1711,1768
1716,1786
1714,1772
1715,1761
1712,1766
1714,1769
1717,1788
1716,1765
1712,1747
1713,1765
1720,1760
1715,1758
1726,1759
1709,1753
1730,1764
1713,1756
1732,1756
1714,1750
1714,1779
1713,1767
1715,1758
1715,1771
1716,1761
1716,1767
1714,1788
1718,1773
1715,1766
1717,1764
1716,1771
1714,1787
1718,1760
1713,1753
1713,1766
1718,1774
1727,1763
1728,1756
1714,1750
1712,1757
1713,1761
1717,1757
1716,1764
1716,1759
1716,1766
1719,1765
1734,1776
1716,1763
1714,1763
1715,1814
1717,1779
1719,1777
1719,1792
1725,1783
1722,1812
1728,1764
1718,1758
1722,1787
1727,1780
1725,1774
1723,1769
1738,1762
1734,1762
1734,1769
1730,1766
1730,1769
1723,1764
1718,1772
1719,1767
1719,1769
1719,1784
1724,1787
1718,1793
1718,1780
1718,1777
1728,1788
1732,1773
1718,1792
1726,1776
1716,1756
1718,1767
1720,1760
1717,1773
1717,1763
1718,1753
1713,1759
1718,1775
1712,1761
1716,1768
1717,1761
1718,1789
1734,1778
1725,1801
1726,1773
1734,1778
1730,1784
1734,1794
1726,1801
1720,1794
1720,1770
1718,1796
1718,1785
1716,1756
1716,1764
1720,1762
1712,1769
1717,1761
1715,1744
1719,1760
1714,1763
1726,1772
1721,1771
1729,1762
1719,1762
1714,1764
1717,1773
1717,1768
1718,1759
1720,1794
1726,1792
1718,1783
1733,1771
1715,1768
1722,1788
1714,1779
1717,1766
1717,1770
1728,1779
1723,1770
1715,1766
1719,1748
1731,1773
1718,1768
1719,1767
1720,1773
1722,1756
1722,1765
1720,1768
1733,1791
1731,1777
1736,1767
1719,1779
1718,1783
1722,1780
1714,1784
1723,1786
1730,1801
1721,1768
1720,1786
1724,1781
1728,1772
1734,1786
1737,1765
1725,1745
1722,1756
1719,1767
1721,1766
1724,1757
1719,1764
1721,1762
1721,1781
1720,1781
1721,1769
1717,1773
1721,1773
1720,1776
1720,1784
1739,1784
1719,1775
1721,1791
1724,1783
1723,1773
1734,1781
1732,1770
1731,1785
1731,1769
1721,1748
1722,1756
1732,1765
1720,1764
1731,1773
1728,1770
1738,1765
1719,1790
1718,1786
1722,1772
1720,1770
1726,1767
1719,1775
1726,1788
1719,1781
1722,1772
1729,1797
1734,1804
1735,1765
1718,1767
1720,1766
1718,1775
1720,1773
1722,1755
1719,1764
1716,1762
1723,1783
1733,1773
1727,1767
1736,1764
1726,1768
1722,1789
1721,1772
1721,1783
1721,1775
1717,1776
1722,1785
1721,1784
1719,1769
1721,1783
1722,1791
1721,1768
1721,1796
1725,1782
1736,1786
1723,1773
1721,1755
1728,1758
1721,1756
1718,1760
1718,1768
1721,1758
1717,1778
1727,1764
1720,1785
1716,1776
1726,1775
1720,1776
1721,1763
1723,1783
1717,1788
1722,1774
1718,1796
1719,1773
1719,1770
1720,1782
1723,1774
1718,1778
1721,1788
1729,1769
1723,1765
1719,1758
1719,1759
1722,1762
1716,1758
1718,1763
1737,1776
1729,1785
1727,1770
1719,1763
1723,1775
1720,1768
1720,1782
1721,1797
1734,1781
1735,1792
1722,1781
1716,1775
1722,1781
1721,1765
1722,1790
1721,1772
1729,1776
1725,1766
1719,1761
1719,1757
1720,1761
1721,1781
1726,1771
1725,1776
1732,1795
1724,1776
1727,1771
1722,1773
1718,1769
1721,1782
1720,1768
1720,1781
1722,1779
1717,1784
1719,1768
1716,1783
1722,1782
1716,1772
1724,1789
1736,1764
1728,1780
1735,1767
1728,1772
1741,1778
1724,1779
1729,1767
1732,1759
1721,1780
1717,1767
1722,1789
1722,1780
1721,1765
1721,1798
1717,1775
1725,1795
1724,1793
1720,1777
1735,1784
1717,1784
1721,1767
1719,1790
1728,1779
1725,1771
1722,1767
1721,1759
1721,1762
1722,1772
1718,1760
1720,1771
1721,1763
1722,1779
1725,1768
1718,1768
1720,1784
1725,1769
1730,1785
1723,1779
1715,1779
1718,1801
1719,1774
1719,1774
1720,1785
1722,1781
1730,1791
1727,1782
1729,1768
1738,1774
1724,1765
1717,1759
1724,1772
1731,1766
1732,1771
1725,1782
1724,1778
1724,1770
1716,1773
1720,1776
1719,1767
1718,1787
1721,1778
1720,1779
1722,1795
1724,1779
1719,1779
1720,1783
1719,1785
1728,1776
1715,1785
1716,1756
1720,1778
1734,1767
1723,1754
1719,1761
1719,1762
1721,1758
1715,1769
1719,1777
1730,1775
1723,1787
1723,1774
1721,1774
1720,1782
1718,1775
1726,1785
1723,1804
1729,1788
1724,1771
1717,1768
1719,1771
1722,1791
1718,1788
1732,1750
1729,1762
1718,1765
1714,1750
1720,1760
1719,1774
1722,1759
1718,1765
1724,1769
1715,1762
1722,1766
1714,1767
1719,1765
1720,1785
1718,1772
1720,1774
1716,1787
1716,1774
1720,1768
1713,1784
1715,1770
1715,1779
1720,1767
1717,1750
1719,1781
1728,1775
1721,1760
1724,1768
1725,1774
1722,1765
1718,1769
1719,1767
1721,1760
1715,1766
1712,1768
1721,1762
1731,1781
1718,1771
1716,1786
1726,1804
1728,1776
1733,1770
1727,1782
1730,1789
1715,1783
1719,1765
1717,1755
1716,1763
1719,1760
1717,1754
1719,1762
1718,1755
1711,1755
1715,1758
1716,1756
1716,1756
1711,1769
1713,1769
1715,1763
1719,1780
1715,1766
1715,1766
1715,1793
1714,1776
1715,1770
1714,1774
1713,1768
1716,1783
1718,1774
1713,1756
1716,1760
1714,1758
1729,1770
1723,1764
1721,1770
1729,1768
1723,1767
1716,1757
1714,1754
1716,1768
1727,1759
1719,1765
1716,1777
1716,1772
1715,1772
1717,1788
1713,1777
1718,1761
1717,1775
1712,1771
1716,1784
1731,1770
1731,1759
1734,1775
1722,1775
1725,1772
1727,1755
1733,1774
1714,1755
1715,1785
1723,1757
1714,1779
1731,1763
1716,1756
1715,1760
1716,1774
1720,1766
1720,1794
1719,1805
1730,1789
1715,1781
1718,1770
1716,1775
1719,1784
1713,1774
1715,1749
1714,1761
1715,1763
1717,1771
1726,1765
1722,1758
1715,1765
1714,1762
1719,1758
1714,1762
1714,1763
1716,1766
1714,1764
1718,1777
1716,1774
1719,1763
1716,1800
1729,1784
1729,1770
1714,1765
1713,1770
1715,1788
1713,1775
1714,1746
1728,1767
1716,1762
1720,1760
1713,1754
1719,1760
1715,1749
1714,1776
1723,1762
1727,1746
1718,1761
1717,1763
1709,1766
1715,1778
1715,1761
1717,1761
1726,1790
1713,1782
1716,1770
1712,1772
1718,1777
1721,1802
1719,1779
1718,1767
1721,1767
1713,1762
1714,1757
1712,1759
1726,1759
1721,1769
1717,1756
1712,1761
1716,1754
1715,1762
1719,1761
1720,1766
1714,1773
1710,1782
1725,1769
1727,1794
1727,1781
1734,1779
1732,1775
1719,1764
1712,1790
1713,1781
1715,1754
1715,1759
1714,1751
1713,1760
1716,1757
1715,1756
1729,1780
1715,1755
1715,1753
1713,1754
1723,1762
1717,1774
1718,1750
1716,1776
1715,1768
1719,1762
1717,1777
1709,1778
1717,1777
1731,1785
1730,1771
1715,1792
1722,1793
1717,1752
1716,1774
1722,1776
1714,1766
1721,1757
1714,1743
1716,1751
1714,1755
1713,1765
1717,1757
1732,1767
1721,1768
1712,1764
1721,1781
1711,1761
1716,1765
1712,1775
1716,1772
1714,1784
1713,1776
1723,1763
1716,1789
1714,1781
1712,1755
1713,1764
1718,1758
1715,1774
1709,1764
1716,1744
1712,1747
1716,1758
1716,1759
1712,1764
1717,1758
1716,1775
1723,1764
1719,1776
1713,1783
1723,1769
1715,1775
1731,1770
1717,1779
1720,1780
1711,1762
1712,1786
1713,1774
1732,1776
1728,1772
1722,1763
1723,1778
1727,1769
1722,1750
1724,1759
1723,1775
1717,1757
1715,1751
1727,1753
1723,1776
1724,1774
1715,1788
1723,1774
1724,1770
1723,1775
1724,1768
1713,1781
1731,1783
1724,1770
1726,1792
1715,1779
1715,1763
1717,1755
1714,1752
1716,1769
1723,1764
1710,1745
1713,1747
1716,1758
1713,1757
1714,1752
1713,1752
1718,1756
1717,1758
1717,1764
1714,1765
1715,1763
1716,1769
1715,1767
1711,1781
1716,1780
1715,1763
1716,1802
1724,1796
1715,1764
1714,1767
1717,1755
1715,1766
1712,1759
1717,1752
1716,1762
1717,1757
1716,1757
1714,1755
1717,1776
1720,1753
1713,1755
1714,1777
1714,1774
1721,1772
1727,1776
1723,1776
1723,1776
1732,1777
1723,1771
1716,1783
1721,1779
1712,1767
1713,1769
1719,1769
1730,1772
1722,1766
1714,1765
1724,1759
1717,1756
1714,1760
1711,1752
1715,1756
1716,1751
1714,1753
1712,1777
1715,1764
1718,1763
1719,1780
1721,1769
1729,1779
1716,1776
1714,1764
1710,1770
1714,1780
1713,1774
1719,1772
1715,1769
1722,1779
1720,1782
1714,1753
1713,1746
1715,1751
1714,1751
1714,1753
1714,1756
1724,1760
1713,1759
1713,1791
1722,1778
1727,1780
1725,1775
1733,1762
1716,1777
1715,1775
1715,1770
1715,1790
1714,1794
1718,1768
1715,1773
1714,1767
1710,1772
1717,1762
1715,1746
1716,1755
1735,1759
1715,1752
1730,1760
1720,1753
1714,1759
1713,1755
1714,1773
1715,1777
1722,1764
1717,1770
1714,1756
1713,1768
1722,1796
1726,1744
1728,1795
1716,1761
1716,1778
1721,1790
1720,1769
1721,1799
1713,1766
1715,1753
1732,1768
1724,1753
1725,1763
1732,1753
1715,1758
1715,1753
1711,1760
1718,1779
1715,1761
1713,1768
1716,1775
1713,1770
1718,1769
1714,1774
1713,1776
1716,1784
1715,1784
1731,1766
1715,1774
1714,1765
1717,1769
1714,1768
1715,1746
1713,1757
1717,1774
1726,1758
1722,1754
1712,1758
1718,1751
1716,1759
1717,1779
1712,1760
1718,1762
1729,1780
1720,1773
1720,1785
1720,1792
1725,1779
1717,1779
1714,1773
1711,1764
1713,1776
1716,1767
1716,1772
1711,1766
1715,1750
1722,1758
1716,1752
1717,1754
1716,1756
1712,1758
1716,1762
1717,1766
1717,1771
1715,1763
1721,1778
1718,1769
1713,1758
1717,1778
1719,1777
1711,1775
1718,1789
1719,1769
1713,1770
1712,1763
1712,1770
1724,1775
1731,1768
1713,1771
1711,1760
1710,1750
1730,1755
1715,1755
1714,1756
1715,1752
1709,1757
1715,1780
1725,1779
1718,1776
1713,1768
1712,1759
1714,1779
1716,1767
1717,1771
1717,1782
1733,1771
1718,1763
1716,1782
1717,1757
1715,1781
1719,1770
1715,1756
1716,1761
1716,1753
1727,1749
1719,1755
1715,1757
1710,1757
1714,1755
1722,1762
1713,1759
1716,1774
1710,1772
1713,1771
1714,1764
1715,1766
1717,1774
1712,1794
1715,1771
1719,1762
1712,1789
1715,1766
1711,1783
1712,1763
1714,1747
1712,1762
1711,1761
1712,1757
1720,1749
1711,1754
1716,1756
1713,1760
1716,1764
1712,1758
1714,1762
1717,1777
1712,1763
1715,1778
1717,1762
1715,1768
1716,1784
1715,1780
1712,1760
1717,1782
1726,1781
1720,1798
1722,1765
1715,1746
1715,1762
1716,1775
1712,1750
1714,1750
1715,1763
1725,1762
1717,1757
1714,1770
1727,1763
1717,1773
1719,1769
1717,1765
1732,1774
1716,1763
1727,1780
1720,1811
1720,1776
1715,1764
1733,1764
1730,1768
1715,1785
1715,1766
1714,1750
1714,1763
1717,1761
1716,1754
1713,1750
1714,1753
1714,1756
1714,1761
1714,1755
1716,1767
1715,1762
1716,1772
1712,1762
1723,1778
1712,1767
1726,1769
1731,1793
1731,1778
1734,1776
1720,1779
1716,1766
1716,1790
1712,1762
1721,1751
1716,1763
1724,1789
1721,1764
1714,1753
1715,1750
1708,1776
1726,1773
1719,1784
1731,1758
1728,1756
1716,1766
1729,1772
1716,1776
1718,1773
1716,1763
1713,1784
1715,1778
1712,1770
1718,1773
1717,1767
1716,1787
1718,1772
1717,1759
1713,1758
1713,1762
1716,1774
1713,1750
1713,1747
1716,1750
1715,1759
1716,1759
1729,1764
1723,1771
1721,1774
1727,1781
1723,1785
1728,1773
1720,1778
1725,1802
1726,1784
1715,1775
1717,1773
1713,1765
1718,1788
1713,1774
1714,1761
1732,1767
1732,1760
1717,1764
1718,1750
1718,1755
1718,1762
1716,1759
1715,1756
1718,1748
1712,1758
1717,1765
1711,1765
1713,1772
1719,1761
1714,1757
1711,1788
1716,1778
1717,1782
1733,1765
1721,1765
1717,1789
1721,1773
1716,1752
1715,1759
1715,1759
1716,1761
1717,1755
1716,1754
1713,1749
1714,1756
1714,1756
1728,1776
1726,1768
1723,1768
1725,1775
1723,1774
1717,1768
1729,1769
1721,1790
1713,1776
1716,1777
1721,1772
1716,1782
1721,1803
1716,1775
1724,1764
1725,1767
1729,1761
1717,1771
1714,1755
1714,1757
1718,1751
1715,1756
1716,1760
1729,1789
1724,1769
1722,1772
1714,1772
1719,1775
1726,1769
1722,1775
1729,1784
1729,1779
1717,1771
1712,1774
1728,1778
1722,1802
1716,1795
1712,1752
1716,1760
1713,1753
1714,1772
1724,1769
1727,1742
1726,1755
1731,1768
1717,1764
1715,1764
1723,1764
1725,1771
1718,1768
1718,1779
1717,1766
1712,1761
1712,1769
1718,1784
1717,1786
1717,1775
1712,1763
1731,1796
1725,1791
1719,1772
1712,1763
1725,1766
1734,1779
1724,1770
1730,1753
1721,1774
1718,1752
1716,1757
1716,1771
1725,1771
1717,1768
1731,1763
1723,1777
1713,1768
1716,1759
1727,1777
1715,1770
1716,1789
1714,1769
1731,1774
1726,1793
1735,1780
1713,1759
1713,1766
1723,1754
1714,1764
1717,1759
1714,1740
1712,1754
1718,1758
1716,1762
1714,1760
1713,1749
1714,1760
1729,1770
1720,1781
1714,1759
1713,1761
1713,1774
1717,1779
1725,1784
1726,1782
1727,1765
1720,1784
1730,1778
1728,1778
1734,1769
1720,1764
1726,1767
1728,1773
1718,1749
1715,1747
1718,1758
1712,1760
1728,1767
1721,1786
1723,1779
1728,1755
1713,1773
1717,1763
1713,1765
1715,1767
1716,1772
1717,1776
1714,1777
1715,1767
1718,1787
1715,1779
1712,1764
1717,1771
1712,1756
1713,1771
1714,1759
1717,1745
1718,1746
1716,1755
1717,1755
1729,1759
1716,1761
1718,1756
1714,1753
1711,1778
1715,1761
1713,1759
1725,1756
1714,1776
1722,1779
1715,1780
1713,1767
1722,1787
1717,1778
1712,1782
1728,1786
1721,1757
1722,1766
1714,1765
1715,1764
1713,1756
1715,1754
1713,1755
1711,1757
1714,1754
1720,1750
1712,1759
1721,1778
1716,1764
1732,1770
1718,1768
1714,1762
1711,1775
1717,1762
1719,1784
1727,1794
1713,1778
1717,1762
1716,1771
1714,1758
1715,1785
1733,1771
1732,1743
1713,1751
1712,1757
1714,1751
1717,1762
1713,1755
1714,1758
1716,1757
1720,1778
1713,1761
1714,1765
1715,1772
1715,1760
1719,1774
1718,1795
1726,1780
1720,1779
1717,1765
1712,1770
1719,1778
1715,1758
1716,1770
1715,1768
1710,1751
1714,1757
1732,1758
1723,1767
1732,1758
1715,1762
1714,1761
1715,1761
1726,1785
1731,1776
1719,1755
1717,1774
1715,1746
1716,1778
1715,1761
1716,1786
1724,1776
1732,1776
1728,1767
1726,1780
1718,1786
1723,1783
1729,1772
1720,1751
1715,1762
1719,1750
1716,1752
1719,1757
1715,1758
1730,1763
1724,1761
1716,1776
1714,1768
1715,1764
1717,1779
1717,1762
1716,1779
1716,1775
1717,1771
1716,1794
1718,1785
1724,1768
1714,1779
1717,1767
1717,1790
1729,1781
1723,1762
1726,1763
1714,1753
1725,1755
1715,1756
1715,1758
1714,1750
1714,1760
1713,1773
1715,1767
1713,1787
1717,1780
1714,1761
1712,1773
1719,1766
1714,1777
1716,1791
1717,1772
1717,1780
1722,1783
1725,1776
1728,1778
1719,1769
1717,1753
1714,1758
1720,1754
1723,1743
1715,1776
1725,1761
1732,1760
1728,1767
1730,1777
1728,1775
1722,1773
1726,1783
1719,1770
1714,1782
1718,1792
1718,1769
1715,1806
1716,1788
1733,1769
1713,1780
1725,1770
1716,1775
1718,1769
1717,1750
1711,1760
1716,1771
1725,1760
1726,1766
1730,1771
1722,1768
1719,1777
1729,1779
1713,1762
1713,1763
1712,1768
1710,1765
1717,1782
1712,1771
1716,1749
1712,1791
1712,1781
1722,1781
1709,1759
1717,1769
1712,1778
1710,1767
1716,1755
1714,1757
1725,1767
1719,1763
1729,1755
1713,1755
1714,1753
1714,1756
1716,1761
1713,1759
1713,1763
1730,1772
1713,1763
1726,1786
1723,1767
1726,1779
1723,1800
1722,1780
1726,1772
1720,1783
1713,1777
1716,1776
1708,1774
1712,1746
1711,1754
1715,1753
1714,1746
1707,1754
1710,1752
1713,1750
1713,1752
1713,1767
1712,1755
1714,1759
1713,1770
1712,1761
1710,1775
1711,1766
1716,1764
1712,1784
1714,1790
1717,1760
1711,1776
1714,1763
1715,1776
1707,1764
1710,1745
1724,1772
1722,1770
1715,1747
1712,1751
1713,1744
1712,1751
1711,1755
1707,1757
1715,1755
1708,1759
1712,1760
1710,1773
1724,1771
1711,1762
1716,1773
1713,1785
1710,1766
1711,1772
1712,1764
1711,1764
1732,1777
1713,1763
1709,1749
1710,1756
1727,1770
1719,1748
1709,1750
1709,1748
1711,1743
1712,1752
1710,1755
1713,1754
1708,1759
1722,1761
1713,1758
1709,1772
1713,1778
1711,1761
1713,1802
1707,1775
1714,1764
1711,1759
1711,1763
1709,1786
1713,1768
1709,1739
1710,1771
1709,1756
1711,1772
1721,1743
1711,1747
1713,1751
1710,1768
1710,1751
1711,1748
1712,1767
1711,1761
1712,1767
1706,1769
1712,1760
1723,1759
1711,1806
1712,1774
1730,1766
1711,1772
1710,1779
1720,1793
1730,1776
1722,1748
1711,1754
1711,1759
1712,1756
1714,1746
1711,1742
1714,1755
1713,1754
1712,1749
1710,1745
1711,1756
1710,1763
1713,1758
1712,1768
1713,1759
1707,1750
1710,1786
1712,1772
1714,1773
1712,1774
1707,1761
1712,1782
1711,1770
1710,1745
1716,1755
1709,1748
1714,1752
1710,1755
1711,1745
1713,1749
1710,1762
1713,1753
1710,1747
1714,1766
1730,1771
1724,1761
1712,1770
1710,1756
1718,1761
1711,1782
1706,1772
1714,1780
1707,1762
1713,1761
1709,1798
1707,1775
1712,1746
1722,1755
1713,1757
1708,1760
1716,1755
1714,1745
1708,1750
1709,1749
1714,1761
1716,1761
1719,1767
1719,1765
1723,1760
1719,1773
1730,1770
1717,1756
1712,1782
1715,1787
1722,1789
1724,1772
1730,1768
1712,1787
1714,1781
1722,1754
1720,1768
1717,1772
1721,1770
1722,1771
1716,1753
1721,1777
1709,1750
1712,1753
1710,1751
1730,1781
1719,1750
1715,1756
1709,1767
1713,1764
1712,1756
1716,1776
1712,1770
1710,1772
1710,1769
1710,1764
1708,1784
1707,1770
1727,1766
1720,1757
1712,1749
1712,1766
1712,1762
1711,1739
1709,1743
1713,1772
1726,1761
1711,1745
1712,1750
1707,1762
1728,1761
1713,1776
1711,1761
1714,1756
1713,1772
1711,1768
1710,1772
1710,1771
1720,1762
1712,1781
1711,1776
1711,1755
1710,1756
1709,1764
1709,1758
1711,1752
1712,1744
1710,1745
1717,1751
1715,1756
1711,1748
1712,1749
1708,1755
1710,1756
1711,1775
1713,1758
1712,1760
1714,1769
1711,1767
1706,1765
1712,1772
1713,1761
1709,1785
1714,1773
1713,1754
1717,1758
1710,1752
1711,1767
1734,1760
1713,1741
1713,1744
1710,1748
1711,1756
1722,1745
1713,1746
1713,1769
1715,1755
1708,1776
1713,1758
1710,1761
1715,1770
1716,1762
1712,1768
1711,1778
1708,1763
1710,1778
1710,1773
1721,1757
1713,1763
1710,1751
1710,1761
1713,1774
1710,1740
1713,1746
1715,1749
1712,1761
1712,1762
1710,1752
1712,1775
1727,1760
1727,1777
1722,1758
1711,1761
1712,1761
1714,1762
1713,1773
1715,1791
1720,1769
1720,1773
1718,1776
1713,1759
1711,1756
1711,1752
1726,1765
1711,1763
1719,1742
1710,1746
1720,1747
1713,1752
1710,1753
1713,1750
1713,1757
1710,1749
1712,1786
1719,1763
1715,1759
1713,1762
1711,1762
1711,1776
1718,1780
1715,1777
1715,1778
1712,1786
1719,1764
1727,1785
1713,1756
1713,1762
1711,1754
1708,1748
1712,1748
1710,1742
1708,1751
1722,1761
1724,1760
1715,1750
1711,1750
1715,1772
1711,1763
1711,1753
1713,1767
1714,1782
1721,1782
1712,1774
1712,1765
1713,1784
1713,1770
1712,1756
1711,1767
1715,1771
1712,1766
1715,1769
1707,1750
1718,1757
1719,1764
1726,1763
1708,1752
1710,1761
1709,1749
1713,1752
1710,1773
1710,1761
1710,1763
1711,1763
1709,1755
1710,1761
1716,1769
1713,1776
1713,1773
1714,1772
1715,1759
1716,1774
1710,1760
1712,1766
1711,1759
1712,1742
1714,1750
1711,1768
1714,1750
1712,1747
1711,1749
1713,1777
1716,1762
1725,1778
1721,1752
1731,1767
1712,1769
1711,1755
1713,1755
1713,1773
1707,1751
1715,1766
1713,1747
1715,1774
1707,1758
1713,1762
1719,1768
1708,1763
1715,1742
1712,1753
1710,1750
1722,1763
1709,1750
1711,1754
1728,1743
1710,1754
1713,1775
1709,1763
1713,1753
1714,1780
1722,1760
1722,1784
1718,1785
1722,1772
1725,1791
1722,1774
1722,1766
1712,1781
1714,1756
1711,1766
1713,1755
1713,1749
1710,1762
1712,1741
1713,1745
1709,1751
1713,1760
1712,1752
1713,1752
1712,1765
1710,1762
1712,1763
1709,1769
1713,1760
1710,1772
1712,1769
1713,1779
1715,1803
1722,1768
1728,1771
1719,1781
1731,1779
1716,1767
1709,1767
1710,1738
1712,1767
1728,1752
1711,1750
1713,1750
1706,1752
1712,1765
1716,1768
1719,1775
1714,1770
1719,1760
1712,1768
1712,1771
1711,1769
1713,1768
1711,1767
1711,1786
1711,1767
1707,1764
1715,1781
1707,1761
1713,1769
1706,1761
1709,1749
1712,1753
1711,1755
1710,1744
1712,1750
1710,1752
1713,1758
1713,1749
1713,1774
1711,1755
1708,1761
1712,1765
1708,1763
1710,1773
1714,1752
1710,1770
1722,1782
1720,1778
1727,1760
1715,1754
1714,1765
1709,1770
1713,1766
1712,1740
1709,1755
1709,1751
1710,1750
1717,1765
1718,1762
1729,1762
1709,1749
1708,1763
1711,1765
1715,1760
1711,1761
1713,1758
1712,1777
1713,1763
1716,1764
1714,1796
1711,1771
1709,1760
1709,1781
1712,1760
1709,1771
1710,1758
1722,1757
1714,1759
1715,1749
1707,1743
1712,1747
1711,1753
1712,1753
1713,1752
1712,1757
1710,1757
1711,1766
1709,1763
1710,1761
1711,1770
1713,1763
1711,1762
1709,1788
1713,1771
1712,1758
1714,1777
1709,1764
1709,1780
1711,1750
1707,1738
1714,1758
1711,1754
1710,1756
1710,1746
1710,1748
1712,1751
1717,1754
1711,1754
1727,1754
1711,1758
1712,1764
1708,1766
1711,1768
1712,1765
1723,1784
1717,1791
1714,1776
1715,1762
1714,1772
1714,1782
1709,1781
1710,1765
1709,1741
1709,1759
1713,1755
1716,1752
1714,1763
1730,1753
1712,1757
1713,1749
1712,1757
1720,1748
1716,1760
1715,1763
1713,1753
1716,1766
1711,1758
1716,1765
1711,1786
1705,1773
1709,1762
1713,1759
1713,1763
1710,1777
1717,1774
1709,1755
1717,1755
1710,1751
1708,1753
1715,1775
1722,1757
1719,1771
1727,1758
1712,1789
1727,1766
1721,1767
1716,1758
1710,1759
1722,1771
1711,1763
1706,1758
1709,1782
1712,1773
1714,1769
1712,1765
1712,1769
1718,1781
1708,1760
1711,1755
1709,1758
1710,1760
1712,1753
1713,1749
1714,1754
1714,1746
1710,1755
1712,1752
1711,1765
1722,1775
1714,1770
1714,1759
1707,1763
1730,1766
1729,1774
1709,1783
1718,1769
1710,1763
1714,1768
1711,1763
1711,1802
1718,1765
1713,1747
1710,1758
1709,1749
1710,1783
1715,1747
1715,1743
1713,1744
1709,1766
1719,1761
1728,1750
1712,1772
1712,1761
1713,1755
1711,1767
1709,1759
1730,1759
1713,1772
1707,1775
1715,1766
1710,1764
1712,1762
1713,1783
1710,1784
1711,1746
1723,1757
1714,1748
1708,1758
1711,1749
1711,1743
1721,1768
1717,1768
1718,1762
1714,1762
1712,1754
1711,1760
1708,1758
1709,1775
1720,1756
1722,1757
1709,1783
1711,1774
1708,1775
1713,1756
1709,1763
1713,1783
1711,1774
1709,1746
1710,1758
1709,1759
1709,1765
1725,1757
1711,1743
1708,1745
1714,1758
1710,1756
1713,1757
1713,1747
1711,1761
1708,1755
1714,1776
1713,1755
1712,1755
1713,1777
1710,1769
1713,1784
1710,1768
1707,1761
1727,1795
1715,1771
1716,1765
1712,1757
1707,1756
1713,1759
1711,1754
1708,1737
1711,1746
1721,1771
1722,1764
1721,1752
1721,1761
1713,1767
1719,1773
1719,1782
1711,1764
1714,1754
1715,1776
1713,1769
1711,1770
1707,1772
1722,1758
1710,1791
1709,1768
1710,1752
1717,1757
1712,1753
1724,1778
1728,1764
1721,1758
1714,1739
1707,1751
1712,1756
1710,1747
1710,1752
1722,1768
1712,1755
1712,1773
1712,1762
1711,1759
1711,1755
1711,1764
1710,1770
1710,1772
1712,1760
1713,1788
1711,1779
1714,1751
1710,1757
1711,1753
1711,1760
1713,1761
1714,1741
1711,1756
1714,1750
1708,1767
1718,1759
1711,1766
1716,1761
1709,1754
1706,1775
1710,1758
1715,1752
1711,1763
1712,1764
1711,1778
1711,1757
1710,1762
1705,1783
1712,1793
1716,1755
1708,1766
1711,1752
1706,1760
1707,1764
1713,1752
1720,1754
1718,1765
1713,1765
1714,1769
1719,1756
1727,1752
1711,1763
1711,1775
1709,1755
1709,1757
1724,1778
1716,1776
1715,1745
1712,1772
1709,1734
1711,1783
1712,1762
1708,1764
1712,1763
1712,1751
1711,1761
1711,1757
1707,1742
1712,1745
1708,1746
1714,1758
1727,1755
1723,1755
1711,1752
1713,1759
1712,1768
1702,1754
1713,1760
1710,1774
1708,1757
1724,1780
1715,1780
1707,1763
1712,1781
1708,1777
1710,1764
1708,1764
1710,1768
1712,1771
1710,1770
1709,1741
1709,1746
1710,1743
1710,1748
1707,1755
1721,1752
1709,1757
1714,1752
1708,1774
1707,1758
1728,1764
1726,1769
1716,1770
1717,1785
1719,1777
1722,1769
1721,1784
1715,1770
1711,1764
1710,1768
1709,1755
1708,1764
1710,1759
1710,1745
1709,1752
1713,1746
1712,1749
1708,1749
1708,1753
1717,1746
1708,1750
1708,1773
1709,1767
1707,1762
1712,1766
1712,1755
1708,1772
1710,1777
1721,1777
1719,1788
1710,1771
1711,1759
1710,1768
1711,1755
1713,1762
1710,1766
1728,1745
1711,1748
1718,1737
1711,1750
1708,1756
1709,1748
1713,1745
1714,1772
1709,1774
1711,1758
1710,1757
1712,1766
1709,1744
1712,1776
1709,1758
1713,1763
1705,1757
1713,1763
1710,1757
1708,1779
1712,1753
1708,1769
1713,1757
1710,1741
1711,1750
1712,1756
1724,1751
1719,1765
1710,1751
1708,1745
1708,1749
1711,1763
1725,1765
1708,1763
1708,1766
1706,1751
1708,1774
1708,1781
1718,1774
1724,1792
1712,1777
1719,1765
1725,1776
1718,1762
1707,1765
1706,1760
1709,1736
1712,1747
1707,1745
1709,1742
1707,1748
1710,1754
1701,1748
1722,1748
1709,1767
1706,1755
1708,1757
1706,1763
1707,1748
1704,1767
1706,1782
1709,1764
1705,1789
1705,1761
1704,1756
1707,1751
1706,1765
1706,1764
1707,1770
1706,1743
1710,1748
1703,1741
1708,1739
1702,1754
1702,1748
1706,1742
1701,1765
1709,1764
1705,1762
1726,1759
1702,1756
1703,1747
1705,1775
1703,1754
1705,1756
1702,1779
1701,1755
1714,1756
1711,1766
1702,1752
1700,1757
1703,1751
1698,1733
1703,1754
1705,1738
1700,1740
1701,1740
1699,1736
1701,1738
1695,1734
1698,1752
1697,1748
1697,1748
1701,1747
1698,1744
1699,1755
1697,1749
1693,1745
1702,1768
1710,1744
1706,1758
1709,1760
1711,1754
1704,1761
1706,1746
1710,1721
1694,1739
1693,1747
1691,1718
1692,1729
1691,1736
1693,1728
1691,1727
1692,1732
1689,1735
1693,1741
1692,1743
1690,1729
1696,1749
1689,1746
1704,1757
1702,1773
1695,1754
1698,1739
1700,1743
1685,1734
1684,1758
1687,1733
1683,1715
1689,1735
1696,1730
1683,1713
1687,1730
1691,1738
1698,1731
1680,1718
1683,1730
1682,1723
1683,1730
1684,1726
1692,1729
1689,1747
1689,1727
1683,1722
1680,1747
1678,1733
1678,1719
1683,1730
1679,1722
1677,1741
1682,1717
1677,1701
1675,1710
1674,1712
1677,1709
1680,1706
1679,1709
1681,1709
1677,1711
1678,1717
1687,1722
1676,1723
1691,1735
1691,1714
1675,1735
1683,1716
1674,1711
1691,1749
1685,1738
1686,1722
1687,1729
1687,1721
1686,1742
1691,1727
1690,1702
1675,1709
1675,1702
1672,1702
1672,1707
1673,1709
1671,1709
1672,1717
1672,1715
1670,1706
1681,1732
1675,1718
1670,1713
1684,1740
1677,1732
1683,1718
1688,1749
1678,1727
1677,1735
1682,1736
1674,1723
1691,1743
1688,1724
1692,1711
1676,1713
1671,1716
1674,1728
1674,1705
1676,1701
1677,1707
1676,1720
1676,1708
1672,1707
1677,1739
1680,1733
1690,1726
1681,1741
1682,1733
1683,1731
1679,1762
1680,1733
1675,1728
1680,1723
1689,1733
1680,1744
1678,1733
1687,1706
1680,1719
1681,1720
1697,1725
1689,1729
1685,1722
1687,1717
1685,1737
1693,1742
1692,1729
1690,1731
1685,1724
1686,1728
1690,1743
1692,1737
1692,1728
1704,1766
1706,1755
1706,1758
1701,1752
1708,1749
1698,1772
1700,1749
1693,1723
1697,1740
1698,1735
1696,1744
1695,1732
1695,1724
1697,1733
1701,1734
1701,1747
1700,1734
1700,1750
1706,1766
1706,1749
1703,1762
1703,1764
1719,1749
1702,1763
1704,1768
1705,1761
1707,1775
1723,1765
1715,1785
1718,1777
1714,1753
1705,1756
1709,1749
1720,1760
1717,1755
1726,1745
1716,1754
1718,1757
1710,1769
1710,1742
1708,1750
1708,1761
1710,1761
1707,1773
1710,1766
1709,1755
1713,1769
1708,1764
1723,1773
1714,1764
1711,1772
1720,1789
1726,1788
1713,1751
1712,1770
1712,1759
1710,1761
1713,1781
1713,1742
1711,1769
1707,1747
1708,1756
1713,1747
1711,1751
1711,1757
1714,1759
1710,1771
1709,1758
1716,1760
1713,1787
1721,1777
1721,1796
1714,1769
1720,1759
1713,1783
1716,1778
1717,1759
1709,1756
1708,1752
1711,1760
1723,1760
1710,1737
1714,1749
1709,1750
1711,1755
1711,1762
1719,1769
1715,1753
1707,1756
1711,1779
1708,1753
1712,1758
1711,1761
1706,1766
1709,1780
1709,1779
1707,1760
1709,1780
1714,1778
1711,1752
1714,1754
1709,1755
1728,1783
1720,1769
1712,1754
1722,1750
1718,1760
1706,1760
1722,1762
1714,1764
1723,1752
1706,1751
1713,1770
1711,1764
1720,1772
1720,1780
1709,1758
1712,1774
1709,1772
1711,1765
1713,1771
1712,1772
1712,1763
1707,1764
1722,1753
1711,1781
1715,1764
1716,1750
1714,1746
1711,1745
1709,1753
1709,1753
1710,1749
1712,1764
1716,1749
1712,1774
1712,1759
1711,1760
1712,1770
1714,1766
1713,1770
1709,1773
1712,1764
1710,1784
1712,1775
1710,1761
1711,1770
1708,1757
1713,1765
1713,1757
1715,1744
1714,1747
1716,1759
1711,1756
1725,1757
1728,1756
1712,1751
1714,1752
1710,1754
1713,1757
1711,1761
1713,1769
1713,1749
1712,1776
1713,1770
1714,1769
1713,1772
1716,1775
1714,1765
1712,1771
1710,1755
1712,1766
1714,1763
1713,1754
1716,1771
1717,1739
1710,1750
1710,1756
1710,1751
1710,1767
1716,1752
1719,1768
1711,1757
1710,1757
1715,1772
1714,1757
1712,1768
1710,1769
1714,1765
1713,1778
1715,1769
1716,1768
1711,1756
1711,1765
1711,1763
1706,1761
1710,1747
1713,1754
1713,1751
1715,1751
1716,1750
1713,1758
1713,1748
1711,1753
1718,1774
1718,1763
1715,1771
1718,1782
1714,1774
1718,1787
1715,1788
1717,1761
1712,1766
1712,1768
1723,1771
1714,1776
1714,1781
1710,1767
1711,1754
1714,1751
1711,1756
1710,1755
1712,1752
1715,1748
1713,1754
1711,1756
1712,1751
1714,1764
1712,1758
1709,1763
1714,1765
1712,1763
1713,1778
1728,1774
1717,1765
1707,1787
1714,1770
1719,1762
1710,1778
1714,1766
1712,1771
1710,1767
1723,1761
1727,1770
1724,1754
1725,1754
1723,1768
1722,1764
1709,1752
1714,1758
1710,1766
1710,1760
1711,1761
1712,1762
1712,1764
1709,1749
1712,1765
1713,1750
1714,1785
1715,1764
1711,1763
1710,1775
1727,1769
1711,1778
1716,1775
1710,1740
1714,1764
1713,1754
1724,1761
1716,1754
1711,1750
1710,1760
1712,1754
1711,1775
1713,1758
1715,1759
1722,1776
1725,1781
1714,1785
1714,1759
1711,1771
1713,1789
1713,1771
1715,1767
1710,1771
1721,1778
1720,1785
1729,1763
1709,1749
1724,1760
1726,1764
1723,1757
1723,1747
1715,1750
1711,1753
1729,1767
1727,1761
1721,1764
1715,1757
1714,1764
1711,1760
1725,1779
1718,1761
1707,1767
1723,1784
1712,1773
1716,1774
1713,1766
1713,1767
1711,1780
1712,1762
1709,1756
1711,1757
1711,1755
1712,1751
1709,1750
1710,1754
1727,1755
1712,1752
1713,1755
1710,1752
1715,1763
1712,1762
1709,1756
1714,1778
1721,1766
1729,1766
1721,1790
1728,1772
1723,1775
1721,1770
1723,1774
1729,1796
1730,1784
1717,1761
1717,1775
1718,1773
1721,1774
1721,1765
1716,1748
1712,1754
1718,1758
1713,1755
1716,1751
1715,1760
1715,1765
1716,1771
1718,1772
1731,1774
1724,1782
1727,1792
1726,1783
1724,1771
1729,1775
1716,1769
1713,1804
1719,1778
1716,1762
1716,1762
1719,1769
1717,1759
1716,1768
1719,1747
1713,1764
1717,1765
1713,1758
1718,1771
1719,1775
1722,1780
1719,1770
1716,1778
1719,1766
1733,1774
1720,1807
1724,1792
1729,1797
1725,1768
1734,1775
1729,1794
1731,1787
1735,1760
1717,1763
1719,1765
1713,1762
1715,1760
1712,1745
1717,1757
1715,1763
1716,1765
1716,1764
1718,1757
1714,1770
1732,1778
1732,1784
1731,1769
1730,1786
1725,1789
1720,1782
1718,1775
1733,1775
1716,1769
1715,1795
1718,1778
1718,1757
1715,1763
1733,1765
1717,1766
1717,1782
1724,1747
1713,1757
1715,1759
1716,1768
1716,1757
1718,1761
1719,1765
1718,1766
1716,1771
1719,1770
1718,1760
1719,1781
1718,1775
1718,1775
1717,1798
1730,1771
1728,1802
1727,1785
1729,1765
1729,1776
1729,1769
1734,1774
1719,1760
1719,1747
1717,1753
1715,1760
1717,1766
1720,1747
1718,1758
1717,1762
1715,1762
1718,1778
1721,1764
1720,1767
1719,1774
1717,1758
1719,1780
1719,1752
1731,1771
1734,1789
1729,1782
1724,1770
1737,1766
1716,1766
1720,1765
1715,1753
1715,1746
1726,1764
1717,1757
1721,1760
1717,1753
1717,1760
1722,1763
1716,1764
1712,1781
1721,1766
1722,1765
1717,1789
1717,1769
1720,1774
1718,1766
1719,1768
1717,1792
1716,1783
1726,1774
1719,1776
1721,1762
1726,1774
1729,1770
1723,1744
1716,1750
1721,1760
1718,1765
1730,1772
1733,1751
1716,1756
1715,1760
1716,1783
1716,1767
1719,1769
1713,1768
1716,1776
1717,1784
1715,1782
1718,1765
1715,1789
1716,1769
1719,1786
1718,1778
1718,1752
1716,1766
1718,1764
1715,1749
1711,1751
1717,1752
1716,1760
1716,1759
1718,1771
1724,1775
1718,1761
1713,1773
1715,1766
1719,1767
1712,1771
1720,1765
1718,1782
1713,1782
1718,1774
1716,1789
1718,1772
1715,1765
1714,1773
1719,1763
1717,1773
1716,1764
1715,1746
1714,1752
1731,1766
1722,1754
1716,1758
1716,1762
1715,1760
1718,1760
1713,1777
1716,1761
1718,1777
1716,1763
1718,1765
1714,1776
1715,1778
1720,1772
1724,1787
1719,1776
1716,1776
1715,1783
1719,1758
1719,1770
1734,1766
1715,1746
1716,1763
1718,1754
1719,1759
1718,1754
1721,1756
1716,1760
1725,1760
1719,1778
1719,1776
1726,1773
1728,1781
1722,1766
1717,1778
1718,1765
1719,1777
1713,1788
1717,1781
1729,1779
1721,1793
1721,1761
1716,1772
1721,1783
1717,1751
1716,1754
1726,1764
1716,1755
1717,1763
1717,1761
1718,1754
1719,1761
1715,1778
1719,1762
1715,1773
1734,1785
1719,1757
1717,1779
1734,1783
1714,1776
1718,1786
1719,1769
1718,1773
1712,1779
1719,1760
1720,1787
1725,1782
1726,1770
1727,1765
1724,1747
1720,1763
1725,1766
1719,1778
1720,1757
1718,1761
1718,1774
1726,1773
1719,1780
1726,1784
1720,1774
1737,1784
1725,1787
1722,1786
1723,1799
1715,1776
1718,1783
1722,1794
1719,1769
1715,1774
1715,1770
1719,1744
1714,1757
1722,1757
1717,1764
1716,1759
1718,1761
1720,1755
1720,1762
1715,1779
1715,1762
1719,1761
1716,1766
1719,1767
1718,1786
1715,1778
1723,1772
1714,1787
1719,1778
1713,1767
1729,1788
1725,1759
1731,1779
1715,1773
1719,1754
1716,1766
1717,1755
1718,1763
1720,1773
1728,1767
1735,1755
1716,1755
1719,1771
1722,1771
1727,1772
1732,1764
1719,1768
1725,1785
1724,1787
1727,1776
1731,1800
1729,1778
1728,1772
1729,1811
1728,1793
1727,1789
1723,1775
1720,1748
1720,1763
1717,1756
1718,1770
1728,1773
1729,1760
1736,1754
1714,1759
1721,1767
1715,1777
1721,1777
1716,1769
1731,1779
1727,1793
1734,1770
1717,1781
1717,1795
1719,1785
1721,1773
1716,1777
1720,1789
1717,1781
1717,1772
1721,1766
1715,1763
1718,1756
1716,1754
1718,1759
1719,1767
1719,1756
1718,1757
1719,1754
1717,1759
1718,1766
1715,1774
1721,1765
1717,1762
1717,1767
1721,1782
1714,1798
1718,1795
1720,1780
1732,1786
1730,1774
1724,1796
1731,1780
1711,1755
1715,1761
1716,1758
1717,1751
1717,1752
1716,1755
1719,1757
1735,1762
1716,1759
1716,1756
1717,1765
1730,1783
1727,1772
1737,1783
1727,1763
1715,1773
1719,1787
1715,1783
1733,1773
1729,1781
1725,1775
1733,1796
1718,1772
1717,1749
1719,1776
1730,1771
1726,1763
1730,1766
1734,1764
1720,1753
1718,1761
1727,1757
1718,1756
1714,1778
1725,1765
1716,1752
1718,1779
1715,1771
1720,1762
1717,1790
1724,1781
1714,1767
1714,1785
1716,1773
1717,1788
1718,1771
1717,1747
1717,1767
1717,1762
1718,1756
1719,1758
1716,1750
1713,1755
1717,1761
1720,1765
1728,1771
1721,1773
1726,1777
1726,1767
1731,1778
1728,1763
1715,1766
1717,1797
1718,1772
1719,1784
1726,1788
1724,1784
1720,1807
1725,1787
1718,1767
1724,1777
1723,1757
1722,1762
1716,1755
1718,1748
1718,1753
1715,1756
1718,1755
1719,1756
1719,1764
1718,1767
1718,1773
1716,1769
1716,1766
1731,1775
1728,1790
1724,1777
1715,1773
1717,1771
1716,1768
1714,1789
1714,1781
1718,1751
1718,1761
1720,1782
1724,1786
1725,1777
1724,1755
1730,1767
1724,1756
1715,1758
1718,1755
1717,1763
1715,1762
1714,1780
1728,1782
1725,1773
1727,1764
1731,1797
1722,1789
1721,1787
1719,1770
1714,1782
1729,1802
1720,1787
1725,1767
1728,1765
1724,1771
1720,1773
1722,1755
1718,1745
1716,1749
1716,1758
1717,1763
1713,1753
1724,1759
1720,1779
1717,1774