2500,10000
1710,1775
1712,1771
1706,1767
1721,1776
1721,1765
1730,1779
1722,1753
1713,1762
1711,1766
1713,1757
1709,1740
1704,1747
1712,1743
1722,1751
1717,1763
1716,1765
1708,1755
1727,1751
1711,1769
1715,1757
1726,1763
1718,1769
1716,1762
1716,1791
1714,1764
1713,1764
1710,1778
1713,1764
1713,1777
1720,1768
1710,1770
1712,1764
1710,1749
1717,1745
1716,1750
1711,1750
1714,1741
1712,1746
1711,1750
1711,1748
1709,1751
1716,1766
1709,1758
1711,1759
1713,1761
1711,1762
1711,1777
1714,1773
1722,1765
1724,1792
1721,1769
1727,1756
1711,1776
1713,1764
1712,1769
1712,1772
1713,1753
1710,1755
1708,1744
1708,1745
1712,1747
1711,1754
1727,1755
1723,1756
1714,1771
1714,1767
1717,1773
1712,1760
1712,1759
1709,1768
1717,1760
1711,1758
1712,1794
1719,1773
1708,1761
1724,1765
1707,1761
1713,1773
1726,1760
1715,1743
1715,1752
1712,1751
1730,1747
1717,1758
1720,1759
1717,1774
1728,1757
1729,1771
1720,1753
1715,1761
1708,1763
1711,1766
1712,1776
1713,1765
1714,1756
1712,1768
1714,1769
1728,1759
1711,1757
1712,1762
1712,1778
1713,1756
1709,1737
1709,1757
1712,1749
1712,1746
1710,1743
1711,1755
1720,1755
1721,1751
1710,1751
1723,1769
1729,1762
1711,1762
1710,1752
1709,1770
1713,1769
1710,1755
1710,1778
1725,1772
1710,1761
1709,1763
1728,1761
1715,1780
1716,1752
1709,1745
1710,1773
1712,1756
1709,1769
1712,1741
1713,1767
1712,1747
1709,1768
1712,1757
1711,1771
1715,1772
1711,1760
1711,1754
1713,1765
1711,1761
1715,1757
1721,1782
1724,1771
1726,1773
1719,1774
1724,1771
1727,1788
1727,1770
1711,1740
1713,1754
1713,1753
1710,1761
1713,1743
1707,1742
1727,1748
1730,1753
1710,1754
1713,1743
1712,1755
1713,1762
1711,1767
1709,1769
1715,1759
1713,1754
1712,1761
1711,1768
1708,1770
1710,1764
1709,1763
1711,1779
1719,1764
1711,1743
1711,1769
1718,1773
1722,1764
1718,1769
1712,1736
1711,1749
1711,1752
1709,1759
1709,1746
1712,1752
1711,1759
1718,1752
1714,1769
1712,1764
1712,1763
1713,1772
1711,1767
1714,1764
1708,1759
1715,1763
1708,1779
1709,1770
1714,1748
1709,1770
1723,1759
1708,1757
1723,1761
1723,1744
1729,1746
1711,1750
1710,1759
1711,1764
1722,1755
1716,1769
1714,1758
1711,1770
1714,1769
1719,1767
1711,1774
1715,1760
1713,1766
1714,1760
1729,1764
1722,1785
1726,1761
1722,1762
1718,1770
1725,1761
1712,1760
1713,1749
1712,1736
1712,1753
1720,1762
1718,1753
1713,1734
1709,1769
1709,1752
1709,1756
1715,1775
1711,1758
1713,1753
1713,1763
1715,1761
1709,1768
1712,1770
1714,1758
1711,1775
1710,1764
1713,1760
1710,1757
1710,1750
1714,1763
1708,1753
1713,1738
1731,1741
1709,1752
1712,1755
1710,1746
1715,1748
1710,1759
1727,1763
1712,1778
1710,1751
1713,1757
1711,1751
1709,1761
1712,1771
1711,1768
1710,1756
1712,1774
1708,1773
1710,1755
1708,1763
1708,1743
1715,1755
1712,1755
1711,1744
1710,1751
1711,1742
1708,1752
1713,1749
1713,1752
1712,1748
1711,1754
1712,1779
1710,1752
1711,1759
1724,1763
1711,1761
1713,1772
1723,1771
1719,1775
1713,1779
1727,1775
1709,1760
1710,1761
1706,1749
1711,1756
1711,1757
1711,1740
1708,1739
1709,1738
1711,1751
1727,1761
1708,1748
1713,1748
1712,1746
1710,1772
1710,1760
1722,1764
1726,1771
1722,1758
1724,1773
1711,1781
1720,1771
1727,1781
1721,1765
1726,1763
1727,1768
1710,1754
1711,1757
1710,1764
1710,1745
1712,1748
1711,1757
1716,1749
1713,1744
1709,1754
1710,1752
1710,1763
1711,1763
1710,1759
1713,1754
1711,1764
1713,1745
1712,1775
1711,1759
1717,1759
1711,1767
1709,1764
1714,1756
1708,1766
1712,1756
1721,1766
1708,1757
1711,1738
1709,1744
1712,1741
1712,1745
1708,1751
1711,1756
1712,1750
1709,1749
1712,1769
1709,1760
1710,1761
1711,1758
1709,1754
1713,1779
1708,1766
1713,1767
1709,1780
1711,1760
1710,1756
1707,1771
1710,1749
1712,1763
1712,1756
1705,1744
1710,1748
1713,1753
1719,1753
1709,1748
1712,1768
1710,1747
1710,1759
1723,1765
1719,1763
1720,1769
1725,1764
1719,1759
1724,1781
1719,1768
1719,1769
1723,1790
1727,1760
1708,1754
1728,1769
1713,1757
1712,1768
1713,1755
1708,1746
1711,1755
1710,1747
1709,1743
1729,1765
1716,1757
1715,1751
1712,1747
1708,1759
1713,1761
1709,1760
1710,1756
1711,1752
1713,1763
1713,1763
1707,1768
1716,1779
1711,1764
1721,1769
1716,1768
1710,1765
1712,1771
1707,1758
1711,1740
1721,1762
1711,1750
1712,1759
1708,1744
1712,1752
1712,1748
1714,1748
1710,1748
1710,1754
1712,1770
1726,1772
1714,1752
1713,1785
1721,1770
1716,1777
1717,1794
1716,1755
1712,1765
1714,1760
1709,1759
1713,1772
1709,1759
1709,1744
1710,1766
1719,1757
1722,1749
1723,1747
1726,1754
1715,1750
1709,1749
1712,1753
1710,1747
1711,1761
1709,1758
1710,1756
1713,1773
1712,1770
1720,1767
1718,1782
1710,1773
1712,1756
1709,1776
1716,1772
1710,1778
1711,1760
1711,1743
1706,1746
1709,1750
1727,1752
1710,1746
1710,1748
1709,1747
1708,1750
1707,1751
1709,1745
1716,1752
1709,1761
1713,1754
1710,1767
1712,1755
1709,1755
1728,1791
1716,1779
1719,1774
1717,1777
1718,1773
1716,1792
1728,1779
1720,1759
1720,1757
1725,1760
1728,1758
1721,1756
1724,1742
1710,1744
1709,1747
1712,1763
1724,1748
1716,1759
1709,1760
1712,1749
1710,1768
1720,1774
1710,1753
1710,1777
1711,1758
1725,1758
1708,1763
1709,1756
1708,1780
1713,1765
1711,1743
1708,1750
1710,1751
1715,1740
1713,1740
1709,1741
1713,1743
1712,1749
1726,1752
1708,1742
1710,1756
1712,1762
1711,1760
1712,1766
1724,1767
1715,1768
1723,1775
1718,1774
1725,1753
1726,1775
1719,1761
1725,1780
1711,1771
1709,1743
1708,1753
1726,1754
1710,1751
1711,1753
1712,1739
1709,1740
1712,1745
1709,1753
1709,1743
1724,1752
1711,1750
1709,1751
1707,1766
1715,1756
1715,1753
1709,1765
1714,1776
1718,1775
1714,1786
1720,1758
1718,1786
1719,1764
1708,1749
1706,1750
1711,1750
1710,1757
1709,1750
1711,1734
1708,1743
1726,1752
1708,1756
1709,1756
1710,1752
1713,1758
1708,1754
1712,1771
1712,1755
1711,1754
1727,1772
1731,1759
1712,1769
1711,1775
1711,1773
1726,1779
1724,1770
1709,1754
1713,1754
1709,1752
1719,1759
1713,1751
1715,1742
1706,1741
1715,1745
1712,1769
1713,1754
1715,1749
1712,1754
1715,1761
1711,1770
1713,1758
1714,1773
1719,1764
1715,1762
1711,1762
1715,1777
1728,1760
1719,1788
1717,1770
1720,1754
1713,1756
1711,1753
1710,1763
1712,1753
1713,1740
1712,1736
1712,1745
1709,1755
1727,1759
1723,1765
1721,1752
1726,1753
1711,1772
1708,1768
1729,1759
1712,1753
1710,1756
1712,1770
1715,1769
1713,1760
1714,1752
1710,1775
1709,1750
1712,1762
1710,1763
1710,1764
1710,1775
1720,1749
1717,1764
1709,1752
1716,1771
1711,1746
1714,1744
1710,1755
1711,1750
1712,1775
1708,1754
1711,1756
1712,1760
1710,1755
1709,1773
1711,1764
1714,1762
1710,1775
1711,1772
1711,1754
1710,1750
1712,1750
1708,1760
1709,1758
1710,1737
1708,1740
1708,1739
1711,1746
1710,1747
1709,1751
1710,1743
1708,1748
1709,1772
1725,1765
1713,1755
1711,1769
1711,1757
1708,1772
1712,1762
1711,1773
1716,1780
1715,1760
1710,1768
1711,1762
1706,1749
1709,1758
1710,1748
1706,1745
1712,1743
1707,1739
1707,1747
1712,1745
1709,1753
1723,1757
1723,1761
1711,1781
1720,1769
1720,1761
1722,1767
1708,1760
1709,1781
1723,1767
1708,1769
1710,1774
1713,1762
1718,1768
1716,1773
1712,1762
1709,1761
1709,1753
1710,1741
1713,1748
1709,1745
1708,1750
1723,1755
1718,1765
1713,1755
1713,1762
1712,1781
1714,1758
1709,1753
1708,1764
1722,1761
1711,1780
1710,1767
1715,1775
1718,1780
1719,1780
1710,1759
1708,1772
1711,1755
1711,1774
1717,1772
1717,1764
1720,1763
1720,1767
1707,1741
1709,1757
1712,1750
1709,1752
1713,1749
1717,1763
1711,1760
1710,1758
1724,1774
1725,1758
1724,1781
1721,1771
1720,1765
1726,1786
1727,1780
1721,1762
1713,1764
1720,1768
1721,1774
1717,1766
1713,1740
1709,1753
1713,1746
1710,1738
1717,1758
1713,1753
1708,1749
1712,1745
1709,1757
1711,1776
1718,1770
1714,1761
1710,1752
1712,1774
1708,1762
1713,1758
1710,1784
1712,1763
1715,1752
1708,1772
1710,1760
1707,1773
1714,1751
1708,1760
1718,1763
1720,1769
1710,1754
1728,1745
1708,1748
1710,1748
1709,1745
1711,1753
1708,1755
1710,1763
1708,1757
1710,1751
1707,1771
1711,1762
1712,1754
1710,1780
1710,1767
1710,1774
1714,1763
1707,1756
1707,1771
1709,1756
1707,1739
1711,1748
1709,1748
1712,1753
1708,1740
1722,1751
1710,1746
1728,1749
1717,1750
1709,1751
1707,1762
1711,1758
1708,1771
1713,1768
1713,1759
1709,1754
1709,1766
1710,1772
1708,1754
1709,1766
1707,1759
1726,1772
1707,1757
1708,1738
1707,1750
1705,1747
1709,1773
1708,1742
1710,1750
1707,1767
1715,1759
1711,1749
1709,1742
1708,1755
1708,1739
1706,1752
1709,1768
1715,1759
1723,1768
1711,1786
1716,1783
1715,1767
1711,1760
1710,1754
1708,1789
1711,1766
1707,1736
1709,1754
1707,1745
1710,1747
1710,1757
1711,1744
1706,1740
1712,1750
1719,1755
1718,1760
1719,1758
1707,1759
1708,1750
1705,1764
1707,1755
1709,1748
1706,1775
1709,1770
1708,1770
1707,1756
1707,1762
1707,1773
1707,1752
1705,1745
1708,1747
1710,1752
1710,1748
1708,1744
1714,1738
1706,1748
1708,1745
1707,1754
1710,1739
1708,1748
1710,1759
1722,1758
1714,1768
1718,1759
1717,1749
1709,1771
1709,1761
1707,1762
1713,1756
1709,1759
1711,1778
1705,1766
1708,1741
1707,1750
1708,1744
1708,1758
1708,1759
1707,1739
1724,1742
1713,1745
1722,1759
1714,1763
1725,1743
1715,1769
1725,1760
1706,1767
1708,1755
1706,1753
1707,1755
1713,1761
1709,1760
1708,1768
1711,1753
1708,1777
1710,1764
1711,1747
1708,1751
1708,1743
1709,1775
1707,1747
1707,1734
1705,1749
1707,1747
1710,1767
1719,1738
1709,1746
1711,1752
1710,1754
1710,1763
1707,1746
1707,1749
1706,1763
1708,1758
1707,1759
1710,1751
1718,1750
1709,1792
1718,1774
1722,1753
1710,1750
1712,1740
1704,1751
1706,1745
1723,1739
1725,1739
1708,1743
1708,1750
1709,1751
1708,1757
1724,1759
1725,1758
1713,1784
1715,1762
1715,1764
1713,1780
1717,1763
1709,1769
1710,1767
1707,1756
1710,1768
1714,1756
1710,1752
1714,1757
1708,1753
1707,1756
1708,1752
1712,1733
1709,1744
1710,1746
1711,1752
1724,1746
1712,1746
1710,1744
1708,1753
1711,1772
1708,1751
1712,1753
1707,1757
1721,1762
1718,1773
1719,1781
1722,1768
1719,1776
1723,1780
1716,1760
1723,1764
1710,1757
1706,1763
1707,1754
1710,1742
1709,1737
1707,1758
1707,1749
1724,1759
1705,1744
1709,1744
1707,1752
1706,1772
1708,1759
1708,1753
1707,1748
1704,1756
1707,1772
1708,1765
1713,1759
1711,1787
1717,1770
1708,1759
1708,1759
1709,1751
1709,1753
1708,1754
1717,1736
1707,1750
1724,1746
1707,1751
1709,1760
1720,1750
1713,1746
1709,1757
1727,1747
1706,1756
1712,1758
1709,1764
1707,1737
1711,1774
1709,1757
1711,1763
1705,1772
1710,1766
1708,1756
1707,1765
1710,1764
1705,1743
1711,1763
1712,1738
1712,1745
1724,1746
1713,1755
1709,1751
1708,1753
1706,1741
1707,1743
1708,1769
1721,1767
1719,1760
1717,1762
1716,1760
1714,1783
1712,1777
1718,1775
1720,1780
1717,1762
1720,1762
1725,1769
1708,1763
1722,1760
1709,1755
1709,1755
1714,1757
1721,1742
1702,1738
1709,1742
1712,1752
1713,1742
1724,1755
1713,1769
1711,1759
1707,1756
1716,1759
1706,1751
1707,1769
1703,1760
1706,1765
1707,1776
1706,1760
1708,1754
1720,1775
1715,1755
1708,1770
1715,1751
1708,1739
1716,1754
1724,1747
1709,1740
1711,1751
1713,1746
1710,1746
1709,1744
1710,1759
1708,1766
1719,1760
1711,1759
1709,1749
1709,1772
1707,1765
1711,1759
1708,1778
1709,1763
1723,1773
1724,1773
1726,1774
1721,1780
1710,1755
1708,1743
1709,1746
1709,1754
1709,1735
1708,1742
1709,1749
1706,1747
1710,1750
1709,1757
1712,1751
1708,1761
1709,1756
1710,1752
1713,1770
1716,1764
1726,1752
1712,1798
1709,1756
1713,1753
1711,1765
1707,1770
1710,1762
1706,1753
1708,1756
1708,1748
1709,1744
1711,1738
1707,1754
1709,1747
1705,1743
1709,1745
1708,1753
1710,1749
1711,1759
1709,1756
1723,1754
1719,1774
1721,1766
1714,1765
1718,1787
1719,1760
1708,1754
1708,1781
1711,1766
1707,1775
1709,1754
1709,1736
1710,1743
1710,1742
1720,1754
1721,1746
1712,1744
1709,1747
1709,1743
1708,1739
1707,1745
1721,1764
1712,1774
1709,1755
1711,1774
1707,1743
1710,1756
1706,1779
1718,1784
1725,1757
1710,1762
1708,1759
1706,1778
1709,1760
1707,1736
1712,1755
1708,1748
1708,1748
1709,1738
1710,1747
1708,1746
1706,1747
1712,1752
1710,1738
1709,1755
1708,1750
1706,1750
1709,1768
1708,1758
1714,1755
1709,1774
1709,1763
1707,1758
1709,1761
1708,1756
1706,1788
1711,1766
1715,1741
1714,1745
1711,1766
1710,1747
1707,1744
1725,1739
1706,1745
1706,1748
1706,1751
1708,1743
1710,1754
1713,1759
1709,1752
1711,1768
1707,1756
1710,1750
1709,1773
1707,1767
1712,1769
1718,1769
1721,1754
1717,1775
1712,1762
1706,1743
1710,1756
1710,1749
1709,1738
1712,1747
1716,1734
1710,1744
1712,1751
1706,1754
1707,1738
1708,1754
1708,1759
1709,1758
1710,1778
1720,1760
1712,1751
1728,1772
1704,1761
1708,1773
1717,1772
1716,1767
1711,1789
1715,1783
1712,1766
1722,1753
1708,1749
1711,1750
1708,1753
1710,1737
1717,1739
1708,1747
1709,1752
1722,1754
1719,1756
1723,1764
1716,1761
1717,1778
1714,1773
1718,1766
1719,1778
1721,1770
1718,1769
1713,1763
1705,1746
1710,1778
1709,1767
1707,1747
1706,1750
1721,1751
1714,1757
1713,1750
1706,1733
1712,1739
1724,1755
1713,1754
1708,1759
1715,1758
1714,1754
1708,1749
1709,1770
1707,1752
1711,1754
1710,1765
1707,1762
1709,1768
1707,1765
1710,1768
1717,1786
1718,1768
1708,1762
1720,1754
1725,1754
1708,1754
1709,1752
1709,1735
1725,1738
1710,1740
1710,1754
1704,1745
1708,1747
1711,1747
1705,1750
1707,1770
1706,1758
1706,1753
1706,1759
1709,1754
1706,1766
1707,1768
1704,1757
1708,1777
1726,1767
1725,1761
1707,1757
1706,1757
1709,1756
1708,1752
1716,1739
1709,1735
1711,1755
1718,1751
1708,1748
1708,1749
1707,1741
1709,1750
1708,1770
1707,1755
1707,1753
1710,1759
1709,1757
1710,1768
1706,1767
1705,1762
1709,1771
1709,1765
1711,1773
1705,1759
1709,1751
1707,1763
1709,1754
1710,1735
1712,1738
1710,1739
1705,1750
1707,1745
1710,1750
1717,1741
1710,1746
1710,1766
1704,1755
1711,1756
1715,1759
1709,1751
1710,1771
1712,1769
1709,1762
1709,1765
1710,1761
1707,1753
1709,1760
1708,1751
1707,1755
1709,1753
1707,1734
1710,1738
1707,1739
1708,1745
1708,1744
1710,1751
1712,1751
1709,1742
1716,1769
1707,1758
1707,1752
1709,1756
1709,1760
1708,1770
1719,1784
1708,1762
1713,1782
1722,1763
1710,1755
1710,1748
1707,1759
1707,1775
1711,1753
1708,1733
1706,1757
1716,1745
1709,1745
1712,1741
1711,1749
1709,1739
1706,1745
1710,1770
1710,1749
1708,1753
1718,1765
1721,1754
1719,1779
1715,1768
1710,1767
1706,1778
1707,1759
1708,1756
1705,1769
1710,1755
1708,1764
1707,1759
1719,1763
1710,1751
1723,1745
1707,1739
1709,1740
1706,1734
1707,1766
1707,1748
1714,1770
1710,1758
1709,1759
1714,1771
1714,1770
1715,1786
1723,1767
1719,1758
1707,1777
1709,1762
1722,1771
1711,1777
1706,1759
1711,1762
1713,1753
1707,1739
1709,1744
1718,1760
1710,1743
1714,1740
1709,1748
1709,1747
1721,1753
1717,1758
1711,1772
1717,1764
1707,1756
1712,1752
1708,1774
1709,1770
1716,1768
1720,1780
1714,1773
1712,1767
1709,1766
1706,1760
1727,1775
1723,1760
1724,1745
1713,1760
1712,1744
1709,1737
1704,1744
1707,1751
1708,1751
1716,1743
1705,1755
1708,1755
1708,1759
1707,1751
1710,1754
1708,1772
1707,1755
1709,1759
1709,1780
1708,1764
1710,1755
1716,1757
1706,1754
1709,1769
1709,1756
1706,1738
1723,1765
1723,1752
1717,1750
1716,1758
1713,1751
1719,1746
1708,1743
1709,1748
1709,1751
1712,1761
1705,1760
1711,1747
1711,1766
1712,1785
1707,1761
1706,1783
1709,1763
1710,1753
1708,1763
1711,1759
1718,1780
1725,1757
1718,1748
1718,1746
1707,1746
1709,1746
1709,1746
1711,1744
1707,1744
1710,1763
1710,1745
1710,1749
1710,1758
1712,1738
1710,1765
1712,1777
1720,1756
1720,1766
1719,1781
1719,1790
1710,1765
1712,1758
1709,1762
1709,1775
1706,1760
1705,1733
1706,1747
1704,1753
1706,1753
1708,1742
1708,1741
1714,1741
1708,1752
1708,1749
1710,1746
1709,1753
1708,1757
1710,1748
1709,1766
1706,1754
1710,1767
1709,1772
1720,1773
1710,1763
1709,1763
1710,1756
1716,1766
1705,1759
1720,1755
1709,1767
1726,1747
1707,1753
1711,1744
1708,1737
1709,1749
1709,1747
1707,1751
1708,1738
1710,1749
1706,1743
1709,1750
1708,1764
1705,1756
1707,1737
1710,1769
1709,1763
1708,1764
1708,1751
1708,1758
1708,1776
1706,1777
1710,1738
1708,1759
1715,1743
1708,1748
1711,1747
1709,1739
1710,1737
1712,1753
1723,1762
1713,1762
1711,1747
1710,1759
1710,1761
1714,1766
1706,1755
1707,1754
1708,1766
1709,1768
1709,1762
1708,1760
1711,1756
1714,1783
1706,1752
1703,1750
1707,1746
1709,1748
1707,1754
1707,1746
1705,1729
1706,1738
1708,1745
1708,1754
1707,1739
1710,1745
1709,1752
1707,1750
1708,1760
1708,1758
1716,1760
1714,1757
1706,1763
1709,1765
1710,1765
1705,1749
1712,1782
1708,1759
1708,1753
1708,1752
1713,1744
1704,1762
1709,1748
1707,1733
1709,1737
1708,1751
1707,1753
1706,1750
1707,1742
1711,1749
1710,1750
1709,1768
1707,1752
1710,1753
1711,1762
1714,1764
1720,1776
1716,1782
1719,1761
1709,1778
1708,1767
1706,1748
1705,1754
1705,1757
1709,1756
1710,1766
1727,1740
1714,1758
1713,1749
1709,1752
1722,1743
1710,1751
1710,1746
1709,1756
1711,1773
1704,1751
1711,1753
1712,1761
1710,1754
1711,1768
1708,1758
1711,1751
1707,1773
1709,1769
1711,1761
1710,1772
1711,1742
1710,1755
1709,1751
1710,1736
1711,1744
1711,1742
1709,1746
1709,1747
1710,1750
1717,1751
1723,1755
1724,1777
1721,1748
1707,1750
1710,1763
1727,1756
1710,1772
1711,1763
1711,1756
1708,1774
1708,1758
1708,1771
1718,1764
1718,1754
1717,1762
1720,1743
1710,1737
1710,1739
1707,1737
1707,1746
1708,1746
1723,1756
1719,1742
1717,1757
1726,1770
1723,1766
1722,1758
1720,1767
1707,1745
1711,1770
1711,1749
1705,1763
1711,1764
1707,1761
1708,1761
1707,1764
1715,1746
1710,1761
1706,1766
1706,1741
1714,1741
1709,1743
1709,1744
1705,1744
1720,1760
1715,1759
1706,1745
1710,1768
1707,1756
1710,1763
1706,1755
1708,1754
1710,1773
1715,1762
1708,1769
1728,1777
1710,1766
1711,1767
1706,1762
1707,1755
1711,1775
1726,1772
1716,1747
1713,1766
1715,1754
1715,1756
1711,1755
1709,1755
1707,1740
1719,1756
1712,1782
1711,1755
1710,1751
1707,1760
1709,1750
1706,1774
1710,1761
1725,1765
1725,1785
1718,1761
1705,1763
1707,1767
1708,1762
1708,1759
1709,1747
1709,1738
1707,1750
1710,1743
1714,1740
1709,1748
1707,1747
1709,1744
1712,1750
1706,1759
1708,1753
1705,1751
1710,1758
1709,1750
1709,1772
1712,1774
1714,1758
1713,1783
1711,1760
1710,1763
1708,1765
1718,1756
1707,1763
1704,1750
1706,1741
1709,1748
1722,1742
1709,1735
1706,1742
1707,1749
1724,1747
1708,1744
1707,1751
1707,1751
1710,1756
1709,1755
1705,1757
1726,1777
1706,1756
1716,1759
1709,1781
1709,1764
1709,1757
1709,1752
1709,1756
1723,1772
1728,1773
1725,1744
1717,1760
1716,1751
1711,1756
1706,1747
1709,1749
1710,1746
1711,1741
1710,1760
1717,1759
1719,1761
1718,1764
1718,1758
1718,1779
1713,1758
1709,1770
1713,1781
1712,1763
1707,1765
1726,1784
1716,1756
1707,1772
1711,1758
1709,1759
1711,1745
1708,1745
1708,1738
1707,1744
1706,1744
1707,1749
1707,1747
1707,1752
1708,1744
1710,1755
1705,1759
1706,1754
1710,1770
1709,1757
1723,1751
1707,1779
1707,1765
1708,1760
1709,1766
1708,1754
1710,1786
1718,1769
1716,1744
1718,1771
1716,1758
1712,1756
1708,1745
1706,1738
1714,1744
1711,1747
1709,1755
1721,1747
1717,1762
1711,1769
1709,1748
1708,1767
1708,1760
1706,1750
1708,1769
1708,1756
1709,1757
1711,1761
1708,1763
1711,1772
1707,1759
1709,1738
1709,1750
1707,1753
1708,1750
1708,1753
1720,1755
1709,1739
1710,1746
1707,1745
1707,1742
1709,1758
1708,1764
1706,1757
1706,1763
1709,1751
1712,1752
1710,1772
1709,1759
1705,1757
1709,1758
1707,1755
1707,1776
1708,1768
1723,1744
1716,1762
1711,1752
1722,1756
1718,1752
1714,1746
1712,1749
1713,1768
1708,1750
1707,1738
1707,1751
1708,1746
1709,1753
1711,1765
1712,1785
1710,1756
1710,1770
1723,1770
1712,1763
1707,1761
1707,1758
1715,1775
1708,1770
1711,1740
1706,1742
1722,1759
1725,1757
1717,1759
1713,1733
1708,1743
1726,1746
1715,1751
1709,1736
1709,1746
1711,1756
1710,1755
1706,1770
1709,1753
1707,1750
1708,1761
1706,1760
1707,1764
1709,1760
1708,1757
1713,1773
1706,1766
1708,1751
1725,1756
1723,1757
1717,1768
1707,1743
1706,1733
1712,1749
1722,1745
1708,1741
1706,1737
1707,1745
1707,1754
1719,1758
1719,1778
1726,1772
1713,1756
1709,1760
1719,1777
1708,1761
1703,1771
1723,1765
1715,1778
1713,1780
1722,1759
1726,1757
1712,1748
1708,1754
1709,1756
1705,1735
1711,1755
1711,1744
1709,1753
1706,1745
1709,1760
1711,1755
1708,1755
1707,1773
1708,1755
1709,1751
1712,1759
1708,1755
1709,1765
1707,1769
1709,1753
1710,1783
1707,1766
1724,1766
1715,1759
1708,1744
1708,1751
1709,1752
1708,1734
1706,1750
1707,1745
1711,1752
1709,1742
1708,1760
1711,1751
1706,1749
1707,1775
1724,1771
1717,1760
1714,1770
1718,1763
1712,1770
1710,1777
1710,1753
1706,1774
1708,1761
1708,1755
1707,1749
1713,1747
1706,1756
1711,1764
1726,1738
1721,1756
1724,1750
1717,1754
1718,1744
1705,1743
1710,1743
1706,1763
1705,1772
1707,1751
1710,1750
1709,1773
1725,1760
1724,1775
1717,1772
1716,1765
1719,1772
1709,1766
1706,1757
1709,1761
1705,1748
1709,1759
1707,1745
1709,1756
1716,1757
1711,1755
1712,1738
1715,1744
1709,1762
1716,1749
1713,1754
1726,1770
1709,1755
1708,1754
1710,1760
1709,1768
1720,1774
1715,1776
1721,1766
1707,1778
1704,1762
1711,1767
1707,1763
1709,1753
1706,1756
1709,1755
1710,1734
1709,1744
1708,1740
1706,1749
1710,1743
1711,1752
1712,1735
1709,1749
1707,1769
1706,1756
1710,1755
1706,1758
1709,1751
1709,1776
1709,1762
1710,1757
1705,1760
1709,1764
1718,1757
1706,1758
1709,1752
1707,1756
1707,1756
1719,1756
1715,1757
1729,1742
1706,1739
1722,1747
1725,1755
1718,1761
1720,1751
1724,1768
1720,1764
1718,1760
1724,1765
1709,1747
1708,1773
1708,1739
1709,1761
1722,1772
1718,1763
1718,1760
1707,1747
1708,1760
1707,1761
1708,1747
1709,1735
1707,1747
1707,1745
1708,1740
1707,1745
1710,1750
1711,1745
1709,1746
1714,1767
1708,1758
1710,1755
1709,1762
1713,1748
1710,1774
1716,1764
1722,1761
1706,1780
1708,1761
1709,1752
1708,1762
1707,1758
1706,1773
1710,1749
1708,1744
1713,1745
1706,1749
1710,1744
1707,1745
1707,1748
1716,1748
1710,1743
1709,1753
1707,1764
1718,1761
1711,1762
1708,1753
1710,1768
1709,1758
1709,1759
1706,1781
1719,1773
1718,1760
1722,1768
1720,1764
1719,1785
1717,1764
1715,1738
1708,1753
1709,1743
1705,1747
1707,1738
1707,1751
1706,1749
1710,1746
1709,1748
1712,1750
1709,1758
1708,1757
1708,1753
1708,1770
1707,1761
1707,1756
1724,1766
1709,1784
1719,1780
1720,1771
1715,1770
1719,1778
1717,1751
1711,1753
1715,1749
1708,1749
1711,1743
1706,1736
1710,1740
1708,1751
1713,1749
1710,1753
1708,1757
1722,1767
1710,1759
1707,1757
1710,1759
1711,1752
1710,1750
1711,1776
1709,1754
1721,1761
1707,1748
1711,1771
1717,1785
1713,1778
1716,1754
1712,1767
1717,1753
1712,1753
1713,1750
1708,1743
1705,1744
1710,1746
1707,1752
1706,1752
1709,1753
1713,1759
1707,1757
1720,1776
1717,1761
1717,1755
1707,1777
1710,1763
1709,1758
1708,1775
1711,1758
1706,1778
1710,1750
1709,1740
1710,1747
1708,1743
1708,1754
1705,1746
1710,1740
1708,1744
1723,1750
1723,1751
1706,1743
1710,1756
1712,1759
1707,1752
1718,1761
1719,1757
1705,1754
1709,1768
1708,1769
1706,1763
1711,1759
1711,1776
1715,1785
1709,1762
1708,1745
1710,1750
1709,1750
1708,1754
1711,1746
1707,1735
1707,1740
1707,1744
1711,1757
1709,1742
1712,1746
1708,1758
1708,1752
1709,1769
1709,1749
1711,1748
1709,1760
1705,1766
1709,1773
1709,1772
1712,1750
1712,1791
1723,1770
1719,1755
1718,1771
1724,1756
1717,1758
1726,1748
1721,1742
1714,1761
1709,1744
1710,1763
1718,1742
1720,1761
1717,1764
1712,1754
1710,1778
1707,1751
1708,1765
1713,1775
1714,1757
1709,1777
1716,1759
1713,1764
1726,1769
1707,1765
1702,1750
1708,1751
1709,1758
1719,1771
1722,1758
1723,1763
1718,1745
1716,1753
1714,1765
1707,1768
1709,1742
1706,1752
1711,1752
1708,1772
1708,1749
1707,1754
1711,1761
1711,1754
1706,1768
1710,1778
1717,1763
1719,1777
1721,1759
1724,1766
1720,1762
1707,1753
1706,1754
1706,1753
1709,1737
1703,1738
1711,1745
1711,1748
1705,1743
1707,1742
1709,1745
1708,1753
1710,1768
1706,1753
1710,1752
1711,1762
1705,1755
1705,1763
1708,1764
1712,1771
1714,1784
1717,1770
1709,1753
1708,1758
1709,1747
1711,1764
1706,1754
1712,1736
1706,1738
1725,1746
1707,1752
1718,1756
1718,1751
1721,1751
1720,1749
1708,1774
1714,1759
1707,1749
1710,1747
1707,1756
1709,1765
1709,1784
1711,1761
1708,1776
1707,1769
1709,1759
1708,1761
1713,1749
1707,1757
1726,1773
1710,1733
1709,1744
1706,1743
1711,1747
1705,1742
1708,1754
1707,1741
1723,1752
1727,1778
1707,1755
1724,1756
1706,1758
1710,1755
1708,1773
1703,1752
1709,1757
1706,1762
1705,1769
1723,1768
1712,1778
1711,1750
1708,1756
1707,1761
1708,1734
1707,1768
1711,1744
1708,1757
1722,1758
1713,1752
1709,1749
1708,1744
1709,1753
1708,1762
1705,1754
1707,1761
1709,1752
1707,1770
1712,1763
1708,1759
1708,1778
1712,1757
1709,1756
1703,1766
1726,1762
1705,1760
1708,1750
1711,1737
1709,1746
1712,1740
1708,1739
1710,1742
1708,1749
1707,1740
1708,1748
1708,1761
1709,1760
1709,1761
1710,1755
1709,1749
1703,1773
1707,1763
1709,1760
1710,1771
1710,1757
1711,1759
1710,1765
1707,1759
1712,1775
1715,1783
1716,1752
1716,1760
1703,1745
1712,1737
1709,1757
1718,1756
1715,1755
1709,1748
1711,1775
1716,1765
1712,1764
1720,1760
1707,1757
1710,1771
1709,1760
1713,1754
1710,1783
1707,1765
1708,1757
1709,1768
1710,1759
1708,1769
1709,1756
1707,1740
1705,1750
1712,1747
1724,1738
1720,1758
1713,1764
1715,1755
1708,1744
1709,1756
1709,1750
1710,1754
1707,1757
1711,1755
1709,1767
1708,1756
1708,1760
1713,1773
1707,1758
1710,1750
1708,1766
1708,1760
1723,1779
1716,1766
1721,1748
1708,1753
1708,1769
1721,1741
1712,1751
1711,1745
1706,1747
1712,1746
1709,1752
1706,1748
1710,1759
1708,1757
1721,1749
1705,1768
1709,1766
1709,1753
1705,1777
1705,1758
1713,1754
1707,1757
1709,1752
1711,1770
1709,1755
1708,1738
1707,1756
1712,1758
1713,1753
1718,1750
1714,1761
1708,1743
1713,1743
1706,1741
1708,1759
1718,1769
1725,1764
1717,1765
1718,1775
1716,1774
1711,1768
1713,1787
1718,1778
1718,1766
1713,1773
1720,1768
1717,1785
1715,1775
1709,1737
1702,1751
1710,1748
1725,1750
1709,1744
1711,1742
1713,1741
1710,1743
1707,1749
1707,1745
1722,1765
1726,1767
1713,1760
1706,1767
1707,1754
1710,1754
1710,1773
1708,1766
1709,1760
1708,1762
1710,1751
1709,1775
1708,1783
1717,1750
1715,1751
1709,1754
1709,1753
1708,1744
1708,1740
1709,1744
1711,1748
1706,1748
1710,1740
1713,1755
1709,1759
1708,1754
1707,1764
1722,1761
1718,1764
1727,1781
1709,1765
1705,1760
1714,1758
1709,1752
1705,1779
1710,1764
1710,1738
1708,1754
1729,1755
1719,1754
1708,1745
1707,1758
1708,1744
1708,1761
1705,1754
1710,1758
1707,1747
1709,1755
1709,1754
1707,1772
1711,1751
1708,1736
1706,1779
1718,1758
1721,1770
1719,1759
1718,1764
1710,1796
1726,1776
1720,1755
1715,1754
1713,1752
1715,1759
1726,1763
1714,1744
1714,1746
1711,1761
1708,1758
1706,1727
1706,1742
1705,1754
1705,1750
1703,1766
1708,1747
1708,1743
1705,1761
1706,1757
1703,1764
1707,1759
1704,1747
1703,1774
1705,1758
1703,1747
1706,1747
1702,1742
1706,1751
1702,1754
1702,1727
1708,1733
1705,1739
1704,1746
1703,1733
1701,1739
1701,1741
1701,1755
1703,1766
1702,1739
1704,1746
1700,1755
1698,1753
1712,1761
1702,1755
1718,1753
1705,1786
1714,1765
1712,1745
1709,1740
1698,1730
1699,1746
1701,1734
1709,1723
1695,1731
1717,1741
1710,1744
1713,1735
1701,1732
1696,1742
1699,1740
1696,1761
1695,1756
1706,1754
1699,1756
1691,1743
1692,1749
1712,1766
1711,1743
1707,1760
1698,1750
1694,1735
1691,1743
1707,1744
1699,1753
1700,1735
1692,1719
1691,1718
1694,1720
1689,1732
1694,1732
1691,1723
1691,1727
1692,1741
1689,1752
1693,1733
1688,1728
1684,1724
1690,1738
1704,1745
1688,1742
1691,1732
1690,1747
1688,1737
1700,1727
1688,1734
1688,1719
1689,1738
1691,1730
1686,1709
1683,1714
1687,1718
1688,1722
1685,1727
1680,1722
1685,1715
1683,1732
1685,1744
1684,1727
1691,1719
1682,1729
1682,1728
1681,1740
1685,1729
1685,1725
1681,1735
1683,1726
1680,1717
1682,1728
1680,1716
1679,1722
1682,1728
1688,1711
1689,1717
1684,1715
1680,1713
1678,1710
1682,1717
1678,1715
1682,1731
1683,1738
1678,1724
1681,1717
1682,1721
1676,1725
1677,1735
1682,1721
1676,1720
1681,1732
1676,1724
1677,1733
1683,1704
1681,1718
1680,1723
1677,1715
1676,1698
1681,1713
1688,1703
1687,1714
1688,1716
1690,1718
1685,1708
1678,1705
1677,1734
1678,1712
1676,1723
1677,1727
1679,1717
1676,1736
1677,1723
1674,1720
1679,1731
1681,1719
1677,1713
1676,1723
1677,1715
1680,1712
1679,1706
1678,1706
1678,1704
1679,1702
1678,1707
1691,1706
1676,1715
1674,1710
1684,1707
1679,1738
1680,1723
1681,1713
1679,1716
1679,1714
1679,1726
1680,1724
1685,1725
1679,1736
1682,1722
1682,1735
1683,1733
1682,1723
1695,1745
1683,1719
1685,1720
1684,1714
1683,1712
1682,1718
1685,1707
1684,1719
1683,1721
1682,1712
1686,1737
1692,1729
1685,1732
1685,1730
1687,1723
1688,1747
1686,1737
1686,1728
1685,1733
1691,1733
1687,1738
1693,1743
1686,1728
1690,1740
1690,1732
1703,1724
1701,1740
1693,1721
1690,1713
1688,1721
1699,1729
1693,1736
1690,1726
1695,1736
1694,1743
1702,1749
1707,1749
1706,1739
1711,1756
1698,1746
1694,1741
1697,1763
1694,1748
1710,1745
1711,1756
1703,1765
1701,1771
1704,1750
1705,1735
1704,1745
1706,1751
1717,1746
1704,1743
1708,1742
1716,1742
1709,1738
1708,1747
1696,1748
1704,1746
1700,1749
1701,1745
1715,1773
1710,1757
1708,1745
1703,1769
1701,1761
1707,1750
1702,1760
1701,1748
1704,1764
1705,1747
1706,1744
1701,1762
1709,1746
1709,1749
1707,1749
1710,1750
1710,1752
1724,1741
1704,1740
1703,1741
1707,1754
1704,1757
1706,1746
1708,1744
1708,1754
1706,1739
1705,1787
1710,1739
1710,1751
1707,1754
1708,1757
1705,1773
1708,1760
1709,1749
1709,1751
1705,1759
1712,1746
1704,1737
1718,1740
1709,1746
1708,1745
1708,1748
1709,1742
1706,1771
1712,1773
1716,1757
1716,1780
1718,1767
1709,1767
1713,1762
1725,1770
1724,1763
1707,1761
1704,1753
1709,1776
1709,1764
1707,1740
1708,1764
1719,1762
1705,1750
1708,1743
1710,1738
1708,1753
1720,1755
1718,1761
1722,1747
1715,1753
1724,1762
1716,1762
1716,1780
1716,1758
1718,1749
1711,1778
1716,1779
1713,1780
1713,1762
1708,1753
1709,1776
1709,1763
1708,1741
1706,1751
1710,1747
1711,1758
1712,1748
1711,1737
1711,1745
1709,1748
1708,1757
1731,1772
1720,1752
1708,1759
1708,1756
1708,1766
1711,1768
1715,1749
1709,1765
1707,1763
1708,1769
1710,1765
1709,1755
1709,1776
1709,1761
1721,1766
1716,1760
1718,1753
1725,1765
1716,1755
1717,1738
1710,1739
1710,1747
1719,1761
1725,1744
1712,1745
1710,1756
1705,1764
1712,1759
1722,1771
1715,1756
1708,1767
1710,1766
1710,1781
1721,1773
1722,1748
1724,1790
1711,1770
1711,1749
1709,1755
1728,1752
1710,1762
1709,1754
1712,1739
1709,1741
1712,1743
1711,1754
1725,1762
1718,1754
1718,1755
1728,1758
1718,1782
1725,1773
1727,1752
1711,1747
1709,1761
1711,1770
1715,1765
1711,1753
1710,1780
1712,1772
1710,1754
1710,1756
1711,1763
1720,1764
1720,1775
1711,1741
1711,1743
1712,1748
1712,1751
1713,1765
1715,1746
1712,1751
1711,1755
1726,1778
1713,1755
1708,1762
1710,1763
1712,1762
1727,1777
1720,1759
1724,1770
1727,1783
1730,1771
1721,1769
1720,1784
1720,1769
1721,1762
1712,1757
1713,1739
1711,1751
1712,1745
1710,1755
1712,1758
1711,1747
1728,1760
1721,1768
1721,1792
1713,1765
1711,1759
1714,1763
1714,1758
1713,1773
1714,1770
1713,1767
1717,1779
1716,1762
1715,1766
1718,1769
1712,1759
1722,1758
1714,1762
1713,1745
1713,1749
1713,1749
1720,1754
1711,1750
1715,1755
1732,1749
1714,1771
1715,1771
1715,1762
1717,1759
1712,1764
1713,1759
1715,1783
1710,1770
1713,1764
1714,1781
1716,1770
1714,1766
1716,1772
1715,1763
1717,1778
1713,1768
1712,1746
1712,1775
1714,1759
1731,1767
1719,1750
1714,1752
1715,1751
1716,1754
1714,1782
1717,1766
1713,1765
1716,1773
1714,1766
1713,1779
1718,1770
1715,1767
1716,1784
1716,1775
1716,1765
1716,1770
1715,1762
1710,1766
1714,1763
1717,1761
1714,1759
1715,1746
1731,1745
1713,1752
1715,1758
1720,1751
1715,1756
1717,1785
1716,1761
1716,1761
1717,1770
1716,1759
1717,1784
1726,1775
1724,1779
1717,1784
1716,1769
1716,1763
1726,1785
1724,1770
1716,1771
1721,1757
1715,1760
1718,1757
1718,1757
1710,1745
1715,1753
1710,1755
1716,1753
1715,1773
1720,1777
1722,1769
1719,1769
1711,1768
1714,1759
1714,1788
1721,1778
1721,1780
1717,1794
1714,1766
1722,1770
1728,1775
1716,1764
1713,1769
1714,1762
1716,1749
1714,1754
1717,1755
1715,1748
1714,1767
1713,1750
1715,1770
1718,1752
1717,1759
1715,1756
1715,1767
1714,1761
1713,1765
1714,1780
1714,1765
1715,1763
1713,1785
1733,1786
1724,1771
1724,1778
1732,1762
1716,1783
1712,1763
1715,1746
1712,1760
1724,1760
1717,1746
1716,1759
1713,1753
1715,1750
1712,1751
1712,1758
1711,1756
1731,1769
1713,1762
1715,1763
1712,1775
1714,1761
1712,1781
1715,1794
1716,1772
1715,1762
1717,1768
1712,1764
1729,1793
1725,1781
1722,1754
1723,1755
1713,1753
1718,1750
1712,1747
1714,1750
1713,1750
1712,1751
1715,1757
1714,1754
1714,1769
1729,1771
1717,1757
1728,1779
1718,1762
1718,1762
1714,1780
1713,1770
1714,1759
1714,1768
1712,1769
1711,1777
1715,1763
1713,1742
1732,1762
1731,1765
1726,1762
1718,1765
1718,1743
1709,1750
1726,1768
1719,1764
1730,1755
1713,1759
1711,1764
1712,1760
1713,1775
1714,1764
1718,1758
1713,1798
1715,1771
1717,1780
1713,1770
1717,1761
1715,1795
1719,1782
1720,1757
1724,1766
1726,1761
1723,1758
1718,1749
1712,1750
1729,1750
1712,1750
1712,1751
1711,1749
1712,1761
1714,1760
1712,1756
1713,1775
1728,1766
1721,1757
1714,1798
1711,1773
1714,1769
1720,1765
1714,1764
1712,1781
1714,1772
1713,1741
1717,1755
1710,1754
1713,1756
1709,1754
1716,1757
1722,1764
1724,1782
1716,1763
1712,1773
1716,1736
1712,1751
1713,1758
1713,1771
1712,1757
1712,1756
1723,1789
1720,1787
1731,1768
1720,1764
1717,1762
1715,1780
1719,1772
1712,1750
1708,1752
1712,1751
1713,1755
1711,1753
1713,1739
1713,1748
1712,1753
1714,1758
1714,1746
1711,1752
1712,1764
1710,1756
1711,1770
1714,1762
1715,1759
1715,1765
1711,1761
1712,1770
1714,1769
1712,1759
1715,1781
1710,1773
1714,1757
1724,1771
1722,1764
1719,1761
1723,1762
1720,1752
1724,1751
1720,1765
1718,1764
1730,1746
1713,1754
1719,1760
1713,1756
1717,1784
1709,1756
1713,1760
1724,1779
1716,1765
1712,1764
1712,1773
1729,1771
1719,1796
1722,1786