2273,5000
3192
3177
3160
3201
3143
3191
3173
3178
3197
3145
3192
3173
3165
3192
3142
3189
3165
3168
3182
3141
3186
3176
3172
3182
3149
3186
3164
3184
3192
3151
3194
3167
3183
3190
3138
3193
3162
3182
3186
3150
3190
3169
3189
3179
3140
3197
3171
3182
3182
3150
3192
3163
3184
3184
3159
3188
3155
3175
3183
3161
3188
3159
3190
3176
3154
3198
3167
3191
3182
3164
3191
3145
3182
3171
3183
3194
3155
3177
3179
3173
3189
3153
3184
3168
3168
3196
3143
3184
3162
3186
3189
3139
3187
3176
3180
3187
3143
3191
3169
3180
3193
3139
3192
3159
3178
3190
3141
3190
3168
3179
3189
3142
3198
3161
3183
3174
3149
3188
3164
3188
3176
3149
3189
3161
3181
3177
3165
3199
3162
3195
3179
3164
3204
3159
3189
3172
3155
3186
3144
3181
3171
3162
3189
3145
3190
3173
3168
3192
3139
3189
3176
3183
3199
3149
3194
3171
3174
3180
3151
3188
3176
3176
3195
3139
3184
3165
3177
3198
3135
3192
3179
3185
3184
3143
3204
3158
3173
3186
3140
3198
3163
3179
3188
3156
3199
3158
3184
3178
3143
3196
3155
3183
3185
3157
3189
3148
3182
3170
3155
3208
3156
3190
3174
3177
3199
3147
3204
3176
3159
3197
3163
3187
3171
3174
3197
3149
3173
3172
3183
3186
3157
3183
3181
3174
3184
3143
3192
3177
3167
3182
3142
3182
3181
3182
3191
3138
3182
3174
3175
3192
3148
3183
3167
3172
3188
3156
3191
3168
3185
3184
3158
3199
3166
3189
3185
3147
3199
3163
3188
3186
3168
3188
3167
3182
3183
3156
3186
3158
3174
3195
3159
3196
3155
3189
3187
3165
3186
3145
3173
3181
3162
3188
3151
3178
3185
3176
3190
3152
3176
3173
3173
3194
3165
3186
3182
3163
3197
3140
3180
3181
3167
3185
3154
3180
3172
3173
3197
3144
3189
3172
3181
3191
3143
3185
3179
3172
3196
3144
3190
3174
3175
3183
3145
3192
3165
3189
3185
3160
3192
3166
3189
3185
3169
3194
3157
3192
3188
3160
3183
3163
3196
3185
3168
3191
3157
3175
3192
3168
3192
3147
3178
3187
3180
3198
3159
3180
3171
3169
3186
3146
3180
3182
3175
3183
3158
3184
3187
3177
3180
3141
3192
3176
3168
3194
3149
3179
3185
3173
3185
3151
3184
3179
3174
3183
3150
3182
3168
3186
3182
3144
3186
3172
3177
3203
3160
3179
3160
3183
3186
3150
3185
3162
3183
3194
3162
3193
3167
3184
3182
3165
3196
3154
3182
3184
3181
3188
3145
3170
3188
3168
3185
3148
3177
3178
3173
3193
3155
3189
3178
3175
3186
3145
3198
3186
3170
3192
3142
3187
3176
3168
3187
3143
3199
3169
3171
3183
3151
3193
3172
3168
3191
3151
3187
3172
3178
3190
3144
3186
3179
3177
3187
3146
3186
3162
3174
3186
3164
3190
3156
3175
3183
3153
3196
3156
3180
3189
3156
3186
3163
3179
3183
3169
3188
3149
3178
3179
3162
3206
3158
3177
3178
3171
3194
3159
3182
3175
3172
3188
3157
3186
3181
3166
3196
3147
3188
3192
3171
3190
3148
3178
3172
3180
3197
3144
3199
3174
3185
3178
3148
3182
3169
3188
3200
3155
3192
3179
3179
3194
3155
3183
3166
3182
3190
3160
3204
3158
3180
3197
3155
3195
3160
3175
3191
3154
3185
3161
3190
3184
3163
3183
3152
3185
3179
3173
3194
3145
3189
3173
3173
3194
3147
3179
3187
3166
3182
3148
3180
3185
3173
3185
3153
3185
3173
3186
3189
3149
3187
3178
3172
3183
3143
3183
3169
3172
3193
3143
3186
3171
3171
3188
3141
3196
3170
3175
3200
3147
3178
3170
3182
3188
3146
3188
3158
3177
3181
3150
3196
3160
3176
3189
3159
3195
3158
3181
3183
3154
3198
3149
3174
3189
3166
3186
3165
3187
3181
3172
3190
3161
3191
3177
3172
3190
3156
3181
3181
3161
3182
3150
3179
3173
3168
3196
3146
3179
3179
3168
3186
3146
3178
3168
3172
3191
3158
3185
3175
3168
3189
3142
3193
3173
3173
3198
3149
3183
3172
3177
3194
3160
3181
3167
3177
3181
3168
3187
3158
3173
3188
3153
3193
3154
3176
3190
3158
3197
3153
3177
3182
3164
3194
3147
3175
3177
3163
3199
3153
3175
3179
3166
3191
3147
3179
3184
3163
3187
3154
3183
3185
3169
3190
3149
3197
3174
3177
3192
3162
3182
3175
3173
3192
3160
3188
3187
3182
3192
3140
3187
3175
3184
3194
3145
3184
3167
3180
3188
3148
3190
3161
3179
3179
3161
3186
3160
3185
3180
3167
3196
3158
3180
3176
3161
3193
3157
3185
3186
3159
3183
3149
3170
3189
3170
3185
3157
3178
3178
3162
3204
3149
3177
3191
3163
3192
3149
3176
3176
3178
3190
3149
3185
3170
3171
3196
3146
3191
3171
3169
3192
3156
3195
3177
3181
3193
3143
3192
3174
3174
3188
3137
3189
3167
3190
3191
3144
3189
3161
3182
3185
3160
3186
3155
3172
3181
3162
3185
3156
3187
3181
3160
3187
3150
3177
3179
3166
3194
3156
3182
3181
3173
3188
3158
3173
3178
3178
3194
3154
3186
3172
3160
3184
3153
3177
3174
3176
3195
3148
3194
3179
3176
3184
3142
3176
3169
3180
3183
3145
3183
3169
3167
3187
3152
3194
3176
3171
3184
3152
3190
3172
3174
3195
3144
3191
3168
3189
3182
3151
3188
3154
3187
3184
3149
3193
3166
3183
3191
3165
3187
3165
3182
3191
3164
3189
3153
3184
3181
3174
3198
3159
3175
3180
3161
3186
3150
3188
3188
3164
3200
3148
3180
3176
3172
3182
3143
3178
3171
3171
3196
3144
3176
3176
3171
3193
3151
3181
3178
3168
3192
3146
3184
3179
3170
3180
3150
3180
3168
3185
3193
3151
3186
3166
3181
3182
3157
3197
3167
3173
3184
3162
3188
3161
3172
3186
3152
3187
3151
3177
3184
3156
3187
3157
3185
3184
3162
3190
3162
3174
3186
3164
3197
3163
3174
3175
3163
3193
3155
3194
3187
3167
3179
3151
3188
3178
3176
3193
3146
3183
3168
3180
3185
3144
3177
3166
3170
3194
3144
3194
3169
3179
3188
3138
3189
3173
3174
3183
3144
3193
3169
3182
3186
3161
3181
3154
3186
3184
3154
3185
3165
3179
3177
3162
3189
3163
3180
3181
3158
3196
3151
3185
3184
3180
3191
3155
3173
3177
3180
3195
3158
3171
3183
3171
3188
3166
3179
3177
3166
3200
3146
3189
3176
3178
3185
3151
3179
3171
3178
3194
3145
3197
3175
3173
3192
3145
3191
3182
3181
3199
3145
3200
3170
3187
3184
3140
3188
3168
3184
3188
3159
3188
3155
3190
3182
3162
3186
3163
3186
3183
3155
3188
3158
3180
3177
3158
3185
3162
3183
3194
3172
3189
3143
3178
3183
3171
3190
3147
3194
3177
3161
3187
3147
3191
3178
3161
3195
3146
3177
3174
3179
3184
3148
3185
3170
3170
3185
3154
3200
3173
3181
3192
3149
3192
3179
3184
3182
3152
3189
3177
3186
3183
3146
3181
3169
3187
3184
3158
3187
3160
3184
3185
3153
3195
3160
3181
3190
3162
3197
3161
3179
3187
3156
3191
3151
3179
3185
3169
3195
3158
3178
3181
3166
3187
3146
3179
3185
3170
3186
3159
3187
3170
3169
3194
3154
3189
3194
3167
3188
3141
3190
3175
3179
3188
3149
3177
3180
3178
3181
3144
3195
3173
3177
3189
3143
3190
3176
3174
3186
3145
3198
3163
3177
3193
3152
3181
3159
3176
3182
3155
3186
3162
3176
3190
3153
3196
3158
3181
3188
3166
3191
3151
3180
3192
3163
3184
3156
3180
3177
3175
3192
3144
3182
3176
3161
3196
3149
3178
3177
3166
3194
3146
3190
3181
3163
3193
3147
3179
3181
3172
3189
3150
3182
3166
3169
3183
3155
3188
3168
3172
3180
3160
3190
3168
3182
3180
3142
3192
3165
3176
3191
3153
3179
3156
3186
3194
3154
3190
3168
3182
3189
3162
3191
3155
3174
3177
3155
3185
3152
3180
3181
3157
3195
3163
3186
3190
3169
3184
3151
3177
3174
3173
3188
3150
3174
3177
3164
3195
3162
3190
3177
3164
3200
3146
3183
3177
3171
3186
3154
3182
3177
3176
3185
3149
3179
3174
3179
3193
3144
3187
3178
3173
3181
3149
3190
3172
3181
3192
3154
3182
3157
3176
3185
3158
3180
3162
3174
3192
3157
3196
3167
3179
3194
3155
3201
3152
3194
3186
3161
3185
3159
3177
3193
3164
3185
3155
3183
3185
3165
3196
3154
3174
3170
3171
3199
3146
3191
3173
3176
3186
3146
3181
3183
3173
3191
3140
3179
3168
3179
3189
3151
3185
3172
3179
3184
3144
3195
3169
3174
3191
3146
3197
3173
3175
3180
3145
3187
3158
3186
3191
3161
3188
3152
3181
3185
3161
3185
3157
3187
3185
3155
3187
3164
3177
3185
3167
3186
3148
3184
3185
3164
3184
3161
3172
3184
3162
3189
3158
3183
3181
3170
3184
3148
3190
3171
3162
3193
3152
3178
3173
3169
3191
3143
3176
3170
3189
3183
3140
3194
3168
3181
3191
3141
3186
3172
3180
3185
3152
3189
3166
3177
3180
3143
3179
3158
3184
3189
3149
3186
3155
3184
3186
3154
3188
3161
3170
3182
3157
3188
3171
3182
3186
3167
3198
3163
3177
3196
3174
3186
3156
3177
3177
3167
3186
3152
3172
3188
3163
3186
3147
3197
3172
3173
3181
3154
3187
3171
3185
3187
3143
3187
3171
3171
3196
3140
3178
3171
3182
3187
3143
3196
3165
3167
3178
3151
3195
3172
3175
3183
3155
3180
3163
3187
3184
3153
3186
3156
3183
3196
3164
3189
3157
3174
3187
3158
3198
3153
3178
3183
3165
3193
3151
3177
3180
3165
3180
3150
3193
3175
3180
3190
3147
3175
3173
3172
3192
3149
3191
3183
3167
3185
3155
3183
3183
3163
3200
3151
3181
3172
3171
3187
3140
3191
3171
3175
3185
3142
3183
3168
3182
3185
3160
3204
3187
3180
3197
3154
3185
3161
3187
3188
3147
3181
3154
3176
3193
3160
3187
3165
3179
3185
3157
3190
3159
3183
3190
3157
3187
3160
3177
3193
3166
3188
3147
3186
3191
3169
3192
3155
3176
3175
3175
3199
3154
3177
3171
3165
3194
3152
3190
3176
3167
3201
3141
3180
3182
3174
3195
3145
3182
3179
3188
3190
3142
3181
3174
3175
3183
3145
3197
3169
3172
3191
3145
3184
3166
3194
3183
3159
3202
3158
3187
3189
3153
3187
3162
3194
3188
3164
3199
3160
3173
3185
3153
3187
3160
3179
3181
3169
3197
3156
3184
3189
3168
3181
3144
3175
3185
3164
3196
3146
3175
3174
3161
3183
3156
3192
3182
3167
3184
3151
3184
3175
3184
3184
3138
3192
3177
3181
3201
3153
3180
3173
3172
3181
3151
3187
3168
3178
3188
3154
3202
3177
3179
3198
3144
3185
3167
3180
3183
3161
3185
3153
3173
3181
3153
3197
3156
3186
3193
3155
3196
3156
3177
3177
3154
3186
3153
3173
3182
3162
3182
3156
3176
3185
3178
3198
3150
3181
3179
3165
3195
3157
3187
3173
3173
3195
3144
3178
3175
3180
3182
3139
3175
3169
3170
3194
3152
3187
3169
3173
3184
3147
3191
3163
3170
3191
3145
3182
3175
3179
3178
3143
3190
3160
3192
3185
3150
3188
3154
3177
3191
3162
3187
3166
3180
3182
3153
3202
3155
3178
3178
3153
3184
3157
3177
3183
3161
3186
3147
3181
3178
3164
3194
3143
3185
3176
3174
3185
3156
3179
3182
3163
3191
3143
3189
3180
3173
3194
3145
3189
3173
3168
3185
3137
3190
3167
3184
3182
3142
3202
3166
3169
3178
3142
3195
3166
3176
3182
3155
3185
3162
3187
3191
3163
3187
3156
3175
3191
3154
3187
3152
3171
3187
3156
3188
3172
3183
3193
3163
3191
3158
3176
3182
3168
3184
3158
3187
3194
3181
3190
3155
3175
3173
3164
3198
3150
3180
3185
3183
3196
3149
3193
3182
3163
3194
3151
3184
3172
3172
3196
3150
3187
3174
3180
3184
3141
3193
3187
3182
3184
3153
3203
3174
3170
3182
3157
3191
3161
3188
3187
3149
3180
3156
3185
3197
3152
3203
3156
3186
3185
3166
3197
3168
3177
3179
3156
3195
3158
3183
3192
3166
3191
3156
3194
3184
3177
3197
3156
3176
3182
3174
3191
3147
3176
3174
3174
3192
3154
3181
3176
3175
3183
3158
3187
3170
3175
3186
3143
3192
3171
3177
3204
3143
3191
3172
3170
3194
3147
3184
3175
3175
3181
3151
3188
3180
3186
3187
3157
3186
3161
3175
3193
3160
3185
3153
3182
3186
3151
3195
3163
3171
3188
3163
3192
3153
3179
3179
3169
3187
3148
3183
3199
3171
3188
3144
3175
3185
3161
3188
3157
3179
3180
3159
3202
3149
3187
3175
3175
3198
3153
3187
3182
3177
3181
3149
3191
3171
3187
3194
3145
3188
3165
3185
3199
3145
3192
3176
3171
3180
3152
3188
3176
3178
3178
3140
3181
3165
3171
3184
3161
3187
3160
3186
3185
3157
3187
3172
3183
3182
3156
3184
3165
3185
3176
3161
3193
3154
3172
3182
3163
3195
3145
3171
3184
3171
3195
3164
3189
3176
3160
3198
3155
3179
3180
3165
3184
3154
3188
3173
3182
3182
3148
3195
3173
3182
3195
3146
3182
3170
3170
3188
3155
3192
3164
3172
3193
3155
3189
3177
3179
3189
3154
3188
3171
3189
3200
3167
3192
3164
3173
3192
3164
3205
3157
3180
3186
3156
3197
3158
3188
3181
3162
3202
3150
3185
3200
3171
3207
3149
3183
3184
3165
3194
3144
3184
3181
3172
3185
3151
3193
3173
3162
3192
3165
3193
3176
3168
3192
3156
3187
3174
3183
3195
3149
3180
3172
3173
3200
3144
3195
3172
3168
3183
3153
3189
3179
3179
3195
3150
3193
3170
3182
3186
3157
3184
3161
3184
3188
3156
3198
3167
3181
3193
3157
3199
3170
3179
3185
3170
3187
3154
3187
3188
3167
3186
3153
3187
3187
3164
3208
3155
3172
3187
3169
3188
3164
3182
3188
3177
3193
3162
3183
3176
3166
3185
3156
3191
3177
3180
3192
3141
3181
3177
3170
3195
3147
3186
3170
3176
3193
3148
3187
3171
3171
3192
3151
3197
3166
3181
3194
3144
3183
3161
3192
3197
3153
3187
3176
3181
3191
3155
3201
3160
3177
3190
3167
3191
3154
3196
3186
3158
3186
3155
3185
3184
3170
3205
3150
3174
3181
3173
3191
3148
3193
3175
3172
3195
3149
3183
3192
3163
3196
3141
3193
3177
3171
3198
3157
3190
3173
3180
3191
3146
3180
3168
3170
3184
3149
3191
3177
3177
3184
3151
3187
3169
3174
3194
3163
3203
3166
3173
3189
3154
3184
3156
3184
3188
3159
3195
3168
3171
3196
3165
3192
3174
3177
3196
3160
3191
3161
3175
3186
3172
3189
3157
3179
3179
3172
3190
3150
3173
3173
3160
3191
3146
3179
3184
3170
3187
3155
3192
3176
3169
3182
3145
3182
3182
3173
3206
3144
3188
3165
3177
3190
3149
3189
3170
3173
3187
3155
3186
3170
3174
3201
3147
3183
3167
3183
3203
3151
3185
3165
3169
3187
3160
3191
3159
3176
3186
3170
3198
3158
3188
3190
3160
3197
3162
3182
3193
3176
3196
3145
3182
3190
3160
3189
3148
3177
3196
3178
3195
3158
3192
3175
3178
3193
3144
3189
3179
3177
3189
3137
3179
3184
3168
3186
3143
3201
3174
3176
3203
3149
3195
3169
3169
3197
3143
3183
3172
3184
3189
3149
3190
3163
3184
3187
3147
3202
3166
3175
3196
3154
3195
3164
3190
3190
3150
3198
3158
3185
3182
3160
3185
3152
3175
3203
3159
3190
3158
3178
3193
3166
3196
3161
3172
3198
3172
3194
3149
3182
3178
3171
3183
3145
3191
3178
3169
3203
3155
3198
3186
3174
3190
3149
3185
3174
3177
3191
3153
3193
3177
3174
3190
3151
3184
3171
3190
3189
3154
3188
3178
3179
3198
3144
3186
3172
3178
3197
3154
3189
3160
3182
3186
3162
3189
3156
3188
3196
3153
3197
3157
3176
3197
3160
3190
3153
3183
3185
3167
3190
3147
3182
3185
3161
3191
3159
3182
3191
3167
3189
3147
3189
3196
3163
3198
3151
3185
3182
3168
3191
3142
3178
3171
3173
3193
3151
3186
3173
3188
3192
3143
3196
3182
3175
3184
3148
3184
3181
3175
3192
3142
3190
3169
3178
3199
3150
3190
3162
3177
3196
3158
3199
3178
3185
3192
3163
3190
3164
3186
3193
3169
3194
3158
3176
3185
3162
3201
3155
3188
3184
3164
3208
3154
3186
3178
3173
3195
3165
3184
3180
3163
3185
3143
3180
3185
3177
3190
3145
3191
3172
3172
3196
3155
3190
3176
3180
3189
3152
3191
3185
3174
3183
3146
3184
3172
3177
3199
3151
3198
3164
3177
3197
3154
3186
3158
3185
3203
3162
3196
3160
3172
3184
3167
3190
3164
3185
3189
3159
3191
3159
3187
3182
3170
3197
3154
3198
3180
3166
3206
3148
3191
3184
3166
3198
3144
3198
3180
3171
3199
3161
3199
3173
3192
3186
3150
3193
3175
3184
3202
3143
3195
