2255,5000
3174
3162
3185
3142
3191
3172
3175
3188
3150
3185
3168
3178
3191
3151
3185
3163
3167
3192
3140
3183
3168
3175
3183
3138
3197
3168
3194
3177
3134
3195
3163
3186
3194
3140
3187
3155
3177
3178
3159
3189
3158
3182
3177
3151
3200
3157
3192
3183
3148
3188
3161
3187
3177
3155
3197
3157
3178
3183
3161
3194
3147
3192
3177
3158
3192
3153
3181
3177
3168
3195
3146
3190
3176
3177
3189
3143
3178
3170
3168
3202
3145
3183
3169
3168
3202
3146
3185
3163
3185
3188
3138
3203
3173
3186
3190
3136
3191
3164
3186
3192
3143
3188
3159
3188
3180
3153
3190
3156
3177
3186
3156
3186
3157
3192
3174
3153
3183
3158
3181
3195
3163
3196
3147
3183
3176
3166
3203
3146
3177
3186
3171
3189
3148
3188
3177
3164
3193
3151
3189
3172
3170
3186
3147
3180
3168
3173
3206
3143
3190
3170
3179
3182
3142
3198
3164
3178
3193
3157
3194
3175
3192
3189
3137
3192
3162
3179
3199
3135
3187
3159
3196
3183
3141
3191
3155
3186
3177
3161
3194
3155
3182
3188
3151
3186
3162
3189
3187
3155
3185
3149
3192
3193
3159
3205
3148
3187
3178
3162
3208
3153
3189
3181
3171
3191
3145
3193
3181
3172
3187
3141
3182
3176
3168
3191
3156
3192
3168
3186
3187
3143
3187
3179
3175
3182
3141
3198
3178
3174
3183
3137
3199
3164
3189
3189
3132
3184
3167
3187
3189
3158
3193
3159
3180
3185
3150
3198
3163
3177
3184
3149
3198
3154
3185
3191
3147
3187
3148
3180
3194
3159
3189
3150
3193
3180
3174
3196
3159
3187
3174
3169
3198
3146
3192
3176
3163
3185
3149
3184
3170
3165
3189
3153
3189
3166
3174
3197
3147
3191
3171
3179
3193
3138
3198
3166
3180
3182
3144
3189
3170
3186
3182
3150
3189
3171
3181
3182
3155
3194
3164
3179
3182
3141
3189
3168
3190
3178
3150
3187
3158
3181
3187
3155
3186
3152
3192
3186
3154
3188
3157
3185
3175
3158
3192
3150
3189
3188
3168
3192
3158
3184
3176
3165
3195
3151
3199
3180
3177
3188
3139
3183
3186
3167
3197
3149
3191
3164
3166
3196
3144
3196
3185
3178
3181
3147
3188
3169
3193
3182
3146
3184
3173
3178
3191
3149
3190
3170
3177
3193
3144
3187
3170
3181
3195
3146
3189
3176
3192
3183
3143
3204
3162
3181
3180
3173
3197
3157
3183
3181
3165
3208
3151
3191
3193
3163
3191
3149
3203
3170
3160
3195
3146
3180
3174
3184
3186
3141
3178
3171
3184
3191
3152
3184
3169
3168
3196
3156
3193
3172
3169
3193
3139
3195
3170
3189
3183
3146
3192
3181
3181
3181
3141
3199
3165
3178
3180
3141
3200
3165
3176
3192
3159
3190
3161
3188
3176
3150
3185
3164
3187
3191
3154
3194
3167
3187
3189
3160
3193
3161
3191
3177
3167
3200
3149
3186
3172
3156
3187
3147
3180
3179
3172
3189
3144
3186
3178
3168
3202
3142
3179
3179
3169
3189
3152
3193
3164
3172
3202
3145
3200
3178
3179
3192
3146
3193
3182
3186
3193
3151
3187
3164
3177
3186
3142
3193
3176
3184
3177
3143
3195
3175
3190
3193
3160
3194
3160
3186
3185
3158
3188
3165
3185
3190
3155
3194
3162
3183
3188
3159
3199
3163
3189
3186
3167
3210
3164
3192
3200
3172
3194
3147
3193
3174
3168
3195
3158
3194
3173
3188
3200
3152
3193
3178
3188
3194
3150
3205
3176
3177
3191
3149
3207
3178
3189
3194
3159
3198
3177
3190
3200
3165
3193
3187
3193
3183
3143
3192
3172
3186
3178
3146
3196
3175
3202
3198
3149
3203
3170
3193
3186
3159
3199
3165
3201
3180
3157
3192
3154
3192
3179
3160
3195
3156
3190
3194
3168
3196
3159
3189
3191
3182
3201
3166
3189
3175
3180
3198
3147
3198
3176
3171
3193
3158
3200
3178
3177
3206
3147
3203
3182
3188
3197
3150
3193
3164
3178
3188
3150
3185
3163
3189
3187
3151
3204
3174
3176
3187
3147
3196
3163
3183
3190
3162
3188
3155
3187
3184
3159
3187
3161
3183
3176
3161
3190
3159
3186
3190
3157
3188
3152
3184
3176
3175
3193
3147
3186
3183
3178
3191
3151
3189
3179
3162
3191
3147
3182
3166
3164
3197
3149
3194
3176
3175
3197
3149
3194
3169
3172
3182
3143
3196
3172
3183
3188
3151
3183
3172
3177
3193
3139
3204
3163
3180
3181
3135
3205
3167
3191
3180
3150
3191
3158
3189
3181
3160
3194
3155
3174
3174
3159
3192
3152
3185
3178
3162
3193
3151
3182
3183
3156
3188
3149
3192
3177
3170
3192
3141
3188
3174
3168
3194
3157
3185
3182
3163
3189
3151
3182
3167
3163
3196
3147
3182
3179
3177
3181
3136
3178
3163
3188
3193
3140
3201
3172
3172
3182
3154
3192
3157
3175
3177
3140
3183
3162
3177
3173
3134
3180
3157
3176
3185
3142
3185
3152
3176
3174
3162
3198
3150
3191
3177
3146
3184
3148
3180
3172
3145
3183
3153
3190
3182
3175
3199
3153
3183
3173
3170
3210
3144
3186
3172
3161
3204
3153
3181
3170
3176
3191
3150
3186
3170
3180
3207
3152
3183
3176
3173
3190
3136
3199
3169
3170
3181
3150
3189
3163
3178
3186
3143
3197
3179
3188
3182
3147
3186
3172
3191
3187
3136
3184
3169
3187
3186
3163
3209
3158
3175
3187
3148
3190
3164
3190
3185
3148
3190
3161
3190
3183
3161
3193
3157
3183
3182
3158
3202
3145
3184
3178
3168
3199
3150
3177
3172
3170
3194
3141
3197
3179
3161
3193
3144
3191
3169
3169
3196
3152
3189
3165
3178
3187
3137
3191
3180
3175
3189
3138
3189
3163
3171
3179
3145
3201
3171
3180
3180
3141
3180
3157
3176
3177
3140
3186
3156
3189
3175
3153
3192
3166
3178
3184
3151
3185
3159
3187
3174
3149
3201
3144
3179
3175
3161
3206
3152
3177
3173
3164
3202
3152
3182
3169
3164
3202
3141
3196
3176
3172
3186
3136
3177
3168
3166
3203
3152
3192
3165
3168
3185
3150
3182
3160
3185
3182
3141
3195
3167
3167
3178
3140
3182
3171
3187
3187
3133
3187
3167
3182
3182
3148
3181
3166
3184
3182
3152
3186
3166
3179
3180
3138
3189
3152
3193
3178
3149
3194
3152
3179
3175
3157
3194
3159
3181
3176
3164
3192
3156
3179
3168
3156
3202
3146
3191
3173
3164
3198
3144
3182
3172
3167
3192
3139
3178
3168
3165
3189
3161
3180
3163
3174
3189
3148
3196
3183
3174
3196
3136
3196
3177
3186
3197
3134
3192
3180
3174
3185
3146
3181
3159
3190
3181
3140
3197
3167
3189
3188
3141
3195
3164
3189
3183
3143
3189
3150
3190
3185
3159
3185
3144
3184
3179
3152
3190
3149
3195
3179
3157
3202
3147
3182
3169
3167
3196
3143
3177
3175
3164
3184
3145
3177
3179
3166
3195
3139
3189
3177
3179
3197
3143
3195
3169
3177
3188
3144
3183
3174
3182
3189
3134
3183
3180
3190
3182
3143
3184
3168
3178
3184
3149
3205
3157
3182
3181
3140
3184
3157
3188
3179
3139
3190
3166
3190
3182
3147
3187
3159
3178
3178
3160
3200
3146
3186
3181
3155
3197
3151
3179
3183
3170
3193
3153
3186
3172
3172
3190
3143
3186
3178
3166
3188
3148
3183
3168
3170
3196
3144
3184
3165
3174
3185
3151
3199
3176
3174
3195
3153
3192
3165
3185
3185
3132
3181
3170
3184
3189
3145
3185
3160
3181
3181
3136
3187
3177
3187
3180
3141
3187
3158
3179
3191
3144
3194
3160
3178
3180
3152
3197
3165
3178
3189
3162
3197
3147
3182
3176
3161
3193
3146
3191
3180
3167
3190
3156
3184
3191
3168
3188
3139
3172
3165
3169
3195
3142
3188
3176
3171
3192
3139
3183
3171
3177
3189
3136
3183
3164
3184
3193
3131
3198
3177
3181
3187
3137
3195
3176
3183
3178
3154
3187
3165
3172
3187
3155
3187
3158
3188
3199
3138
3200
3150
3195
3188
3148
3186
3151
3188
3175
3148
3189
3150
3185
3176
3153
3206
3147
3188
3183
3153
3195
3145
3176
3174
3167
3190
3143
3183
3173
3171
3199
3148
3180
3169
3174
3190
3140
3183
3185
3162
3191
3137
3180
3165
3170
3185
3140
3192
3164
3170
3193
3142
3181
3161
3184
3182
3143
3195
3163
3181
3186
3135
3197
3167
3188
3183
3140
3190
3163
3176
3199
3151
3182
3160
3186
3177
3146
3199
3171
3175
3176
3146
3187
3159
3182
3186
3158
3189
3153
3186
3178
3159
3189
3141
3186
3192
3168
3207
3146
3187
3178
3160
3198
3151
3188
3169
3167
3197
3139
3189
3180
3167
3186
3134
3193
3166
3167
3194
3143
3190
3164
3174
3193
3153
3187
3165
3177
3190
3135
3197
3167
3175
3185
3137
3187
3170
3177
3182
3151
3191
3152
3184
3196
3144
3198
3155
3178
3177
3145
3200
3161
3186
3187
3151
3189
3157
3190
3186
3162
3188
3147
3191
3177
3160
3197
3143
3178
3179
3167
3187
3153
3184
3177
3159
3196
3145
3188
3175
3175
3198
3147
3180
3168
3184
3186
3139
3194
3164
3178
3184
3137
3195
3170
3168
3193
3137
3194
3167
3185
3181
3131
3192
3173
3178
3182
3140
3198
3159
3184
3177
3144
3200
3154
3185
3189
3149
3197
3171
3185
3186
3154
3191
3155
3189
3182
3153
3192
3159
3177
3185
3163
3191
3142
3186
3176
3158
3199
3147
3190
3182
3163
3195
3151
3185
3169
3168
3187
3139
3180
3180
3175
3186
3155
3188
3164
3176
3182
3148
3186
3170
3169
3188
3142
3200
3182
3182
3200
3133
3202
3171
3182
3181
3143
3187
3169
3186
3177
3151
3193
3162
3174
3178
3151
3194
3153
3181
3188
3151
3193
3163
3181
3183
3146
3196
3153
3189
3174
3174
3194
3142
3185
3170
3167
3192
3142
3187
3175
3159
3186
3153
3198
3178
3167
3182
3150
3182
3168
3176
3196
3135
3189
3168
3166
3185
3149
3190
3168
3179
3187
3137
3188
3175
3170
3191
3142
3190
3164
3185
3183
3135
3181
3155
3175
3187
3138
3188
3161
3175
3188
3147
3188
3154
3176
3173
3145
3187
3161
3181
3178
3157
3184
3152
3180
3178
3171
3202
3160
3184
3189
3157
3192
3157
3174
3179
3158
3190
3154
3189
3171
3159
3181
3148
3180
3170
3167
3192
3153
3181
3166
3167
3204
3142
3179
3160
3173
3192
3143
3193
3165
3170
3177
3131
3201
3172
3173
3190
3138
3186
3159
3176
3187
3148
3190
3167
3180
3196
3150
3201
3162
3179
3183
3138
3187
3164
3182
3177
3157
3190
3152
3180
3178
3168
3199
3146
3183
3184
3152
3192
3149
3185
3171
3155
3210
3146
3188
3185
3166
3187
3144
3179
3176
3168
3191
3151
3184
3176
3170
3195
3149
3185
3161
3171
3189
3139
3186
3176
3185
3194
3139
3193
3169
3184
3182
3130
3184
3161
3183
3185
3136
3184
3160
3181
3184
3147
3198
3159
3178
3194
3141
3187
3166
3183
3174
3143
3187
3163
3179
3178
3159
3192
3152
3190
3177
3157
3202
3148
3180
3174
3165
3194
3158
3180
3172
3166
3198
3147
3186
3180
3168
3193
3136
3183
3170
3175
3190
3145
3182
3175
3181
3198
3143
3195
3163
3174
3183
3147
3189
3173
3174
3181
3132
3190
3171
3173
3193
3138
3187
3160
3185
3180
3137
3188
3165
3173
3192
3154
3203
3169
3192
3176
3140
3194
3161
3177
3187
3156
3188
3161
3183
3184
3162
3208
3156
3177
3186
3155
3201
3149
3188
3184
3158
3184
3143
3188
3174
3172
3189
3141
3178
3190
3169
3188
3145
3180
3175
3175
3188
3140
3197
3177
3161
3184
3146
3185
3166
3179
3184
3137
3181
3176
3176
3182
3140
3183
3163
3183
3199
3149
3193
3157
3174
3175
3149
3187
3158
3178
3179
3148
3184
3157
3187
3199
3154
3186
3157
3177
3186
3152
3194
3153
3174
3182
3153
3195
3146
3189
3181
3164
3187
3155
3182
3175
3168
3204
3156
3182
3178
3165
3191
3150
3177
3169
3179
3189
3152
3189
3181
3177
3183
3149
3187
3176
3177
3186
3136
3190
3170
3173
3187
3151
3198
3163
3185
3186
3134
3197
3164
3173
3179
3148
3204
3173
3184
3177
3147
3193
3164
3183
3187
3146
3190
3158
3181
3179
3155
3195
3160
3185
3177
3151
3191
3148
3177
3175
3171
3191
3154
3190
3183
3153
3195
3143
3181
3185
3160
3198
3145
3188
3170
3171
3186
3144
3186
3169
3172
3185
3141
3181
3173
3164
3181
3141
3192
3168
3178
3186
3148
3186
3165
3180
3185
3139
3182
3176
3175
3199
3133
3196
3164
3174
3184
3151
3190
3164
3193
3179
3147
3196
3163
3181
3192
3150
3183
3150
3186
3179
3158
3193
3151
3174
3175
3144
3205
3151
3179
3186
3158
3207
3144
3189
3177
3167
3193
3142
3177
3173
3168
3197
3144
3174
3178
3162
3184
3139
3184
3167
3166
3185
3146
3188
3168
3178
3195
3134
3197
3175
3171
3195
3140
3189
3166
3176
3194
3138
3186
3172
3190
3188
3137
3187
3171
3176
3176
3146
3194
3171
3195
3189
3148
3192
3169
3184
3197
3152
3187
3151
3188
3182
3146
3197
3154
3179
3183
3152
3199
3149
3177
3188
3170
3199
3139
3191
3182
3169
3188
3142
3176
3182
3162
3200
3144
3186
3166
3158
3188
3148
3185
3169
3168
3192
3154
3196
3170
3169
3194
3141
3195
3171
3167
3196
3144
3201
3165
3181
3188
3133
3200
3175
3187
3184
3141
3194
3161
3185
3189
3149
3186
3157
3174
3199
3151
3187
3150
3183
3194
3148
3186
3161
3184
3188
3148
3186
3157
3181
3179
3153
3189
3146
3174
3177
3173
3192
3143
3181
3172
3169
3187
3147
3179
3180
3167
3183
3148
3186
3180
3173
3185
3150
3180
3171
3176
3192
3143
3179
3164
3181
3192
3145
3184
3171
3171
3187
3150
3200
3170
3171
3184
3142
3192
3168
3177
3191
3142
3192
3158
3186
3179
3142
3199
3154
3172
3190
3144
3196
3158
3177
3180
3158
3189
3151
3190
3181
3157
3194
3162
3180
3185
3166
3194
3154
3175
3173
3168
3208
3154
3182
3187
3161
3196
3159
3183
3172
3161
3187
3147
3179
3179
3167
3190
3147
3177
3165
3169
3195
3144
3182
3166
3173
3191
3141
3185
3168
3170
3192
3136
3195
3161
3176
3185
3143
3182
3166
3188
3198
3143
3197
3158
3188
3186
3141
3190
3155
3182
3174
3145
3205
3170
3188
3178
3155
3186
3155
3180
3186
3156
3191
3155
3186
3182
3163
3190
3155
3172
3181
3167
3192
3142
3180
3178
3159
3193
3140
3187
3186
3167
3185
3142
3191
3173
3185
3190
3139
3180
3172
3180
3191
3134
3185
3176
3170
3181
3141
3193
3167
3181
3196
3143
3193
3165
3175
3184
3149
3191
3157
3183
3182
3151
3197
3167
3183
3180
3157
3189
3169
3198
3196
3150
3186
3159
3181
3182
3156
3202
3150
3190
3178
3163
3203
3156
3181
3170
3169
3198
3144
3178
3192
3169
3204
3145
3189
3178
3174
3184
3140
3189
3168
3165
3189
3151
3187
3166
3171
3204
3138
3184
3175
3174
3182
3133
3185
3168
3180
3178
3132
3194
3167
3183
3186
3135
3190
3157
3179
3194
3140
3192
3170
3181
3177
3150
3191
3159
3181
3190
3148
3185
3152
3189
3184
3152
3186
3156
3183
3176
3155
3193
3158
3190
3175
3162
3195
3146
3191
3177
3154
3205
3151
3186
3172
3172
3197
3141
3186
3170
3165
3199
3144
3181
3175
3165
3187
3151
3186
3174
3169
3183
3139
3192
3169
3184
3182
3136
3187
3169
3176
3202
3136
3197
3168
3180
3188
3139
3186
3170
3177
3193
3142
3187
3160
3187
3184
3158
3182
3164
3182
3187
3161
3192
3160
3176
3179
3151
3189
3156
3180
3174
3162
3194
3148
3181
3172
3155
3187
3162
3181
3185
3162
3198
3160
3182
3171
3181
3196
3148
3190
3181
3173
3192
3148
3190
3167
3173
3185
3138
3185
3167
3183
3192
3143
3185
3169
3171
3192
3141
3184
3170
3171
3190
3140
3194
3175
3171
3193
3147
3185
3180
3179
3189
3150
3198
3157
3189
3181
3149
3182
3154
3187
3185
3159
3192
3156
3173
3173
3160
3202
3150
3188
3176
3156
3199
3165
3181
3186
3164
3185
3144
3176
3171
3164
3192
3149
3177
3175
3162
3203
3151
3185
3170
3174
3188
3139
3185
3176
3173
3182
3146
3182
3165
3170
3196
3140
3188
3166
3182
3183
3137
3187
3172
3171
3181
3153
3195
3163
3181
3192
3142
3185
3159
3188
3182
3156
3187
3159
3182
3177
3144
3187
3161
3194
3193
3154
3190
3150
3174
3186
3160
3186
3157
3181
3178
3171
3196
3143
3186
3177
3168
3196
3145
3178
3181
3163
3194
3151
3175
3185
3170
3184
3152
3186
3178
3172
3191
3135
3190
3185
3179
3189
3140
3192
3173
3170
3186
3150
3189
3167
3172
3184
3134
3190
3174
3176
3177
3136
3195
3166
3192
3191
3144
3198
3175
3183
3179
3154
3196
3156
3188
3186
3150
3199
3165
