2766,5000
3003
2975
3017
2983
2989
3000
2973
3010
2989
2989
2995
2979
3009
2979
2989
3006
2982
3016
2980
2985
2995
2976
3013
2983
2991
2988
2980
3014
2974
2996
2987
2975
3013
2992
3001
2998
2983
3011
2970
2997
2995
2982
3016
2972
3006
2993
2979
3007
2978
3008
2984
2986
3006
2980
3012
2987
2997
2999
2968
3005
2982
2994
3005
2973
3020
2975
2986
3005
2975
3016
2981
2987
2997
2984
3006
2983
3000
2989
2972
3008
2974
2994
2994
2972
3015
2973
2991
2999
2978
3017
2968
2998
2997
2979
3010
2975
3003
2983
2980
3012
2962
3005
2988
2988
3007
2970
3009
2982
2991
3017
2968
3002
2992
2984
3010
2973
3019
2975
2984
2996
2971
3009
2983
2989
2998
2971
3013
2988
2983
2998
2971
3006
2979
2998
2995
2988
3012
2978
2996
2982
2980
3021
2977
2993
2992
2984
3014
2971
3001
2993
2977
3018
2970
3005
2998
2979
3015
2970
2998
2984
2984
3008
2972
3008
2991
2986
3003
2974
3008
2997
2984
3005
2975
3005
2996
2994
3004
2969
3003
2980
2981
3004
2976
3012
2980
2987
2996
2978
3017
2989
2989
3001
2979
3021
2979
2995
3004
2970
3010
2971
3000
2989
2982
3009
2981
3002
2981
2983
3021
2981
3000
2985
2983
3011
2974
3008
2987
2985
3011
2962
3002
2990
2986
3012
2971
3001
2983
2985
3009
2975
3004
2985
2991
3007
2978
3010
2989
2984
2998
2977
3015
2981
2988
2999
2978
3009
2984
2985
3008
2976
3010
2976
2988
2995
2990
3024
2975
3005
2992
2979
3009
2978
2991
2987
2978
3008
2974
3000
2998
2983
3019
2966
2999
2990
2982
3017
2971
3004
2979
2980
3010
2973
3006
2987
2991
3009
2979
3011
2991
2997
3012
2965
3004
2984
2987
3002
2984
3001
2979
2981
2998
2983
3004
2985
2992
2999
2974
3015
2988
2999
2986
2975
3007
2980
2986
2997
2977
3011
2973
2987
2993
2974
3010
2982
2992
2994
2986
3006
2982
2996
2993
2971
3011
2980
3001
2994
2984
3006
2968
3008
2980
2990
3014
2972
3005
2990
2984
3005
2982
3008
2988
2989
3005
2976
3008
2987
2994
3006
2965
3013
2981
2995
3004
2976
3016
2976
2986
2999
2986
3010
2979
2986
2994
2980
3015
2990
2988
2989
2979
3001
2979
2994
2992
2986
3014
2973
2997
2990
2983
3015
2973
2994
2991
2977
3010
2972
3007
2994
2976
3004
2966
3010
2984
2991
3007
2968
3008
2985
2992
3016
2964
3007
2982
2987
3009
2975
3014
2982
2977
2997
2983
3011
2981
2988
2995
2977
3008
2984
2995
3003
2967
3014
2980
2989
2993
2980
3022
2974
2997
2976
2979
3019
2982
2993
2990
2981
3009
2975
3004
3001
2976
3010
2969
3005
2991
2993
3008
2972
2996
2985
2986
3014
2973
3010
2985
2988
3005
2978
3019
2980
2987
3003
2976
3005
2981
2993
3007
2971
3014
2976
2989
3002
2984
3006
2985
2999
2990
2978
3014
2982
2985
2989
2976
3020
2974
2999
2997
2973
3014
2983
2990
2993
2985
3012
2975
3001
2987
2984
3014
2985
2991
2997
2979
3007
2975
3005
2992
2986
3005
2974
3000
2988
2999
3008
2971
3008
2983
3002
3004
2982
3008
2985
2984
3002
2985
3006
2989
2983
2992
2971
3015
2972
2989
2997
2975
3014
2982
2990
2997
2984
3012
2980
2989
2994
2978
3016
2979
2990
2986
2975
3020
2971
2998
2988
2984
3017
2983
3008
3000
2993
3013
2972
3002
2989
2985
3020
2965
2999
2978
2989
3001
2975
3011
2992
2991
3004
2977
3018
2992
2996
2999
2967
3009
2982
2989
3009
2970
3008
2982
2986
2999
2980
3016
2981
2992
2993
2978
3010
2990
2986
2986
2974
3014
2976
2990
2990
2984
3007
2975
2989
2989
2984
3012
2977
3006
2990
2978
3014
2978
3009
2989
2978
3009
2968
3013
2997
2992
3012
2965
3005
2994
2989
3006
2975
3011
2983
3003
2998
2981
3008
2985
2982
3000
2976
3014
2985
2993
2997
2974
3003
2982
2993
3004
2977
3010
2976
2988
2994
2983
3011
2976
2986
2991
2973
3015
2979
3001
2996
2972
3012
2981
2997
2996
2992
3006
2986
2996
2991
2980
3012
2971
3009
2981
2992
3005
2975
3019
2979
2987
3004
2979
3004
2989
2990
3003
2971
3010
2979
2993
3007
2965
3009
2987
2988
2999
2980
3013
2978
2984
2994
2978
3013
2985
2990
2994
2980
3004
2981
2991
2995
2968
3014
2978
2997
2998
2987
3015
2981
2987
2989
2981
3016
2974
3001
2992
2991
3001
2978
3006
2994
2990
3002
2972
3004
2989
2992
3013
2969
3004
2980
3000
3005
2972
3007
2985
2988
3011
2969
3030
2981
2991
2999
2968
3012
2978
2990
3000
2980
3001
2974
2989
2995
2986
3009
2984
2991
2991
2976
3019
2984
2989
2989
2976
3018
2977
2995
2996
2981
3014
2963
3004
2985
2990
3016
2973
3008
2985
2988
3011
2977
2998
2987
2989
3012
2975
3010
2987
2984
3004
2963
3015
2986
2989
3005
2981
3007
2981
2992
3004
2976
3009
2986
2984
2997
2979
3025
2979
2988
2990
2973
3011
2980
2996
2994
2978
3013
2976
3000
2995
2988
3016
2968
2997
2998
2988
3022
2985
2990
2986
2978
3018
2967
3007
2988
2986
3009
2974
3010
2990
2993
2997
2968
3007
2983
2992
3007
2980
3004
2987
2976
3003
2976
3011
2990
2984
3006
2971
3011
2995
2985
2997
2971
3020
2974
2993
2999
2979
3007
2983
2982
2996
2976
3015
2982
2996
2990
2976
3014
2991
2991
2990
2981
3011
2973
2995
3002
2978
3011
2966
2996
2995
2982
3012
2971
3004
2986
2982
3009
2974
3008
2982
2987
3005
2971
3015
2992
2996
2999
2970
3008
2986
2995
3009
2974
3020
2977
2985
2997
2982
3020
2971
2989
2989
2979
3008
2979
2995
2987
2972
3013
2984
2993
2991
2980
3018
2972
2994
2997
2982
3025
2968
2999
2987
2985
3015
2978
3005
2985
2982
3006
2972
3004
2995
2980
3007
2972
3003
2996
2985
3009
2972
2998
2984
2995
3008
2971
3013
2983
2982
2995
2974
3018
2974
2994
3004
2979
3012
2980
2992
2997
2975
3007
2974
2992
2997
2983
3021
2979
2980
2995
2971
3022
2973
2999
2985
2979
3007
2976
2998
2993
2980
3008
2973
3006
2981
2991
3019
2968
2994
2982
2982
3011
2970
3004
2991
2991
2999
2979
3004
2990
2985
3002
2974
3004
2989
2996
3004
2979
2998
2977
2987
3001
2980
3009
2982
2992
2995
2982
3013
2984
2990
2998
2976
3023
2975
2999
2993
2976
3018
2963
2992
2995
2977
3021
2978
3007
2983
2986
3017
2979
2995
2989
2982
3013
2969
3004
2992
2981
3002
2964
3010
2987
2993
3004
2978
3005
2985
2994
3011
2973
3007
2980
2991
3010
2968
3021
2980
2983
2994
2969
3015
2975
2990
3006
2970
3013
2975
2992
2996
2981
3015
2982
2992
2992
2985
3010
2985
2990
2981
2974
3018
2982
2992
2982
2986
3018
2973
2996
2998
2995
3000
2980
3005
2985
2983
3011
2974
3003
2980
2983
3009
2974
3012
2988
2999
3001
2975
3011
2986
2993
3000
2978
3004
2982
2987
3008
2978
3008
2978
2985
2997
2977
3023
2976
2991
2994
2976
3016
2982
2994
2985
2977
3006
2982
2993
2999
2980
3010
2978
2986
2993
2988
3022
2973
3007
2987
2980
3014
2984
3003
2984
2983
3016
2982
2997
2995
2993
3007
2967
3008
2984
2996
3005
2981
3004
2986
2986
3014
2972
3018
2976
2989
2998
2983
3002
2986
2994
2996
2972
3009
2978
3002
2990
2986
3022
2974
2993
2997
2988
3017
2973
2990
2989
2979
3025
2972
3008
2979
2977
3006
2978
3003
3001
2975
3022
2971
2999
2993
2992
3013
2971
3002
2984
2996
3001
2979
3004
2995
2997
2995
2973
3016
2997
2987
3008
2981
2998
2989
2989
3008
2974
3001
2990
2982
3002
2986
3013
2979
2984
2993
2976
3015
2989
2990
2996
2982
3011
2979
3001
2997
2977
3012
2978
2992
2991
2981
3023
2972
2998
2979
2984
3012
2974
3007
2992
2992
3004
2976
3008
3002
2975
3007
2974
3002
2990
2990
3009
2978
2995
2982
2991
3007
2976
3006
2990
2986
3018
2990
3007
2988
2981
3001
2971
3013
2986
2988
3002
2975
3013
2968
2995
2998
2980
3015
2986
2986
2994
2982
3016
2979
2990
2984
2980
3012
2981
2999
2994
2981
3004
2970
2999
2993
2983
3010
2974
3008
2997
2978
3015
2975
3003
2989
2987
3009
2970
3009
2988
2991
3007
2972
3004
2988
2988
3004
2972
3010
2979
2991
3004
2983
3004
2979
2987
3001
2978
3008
2984
2988
3000
2965
3014
2979
2990
2992
2981
3014
2976
2998
2995
2977
3009
2976
2997
2991
2988
3014
2980
2991
2985
2977
3013
2982
3002
2992
2994
3003
2988
3013
2988
2991
3006
2978
3011
2987
2988
3008
2983
2999
2983
2989
3005
2972
3016
2982
2989
3009
2970
3022
2978
2992
2996
2971
3017
2981
2987
3002
2981
3018
2971
2986
2992
2984
3022
2981
2994
2988
2980
3010
2981
3000
2985
2977
3021
2971
2995
2990
2983
3010
2971
2996
2998
2977
3008
2979
3010
2986
2986
3003
2974
3008
2984
2991
3004
2984
3002
2990
2992
3003
2976
2996
2992
2984
3007
2982
3005
2988
2981
3006
2989
3006
2984
2980
3001
2973
3014
2985
2991
2991
2973
3010
2981
2991
2995
2982
3009
2979
2991
2992
2993
3009
2974
2992
2995
2977
3013
2982
2999
2990
2978
3006
2973
3012
2985
2986
3013
2970
3001
2990
2997
3004
2986
3003
2986
2987
3007
2977
3007
2985
2992
3002
2968
3016
2982
2989
3005
2982
3006
2986
2991
3003
2981
3000
2984
2993
2999
2980
3009
2985
2977
2998
2974
3014
2980
2997
2990
2982
3009
2980
3004
2987
2976
3014
2974
2997
2990
2985
3021
2967
2991
2986
2987
3005
2979
3005
2989
2987
3008
2975
3011
2985
2989
3011
2964
3009
2983
2990
3010
2969
3005
2985
2985
3010
2974
3018
2992
2983
2999
2983
3008
2986
2985
2995
2974
3010
2976
2996
2994
2979
3010
2975
2991
2993
2984
3010
2980
2993
2986
2982
3018
2976
2991
2987
2983
3011
2984
3000
2997
2981
3009
2969
3011
2987
2991
3003
2971
3002
2990
2985
3011
2973
3009
2977
2990
3011
2974
3010
2991
2984
3001
2971
3011
2992
2983
3004
2977
3011
2978
2986
2998
2980
3006
2988
2985
2998
2972
3015
2983
2989
2987
2973
3015
2978
2999
2987
2982
3010
2975
2995
2995
2984
3016
2969
3003
2983
2982
3017
2978
3003
2985
2981
3009
2978
3005
3000
2985
3009
2968
3006
2990
2994
3010
2966
3010
2980
2992
3018
2973
3005
2982
2978
3012
2972
3015
2983
2998
3012
2966
3012
2985
3001
2990
2976
3010
2981
2999
2994
2980
3010
2981
2984
2992
2980
3014
2981
3003
2986
2979
3013
2981
2997
2988
2982
3013
2975
3000
2999
2989
3009
2962
3001
2984
2988
3014
2972
3003
2992
2977
3011
2975
3009
2987
2984
3013
2968
3014
2985
2993
2998
2964
3007
2981
2994
2996
2975
3018
2978
2987
3002
2978
3015
2976
3003
2986
2979
3012
2988
2990
2988
2973
3007
2978
3006
2981
2978
3017
2979
3002
2992
2992
3012
2983
3012
2983
2984
3016
2972
3002
2988
2980
3004
2973
3009
2987
2988
3010
2971
3007
2994
2988
3012
2969
3004
2991
2984
3009
2985
3007
2982
2984
2996
2977
3011
2984
3000
2994
2978
3007
2982
2991
3004
2972
3011
2979
2991
2992
2981
3015
2974
2987
2986
2978
3011
2980
2991
2999
2972
3016
2975
3003
2997
2980
3010
2981
2994
2993
2986
3016
2973
3004
2981
2987
3015
2968
3010
2984
2989
3005
2984
3016
2989
2988
3006
2970
3009
2982
2991
3007
2969
3005
2974
2985
3014
2975
3018
2979
2991
2988
2978
3018
2989
2980
2993
2978
3012
2975
3002
2989
2973
3004
2967
2995
2987
2985
3020
2971
2997
2989
2986
3019
2976
2996
2983
2989
3005
2974
3002
2991
2987
3006
2962
3005
2989
2997
3000
2983
3020
2989
2989
3009
2984
2997
2982
2993
3003
2973
3010
2996
2980
2995
2969
3010
2984
2998
2991
2977
3019
2974
2994
2992
2980
3007
2972
2987
2990
2986
3010
2990
2990
2981
2974
3012
2977
2995
3000
2974
3019
2965
2999
2990
2986
3006
2968
3006
2980
2987
3007
2977
2995
2981
2980
3003
2973
3006
2984
2993
2999
2970
3001
2987
2991
2999
2970
3004
2989
2983
3008
2976
3015
2970
2988
3006
2968
3030
2978
2992
3002
2966
3016
2978
2994
2989
2969
3015
2979
2986
2994
2975
3009
2973
2992
2987
2980
3011
2974
3004
2985
2983
3018
2974
3007
2980
2986
3002
2972
3009
2985
2991
3002
2965
3001
2980
2995
3003
2963
3013
2989
2988
3013
2966
3013
2988
2982
3002
2980
3006
2981
2998
2988
2968
3007
2981
2998
2992
2980
3007
2980
2993
2993
2979
3015
2975
2990
3002
2971
3014
2977
2998
2996
2969
3009
2969
2997
3002
2973
3018
2964
3002
2998
2977
3013
2969
3000
2983
2985
3007
2977
3000
2986
2987
2998
2980
2999
2988
2985
3006
2977
2997
2983
2987
3006
2968
3012
2983
2995
2995
2978
3008
2978
2985
2986
2975
3010
2979
2990
2995
2972
3009
2978
2991
3003
2969
3011
2984
2987
2988
2984
3017
2971
2995
2991
2975
3011
2973
2994
2991
2979
3007
2974
3005
2998
2978
3010
2974
3006
2989
2993
3005
2969
2992
2984
2990
3009
2971
3011
2986
2999
2996
2972
3017
2994
2986
2997
2978
3005
2981
2990
3009
2965
3005
2972
2986
2994
2975
3013
2981
2997
2987
2984
3009
2983
2995
2982
2979
3021
2968
3006
2986
2978
3002
2967
2997
2989
2982
3012
2974
3002
2986
2988
3007
2975
3000
2989
2987
3001
2975
3003
2991
2979
2999
2974
3000
2988
2987
3007
2972
3018
2973
2989
3013
2968
3007
2976
2988
2995
2975
3017
2985
2987
2984
2972
3013
2980
2992
2995
2988
3004
2978
3001
2988
2979
3004
2970
2993
2987
2980
3012
2978
2994
2984
2976
3017
2973
2997
2991
2984
3017
2965
3005
2997
2984
3004
2975
2997
2988
2984
3008
2982
2995
2990
2984
3004
2974
3008
2985
2988
3004
2965
3013
2985
2995
2993
2967
3020
2978
2988
2999
2976
3007
2974
2985
2993
2977
3022
2972
2995
2984
2984
3008
2982
2993
2988
2972
3009
2975
2992
2992
2982
3007
2969
2991
2987
2987
3007
2973
3003
2984
2985
3008
2974
3008
2985
2981
3005
2976
3005
2985
2992
3002
2970
3001
2983
2992
2998
2976
3012
2981
2986
3004
2980
3010
2977
2989
2999
2982
3005
2981
2993
2989
2971
3017
2972
2994
2992
2975
3012
2976
2991
2991
2979
3015
2975
2997
2984
2980
3006
2977
3000
2992
2973
3001
2975
2997
2992
2980
3010
2972
3004
2987
2988
3019
2963
3003
2980
2990
3007
2969
3011
2979
2983
2996
2978
3002
2987
2986
3011
2964
3015
2978
2992
3003
2971
3014
2970
2997
2990
2979
3016
2974
2985
2988
2986
3008
2979
2991
2992
2976
3011
2975
2998
2997
2971
3013
2981
2992
2992
2984
3012
2972
2997
2982
2984
3013
2969
3012
2983
2985
3006
2968
3005
2986
2991
2994
2979
3001
2985
2997
3002
2968
3005
2977
2986
3000
2982
3003
2987
2984
2996
2976
3017
2981
2985
2990
2983
3005
2983
2987
2996
2977
3010
2966
2992
2990
2978
3015
2978
2987
2987
2980
3014
2975
2991
2989
2976
3012
2969
3010
2985
2997
3014
2977
3007
2985
2992
3008
2973
3002
2983
2988
3012
2976
3002
2979
2991
3012
2968
3009
2994
2977
3003
2961
3011
2987
2987
3003
2977
3011
2979
2985
2998
2979
3009
2974
2987
2995
2982
3010
2985
2982
2986
2966
3011
2977
2997
2996
2982
3008
2973
2997
2992
2985
3009
2979
3000
2997
2979
3016
2982
2994
2983
2981
3004
2976
3005
2989
2990
3004
2973
3004
2998
2984
3000
2970
3002
2986
2990
3007
2980
3013
2975
2989
2990
2978
3018
2979
2989
2998
2975
3012
2983
2998
2985
2976
3010
2978
2990
2997
2977
3011
2968
2991
2993
2988
3008
2976
3000
2997
2973
3014
2971
3004
2981
2979
3006
2971
3003
2993
2990
3005
2968
2998
2984
2994
3000
2974
3005
2982
2987
3003
2986
3004
2977
2982
3002
2970
3018
2977
2990
2994
2973
3000
2979
2991
3005
2971
3013
2977
2986
2994
2979
3014
2972
2990
2994
2971
3014
2981
2994
2987
2974
3008
2975
2995
2991
2981
3012
2971
2999
2988
2995
3002
2970
2992
2986
2992
3005
2973
3005
2985
2978
3012
2964
3012
2979
2994
3014
2969
3009
2982
2991
3011
2963
3008
2977
2989
2996
2978
3016
2974
2992
2989
2974
3010
2984
2987
2993
2976
3009
2978
2999
2987
2978
3012
2973
2999
2998
2977
3020
2977
2985
2987
2985
3020
2966
3000
2991
2986
3008
2977
3007
2991
2993
2996
2974
3004
2983
2997
3001
2965
2999
2980
2990
3008
2969
3010
2990
2984
3002
2977
3012
2993
2977
2995
2977
3018
2975
3000
2993
2987
3014
2968
2995
2990
2981
3020
2987
2986
2992
2978
3018
2982
2983
2987
2984
3006
2978
2998
2999
2973
3014
2960
3002
2985
2983
3012
2980
2998
2987
2982
3017
2966
3003
2980
2994
3000
2970
3009
2988
2985
2996
2972
2997
2986
2982
3001
2971
3016
2973
2988
2999
2994
3007
2974
2988
2992
2980
3009
2980
2987
2985
2977
3000
2976
2996
2984
2977
3009
2968
2994
2990
2977
3015
2961
2994
2995
2972
3013
2972
2994
2990
2964
3005
2963
2999
2984
2984
3005
2970
2998
2992
2985
3004
2962
3002
2984
2986
3003
2974
2997
2970
2983
2992
2968
3006
2981
2984
2997
2962
3010
2974
2992
2987
2967
3009
2973
2986
2998
2967
3002
2966
2982
2985
2968
3009
2977
2984
2984
2972
3006
2970
2993
2978
2974
2993
2965
2985
2982
2975
2995
2960
2994
2976
2984
2990
2966
2998
2973
2977
3004
2958
2999
2972
2983
2987
2961
2998
2983
2974
2989
2951
2994
2971
2985
2983
2962
3003
2973
2975
2988
2969
3009
2966
2981
2977
2970
3005
2971
2981
2974
2967
2990
2957
2985
2973
2973
3007
2960
2985
2986
2967
3000
2960
2981
2973
2970
2999
2964
2999
2969
2972
2991
2965
2991
2980
2978
3006
2958
2993
2977
2986
2995
2961
2995
2984
2971
2997
2974
2998
2970
2973
2986
2966
3003
2973
2979
2990
2970
3010
2969
2984
2990
2968
2996
2974
2982
2988
2967
3009
2964
2981
2987
2973
3010
2971
2984
2985
2974
3004
2965
2996
2983
2976
2991
2970
2994
2981
2982
3004
2964
2992
2981
2974
3008
2960
3002
2984
2981
2993
2967
3007
2987
2971
2990
2965
3010
2968
2989
3005
2959
3001
2975
2976
2995
2965
3008
2976
2991
2988
2972
3014
2984
2978
2982
2982
2999
2972
2988
2987
2971
3003
2965
2995
2992
2972
3011
2966
2995
2982
2976
3006
2969
2997
2979
2978
3013
2963
3004
2983
2978
2995
2959
3006
2991
2984
3002
2970
3006
2985
2979
3005
2972
3003
2981
2975
3001
2967
3007
2986
2975
2991
2961
3020
2970
2990
2986
2977
3007
2973
2991
2994
2977
3007
2968
2997
2977
2981
3006
2976
2995
2989
2966
3008
2972
2999
2988
2973
3004
2969
2998
2985
2984
3003
2970
2996
2986
2979
3005
2971
2999
2977
2980
3013
2960
3009
2983
2985
2995
2970
3008
2980
2991
2994
2976
3002
2975
2986
3003
2970
3007
2966
2979
2993
2977
3011
2983
2984
2989
2971
3017
2975
2993
2981
2976
3016
2962
2995
2993
2977
3004
2964
2997
2985
2982
3010
2971
2999
2983
2980
3003
2970
3011
2972
2981
3004
2975
2995
2990
2992
2996
2964
3005
2990
2980
3004
2976
3003
2981
2991
2991
2976
3008
2976
2981
2995
2979
3007
2977
2993
2985
2974
3002
2977
2986
2990
2981
3006
2978
2988
2988
2978
3013
2986
2997
2979
2978
3018
2967
