2865,10000
733,1461,17283,13716
733,1466,17321,13711
725,1457,17081,13627
737,1462,17350,13711
739,1459,17404,13721
732,1485,17229,13637
732,1456,17314,13749
731,1454,17204,13561
734,1466,17285,13663
732,1467,17261,13646
729,1482,17197,13645
722,1459,17006,13619
728,1473,17173,13660
731,1454,17248,13683
734,1471,17357,13750
729,1460,17179,13590
724,1454,17060,13667
719,1460,16922,13538
730,1464,17217,13652
720,1467,16985,13582
721,1468,16968,13595
724,1462,17065,13650
719,1456,16943,13539
722,1464,17017,13621
722,1464,16974,13586
720,1465,16941,13567
723,1458,17062,13645
721,1470,16956,13553
723,1466,17044,13668
725,1471,17000,13601
722,1466,16977,13582
722,1454,17001,13610
721,1461,16942,13576
735,1459,17325,13908
735,1464,17319,13894
730,1474,17155,13748
724,1457,17072,13673
726,1455,17014,13586
721,1462,16971,13599
721,1464,16990,13602
722,1465,16999,13617
725,1464,17082,13686
728,1483,17088,13629
726,1463,17140,13750
735,1475,17247,13821
731,1471,17140,13700
723,1465,17029,13622
723,1466,17045,13632
735,1469,17270,13846
731,1477,17160,13718
721,1462,16971,13591
721,1458,16988,13592
719,1471,16908,13531
723,1470,17036,13655
721,1467,16989,13587
720,1467,16982,13584
723,1455,17032,13646
734,1463,17264,13830
722,1468,16992,13614
723,1470,17024,13618
721,1462,16995,13604
721,1464,16999,13578
722,1476,17008,13601
728,1457,17151,13761
733,1451,17251,13836
720,1469,16939,13568
727,1465,17133,13709
734,1485,17239,13786
733,1470,17174,13742
721,1466,16973,13570
723,1462,17023,13627
723,1466,17045,13670
720,1473,16938,13587
723,1456,17025,13662
722,1463,16986,13565
723,1463,17037,13626
727,1472,17070,13638
718,1450,16884,13537
723,1456,17032,13661
720,1465,16962,13557
722,1465,17006,13617
721,1464,16987,13580
719,1452,16940,13606
728,1454,17155,13767
732,1455,17248,13835
722,1457,16988,13591
725,1458,17040,13643
721,1460,16977,13574
722,1467,17026,13641
720,1459,16960,13550
724,1463,17052,13670
721,1472,16978,13592
721,1463,16955,13578
723,1466,17006,13627
720,1472,16960,13535
724,1469,17077,13703
724,1461,17035,13660
722,1458,16969,13556
723,1474,17021,13638
721,1462,16957,13549
723,1467,17025,13643
722,1461,16998,13600
723,1468,17044,13646
721,1469,17002,13597
719,1470,16919,13538
723,1464,17020,13656
725,1462,17074,13684
727,1470,17088,13641
721,1456,17005,13626
719,1474,16940,13537
723,1453,17033,13654
723,1462,16997,13592
721,1461,16991,13603
723,1470,17025,13637
720,1469,16964,13579
729,1457,17149,13752
728,1477,17105,13671
721,1471,16964,13573
720,1454,16978,13612
721,1465,16958,13574
724,1457,17067,13686
722,1466,17011,13594
722,1471,17044,13620
722,1469,16988,13583
722,1461,16979,13612
722,1456,16996,13617
720,1461,16957,13552
723,1464,17026,13623
722,1467,17025,13627
721,1467,16983,13596
723,1461,17045,13655
725,1466,17053,13648
732,1482,17186,13750
730,1473,17130,13701
724,1471,17031,13611
724,1447,17060,13685
720,1469,16927,13536
721,1473,16977,13593
721,1470,16958,13595
722,1453,17021,13633
725,1466,17119,13721
723,1469,17025,13616
723,1464,17048,13636
722,1473,16977,13584
720,1473,16935,13569
729,1451,17185,13806
734,1476,17271,13819
726,1472,17069,13623
722,1462,16971,13590
723,1453,17026,13623
725,1469,17050,13650
720,1478,16926,13542
724,1469,17049,13684
730,1476,17115,13684
724,1463,17017,13578
724,1454,17076,13684
725,1481,17034,13596
728,1459,17166,13775
735,1457,17309,13894
727,1468,17120,13695
732,1488,17215,13774
720,1474,16949,13535
730,1510,17152,13708
721,1452,16982,13597
723,1467,17020,13640
721,1467,16982,13602
721,1468,16967,13566
723,1456,17037,13623
723,1466,17022,13646
721,1467,16974,13568
721,1472,17008,13613
720,1476,16954,13556
721,1465,16979,13603
721,1455,16976,13619
722,1471,17020,13599
722,1467,17015,13632
719,1477,16915,13532
723,1453,17018,13635
721,1451,16961,13587
721,1468,16972,13592
721,1468,16984,13602
722,1468,16993,13574
724,1451,17057,13656
719,1464,16936,13547
723,1478,17041,13649
722,1459,16992,13620
721,1465,16973,13583
723,1458,17055,13657
719,1455,16928,13536
721,1468,16992,13581
724,1461,17076,13690
728,1463,17086,13631
723,1454,17022,13656
719,1457,16928,13539
728,1469,17141,13718
736,1464,17327,13909
719,1458,16928,13550
724,1465,17060,13689
718,1472,16911,13535
721,1470,16984,13596
725,1468,17064,13668
727,1456,17073,13602
726,1452,17146,13743
719,1459,16928,13540
722,1474,16992,13606
721,1457,16970,13595
722,1465,16994,13594
725,1460,17117,13725
725,1466,17007,13572
722,1469,17012,13615
728,1454,17162,13748
722,1467,17001,13616
721,1451,16994,13599
719,1467,16901,13517
724,1469,17085,13686
721,1462,16976,13565
724,1460,17050,13641
722,1466,16991,13586
720,1472,16933,13557
726,1457,17029,13637
722,1470,17006,13598
722,1476,17001,13598
722,1476,17033,13630
724,1511,17024,13641
721,1453,16975,13604
725,1463,17069,13674
722,1451,16997,13573
723,1466,17039,13632
719,1463,16908,13509
736,1454,17364,13939
727,1469,17070,13645
721,1470,16962,13588
729,1479,17173,13762
724,1480,17020,13615
736,1454,17386,13946
734,1470,17229,13791
734,1468,17311,13892
721,1455,16984,13609
720,1468,16911,13544
724,1462,17067,13685
723,1462,17040,13649
722,1465,17003,13598
724,1472,17097,13684
727,1473,17046,13608
724,1451,17070,13684
723,1461,16991,13576
721,1472,16999,13604
723,1463,17036,13635
721,1465,16952,13562
722,1456,17025,13627
719,1468,16921,13534
723,1471,17037,13635
736,1467,17297,13882
721,1457,16990,13613
724,1458,17080,13677
720,1460,16965,13559
719,1470,16937,13545
722,1470,17006,13624
717,1459,16909,13564
724,1450,17076,13698
720,1464,16973,13564
722,1470,16987,13585
717,1461,16953,13547
721,1468,16990,13603
723,1456,17043,13669
720,1471,16935,13540
721,1474,16983,13581
721,1466,16995,13584
725,1465,17054,13614
722,1457,17044,13648
720,1464,16925,13542
723,1469,17008,13637
722,1465,17000,13624
720,1467,16958,13580
723,1462,17059,13656
723,1468,17020,13612
725,1462,17038,13608
720,1466,16947,13585
721,1465,16978,13594
722,1463,16998,13613
718,1464,16916,13528
724,1456,17081,13672
723,1461,17033,13600
722,1471,16992,13595
723,1464,17002,13611
720,1470,16917,13550
723,1464,17028,13636
723,1469,17035,13641
721,1457,17009,13614
722,1466,17010,13616
718,1470,16906,13513
723,1462,17043,13656
720,1463,16953,13565
721,1458,16972,13597
725,1460,17094,13683
730,1476,17122,13678
733,1471,17216,13795
730,1472,17153,13709
719,1465,16938,13579
722,1456,17026,13630
721,1468,16954,13546
723,1453,17062,13656
721,1462,17006,13584
723,1455,17017,13634
722,1456,16970,13583
721,1466,16954,13567
723,1463,17044,13632
722,1468,17010,13601
722,1463,16989,13608
722,1467,17030,13656
721,1470,16948,13549
724,1458,17056,13679
719,1464,16917,13531
722,1456,16992,13603
721,1468,16975,13573
724,1467,17036,13631
723,1463,17035,13639
720,1462,16933,13553
725,1456,17064,13675
731,1466,17195,13772
727,1463,17108,13684
733,1460,17292,13852
723,1464,17026,13611
720,1459,16944,13569
722,1467,16974,13599
720,1466,16954,13552
725,1457,17093,13702
721,1469,16984,13578
721,1458,16960,13553
721,1465,16973,13567
722,1473,16998,13592
723,1450,17067,13702
724,1464,16974,13564
722,1467,16975,13592
721,1466,17006,13598
722,1472,16984,13608
723,1449,17041,13662
719,1452,16919,13536
719,1446,16963,13603
729,1466,17150,13741
735,1476,17297,13852
725,1457,17112,13696
721,1471,16967,13553
723,1455,17028,13648
722,1462,17013,13642
721,1464,16951,13559
723,1460,17030,13633
719,1453,16947,13551
723,1467,17017,13627
722,1453,17010,13626
721,1470,16972,13575
721,1455,16961,13593
719,1469,16910,13522
724,1462,17048,13675
724,1455,17058,13660
727,1456,17122,13709
730,1461,17180,13768
721,1472,16952,13571
722,1463,17009,13635
722,1467,17017,13612
720,1471,16964,13569
721,1458,17012,13611
722,1465,16999,13600
722,1461,17006,13630
725,1465,17070,13682
732,1480,17192,13758
725,1463,17034,13618
721,1458,16980,13585
722,1463,17002,13616
722,1470,16996,13593
720,1456,16944,13571
721,1473,16984,13611
727,1457,17077,13669
730,1479,17135,13706
722,1470,16997,13564
723,1469,17011,13636
724,1458,17020,13606
726,1465,17072,13655
731,1445,17258,13860
722,1469,16985,13585
720,1466,16965,13569
722,1461,17007,13620
720,1463,16979,13572
725,1457,17099,13708
721,1469,16973,13586
721,1465,16963,13582
717,1459,16955,13579
720,1479,16950,13573
725,1465,17091,13710
720,1459,16937,13543
725,1462,17046,13654
726,1463,17032,13617
720,1452,16938,13564
725,1455,17107,13740
720,1463,16943,13535
722,1460,16998,13613
721,1464,16966,13571
721,1464,16973,13580
722,1464,17017,13651
722,1465,16980,13586
722,1460,17016,13631
722,1460,17007,13597
721,1472,16990,13598
721,1470,16996,13611
720,1457,16927,13556
722,1456,17010,13636
735,1472,17297,13839
728,1463,17145,13718
731,1461,17188,13783
722,1464,16978,13590
722,1465,17004,13609
721,1464,16986,13598
722,1477,16985,13606
721,1466,16979,13604
719,1469,16934,13519
723,1465,17045,13659
721,1471,16986,13610
722,1468,17012,13606
723,1459,17014,13630
719,1468,16928,13519
724,1456,17047,13638
722,1472,17008,13583
725,1462,17085,13672
724,1468,17012,13613
719,1455,16912,13516
722,1452,17029,13646
722,1468,17010,13578
722,1473,17005,13617
721,1451,16973,13590
720,1458,16954,13551
722,1456,17021,13640
720,1465,16943,13571
723,1467,17017,13641
722,1459,17003,13624
722,1458,16993,13595
723,1463,17042,13652
720,1478,16958,13567
722,1461,16994,13618
721,1457,16955,13580
721,1455,16968,13586
724,1462,17069,13676
720,1470,16976,13574
722,1466,17004,13600
721,1458,17007,13613
721,1467,16958,13553
725,1462,17076,13708
720,1460,16962,13559
720,1458,16983,13573
721,1463,16988,13600
721,1461,16961,13558
724,1471,17058,13677
726,1470,17063,13659
725,1466,17051,13642
735,1472,17294,13870
724,1474,17065,13656
730,1467,17162,13723
719,1471,16930,13547
723,1458,17007,13616
721,1469,16964,13599
721,1462,16996,13589
724,1463,17066,13669
719,1460,16937,13538
725,1461,17093,13681
724,1454,17044,13671
719,1474,16930,13526
723,1470,17049,13674
719,1466,16921,13522
722,1461,17027,13633
721,1450,16983,13600
720,1468,16965,13571
724,1465,17081,13693
728,1469,17067,13638
722,1460,17004,13627
724,1469,17069,13685
725,1467,17043,13603
722,1466,17006,13616
722,1470,16978,13589
723,1447,17049,13661
720,1456,16960,13573
722,1475,16991,13595
721,1463,16979,13602
722,1457,17001,13598
723,1461,17061,13651
722,1463,17006,13632
720,1470,16953,13556
724,1461,17035,13647
720,1454,16943,13531
724,1460,17103,13692
721,1467,16978,13601
722,1462,16999,13594
724,1469,17034,13610
732,1457,17249,13679
734,1471,17304,13708
732,1473,17227,13627
733,1474,17301,13665
733,1463,17239,13615
721,1483,16980,13597
723,1468,17035,13660
733,1482,17242,13633
722,1468,17002,13587
721,1458,16978,13652
736,1470,17316,13670
740,1479,17420,13743
720,1475,16965,13564
733,1453,17318,13761
734,1456,17326,13733
737,1466,17414,13795
747,1483,17590,13891
743,1469,17534,13903
737,1472,17356,13732
743,1479,17455,13806
732,1461,17260,13646
734,1468,17335,13758
733,1461,17252,13655
743,1469,17473,13848
738,1460,17470,13908
730,1459,17207,13670
734,1466,17349,13768
731,1467,17233,13660
734,1466,17304,13700
733,1471,17285,13688
732,1466,17293,13705
731,1456,17277,13714
722,1460,17045,13565
730,1462,17223,13708
729,1471,17170,13646
729,1454,17193,13672
729,1467,17228,13711
726,1464,17105,13609
728,1457,17182,13689
727,1459,17135,13634
728,1468,17173,13677
729,1469,17191,13707
726,1460,17102,13585
729,1461,17208,13687
728,1464,17172,13661
727,1466,17136,13628
728,1458,17164,13666
726,1466,17092,13606
729,1451,17231,13731
727,1463,17140,13639
730,1465,17208,13706
728,1463,17159,13651
725,1471,17063,13569
729,1466,17193,13710
726,1460,17125,13644
727,1473,17144,13656
729,1454,17191,13680
725,1461,17074,13586
728,1462,17183,13686
727,1473,17154,13680
727,1454,17140,13666
727,1467,17159,13682
729,1466,17126,13608
729,1466,17212,13710
725,1465,17093,13600
726,1465,17112,13650
727,1467,17146,13661
728,1458,17140,13653
728,1461,17198,13719
727,1461,17112,13627
728,1465,17193,13688
727,1471,17146,13632
728,1463,17166,13669
728,1459,17160,13668
725,1463,17089,13621
726,1451,17127,13643
728,1472,17175,13662
728,1467,17131,13659
727,1464,17169,13682
738,1478,17338,13815
733,1463,17263,13777
730,1443,17227,13733
733,1473,17197,13669
728,1463,17222,13723
725,1482,17085,13606
731,1463,17196,13655
726,1472,17115,13627
726,1465,17118,13645
730,1451,17253,13765
727,1472,17124,13627
727,1463,17150,13639
727,1468,17154,13624
727,1460,17138,13669
729,1469,17162,13677
725,1432,17079,13586
731,1459,17252,13738
738,1475,17350,13786
725,1464,17086,13615
728,1453,17152,13667
726,1466,17101,13616
727,1462,17172,13694
725,1468,17105,13641
727,1462,17134,13663
728,1446,17220,13724
726,1474,17083,13576
728,1459,17199,13730
726,1466,17115,13632
723,1466,17051,13578
728,1457,17167,13702
726,1460,17085,13578
728,1470,17186,13684
730,1470,17220,13697
725,1454,17105,13632
726,1463,17124,13663
725,1469,17068,13603
728,1457,17177,13696
727,1458,17153,13653
725,1457,17082,13616
740,1450,17496,13979
731,1472,17242,13728
728,1461,17181,13721
726,1456,17119,13650
727,1466,17134,13671
729,1450,17171,13658
725,1469,17079,13593
729,1466,17218,13743
727,1460,17109,13608
726,1460,17141,13673
726,1464,17122,13625
726,1477,17111,13617
729,1464,17215,13721
727,1460,17158,13652
726,1465,17115,13645
724,1459,17085,13618
726,1468,17125,13635
729,1468,17194,13675
729,1469,17167,13656
725,1422,17071,13588
726,1475,17119,13635
726,1470,17098,13634
727,1470,17163,13713
725,1472,17074,13615
724,1460,17053,13618
726,1466,17155,13678
723,1449,17048,13603
725,1453,17116,13685
725,1461,17085,13633
724,1464,17047,13584
725,1461,17087,13612
725,1463,17069,13619
729,1452,17213,13750
727,1475,17121,13637
723,1464,17024,13574
726,1470,17121,13671
723,1463,17032,13583
726,1444,17123,13660
725,1475,17069,13581
725,1466,17095,13645
724,1470,17062,13614
723,1447,17038,13593
724,1455,17071,13633
723,1469,17016,13570
725,1460,17088,13663
725,1460,17067,13590
723,1462,17041,13604
722,1442,17103,13657
725,1469,17073,13636
722,1454,17021,13606
727,1467,17140,13680
723,1458,17047,13593
726,1465,17136,13686
723,1469,17028,13556
725,1461,17119,13702
723,1463,17034,13614
723,1462,17032,13593
735,1449,17370,13914
734,1485,17208,13697
724,1464,17083,13646
725,1462,17076,13616
723,1460,17043,13593
724,1471,17065,13627
722,1483,16995,13565
725,1459,17095,13678
724,1459,17078,13628
725,1451,17094,13632
725,1467,17071,13620
725,1461,17075,13624
730,1465,17157,13698
723,1462,17039,13594
725,1462,17084,13642
721,1465,17098,13628
726,1462,17088,13635
725,1460,17085,13644
721,1458,16989,13569
724,1468,17064,13623
724,1464,17068,13611
726,1474,17100,13649
731,1462,17186,13706
723,1464,17032,13585
719,1459,16990,13557
724,1474,17080,13663
722,1470,17008,13572
726,1452,17137,13720
724,1466,17060,13594
721,1466,17019,13605
722,1467,17026,13611
722,1448,17007,13573
727,1459,17155,13726
720,1466,16962,13566
723,1463,17051,13609
722,1472,17033,13604
723,1455,17028,13574
728,1468,17200,13749
722,1466,16990,13581
723,1474,17050,13648
723,1459,17055,13603
724,1451,17037,13583
724,1466,17090,13667
723,1458,17040,13597
724,1460,17055,13629
723,1461,17029,13597
724,1462,17034,13576
724,1458,17061,13632
723,1457,17017,13550
724,1470,17087,13658
723,1460,17046,13629
725,1460,17074,13631
724,1462,17034,13603
725,1468,17076,13626
724,1450,17058,13621
725,1466,17090,13640
726,1466,17110,13653
724,1470,17056,13608
722,1472,16996,13575
725,1461,17072,13623
727,1460,17146,13703
728,1468,17121,13629
724,1471,17063,13634
729,1457,17163,13710
727,1462,17128,13710
727,1470,17124,13710
732,1466,17186,13705
722,1464,17019,13596
721,1464,16981,13553
726,1462,17136,13707
731,1472,17174,13701
723,1466,17013,13585
724,1475,17040,13651
722,1464,17016,13591
725,1459,17098,13655
724,1466,17055,13596
728,1465,17173,13694
731,1478,17171,13704
721,1455,16960,13548
725,1460,17100,13666
721,1463,17007,13568
722,1463,17017,13577
723,1464,17044,13634
721,1473,16994,13567
725,1458,17086,13670
721,1466,16974,13556
724,1466,17067,13659
725,1471,17055,13648
722,1464,17026,13610
725,1456,17125,13709
725,1465,17061,13650
728,1471,17094,13633
722,1466,17010,13617
722,1449,17004,13584
727,1465,17162,13730
723,1454,17005,13549
724,1458,17066,13632
723,1459,17049,13625
722,1459,17009,13589
726,1452,17134,13713
722,1457,17019,13570
724,1456,17076,13647
723,1460,17007,13612
724,1461,17029,13577
730,1458,17126,13711
722,1461,16977,13548
723,1464,17045,13643
722,1458,16990,13607
724,1454,17051,13609
728,1463,17136,13719
724,1475,17051,13617
726,1458,17076,13637
725,1463,17075,13655
723,1467,17034,13601
724,1462,17090,13642
723,1476,17026,13566
724,1452,17074,13657
730,1471,17195,13655
730,1468,17235,13664
732,1464,17319,13759
727,1464,17116,13585
724,1461,17072,13676
732,1449,17291,13726
734,1465,17304,13685
721,1477,16985,13593
731,1468,17190,13594
723,1450,17012,13637
721,1463,16989,13631
734,1485,17306,13687
732,1477,17244,13638
731,1477,17190,13594
736,1460,17357,13733
741,1459,17510,13966
739,1471,17407,13760
733,1465,17307,13718
733,1469,17313,13720
737,1459,17383,13738
732,1467,17261,13672
732,1464,17266,13694
729,1470,17179,13670
728,1468,17219,13642
747,1451,17676,14055
739,1473,17372,13779
729,1466,17268,13665
732,1449,17304,13729
730,1451,17190,13652
732,1447,17313,13772
729,1473,17191,13636
733,1468,17254,13713
742,1463,17542,13966
733,1469,17298,13736
739,1453,17477,13899
732,1466,17255,13709
731,1463,17271,13736
737,1461,17329,13748
731,1457,17243,13691
732,1465,17291,13721
727,1461,17169,13649
728,1465,17157,13634
730,1455,17241,13730
728,1460,17164,13623
732,1448,17302,13771
727,1461,17137,13617
729,1475,17210,13690
731,1470,17190,13642
729,1474,17183,13662
729,1453,17226,13732
726,1461,17106,13601
735,1462,17344,13796
733,1455,17231,13677
728,1460,17168,13649
729,1456,17220,13715
727,1465,17103,13582
728,1458,17214,13697
730,1461,17204,13682
728,1468,17174,13625
729,1465,17208,13670
740,1479,17436,13883
729,1456,17217,13714
728,1465,17174,13662
729,1463,17191,13678
728,1465,17191,13658
726,1472,17110,13600
730,1460,17236,13707
730,1464,17230,13717
728,1474,17158,13641
731,1476,17280,13750
728,1459,17122,13615
735,1458,17366,13814
737,1456,17317,13753
728,1458,17178,13647
729,1457,17211,13705
726,1462,17097,13606
730,1457,17248,13728
728,1455,17187,13678
731,1457,17236,13707
729,1471,17206,13666
727,1469,17117,13609
731,1459,17262,13759
727,1461,17133,13630
728,1465,17197,13676
731,1463,17274,13735
729,1452,17137,13609
731,1450,17258,13727
727,1463,17141,13639
731,1459,17246,13732
731,1455,17206,13679
727,1466,17136,13637
731,1448,17263,13736
728,1457,17147,13616
729,1463,17200,13682
727,1458,17147,13647
730,1459,17212,13712
732,1456,17303,13784
728,1467,17148,13625
731,1468,17235,13691
729,1461,17219,13677
728,1464,17181,13659
730,1444,17256,13751
727,1456,17146,13625
730,1471,17227,13691
728,1451,17195,13654
729,1450,17190,13671
731,1438,17322,13851
734,1474,17291,13752
734,1468,17259,13692
733,1463,17287,13759
737,1475,17294,13728
729,1459,17252,13728
727,1469,17141,13615
730,1461,17237,13728
730,1464,17221,13713
730,1453,17157,13610
731,1461,17287,13754
727,1473,17144,13609
731,1454,17254,13726
729,1459,17197,13640
731,1507,17230,13727
727,1467,17154,13660
728,1462,17144,13629
730,1461,17241,13710
729,1457,17176,13637
731,1463,17232,13687
729,1462,17184,13652
726,1474,17115,13605
729,1457,17208,13706
729,1453,17194,13664
740,1454,17469,13935
730,1455,17251,13723
726,1462,17093,13573
732,1453,17296,13785
729,1458,17182,13651
731,1469,17267,13741
730,1474,17236,13670
729,1470,17195,13631
725,1445,17109,13706
734,1466,17360,13756
734,1453,17350,13770
729,1469,17202,13662
720,1465,16923,13544
735,1461,17345,13721
732,1467,17262,13618
728,1473,17279,13706
722,1463,17024,13628
757,1462,17901,13798
733,1459,17324,13746
721,1453,16985,13599
731,1481,17239,13637
733,1471,17268,13659
734,1465,17264,13642
733,1458,17286,13673
732,1471,17226,13614
720,1468,16943,13562
737,1478,17336,13713
733,1477,17257,13648
736,1469,17377,13737
732,1471,17251,13618
736,1470,17329,13703
732,1450,17256,13851
733,1471,17268,13652
734,1462,17306,13688
733,1461,17242,13622
731,1461,17232,13640
732,1458,17234,13676
733,1472,17253,13650
738,1472,17447,13837
739,1464,17313,13668
729,1469,17196,13667
733,1465,17310,13703
733,1468,17243,13636
735,1470,17347,13752
732,1474,17277,13715
738,1476,17328,13713
734,1463,17336,13736
733,1467,17316,13706
733,1458,17278,13656
733,1475,17278,13656
734,1459,17359,13782
731,1456,17259,13694
734,1464,17282,13666
734,1474,17315,13673
732,1466,17246,13625
739,1449,17458,13871
745,1453,17641,14033
740,1484,17396,13776
732,1461,17297,13729
728,1464,17170,13618
734,1458,17341,13772
733,1460,17305,13702
734,1476,17332,13745
731,1455,17254,13715
728,1462,17156,13599
732,1459,17298,13739
731,1447,17255,13673
731,1452,17282,13702
733,1470,17303,13714
730,1462,17229,13651
732,1456,17295,13733
733,1454,17336,13784
740,1482,17411,13824
731,1467,17278,13686
732,1459,17274,13682
735,1463,17334,13741
737,1460,17415,13823
735,1421,17363,13767
741,1467,17433,13829
738,1472,17328,13738
733,1458,17320,13766
731,1459,17261,13670
732,1457,17293,13739
732,1460,17268,13708
732,1468,17286,13704
731,1447,17281,13730
730,1464,17233,13674
732,1457,17321,13759
733,1453,17282,13679
732,1451,17294,13709
736,1442,17438,13882
741,1474,17466,13873
743,1453,17572,13992
739,1455,17448,13849
732,1462,17314,13745
738,1475,17359,13765
734,1471,17323,13746
737,1467,17347,13769
730,1462,17223,13677
730,1467,17242,13703
733,1441,17427,13863
740,1490,17408,13788
730,1461,17200,13650
731,1454,17232,13674
730,1449,17236,13692
730,1465,17241,13708
730,1454,17227,13668
731,1459,17274,13730
731,1457,17281,13718
733,1450,17335,13761
731,1458,17254,13689
728,1464,17160,13622
731,1456,17275,13736
736,1463,17315,13699
731,1459,17264,13698
731,1459,17250,13700
730,1476,17201,13649
731,1452,17266,13718
730,1461,17229,13671
730,1462,17231,13670
732,1451,17288,13745
729,1452,17167,13598
733,1437,17318,13781
729,1469,17223,13685
730,1468,17214,13674
731,1453,17267,13743
728,1468,17165,13593
733,1451,17339,13785
731,1456,17259,13690
731,1468,17266,13694
730,1463,17237,13699
727,1461,17144,13611
731,1450,17265,13725
733,1465,17279,13692
732,1457,17292,13713
730,1469,17246,13713
730,1453,17209,13643
731,1453,17271,13724
729,1460,17215,13669
729,1470,17194,13667
733,1453,17322,13777
731,1463,17215,13640
734,1456,17355,13790
729,1467,17191,13650
730,1462,17236,13691
729,1463,17195,13651
731,1457,17235,13684
733,1451,17335,13796
731,1473,17234,13660
729,1461,17229,13659
731,1462,17273,13727
729,1459,17213,13686
732,1449,17297,13768
739,1455,17488,13908
734,1456,17265,13673
731,1463,17239,13708
730,1465,17222,13684
732,1470,17311,13764
733,1463,17290,13762
738,1475,17353,13774
730,1448,17201,13656
734,1464,17319,13763
735,1460,17418,13859
732,1459,17219,13649
729,1456,17213,13670
730,1453,17230,13697
727,1468,17159,13635
733,1458,17317,13749
729,1466,17205,13646
732,1456,17312,13746
731,1450,17217,13668
730,1429,17217,13663
731,1474,17252,13726
731,1455,17208,13645
731,1452,17255,13703
733,1471,17236,13712
730,1476,17203,13641
738,1459,17440,13885
740,1481,17405,13836
734,1456,17326,13783
741,1477,17427,13836
736,1468,17318,13699
729,1457,17212,13677
728,1445,17149,13617
731,1452,17262,13730
731,1454,17238,13706
731,1461,17249,13717
732,1454,17248,13669
730,1455,17202,13642
731,1450,17271,13717
729,1463,17229,13704
732,1470,17273,13749
737,1481,17338,13784
728,1465,17147,13594
733,1461,17315,13749
731,1473,17222,13673
731,1444,17271,13712
732,1450,17320,13798
732,1468,17204,13633
731,1451,17264,13734
726,1437,17136,13610
730,1467,17231,13687
732,1467,17296,13755
729,1457,17186,13655
729,1459,17233,13711
729,1472,17181,13651
731,1453,17309,13797
729,1453,17222,13694
729,1456,17200,13668
732,1465,17286,13728
729,1476,17190,13656
730,1460,17239,13713
729,1454,17206,13693
731,1456,17237,13679
732,1422,17294,13699
729,1462,17190,13663
728,1473,17170,13644
731,1449,17260,13723
732,1468,17204,13642
731,1465,17273,13756
728,1467,17172,13645
732,1455,17288,13730
732,1466,17232,13677
729,1464,17213,13683
732,1468,17295,13755
727,1471,17140,13612
729,1464,17199,13666
732,1457,17295,13750
730,1493,17220,13687
733,1461,17344,13790
727,1458,17146,13612
732,1466,17256,13724
729,1472,17175,13640
730,1461,17223,13670
732,1458,17303,13750
727,1461,17133,13606
731,1453,17255,13713
730,1459,17226,13697
731,1464,17256,13720
741,1469,17479,13930
739,1472,17357,13780
734,1452,17281,13703
731,1467,17231,13686
729,1468,17210,13690
729,1459,17218,13702
728,1457,17168,13648
733,1464,17274,13708
732,1458,17277,13717
731,1461,17225,13649
732,1466,17283,13718
727,1459,17126,13595
731,1450,17278,13756
729,1460,17211,13687
729,1472,17202,13663
731,1458,17269,13725
737,1469,17290,13709
730,1453,17242,13703
738,1462,17413,13866
736,1470,17347,13797
743,1449,17556,13998
733,1460,17212,13644
733,1465,17343,13781
731,1468,17252,13696
730,1456,17231,13705
728,1461,17202,13694
730,1457,17202,13671
731,1455,17285,13740
729,1466,17196,13667
730,1467,17223,13682
731,1446,17268,13720
729,1466,17179,13638
731,1450,17265,13742
727,1461,17137,13618
730,1462,17252,13724
731,1470,17282,13746
729,1461,17201,13663
730,1454,17276,13780
728,1463,17164,13617
728,1467,17165,13654
731,1453,17251,13728
728,1464,17176,13653
736,1453,17439,13867
736,1470,17393,13853
729,1458,17178,13654
730,1469,17224,13689
723,1464,17113,13631
732,1469,17324,13776
729,1463,17174,13628
729,1467,17216,13670
730,1469,17230,13665
729,1461,17206,13667
730,1452,17258,13740
729,1456,17170,13652
732,1458,17277,13725
730,1449,17272,13721
728,1472,17160,13632
729,1453,17215,13677
728,1460,17156,13639
729,1457,17217,13690
730,1455,17201,13666
729,1473,17201,13672
732,1458,17285,13738
729,1472,17178,13645
731,1460,17273,13747
731,1465,17262,13742
727,1468,17130,13629
730,1465,17229,13695
729,1467,17152,13597
733,1460,17315,13753
731,1465,17266,13694
732,1470,17286,13738
740,1478,17402,13824
737,1477,17279,13698
732,1460,17287,13738
730,1458,17242,13681
728,1453,17180,13674
730,1471,17232,13684
731,1465,17230,13695
743,1451,17578,14034
731,1469,17275,13764
729,1471,17207,13690
735,1463,17378,13814
740,1480,17389,13793
740,1473,17403,13816
727,1468,17157,13625
731,1459,17252,13721
730,1464,17215,13657
730,1463,17231,13678
731,1467,17282,13740
729,1463,17201,13644
728,1464,17178,13668
730,1446,17226,13707
730,1462,17208,13677
729,1449,17289,13746
728,1474,17170,13624
733,1459,17303,13768
741,1473,17426,13830
741,1483,17424,13834
743,1476,17502,13923
739,1487,17359,13778
729,1451,17145,13631
734,1464,17352,13787
731,1460,17214,13658
733,1458,17329,13790
728,1474,17161,13631
727,1458,17145,13643
730,1464,17245,13696
729,1461,17190,13632
732,1453,17299,13762
731,1458,17223,13659
729,1465,17181,13656
729,1470,17187,13654
730,1465,17218,13685
731,1457,17263,13726
728,1459,17183,13644
736,1453,17384,13833
734,1462,17329,13762
738,1477,17338,13755
728,1457,17201,13692
729,1471,17174,13658
730,1459,17235,13713
732,1468,17285,13726
729,1460,17214,13662
731,1452,17240,13720
728,1461,17132,13594
731,1453,17284,13767
730,1469,17227,13699
729,1464,17207,13675
729,1461,17228,13696
740,1468,17474,13875
733,1454,17323,13779
729,1468,17197,13673
729,1467,17224,13704
729,1459,17211,13676
728,1470,17182,13631
729,1461,17226,13690
730,1453,17220,13686
730,1462,17236,13699
728,1453,17173,13663
728,1453,17133,13603
730,1457,17260,13741
728,1455,17203,13669
730,1466,17208,13690
730,1450,17235,13699
728,1470,17150,13610
734,1461,17332,13798
737,1467,17328,13743
729,1465,17200,13669
733,1447,17315,13765
730,1466,17200,13621
733,1463,17324,13763
728,1460,17157,13641
728,1459,17171,13643
729,1464,17224,13690
731,1460,17238,13670
733,1456,17346,13806
736,1461,17353,13803
731,1462,17260,13729
740,1476,17417,13831
738,1476,17319,13724
730,1460,17263,13754
729,1460,17199,13650
730,1461,17215,13654
730,1455,17233,13690
734,1468,17320,13705
733,1478,17288,13720
733,1461,17257,13653
734,1465,17276,13658
736,1473,17381,13755
737,1471,17349,13701
747,1449,17677,14072
729,1458,17188,13635
733,1463,17269,13673
733,1467,17306,13720
733,1470,17324,13734
731,1461,17251,13709
731,1460,17248,13662
734,1471,17331,13730
732,1432,17269,13674
732,1474,17289,13718
733,1460,17291,13722
732,1465,17266,13677
736,1496,17396,13825
731,1473,17276,13703
737,1471,17315,13721
731,1449,17246,13699
730,1467,17216,13653
732,1459,17306,13756
733,1467,17333,13742
732,1457,17252,13658
731,1451,17263,13706
727,1452,17117,13590
730,1459,17250,13716
732,1466,17309,13780
739,1480,17357,13790
729,1456,17184,13646
727,1471,17126,13604
731,1460,17270,13750
730,1460,17189,13660
727,1471,17146,13634
729,1457,17179,13688
727,1466,17137,13598
730,1465,17231,13720
729,1468,17193,13683
732,1450,17279,13757
740,1469,17419,13858
736,1473,17291,13716
728,1457,17245,13750
730,1467,17199,13652
729,1463,17191,13678
729,1457,17199,13682
728,1464,17163,13664
729,1458,17197,13707
729,1467,17207,13676
731,1461,17211,13660
730,1451,17228,13718
730,1454,17237,13719
730,1461,17235,13725
727,1463,17136,13639
730,1446,17212,13696
732,1464,17294,13777
728,1470,17148,13622
732,1462,17306,13803
727,1463,17119,13609
729,1464,17207,13695
727,1467,17142,13651
730,1474,17200,13679
729,1458,17232,13731
729,1453,17185,13670
729,1460,17169,13645
726,1469,17121,13633
727,1471,17123,13647
729,1457,17212,13716
728,1452,17149,13619
729,1455,17197,13652
731,1450,17290,13794
735,1474,17271,13699
730,1459,17271,13774
727,1463,17116,13609
729,1467,17196,13682
726,1466,17119,13636
730,1476,17213,13678
734,1465,17260,13707
741,1486,17429,13843
745,1473,17550,13971
740,1486,17403,13863
732,1471,17194,13651
728,1448,17170,13689
728,1470,17140,13608
731,1461,17257,13721
727,1468,17131,13640
725,1477,17105,13630
726,1448,17120,13643
725,1458,17057,13566
731,1465,17277,13757
728,1467,17170,13667
728,1458,17154,13631
727,1454,17140,13671
727,1465,17109,13593
726,1459,17144,13678
727,1471,17141,13650
729,1463,17208,13688
729,1457,17172,13677
725,1452,17086,13590
727,1462,17146,13666
728,1458,17168,13692
726,1469,17123,13616
736,1451,17365,13822
732,1468,17256,13702
748,1480,17579,13977
728,1464,17145,13643
727,1459,17148,13648
727,1459,17150,13659
730,1469,17199,13680
736,1474,17296,13736
726,1462,17123,13619
728,1462,17175,13670
729,1464,17209,13707
726,1465,17147,13700
738,1475,17380,13845
731,1466,17174,13638
729,1468,17193,13676
728,1456,17176,13676
721,1456,17074,13600
728,1465,17175,13688
726,1456,17104,13624
741,1464,17482,13938
723,1454,17083,13626
728,1466,17171,13670
729,1449,17234,13727
726,1465,17095,13611
727,1457,17143,13640
726,1462,17136,13645
728,1472,17167,13640
730,1459,17264,13771
725,1452,17074,13585
729,1458,17193,13663
728,1471,17170,13674
729,1474,17199,13667
732,1453,17281,13699
733,1474,17273,13667
732,1455,17297,13725
731,1452,17252,13684
727,1454,17134,13643
730,1458,17225,13714
725,1461,17090,13589
729,1457,17219,13713
727,1471,17148,13639
728,1467,17145,13618
729,1467,17216,13696
726,1461,17092,13611
740,1477,17443,13913
730,1466,17207,13739
738,1476,17341,13776
728,1461,17121,13666
732,1469,17231,13634
733,1470,17347,13756
726,1461,17090,13608
724,1474,17066,13636
723,1460,17011,13640
732,1470,17241,13644
735,1470,17339,13703
733,1468,17281,13661
732,1470,17237,13639
734,1461,17305,13719
731,1453,17191,13601
733,1466,17296,13703
734,1467,17337,13735
728,1461,17156,13664
732,1461,17343,13740
732,1461,17202,13599
733,1475,17288,13712
731,1449,17261,13711
732,1461,17282,13673
736,1460,17374,13780
734,1468,17276,13667
735,1465,17344,13738
731,1469,17229,13662
733,1465,17292,13703
735,1463,17384,13803
736,1474,17306,13669
736,1472,17396,13785
732,1468,17261,13695
731,1469,17251,13685
732,1459,17295,13728
730,1449,17206,13660
734,1459,17379,13802
730,1459,17237,13666
732,1457,17291,13711
731,1468,17258,13659
730,1473,17207,13653
733,1441,17348,13808
729,1464,17191,13624
731,1462,17266,13696
737,1469,17350,13735
730,1459,17218,13681
734,1455,17341,13737
737,1464,17394,13834
732,1461,17268,13751
741,1455,17528,13961
730,1462,17209,13662
734,1456,17373,13802
737,1460,17321,13717
738,1468,17380,13766
729,1454,17216,13685
730,1456,17203,13677
732,1441,17282,13728
729,1458,17185,13619
733,1457,17333,13774
731,1478,17251,13676
732,1461,17272,13704
730,1463,17216,13676
728,1465,17169,13627
731,1464,17265,13707
733,1462,17300,13734
729,1461,17194,13649
734,1461,17357,13792
740,1474,17443,13870
732,1456,17283,13739
729,1457,17201,13671
728,1463,17166,13634
734,1460,17329,13766
728,1467,17169,13629
731,1463,17278,13743
730,1452,17226,13704
730,1465,17214,13680
730,1454,17246,13712
729,1465,17161,13597
735,1455,17386,13820
730,1466,17232,13680
730,1458,17218,13683
729,1452,17202,13671
727,1478,17138,13621
732,1459,17303,13772
733,1458,17308,13756
731,1457,17210,13674
730,1470,17246,13697
728,1461,17180,13661
731,1457,17286,13762
728,1463,17141,13616
730,1461,17225,13707
730,1465,17231,13688
734,1463,17284,13746
731,1455,17235,13686
728,1460,17170,13641
728,1459,17183,13655
729,1461,17204,13667
730,1467,17241,13685
731,1453,17278,13730
729,1471,17218,13662
729,1466,17184,13654
732,1463,17302,13773
728,1471,17154,13625
731,1465,17273,13743
728,1450,17170,13622
730,1465,17207,13687
728,1465,17164,13642
731,1459,17231,13706
731,1445,17259,13738
728,1453,17159,13640
728,1465,17185,13664
731,1467,17265,13706
730,1465,17199,13667
734,1452,17358,13806
730,1463,17205,13666
729,1459,17214,13693
730,1467,17215,13670
728,1472,17184,13652
733,1444,17330,13781
729,1468,17186,13601
732,1461,17299,13773
734,1481,17250,13675
728,1463,17169,13648
731,1458,17259,13709
736,1468,17367,13779
733,1460,17330,13778
741,1453,17518,13969
738,1450,17380,13820
729,1468,17216,13690
727,1455,17103,13576
731,1462,17267,13738
731,1469,17228,13666
729,1463,17189,13649
732,1462,17291,13763
728,1455,17140,13587
731,1458,17258,13742
730,1451,17206,13659
730,1466,17227,13700
730,1472,17222,13679
729,1475,17181,13625
730,1458,17243,13722
729,1456,17193,13663
728,1471,17169,13631
731,1460,17234,13680
730,1463,17193,13649
730,1462,17231,13715
731,1457,17259,13721
729,1448,17185,13654
730,1460,17241,13722
723,1471,17063,13605
730,1459,17225,13698
730,1464,17213,13681
729,1462,17194,13651
728,1474,17173,13648
732,1467,17246,13715
731,1450,17231,13691
730,1465,17199,13659
730,1461,17212,13648
730,1470,17227,13675
730,1466,17231,13678
731,1463,17282,13757
729,1460,17163,13626
729,1463,17198,13668
726,1469,17169,13645
729,1457,17218,13676
730,1449,17257,13740
729,1469,17190,13653
725,1455,17113,13605
728,1469,17170,13660
729,1460,17170,13646
731,1457,17285,13775
729,1468,17174,13612
729,1464,17206,13678
732,1464,17299,13774
728,1457,17176,13658
732,1457,17313,13794
729,1450,17171,13613
729,1473,17193,13662
730,1451,17252,13708
731,1457,17198,13630
734,1449,17338,13787
740,1484,17369,13786
730,1465,17213,13681
735,1457,17363,13806
733,1456,17313,13743
742,1464,17478,13885
735,1472,17308,13734
733,1464,17320,13789
739,1475,17399,13842
741,1466,17452,13874
737,1455,17397,13849
734,1477,17303,13718
737,1461,17416,13870
740,1472,17404,13842
729,1471,17176,13637
730,1451,17202,13659
729,1465,17198,13663
733,1458,17333,13812
736,1470,17307,13712
730,1455,17246,13702
728,1460,17180,13658
726,1461,17116,13595
730,1463,17237,13732
737,1466,17335,13761
729,1456,17162,13631
728,1469,17187,13696
727,1472,17123,13603
729,1461,17206,13719
728,1465,17173,13679
728,1458,17168,13649
732,1460,17291,13772
731,1463,17189,13624
730,1460,17225,13705
727,1462,17129,13625
728,1455,17174,13661
731,1458,17291,13803
733,1473,17217,13656
731,1457,17264,13750
731,1449,17245,13640
733,1464,17315,13702
721,1470,16957,13573
722,1476,16969,13588
735,1456,17368,13779
721,1471,16989,13557
733,1472,17274,13639
740,1473,17416,13781
732,1464,17270,13700
735,1474,17298,13677
719,1456,16937,13556
722,1473,17007,13619
731,1467,17272,13676
737,1477,17386,13753
742,1456,17554,13944
736,1472,17324,13687
736,1475,17366,13766
762,1425,18194,14122
733,1459,17256,13629
723,1465,17032,13642
740,1477,17447,13801
740,1484,17386,13707
732,1471,17217,13616
742,1479,17487,13863
736,1459,17303,13682
743,1495,17530,13891
725,1471,17091,13679
731,1465,17190,13598
732,1475,17226,13622
733,1469,17271,13658
731,1475,17202,13614
744,1452,17599,14006
732,1465,17226,13614
734,1457,17281,13668
734,1468,17295,13674
731,1472,17234,13654
732,1459,17316,13753
732,1461,17210,13610
733,1470,17267,13664
732,1475,17279,13656
732,1462,17249,13630
734,1469,17339,13713
733,1469,17298,13701
745,1474,17591,13961
733,1475,17247,13652
732,1464,17221,13600
733,1466,17295,13680
737,1474,17398,13793
745,1455,17585,13935
736,1471,17360,13741
733,1476,17201,13624
739,1465,17436,13833
736,1458,17382,13788
735,1467,17295,13670
734,1468,17336,13747
731,1468,17216,13628
736,1462,17385,13794
732,1463,17260,13685
734,1465,17330,13719
733,1476,17287,13684
734,1477,17285,13653
735,1464,17373,13748
730,1460,17228,13631
734,1465,17315,13739
732,1475,17260,13681
732,1465,17292,13700
734,1466,17330,13715
739,1478,17396,13751
735,1512,17337,13740
732,1465,17264,13687
731,1465,17257,13694
734,1459,17379,13808
729,1459,17202,13635
742,1451,17530,13905
730,1470,17252,13705
731,1463,17246,13696
734,1446,17368,13804
729,1471,17198,13655
730,1458,17234,13654
731,1454,17282,13714
730,1468,17254,13677
736,1452,17447,13853
732,1465,17262,13688
743,1470,17486,13892
744,1459,17562,13971
730,1469,17232,13671
732,1459,17334,13766
730,1463,17216,13664
731,1460,17283,13703
731,1461,17264,13719
731,1451,17236,13679
735,1447,17390,13835
733,1477,17237,13651
733,1454,17309,13728
731,1448,17263,13708
733,1470,17319,13744
739,1463,17374,13766
728,1465,17168,13637
732,1460,17275,13707
732,1467,17275,13712
732,1458,17268,13679
731,1454,17295,13711
729,1479,17190,13643
733,1451,17306,13761
737,1470,17338,13736
731,1464,17272,13708
732,1453,17278,13713
729,1463,17183,13645
744,1437,17622,14034
731,1456,17248,13686
730,1464,17242,13694
731,1459,17273,13724
728,1463,17141,13610
734,1454,17358,13777
731,1459,17254,13688
732,1452,17287,13746
732,1471,17276,13733
728,1473,17160,13627
732,1447,17299,13746
731,1458,17246,13680
732,1470,17293,13717
734,1461,17360,13775
730,1462,17186,13639
734,1451,17338,13779
735,1464,17273,13670
731,1464,17274,13708
732,1460,17298,13737
729,1448,17189,13639
733,1457,17342,13773
730,1474,17235,13671
730,1464,17214,13672
732,1457,17284,13743
730,1453,17222,13684
733,1443,17337,13771
730,1471,17209,13639
732,1471,17276,13713
730,1466,17235,13687
731,1462,17218,13692
732,1448,17302,13728
733,1473,17270,13684
739,1467,17393,13769
731,1456,17260,13678
730,1465,17218,13648
733,1464,17328,13779
735,1458,17292,13711
732,1460,17239,13652
731,1445,17261,13680
730,1471,17230,13672
745,1450,17660,14058
729,1463,17188,13651
730,1463,17217,13672
731,1450,17271,13735
731,1447,17252,13699
731,1460,17306,13725
729,1470,17214,13646
730,1455,17247,13699
731,1451,17263,13712
729,1470,17188,13642
732,1464,17291,13718
731,1471,17256,13682
736,1464,17354,13754
745,1465,17619,13985
730,1463,17206,13635
731,1463,17274,13736
728,1455,17166,13622
732,1449,17312,13740
732,1449,17294,13729
730,1457,17227,13685
730,1465,17253,13704
728,1465,17148,13602
731,1459,17278,13734
731,1464,17256,13693
731,1473,17241,13692
731,1452,17309,13743
729,1453,17191,13640
731,1445,17288,13741
729,1464,17217,13683
731,1463,17260,13690
730,1466,17281,13718
738,1474,17379,13783
738,1447,17452,13846
740,1454,17538,13933
728,1465,17195,13655
729,1444,17223,13729
729,1454,17197,13649
740,1459,17507,13907
732,1460,17289,13720
734,1467,17304,13700
736,1454,17389,13813
740,1473,17408,13818
734,1453,17289,13713
729,1471,17208,13659
730,1459,17227,13691
732,1454,17306,13744
729,1462,17193,13659
730,1459,17262,13723
730,1481,17212,13667
730,1460,17232,13706
734,1461,17255,13687
728,1460,17188,13649
733,1455,17337,13748
729,1465,17211,13633
730,1457,17227,13695
729,1461,17185,13664
730,1472,17226,13702
731,1453,17319,13778
728,1458,17167,13626
730,1465,17224,13705
730,1457,17209,13645
730,1464,17208,13694
732,1461,17339,13837
728,1460,17146,13632
729,1464,17178,13646
732,1462,17268,13723
728,1481,17174,13650
730,1465,17244,13731
728,1453,17156,13612
729,1459,17220,13708
728,1465,17186,13658
729,1465,17182,13664
730,1460,17253,13729
730,1471,17202,13642
737,1470,17322,13755
728,1466,17179,13660
726,1464,17131,13640
733,1456,17322,13781
737,1462,17313,13722
729,1459,17201,13677
732,1469,17289,13742
729,1462,17162,13619
729,1459,17226,13722
727,1449,17100,13579
730,1452,17251,13725
728,1463,17194,13670
733,1462,17294,13765
736,1473,17285,13727
727,1465,17134,13603
729,1462,17214,13707
729,1458,17204,13669
729,1473,17204,13684
729,1463,17181,13650
728,1466,17151,13596
731,1459,17292,13786
728,1451,17174,13662
735,1469,17302,13754
741,1465,17452,13857
741,1485,17457,13856
738,1462,17435,13892
731,1459,17179,13628
729,1465,17196,13690
730,1462,17252,13748
740,1482,17409,13860
743,1473,17547,13992
730,1459,17230,13707
729,1462,17183,13673
743,1461,17542,13973
731,1471,17198,13639
732,1473,17277,13768
734,1466,17232,13648
728,1461,17179,13652
729,1470,17231,13713
729,1455,17190,13634
731,1459,17254,13742
727,1462,17118,13619
727,1463,17167,13679
729,1466,17206,13661
729,1456,17208,13687
733,1451,17339,13830
738,1473,17357,13781
728,1465,17133,13606
727,1459,17165,13669
727,1474,17153,13655
730,1453,17213,13731
727,1453,17121,13595
729,1462,17197,13680
728,1476,17180,13663
740,1480,17412,13847
741,1474,17471,13948
735,1461,17291,13742
734,1456,17332,13807
742,1468,17519,13937
728,1468,17175,13652
729,1456,17219,13719
728,1470,17131,13601
728,1465,17172,13650
729,1465,17210,13685
730,1466,17225,13690
727,1454,17155,13664
728,1467,17151,13618
730,1461,17234,13723
728,1459,17185,13683
728,1463,17167,13675
730,1464,17222,13709
731,1456,17188,13605
730,1466,17248,13718
728,1476,17161,13659
727,1466,17148,13656
727,1457,17157,13655
729,1458,17175,13647
731,1467,17217,13668
730,1461,17247,13730
730,1464,17216,13665
729,1455,17160,13629
730,1461,17166,13641
729,1452,17205,13697
729,1467,17227,13710
731,1461,17241,13717
729,1452,17178,13663
730,1479,17202,13668
729,1462,17216,13706
728,1459,17172,13673
729,1506,17207,13710
729,1447,17167,13651
730,1473,17213,13679
728,1454,17203,13701
727,1465,17133,13624
730,1463,17219,13704
728,1471,17172,13681
729,1467,17196,13680
731,1454,17233,13696
725,1425,17105,13587
730,1465,17239,13691
729,1450,17212,13701
727,1474,17136,13644
730,1461,17252,13752
727,1467,17143,13618
730,1468,17216,13683
728,1458,17178,13677
727,1454,17142,13646
730,1457,17278,13778
726,1462,17115,13605
740,1469,17405,13855
733,1475,17221,13671
729,1465,17178,13639
729,1457,17213,13698
728,1465,17151,13651
728,1461,17162,13640
727,1464,17145,13638
727,1468,17148,13647
730,1451,17223,13711
728,1457,17153,13615
739,1464,17445,13886
729,1471,17197,13685
727,1448,17122,13604
728,1449,17164,13657
730,1469,17194,13652
730,1465,17223,13694
729,1473,17192,13678
727,1464,17153,13634
728,1449,17180,13681
728,1462,17139,13613
730,1461,17243,13720
727,1470,17147,13651
729,1467,17186,13648
729,1453,17227,13728
728,1456,17127,13591
729,1461,17220,13717
728,1466,17154,13646
729,1451,17189,13664
727,1462,17142,13645
727,1458,17132,13596
730,1469,17229,13697
730,1458,17209,13704
726,1458,17107,13620
729,1459,17209,13715
726,1466,17108,13575
732,1450,17324,13800
741,1462,17483,13952
732,1458,17295,13769
736,1466,17292,13730
727,1461,17126,13609
728,1460,17183,13703
728,1460,17179,13687
729,1459,17213,13693
728,1449,17188,13691
728,1466,17152,13625
731,1462,17261,13758
726,1455,17101,13594
728,1466,17184,13671
728,1463,17169,13651
728,1464,17174,13646
730,1458,17233,13696
726,1456,17121,13632
729,1462,17217,13718
727,1475,17158,13656
740,1475,17462,13900
730,1455,17251,13733
727,1459,17145,13647
729,1461,17193,13674
729,1468,17197,13696
728,1459,17155,13665
732,1467,17301,13796
728,1465,17178,13683
729,1462,17179,13646
728,1461,17171,13662
732,1462,17257,13734
743,1447,17543,14019
729,1462,17168,13662
738,1480,17334,13769
730,1470,17194,13646
728,1465,17172,13651
730,1459,17257,13740
729,1459,17181,13658
731,1465,17197,13661
728,1475,17166,13662
728,1474,17163,13642
730,1466,17234,13714
727,1462,17146,13635
728,1466,17184,13658
727,1466,17162,13668
729,1453,17174,13656
728,1453,17178,13668
727,1471,17148,13620
730,1465,17245,13713
727,1470,17144,13645
729,1459,17173,13678
728,1461,17175,13662
729,1465,17175,13658
734,1463,17268,13703
729,1469,17201,13683
729,1460,17197,13677
728,1450,17174,13656
726,1471,17090,13577
728,1466,17187,13691
728,1457,17178,13676
732,1460,17182,13649
730,1442,17226,13709
727,1480,17145,13631
731,1464,17259,13741
728,1453,17176,13677
729,1469,17181,13652
730,1452,17218,13698
726,1463,17109,13598
731,1459,17284,13757
727,1466,17124,13609
729,1464,17212,13697
728,1448,17198,13704
726,1468,17100,13598
731,1453,17275,13777
730,1478,17182,13650
742,1462,17490,13902
733,1458,17309,13767
738,1482,17323,13761
734,1451,17259,13731
726,1452,17109,13598
729,1464,17219,13704
729,1470,17206,13679
728,1454,17175,13666
728,1465,17179,13663
728,1458,17152,13632
729,1464,17184,13668
726,1458,17150,13648
728,1477,17140,13643
732,1458,17279,13743
729,1452,17192,13671
727,1464,17148,13631
729,1465,17185,13679
727,1469,17120,13626
731,1449,17274,13760
727,1456,17132,13619
729,1450,17201,13678
729,1477,17196,13680
727,1459,17144,13631
730,1452,17236,13730
727,1459,17139,13647
729,1461,17188,13658
728,1460,17187,13661
725,1467,17094,13608
730,1457,17242,13714
727,1463,17117,13588
729,1465,17210,13702
738,1473,17344,13801
728,1460,17128,13620
731,1452,17267,13745
726,1469,17120,13598
729,1461,17193,13669
729,1462,17185,13671
727,1468,17130,13648
728,1456,17185,13669
727,1469,17134,13615
730,1465,17224,13702
732,1446,17298,13758
734,1470,17269,13716
728,1464,17168,13676
726,1459,17099,13604
730,1458,17250,13733
727,1475,17173,13663
729,1465,17171,13664
729,1461,17212,13689
726,1477,17113,13608
728,1462,17181,13677
728,1462,17185,13693
728,1464,17166,13662
729,1463,17202,13659
730,1467,17192,13677
741,1471,17459,13915
735,1472,17266,13709
728,1455,17171,13674
729,1462,17227,13692
727,1464,17130,13608
730,1465,17238,13714
728,1464,17159,13630
730,1470,17230,13710
728,1459,17155,13640
728,1469,17156,13656
729,1463,17226,13730
727,1463,17153,13625
729,1457,17199,13682
729,1466,17215,13692
729,1476,17167,13655
727,1447,17182,13683
728,1470,17132,13617
726,1457,17127,13625
729,1464,17215,13698
727,1452,17110,13603
732,1453,17293,13778
727,1470,17129,13620
726,1456,17131,13642
730,1468,17227,13696
726,1462,17103,13588
733,1455,17328,13814
730,1461,17182,13606
728,1464,17176,13646
727,1462,17140,13651
730,1458,17226,13719
742,1434,17579,14035
730,1457,17216,13671
734,1471,17254,13693
727,1469,17168,13663
729,1452,17186,13672
732,1462,17292,13785
734,1473,17240,13668
728,1460,17182,13690
728,1456,17166,13647
728,1465,17166,13670
728,1469,17167,13654
727,1470,17131,13604
730,1459,17228,13732
727,1468,17158,13647
731,1453,17246,13705
740,1470,17410,13834
740,1472,17392,13796
740,1478,17386,13818
726,1458,17160,13664
727,1471,17128,13641
737,1452,17392,13831
735,1472,17327,13744
727,1457,17154,13653
730,1462,17177,13643
729,1453,17243,13722
728,1462,17170,13653
726,1460,17119,13633
729,1461,17192,13681
729,1454,17221,13695
728,1462,17177,13675
728,1459,17163,13658
727,1471,17094,13598
728,1460,17202,13719
733,1467,17273,13709
729,1464,17219,13695
728,1463,17179,13660
729,1473,17178,13655
730,1450,17228,13719
727,1465,17124,13620
728,1461,17161,13671
729,1459,17215,13703
732,1457,17280,13740
737,1445,17423,13929
729,1473,17181,13652
730,1470,17203,13704
728,1456,17181,13686
727,1463,17146,13637
730,1443,17228,13718
728,1446,17144,13606
727,1469,17161,13648
728,1469,17196,13680
731,1463,17185,13680
729,1447,17204,13703
727,1464,17153,13638
728,1469,17154,13623
729,1450,17216,13698
728,1461,17165,13635
730,1450,17234,13752
727,1466,17131,13619
727,1464,17142,13644
730,1467,17234,13703
730,1468,17183,13640
731,1460,17293,13792
731,1470,17236,13693
740,1480,17384,13815
737,1482,17331,13774
727,1465,17119,13599
729,1454,17223,13738
727,1472,17123,13594
730,1467,17232,13725
727,1461,17135,13632
728,1456,17142,13624
727,1455,17168,13690
726,1461,17105,13588
732,1455,17311,13794
739,1475,17369,13792
729,1451,17181,13630
728,1465,17182,13676
727,1468,17111,13610
728,1471,17168,13654
728,1457,17182,13668
728,1457,17179,13633
729,1458,17200,13705
729,1479,17146,13596
729,1457,17206,13709
728,1465,17168,13669
729,1469,17194,13702
733,1474,17218,13681
726,1457,17112,13570
729,1459,17206,13693
726,1447,17152,13693
728,1465,17168,13657
730,1484,17208,13710
728,1463,17154,13616
731,1449,17303,13796
728,1455,17199,13682
729,1463,17213,13678
728,1462,17187,13680
727,1460,17117,13606
729,1457,17181,13676
729,1466,17177,13660
734,1464,17257,13688
737,1449,17441,13927
728,1457,17138,13617
730,1459,17221,13688
727,1467,17158,13646
728,1453,17164,13658
729,1467,17187,13680
725,1456,17105,13605
730,1450,17240,13719
728,1471,17170,13665
729,1469,17180,13662
727,1468,17148,13652
725,1439,17113,13609
729,1451,17230,13723
727,1460,17141,13610
728,1466,17193,13675
725,1468,17106,13624
727,1471,17136,13645
730,1458,17230,13719
727,1461,17132,13615
728,1466,17181,13656
729,1463,17182,13668
727,1462,17129,13613
730,1457,17281,13778
728,1458,17130,13603
726,1471,17123,13629
729,1459,17191,13684
728,1450,17162,13645
729,1450,17227,13723
725,1473,17091,13585
728,1469,17171,13681
729,1463,17193,13702
729,1468,17200,13684
731,1460,17253,13729
727,1465,17126,13585
731,1463,17267,13732
727,1454,17152,13656
727,1451,17135,13641
728,1465,17165,13660
727,1464,17111,13588
729,1457,17223,13702
727,1469,17152,13643
741,1460,17488,13964
728,1459,17188,13681
725,1459,17053,13547
732,1459,17268,13781
736,1461,17288,13718
729,1449,17177,13613
730,1467,17241,13713
727,1457,17122,13616
728,1458,17198,13695
725,1446,17087,13588
728,1458,17176,13672
728,1460,17192,13698
726,1470,17109,13580
732,1453,17305,13787
728,1453,17168,13664
726,1471,17118,13620
728,1454,17184,13690
726,1466,17099,13586
732,1496,17280,13774
730,1448,17245,13743
739,1467,17381,13814
733,1466,17242,13710
727,1461,17139,13628
731,1453,17265,13757
726,1465,17105,13602
738,1476,17395,13833
731,1460,17254,13754
728,1456,17106,13576
731,1456,17251,13734
729,1474,17179,13674
728,1467,17169,13650
730,1465,17214,13691
728,1461,17148,13608
735,1445,17371,13828
731,1465,17193,13643
727,1462,17143,13652
725,1445,17092,13605
728,1461,17155,13625
732,1456,17313,13788
731,1470,17184,13649
728,1462,17173,13651
729,1468,17182,13680
729,1464,17166,13646
730,1466,17240,13746
725,1463,17089,13597
730,1456,17229,13695
728,1460,17164,13640
727,1468,17149,13640
732,1444,17297,13794
726,1469,17096,13589
729,1469,17192,13681
728,1462,17177,13671
729,1460,17171,13643
730,1453,17259,13717
726,1467,17117,13629
729,1451,17189,13701
727,1464,17130,13627
727,1463,17143,13638
730,1454,17237,13706
727,1460,17132,13628
729,1466,17198,13688
728,1469,17151,13659
728,1462,17162,13661
730,1463,17257,13755
737,1476,17302,13756
738,1476,17372,13799
727,1461,17136,13641
728,1466,17214,13733
728,1473,17182,13663
726,1468,17108,13611
730,1462,17218,13699
729,1456,17191,13692
729,1458,17212,13685
729,1472,17211,13690
726,1456,17070,13560
729,1415,17228,13724
735,1471,17280,13721
729,1458,17185,13672
729,1455,17172,13645
728,1462,17132,13612
731,1459,17217,13664
728,1461,17177,13674
727,1473,17152,13660
728,1452,17167,13668
726,1462,17099,13615
731,1462,17262,13741
728,1464,17188,13669
728,1458,17159,13655
728,1465,17194,13697
724,1462,17082,13653
730,1460,17223,13688
728,1489,17167,13649
731,1472,17274,13763
736,1466,17287,13719
728,1458,17135,13618
732,1459,17292,13781
726,1466,17097,13597
728,1463,17181,13662
732,1465,17256,13677
727,1461,17118,13617
739,1469,17461,13916
729,1469,17175,13679
731,1457,17176,13643
727,1454,17159,13670
728,1468,17161,13655
729,1466,17231,13709
726,1466,17120,13625
727,1465,17142,13666
727,1449,17147,13656
728,1472,17149,13657
730,1462,17268,13779
725,1454,17097,13591
730,1457,17229,13710
727,1457,17156,13628
727,1471,17114,13613
729,1462,17246,13751
726,1475,17089,13595
730,1458,17235,13714
728,1446,17187,13661
732,1451,17263,13755
741,1464,17539,13998
738,1474,17337,13780
740,1476,17416,13865
737,1473,17291,13724
727,1461,17119,13611
728,1455,17191,13674
727,1465,17120,13597
730,1457,17210,13709
729,1456,17219,13723
726,1469,17112,13611
728,1461,17182,13679
726,1471,17108,13599
729,1460,17216,13691
728,1452,17181,13646
729,1470,17178,13671
727,1462,17140,13653
725,1456,17072,13582
728,1465,17192,13663
726,1466,17167,13646
729,1465,17203,13681
733,1473,17236,13711
726,1461,17106,13592
728,1464,17191,13690
726,1466,17129,13636
727,1463,17147,13672
728,1455,17175,13651
729,1493,17178,13673
728,1462,17180,13681
726,1464,17121,13623
726,1463,17115,13627
728,1456,17177,13684
729,1460,17152,13640
729,1457,17243,13718
728,1463,17166,13613
727,1460,17158,13658
728,1458,17158,13665
727,1458,17129,13624
729,1458,17213,13703
727,1472,17156,13641
726,1463,17130,13640
728,1461,17131,13616
726,1463,17134,13633
736,1455,17438,13947
728,1471,17150,13643
727,1463,17132,13640
728,1460,17184,13643
727,1478,17131,13641
730,1455,17239,13744
727,1474,17107,13588
727,1461,17142,13653
728,1457,17156,13654
728,1466,17163,13641
733,1464,17340,13814
733,1465,17219,13637
727,1464,17125,13622
726,1456,17117,13637
727,1466,17148,13657
729,1470,17225,13719
728,1476,17166,13644
730,1453,17219,13719
731,1458,17196,13639
732,1481,17265,13742
740,1482,17403,13857
732,1473,17169,13626
729,1463,17195,13703
730,1463,17216,13694
727,1456,17144,13641
728,1464,17170,13685
726,1452,17088,13587
730,1460,17232,13750
729,1467,17181,13658
729,1472,17190,13683
728,1461,17184,13662
727,1450,17129,13595
731,1457,17251,13719
728,1461,17176,13680
727,1460,17152,13650
730,1469,17205,13654
726,1460,17115,13584
728,1462,17174,13677
729,1455,17203,13695
727,1470,17144,13658
728,1454,17162,13682
727,1460,17116,13617
729,1456,17217,13735
729,1470,17220,13699
732,1471,17269,13678
731,1457,17271,13705
731,1456,17245,13666
736,1467,17339,13741
741,1481,17422,13753
721,1470,16977,13593
732,1453,17273,13706
733,1467,17263,13639
734,1460,17306,13703
729,1454,17189,13648
731,1464,17203,13605
733,1471,17264,13643
733,1477,17250,13630
734,1472,17280,13652
732,1476,17234,13617
732,1461,17220,13602
733,1453,17266,13659
731,1470,17218,13606
725,1456,17063,13701
733,1468,17273,13645
731,1463,17240,13631
731,1453,17261,13726
732,1462,17238,13667
733,1463,17351,13792
733,1460,17237,13603
733,1466,17270,13664
737,1463,17429,13796
742,1465,17502,13929
733,1459,17332,13773
731,1468,17196,13601
731,1451,17267,13715
736,1458,17339,13724
733,1470,17271,13639
727,1454,17165,13736
726,1464,17033,13591
733,1465,17273,13669
738,1439,17477,13899
738,1464,17329,13712
733,1464,17331,13754
732,1475,17240,13639
735,1469,17324,13727
732,1457,17241,13633
733,1489,17266,13660
734,1479,17318,13746
731,1470,17224,13619
733,1469,17277,13662
735,1473,17359,13740
734,1469,17292,13650
732,1471,17253,13664
732,1470,17239,13646
734,1464,17306,13712
734,1465,17291,13678
734,1477,17326,13714
734,1457,17302,13701
733,1471,17235,13598
735,1472,17358,13752
732,1474,17258,13681
733,1469,17266,13669
733,1464,17279,13681
731,1463,17213,13610
734,1463,17342,13727
734,1471,17336,13748
732,1473,17247,13682
734,1479,17330,13760
733,1462,17263,13635
735,1463,17373,13755
737,1467,17430,13809
738,1462,17390,13755
736,1459,17324,13722
732,1459,17285,13700
734,1468,17345,13773
731,1463,17257,13670
732,1461,17313,13730
733,1483,17335,13774
732,1463,17267,13668
733,1452,17353,13782
729,1463,17209,13658
736,1465,17338,13733
736,1464,17395,13823
738,1463,17360,13724
733,1458,17346,13767
729,1465,17215,13671
732,1465,17284,13726
732,1454,17285,13722
730,1457,17262,13686
734,1459,17394,13825
731,1475,17251,13660
731,1463,17273,13685
731,1465,17253,13679
731,1472,17257,13687
732,1471,17319,13755
730,1462,17217,13637
731,1461,17267,13694
731,1447,17264,13698
733,1468,17320,13719
733,1445,17319,13735
731,1462,17226,13663
733,1452,17317,13739
735,1462,17305,13704
731,1463,17266,13672
734,1457,17355,13792
730,1455,17233,13675
732,1458,17293,13732
731,1472,17270,13712
731,1476,17252,13672
736,1464,17398,13828
735,1457,17286,13660
733,1464,17330,13734
731,1459,17283,13718
729,1468,17225,13677
729,1463,17235,13705
733,1473,17289,13646
734,1458,17362,13779
736,1472,17325,13731
732,1461,17283,13712
740,1446,17503,13923
732,1468,17295,13732
734,1464,17306,13705
731,1465,17277,13726
734,1467,17347,13781
735,1468,17323,13724
731,1452,17228,13663
732,1463,17314,13744
731,1453,17239,13694
732,1468,17295,13707
730,1466,17250,13693
733,1460,17276,13694
734,1450,17389,13787
743,1447,17590,13990
743,1461,17491,13876
746,1478,17493,13801
729,1456,17198,13627
738,1472,17450,13806
740,1477,17372,13725
731,1466,17209,13591
733,1455,17323,13807
740,1481,17448,13855
726,1473,17064,13644
731,1476,17187,13587
732,1455,17278,13747
743,1475,17526,13884
720,1467,16931,13555
733,1476,17290,13687
731,1467,17201,13614
733,1464,17259,13636
733,1464,17268,13643
729,1465,17212,13667
735,1477,17343,13697
731,1463,17234,13656
733,1475,17259,13657
731,1468,17265,13689
733,1477,17300,13718
734,1473,17345,13703
731,1464,17226,13649
733,1458,17300,13714
733,1468,17267,13659
735,1475,17330,13739
739,1462,17383,13766
731,1467,17211,13621
733,1471,17273,13663
736,1474,17356,13758
739,1473,17362,13715
734,1465,17322,13746
732,1471,17219,13621
734,1470,17332,13706
735,1470,17350,13737
733,1467,17302,13686
733,1465,17327,13726
731,1462,17230,13630
735,1469,17334,13785
733,1463,17307,13730
732,1471,17276,13670
735,1468,17365,13762
732,1460,17255,13669
735,1464,17376,13786
733,1465,17290,13703
732,1460,17270,13702
733,1475,17294,13711
730,1468,17204,13630
736,1467,17403,13794
735,1473,17380,13785
731,1471,17250,13675
734,1450,17321,13749
730,1465,17188,13609
745,1482,17544,13890
739,1480,17404,13774
733,1455,17308,13692
737,1462,17372,13744
730,1484,17221,13644
733,1471,17302,13721
732,1468,17269,13701
732,1463,17278,13696
733,1470,17304,13692
731,1465,17232,13645
735,1461,17401,13814
732,1464,17245,13655
736,1463,17375,13750
730,1456,17254,13695
731,1468,17259,13692
734,1462,17368,13758
733,1469,17290,13706
735,1459,17367,13795
733,1465,17322,13751
731,1463,17241,13663
734,1457,17370,13785
731,1470,17242,13671
731,1456,17272,13684
733,1460,17313,13705
732,1469,17289,13711
739,1466,17418,13799
729,1445,17197,13642
733,1464,17316,13714
738,1465,17381,13746
731,1480,17248,13676
734,1465,17375,13795
732,1465,17248,13654
730,1457,17229,13664
731,1472,17266,13715
732,1469,17279,13713
735,1444,17407,13804
732,1453,17266,13695
732,1469,17268,13690
732,1469,17271,13695
732,1469,17275,13718
733,1459,17326,13733
733,1458,17296,13689
733,1470,17305,13677
737,1470,17427,13806
732,1463,17253,13681
732,1439,17305,13747
731,1460,17229,13639
746,1451,17674,14060
735,1469,17385,13770
737,1467,17320,13708
733,1451,17310,13729
734,1446,17343,13774
743,1476,17512,13887
734,1463,17289,13690
731,1461,17254,13676
733,1458,17333,13733
731,1469,17223,13614
734,1467,17363,13779
732,1453,17268,13701
731,1454,17236,13688
732,1461,17260,13664
731,1476,17239,13646
736,1460,17422,13829
732,1458,17303,13710
731,1465,17264,13690
736,1459,17326,13685
730,1479,17214,13639
735,1468,17375,13777
732,1462,17307,13723
733,1453,17313,13747
736,1458,17414,13823
735,1478,17273,13654
733,1458,17338,13779
731,1458,17258,13693
731,1468,17246,13689
736,1442,17451,13847
736,1478,17322,13709
733,1461,17329,13761
730,1463,17213,13642
732,1450,17295,13730
733,1456,17296,13707
734,1478,17328,13746
737,1478,17391,13752
732,1469,17263,13670
733,1461,17328,13756
731,1465,17264,13704
730,1476,17234,13665
734,1448,17367,13769
732,1459,17255,13652
731,1456,17262,13687
730,1472,17263,13684
730,1464,17240,13676
733,1461,17330,13777
732,1463,17250,13676
731,1459,17256,13691
733,1462,17326,13725
730,1462,17257,13710
732,1444,17305,13739
732,1468,17282,13707
731,1457,17269,13717
731,1467,17266,13706
731,1463,17271,13695
734,1465,17386,13782
732,1453,17251,13643
732,1445,17317,13756
731,1471,17255,13690
730,1464,17207,13653
732,1454,17327,13746
731,1474,17247,13641
733,1465,17341,13778
732,1449,17287,13714
732,1467,17269,13698
734,1469,17305,13725
728,1451,17166,13606
730,1454,17292,13784
728,1469,17098,13660
734,1478,17289,13693
732,1465,17244,13653
720,1461,16928,13541
742,1470,17490,13882
723,1463,17054,13658
722,1459,17028,13616
737,1461,17386,13693
765,1462,18208,13961
736,1454,17387,13783
737,1485,17319,13798
732,1464,17228,13622
747,1457,17656,13990
741,1478,17374,13685
733,1463,17269,13674
753,1452,17830,13884
757,1467,18021,13895
734,1474,17290,13699
735,1467,17353,13751
746,1482,17569,13938
733,1470,17278,13659
733,1462,17250,13633
742,1472,17472,13726
751,1463,17711,13757
745,1466,17558,13811
732,1437,17184,13536
734,1469,17297,13676
739,1479,17427,13779
741,1474,17437,13760
739,1463,17481,13881
737,1463,17344,13774
734,1475,17282,13667
734,1455,17367,13765
733,1479,17276,13662
734,1475,17298,13697
732,1461,17262,13685
730,1460,17219,13682
732,1461,17237,13621
732,1477,17240,13654
735,1451,17355,13774
735,1466,17313,13670
738,1472,17336,13674
732,1470,17219,13621
744,1483,17488,13854
745,1470,17618,13992
736,1468,17342,13696
740,1482,17387,13724
734,1463,17306,13689
733,1457,17279,13666
734,1461,17344,13752
732,1463,17261,13681
734,1474,17288,13699
736,1462,17363,13753
742,1465,17437,13776
733,1470,17325,13733
731,1474,17233,13627
735,1465,17376,13798
733,1461,17303,13726
732,1457,17273,13703
733,1468,17301,13734
731,1471,17246,13654
735,1462,17378,13786
733,1463,17315,13732
732,1463,17271,13695
733,1458,17343,13785
731,1466,17247,13663
736,1464,17402,13806
735,1453,17329,13719
733,1462,17304,13679
732,1471,17296,13741
729,1463,17188,13634
732,1465,17308,13753
742,1453,17539,13915
734,1465,17321,13727
732,1470,17278,13693
729,1457,17189,13607
734,1451,17368,13803
731,1448,17289,13736
736,1471,17332,13705
727,1456,17163,13691
734,1473,17258,13636
743,1468,17506,13781
734,1469,17344,13744
737,1471,17341,13711
732,1475,17194,13759
731,1460,17259,13642
758,1431,17975,14103
725,1472,17086,13649
731,1465,17232,13793
739,1488,17340,13787
744,1473,17470,13814
732,1467,17238,13647
722,1458,16981,13602
725,1464,17082,13677
722,1459,17000,13592
734,1480,17298,13688
747,1453,17700,14067
730,1465,17156,13742
727,1451,17137,13739
735,1471,17314,13909
721,1474,16983,13578
736,1454,17366,13742
732,1459,17274,13679
722,1470,16991,13608
720,1471,16962,13580
722,1440,16996,13588
725,1464,17114,13728
721,1473,16983,13576
722,1470,17014,13601
721,1461,16968,13605
720,1470,16952,13581
724,1456,17059,13672
720,1466,16953,13550
721,1465,17015,13612
722,1467,17008,13627
722,1459,16999,13616
722,1465,17030,13644
721,1485,16978,13602
722,1460,16994,13622
724,1454,17075,13687
728,1471,17083,13643
723,1464,17051,13653
719,1467,16925,13533
725,1461,17069,13694
725,1454,17048,13664
728,1480,17110,13653
722,1469,17031,13629
719,1470,16940,13542
725,1462,17095,13693
723,1442,16991,13578
722,1473,16990,13614
722,1452,16994,13614
731,1481,17225,13798
723,1460,17065,13675
721,1466,16973,13592
726,1466,17080,13662
720,1475,16969,13597
721,1474,16971,13577
724,1450,17041,13675
722,1454,16997,13626
725,1471,17074,13672
736,1481,17297,13852
727,1478,17086,13659
738,1451,17397,13986
727,1466,17060,13648
723,1470,17060,13646
723,1461,17019,13622
722,1473,16980,13572
725,1444,17125,13723
723,1467,17036,13653
722,1469,17010,13635
729,1472,17158,13755
731,1465,17238,13825
724,1450,17078,13680
721,1455,16974,13606
721,1471,17004,13614
723,1476,17016,13624
720,1457,16914,13526
738,1443,17398,13994
736,1476,17325,13876
767,1465,18286,14045
732,1448,17272,13882
724,1455,17054,13596
735,1446,17413,13815
722,1480,17000,13616
737,1461,17422,13825
722,1471,17013,13597
720,1465,16962,13582
723,1457,17056,13640
720,1469,16958,13573
724,1474,17055,13666
732,1462,17302,13772
722,1464,16992,13582
724,1447,17086,13682
718,1461,16954,13580
722,1466,17010,13610
736,1471,17309,13881
731,1455,17233,13823
725,1468,17124,13712
720,1471,16933,13559
724,1467,17078,13672
731,1461,17249,13743
721,1466,16980,13587
733,1478,17283,13688
732,1466,17201,13595
735,1469,17328,13720
741,1474,17472,13770
721,1460,16994,13575
725,1473,17073,13678
736,1468,17315,13663
733,1468,17262,13657
745,1460,17542,13758
743,1477,17475,13726
726,1462,17101,13679
724,1465,16998,13565
724,1461,17071,13676
734,1471,17304,13694
742,1472,17478,13720
734,1480,17272,13692
721,1474,16937,13561
726,1460,17140,13736
725,1456,17047,13612
733,1463,17268,13655
744,1463,17510,13718
743,1477,17468,13710
755,1476,17759,13935
738,1472,17356,13804
728,1471,17125,13651
724,1469,17082,13689
733,1479,17261,13644
744,1462,17528,13781
733,1473,17269,13672
727,1461,17170,13740
732,1479,17205,13725
723,1471,17022,13601
745,1461,17552,13773
741,1465,17425,13687
734,1457,17354,13773
721,1463,16988,13612
724,1462,17065,13661
725,1468,17113,13711
741,1460,17429,13690
735,1473,17317,13707
736,1463,17349,13768
721,1470,16957,13594
725,1455,17113,13710
732,1468,17244,13626
728,1462,17149,13644
738,1463,17481,13841
726,1469,17084,13672
728,1442,17182,13785
729,1471,17242,13661
722,1463,17016,13624
735,1458,17340,13718
729,1448,17221,13774
732,1457,17240,13805
727,1519,17098,13724
722,1472,16979,13611
722,1473,17004,13612
722,1452,16995,13604
729,1443,17227,13820
731,1456,17226,13801
732,1458,17261,13853
735,1478,17251,13810
724,1467,17008,13604
728,1483,17119,13693
734,1468,17329,13736
728,1458,17195,13801
731,1450,17265,13848
731,1474,17182,13735
732,1447,17265,13874
733,1456,17237,13826
728,1458,17192,13795
728,1464,17196,13789
741,1451,17534,13947
736,1458,17433,13862
726,1466,17095,13699
731,1446,17230,13858
730,1465,17208,13793
726,1451,17175,13830
731,1450,17269,13853
727,1467,17123,13720
733,1443,17321,13912
733,1452,17260,13874
734,1435,17308,13922
752,1494,17693,14016
736,1441,17355,13840
736,1447,17410,13979
739,1434,17473,14045
733,1461,17270,13871
743,1451,17539,13910
744,1454,17609,13984
746,1433,17746,14112
744,1471,17605,13941
767,1462,18112,14139
739,1443,17485,14071
753,1462,17758,14012
758,1441,17999,14227
745,1460,17651,14038
745,1460,17595,13968
761,1444,18006,14163
764,1446,18104,14245
761,1481,18052,14384
744,1451,17578,14118
773,1460,18507,14439
752,1484,17786,14333
746,1472,17662,14006
740,1463,17540,14124
747,1450,17718,14074
749,1448,17797,14178
738,1431,17434,14025
742,1439,17532,14092
744,1454,17662,14172
737,1441,17450,14032
742,1431,17587,14082
761,1437,18091,14267
750,1452,17811,14188
757,1473,17970,14364
740,1438,17475,14047
739,1446,17461,14060
739,1443,17475,14047
749,1435,17804,14174
745,1501,17662,14248
740,1448,17488,14077
742,1455,17552,14146
742,1464,17578,14145
739,1451,17451,14022
745,1456,17625,14186
742,1451,17556,14121
752,1462,17941,14293
743,1462,17591,14149
738,1443,17418,14031
738,1437,17474,14063
740,1431,17463,14043
751,1468,17901,14276
741,1460,17571,14156
738,1450,17471,14072
738,1437,17449,14053
734,1442,17322,13905
737,1437,17429,14024
737,1451,17453,14017
739,1438,17480,14059
740,1439,17490,14087
737,1435,17399,14001
738,1443,17430,14037
740,1437,17538,14075
746,1465,17692,14059
742,1451,17570,14110
737,1453,17407,13969
745,1460,17766,14204
746,1465,17672,14047
737,1440,17404,14001
737,1438,17433,14012
744,1470,17589,13958
736,1429,17407,14002
748,1463,17659,13957
743,1457,17565,13969
743,1471,17538,13916
731,1457,17219,13826
741,1435,17590,14021
758,1425,17980,14137
743,1473,17597,13981
732,1455,17272,13852
732,1458,17272,13871
732,1439,17290,13914
735,1459,17360,13803
742,1444,17592,13991
741,1449,17544,13902
747,1463,17697,14025
744,1442,17555,14132
739,1470,17436,13822
727,1458,17119,13738
732,1446,17284,13896
746,1476,17570,13892
752,1447,17787,13984
737,1469,17400,13781
742,1461,17483,13811
728,1452,17168,13788
737,1464,17394,13789
760,1401,18186,14167
725,1454,17096,13669
754,1457,17806,13901
756,1449,17882,14004
732,1480,17216,13773
736,1440,17446,13887
746,1463,17603,13837
725,1468,17063,13651
722,1468,17025,13616
733,1454,17329,13808
725,1467,17098,13724
723,1471,17021,13638
724,1462,17069,13677
723,1466,17055,13637
721,1476,16963,13573
732,1509,17269,13770
724,1468,17029,13626
727,1465,17142,13761
726,1475,17117,13637
721,1476,16972,13581
722,1457,16996,13639
723,1461,17007,13572
730,1452,17242,13737
722,1471,17002,13602
724,1465,17018,13654
721,1461,16952,13583
720,1454,16959,13559
730,1465,17243,13706
737,1474,17321,13672
736,1470,17406,13746
736,1461,17380,13779
742,1447,17434,13635
726,1462,17106,13726
748,1466,17654,13802
739,1464,17467,13835
744,1476,17485,13825
730,1464,17111,13661
725,1458,17065,13673
740,1460,17484,13844
742,1474,17473,13885
759,1443,17925,14042
748,1459,17647,13795
724,1465,17068,13685
721,1461,16977,13593
723,1455,17016,13640
731,1466,17281,13711
723,1464,17018,13613
721,1463,17024,13640
736,1464,17357,13725
724,1468,17052,13652
723,1462,17029,13638
721,1470,16962,13593
723,1465,17042,13670
721,1462,16977,13575
722,1463,17012,13604
721,1455,16979,13601
734,1480,17253,13803
732,1483,17204,13767
720,1459,16929,13541
721,1460,16990,13606
722,1461,17011,13643
736,1445,17350,13905
729,1471,17153,13700
720,1456,16964,13590
720,1455,16974,13591
720,1475,16944,13567
722,1480,16987,13600
724,1458,17053,13663
720,1466,16972,13565
722,1464,17006,13599
721,1448,16990,13606
721,1473,16977,13584
723,1452,17022,13647
720,1467,16963,13548
724,1461,17078,13678
721,1448,16989,13595
721,1492,16972,13594
723,1466,17021,13637
720,1461,16942,13554
724,1463,17059,13679
722,1458,16996,13606
722,1469,17010,13606
721,1457,16979,13573
718,1462,16890,13502
725,1463,17087,13677
731,1433,17288,13734
723,1466,17023,13633
732,1472,17227,13608
736,1467,17329,13669
736,1466,17381,13913
738,1470,17412,13795
745,1481,17506,13854
763,1432,18207,14110
734,1469,17284,13834
758,1443,18035,13936
725,1464,17059,13673
740,1483,17350,13684
730,1463,17202,13793
734,1482,17245,13812
745,1473,17603,13976
730,1460,17195,13606
734,1467,17309,13689
739,1452,17448,13776
734,1474,17290,13678
723,1470,17020,13639
733,1471,17257,13674
722,1457,17002,13628
722,1471,17009,13630
734,1469,17291,13645
724,1461,17078,13658
741,1465,17485,13748
732,1475,17245,13634
721,1470,16992,13618
723,1465,17028,13631
724,1472,17071,13660
720,1473,16966,13581
723,1459,17012,13604
722,1458,17027,13639
721,1461,16967,13580
724,1461,17028,13652
720,1469,16936,13547
722,1466,17023,13623
721,1469,16990,13602
724,1461,17053,13657
723,1464,17023,13640
724,1469,17028,13646
721,1461,16984,13581
723,1471,17028,13648
721,1450,16986,13582
724,1455,17087,13698
719,1464,16919,13532
721,1460,16967,13582
723,1460,17014,13651
725,1454,17052,13620
724,1456,17072,13682
721,1472,16947,13547
724,1469,17065,13669
722,1465,17009,13640
734,1465,17259,13835
721,1458,16985,13616
721,1463,16987,13585
726,1464,17093,13649
735,1465,17324,13734
742,1471,17488,13775
732,1478,17253,13661
720,1466,16941,13566
723,1461,17054,13656
743,1446,17483,13720
744,1466,17572,13828
725,1459,17075,13661
721,1464,16971,13569
753,1436,17864,13898
722,1460,17001,13603
722,1465,16986,13601
724,1469,17063,13636
721,1482,16972,13576
722,1467,17020,13636
721,1445,16989,13627
720,1470,16950,13585
722,1459,17016,13635
720,1471,16945,13560
723,1463,17068,13669
722,1474,17005,13624
723,1450,17020,13626
