2780,10000
731,1468,17237,13637
738,1452,17458,13862
735,1461,17309,13690
729,1462,17194,13662
728,1452,17165,13661
730,1458,17241,13674
733,1456,17343,13795
729,1465,17165,13623
731,1461,17268,13719
731,1457,17258,13706
731,1454,17257,13690
734,1446,17355,13818
730,1457,17228,13631
732,1456,17283,13737
731,1454,17251,13693
732,1471,17285,13702
730,1458,17255,13737
733,1459,17281,13729
741,1473,17410,13826
736,1469,17323,13710
729,1455,17200,13646
735,1456,17366,13831
743,1476,17462,13829
729,1465,17187,13656
733,1446,17323,13770
739,1478,17366,13784
731,1460,17267,13720
730,1460,17204,13652
732,1464,17230,13676
729,1466,17215,13678
730,1461,17181,13613
731,1448,17276,13775
730,1457,17162,13604
732,1455,17296,13752
731,1462,17251,13704
730,1461,17212,13651
731,1468,17264,13742
729,1459,17139,13600
731,1455,17281,13753
731,1472,17267,13704
730,1462,17223,13678
729,1464,17220,13707
729,1466,17182,13638
731,1454,17276,13740
730,1466,17236,13703
729,1454,17193,13699
729,1473,17179,13650
729,1455,17172,13627
730,1457,17253,13740
731,1463,17246,13720
728,1471,17172,13654
730,1457,17233,13737
728,1456,17169,13629
731,1453,17259,13734
731,1465,17264,13739
736,1465,17363,13796
736,1465,17351,13818
735,1473,17313,13766
730,1460,17248,13746
728,1450,17185,13662
731,1469,17236,13713
730,1465,17223,13694
729,1456,17197,13689
729,1465,17218,13722
727,1466,17146,13659
728,1467,17148,13644
728,1461,17180,13699
731,1457,17238,13712
734,1470,17279,13729
728,1477,17148,13626
728,1462,17149,13651
731,1453,17268,13762
741,1469,17414,13842
729,1456,17233,13734
728,1471,17155,13633
730,1466,17224,13704
730,1461,17229,13720
729,1461,17192,13675
730,1469,17254,13762
728,1460,17145,13609
729,1455,17189,13664
728,1470,17176,13671
728,1460,17178,13670
733,1511,17267,13752
726,1470,17090,13623
727,1467,17133,13645
728,1463,17158,13659
723,1465,17106,13643
730,1447,17234,13759
726,1453,17081,13589
731,1463,17246,13740
731,1465,17180,13649
730,1472,17218,13693
731,1466,17253,13737
726,1461,17099,13576
731,1457,17272,13753
727,1467,17145,13647
727,1466,17163,13687
727,1465,17157,13678
727,1466,17125,13613
730,1458,17228,13723
728,1467,17165,13655
728,1468,17172,13668
727,1458,17134,13651
726,1464,17102,13619
729,1464,17210,13719
727,1463,17130,13636
729,1463,17194,13679
727,1464,17150,13681
726,1463,17087,13587
729,1459,17217,13738
729,1470,17189,13697
728,1471,17166,13691
729,1466,17187,13681
727,1466,17118,13594
738,1456,17474,13921
737,1476,17325,13774
728,1465,17159,13642
730,1465,17224,13744
728,1471,17149,13637
730,1466,17248,13726
726,1468,17119,13642
727,1465,17142,13649
741,1466,17509,13978
727,1460,17157,13680
730,1478,17204,13690
727,1472,17108,13606
728,1461,17148,13635
729,1446,17194,13703
727,1453,17114,13618
729,1457,17226,13745
723,1454,17041,13575
727,1449,17147,13652
727,1470,17170,13690
727,1473,17173,13677
732,1447,17325,13812
727,1466,17108,13604
728,1456,17160,13660
727,1463,17155,13663
729,1463,17178,13656
734,1455,17380,13849
740,1472,17437,13910
736,1469,17281,13739
727,1461,17158,13664
726,1465,17126,13649
728,1458,17169,13681
726,1451,17095,13619
730,1455,17252,13758
728,1467,17171,13661
739,1466,17427,13913
729,1464,17190,13688
725,1454,17058,13571
730,1456,17227,13725
728,1462,17164,13670
728,1465,17171,13658
729,1461,17222,13714
727,1471,17116,13624
728,1448,17189,13702
727,1469,17147,13652
728,1466,17157,13636
727,1460,17166,13664
727,1472,17127,13613
734,1458,17331,13814
740,1471,17463,13933
731,1480,17227,13729
737,1473,17325,13788
733,1470,17187,13667
732,1460,17297,13774
728,1466,17176,13674
728,1463,17172,13679
727,1447,17146,13653
725,1460,17062,13572
732,1447,17289,13769
732,1472,17226,13674
729,1459,17189,13680
729,1465,17206,13690
725,1451,17073,13586
728,1464,17196,13723
729,1472,17155,13631
728,1464,17189,13693
730,1459,17228,13711
729,1472,17177,13676
730,1460,17224,13715
729,1470,17144,13611
729,1456,17192,13711
728,1465,17152,13652
728,1473,17157,13654
729,1456,17234,13730
726,1468,17126,13612
728,1465,17171,13692
727,1450,17163,13675
727,1466,17135,13661
730,1458,17246,13749
726,1471,17105,13591
728,1459,17187,13685
728,1475,17188,13675
726,1469,17131,13646
728,1453,17204,13727
725,1460,17085,13607
728,1457,17140,13627
728,1465,17197,13675
726,1466,17111,13616
730,1447,17296,13805
726,1460,17097,13601
726,1460,17108,13643
727,1473,17157,13678
733,1468,17262,13701
728,1465,17169,13671
733,1464,17247,13733
741,1453,17493,13977
727,1473,17126,13624
727,1471,17140,13657
728,1474,17184,13682
727,1457,17112,13591
730,1451,17213,13677
728,1472,17180,13670
727,1463,17144,13641
727,1462,17164,13691
725,1472,17050,13567
730,1450,17252,13738
728,1476,17147,13623
730,1459,17206,13694
727,1465,17140,13656
727,1459,17099,13605
729,1452,17217,13731
727,1462,17130,13632
727,1470,17135,13666
727,1452,17161,13657
726,1460,17115,13611
728,1463,17199,13694
727,1459,17167,13669
726,1466,17141,13668
728,1444,17189,13703
729,1472,17181,13665
729,1465,17218,13710
728,1464,17188,13670
728,1468,17179,13698
728,1459,17170,13696
727,1453,17111,13598
732,1462,17308,13804
730,1467,17174,13639
726,1465,17131,13651
729,1445,17181,13692
727,1459,17143,13668
727,1456,17185,13720
728,1473,17134,13642
729,1462,17197,13708
729,1470,17210,13690
727,1471,17136,13654
730,1467,17259,13771
725,1477,17083,13590
726,1459,17107,13630
730,1454,17226,13723
732,1457,17223,13655
732,1458,17263,13743
729,1461,17199,13654
727,1466,17136,13647
727,1470,17136,13637
726,1456,17107,13629
729,1466,17272,13780
727,1466,17127,13612
728,1460,17154,13663
732,1455,17205,13656
728,1478,17149,13654
727,1450,17157,13685
727,1463,17110,13621
729,1461,17194,13705
733,1468,17291,13771
736,1484,17275,13724
727,1464,17166,13690
726,1461,17091,13608
729,1452,17213,13735
728,1463,17172,13667
728,1475,17130,13628
728,1471,17178,13656
726,1463,17110,13586
729,1458,17210,13718
727,1457,17161,13671
728,1464,17157,13652
728,1471,17181,13702
727,1470,17115,13604
729,1458,17205,13713
729,1505,17218,13742
727,1470,17134,13638
729,1458,17187,13701
728,1462,17146,13641
727,1456,17185,13719
729,1457,17213,13705
736,1489,17293,13751
727,1463,17164,13670
728,1462,17149,13643
728,1456,17164,13673
728,1462,17170,13661
727,1458,17141,13643
729,1454,17223,13727
731,1455,17238,13717
738,1463,17382,13855
728,1468,17122,13623
730,1467,17208,13716
736,1477,17290,13733
728,1464,17171,13672
730,1463,17233,13753
727,1466,17129,13639
726,1465,17113,13634
728,1463,17166,13695
727,1451,17143,13651
729,1464,17186,13699
733,1472,17237,13688
727,1464,17132,13651
733,1453,17307,13809
739,1458,17435,13918
741,1457,17499,13993
735,1476,17300,13789
727,1456,17163,13675
727,1471,17152,13653
728,1463,17182,13677
734,1461,17356,13854
736,1469,17372,13874
726,1456,17119,13649
728,1463,17160,13658
731,1455,17240,13735
734,1469,17285,13757
726,1465,17100,13606
731,1460,17240,13741
735,1466,17260,13713
726,1472,17088,13603
729,1461,17204,13721
726,1443,17105,13592
729,1455,17205,13727
730,1464,17238,13751
730,1468,17175,13649
728,1465,17180,13709
728,1459,17140,13632
729,1463,17205,13699
729,1449,17196,13668
728,1468,17173,13659
727,1470,17148,13673
726,1462,17085,13599
729,1459,17196,13697
730,1470,17221,13694
733,1463,17258,13675
728,1459,17169,13679
726,1453,17100,13600
728,1457,17204,13711
726,1471,17124,13643
734,1475,17287,13795
738,1446,17395,13866
727,1462,17122,13609
731,1455,17283,13782
725,1463,17126,13654
728,1455,17165,13683
726,1467,17109,13646
728,1458,17134,13623
728,1458,17192,13700
728,1471,17145,13628
729,1471,17193,13688
728,1453,17166,13686
727,1459,17138,13650
729,1455,17220,13738
727,1466,17147,13667
728,1459,17154,13654
726,1468,17133,13658
728,1464,17167,13655
728,1466,17185,13706
732,1474,17230,13725
740,1460,17470,13966
727,1467,17138,13632
729,1476,17185,13658
729,1463,17235,13752
726,1469,17089,13595
728,1466,17172,13689
728,1468,17145,13648
728,1464,17152,13650
729,1464,17235,13751
727,1461,17114,13612
729,1474,17201,13678
727,1462,17150,13660
728,1467,17173,13677
730,1461,17212,13727
727,1469,17118,13614
730,1459,17229,13726
727,1470,17144,13650
727,1462,17118,13607
727,1462,17168,13694
726,1454,17078,13594
728,1463,17173,13689
727,1459,17139,13663
728,1467,17166,13677
731,1442,17231,13722
726,1469,17106,13620
728,1464,17160,13669
727,1460,17142,13661
727,1479,17137,13644
731,1458,17259,13765
731,1453,17152,13614
728,1462,17186,13678
730,1459,17250,13783
738,1475,17363,13821
736,1485,17288,13757
725,1449,17075,13577
731,1464,17259,13754
728,1455,17199,13719
727,1467,17143,13670
728,1458,17149,13653
725,1463,17078,13584
731,1464,17199,13708
731,1468,17244,13760
735,1482,17281,13723
728,1464,17188,13694
727,1474,17127,13631
728,1466,17184,13692
726,1472,17094,13621
740,1455,17482,13957
731,1467,17262,13764
736,1481,17275,13711
729,1459,17216,13688
726,1471,17112,13617
726,1466,17128,13668
727,1460,17144,13676
728,1451,17150,13651
729,1462,17223,13708
727,1473,17126,13629
726,1454,17130,13647
728,1462,17181,13711
729,1461,17181,13677
728,1457,17209,13732
725,1460,17091,13611
729,1455,17174,13666
732,1462,17203,13668
728,1469,17158,13658
729,1457,17212,13728
726,1471,17086,13603
726,1460,17116,13632
727,1466,17136,13649
730,1474,17202,13677
733,1462,17330,13799
726,1466,17079,13590
727,1468,17144,13662
727,1462,17149,13655
729,1467,17174,13673
728,1472,17192,13692
727,1470,17118,13628
742,1454,17535,14007
726,1465,17126,13645
727,1471,17155,13658
728,1459,17150,13655
726,1465,17105,13611
731,1464,17276,13759
738,1471,17343,13808
731,1459,17160,13630
727,1454,17153,13669
727,1474,17107,13638
729,1449,17225,13726
728,1473,17148,13653
727,1472,17138,13644
727,1454,17160,13665
725,1462,17064,13571
729,1454,17210,13724
729,1472,17185,13684
728,1456,17233,13729
729,1463,17220,13723
725,1449,17053,13561
728,1463,17196,13703
731,1460,17252,13750
736,1471,17266,13724
728,1461,17162,13678
726,1464,17102,13601
724,1460,17122,13685
727,1471,17150,13651
739,1463,17461,13955
738,1480,17348,13817
727,1472,17111,13609
731,1460,17275,13769
726,1463,17099,13601
731,1453,17234,13706
729,1470,17183,13662
729,1463,17189,13704
729,1458,17213,13740
725,1478,17101,13633
730,1456,17229,13728
730,1444,17232,13728
726,1472,17100,13606
729,1441,17217,13720
727,1466,17132,13650
727,1463,17153,13677
727,1473,17132,13660
726,1462,17111,13622
743,1466,17503,13949
735,1482,17262,13727
727,1458,17132,13637
727,1458,17153,13660
726,1466,17097,13613
729,1439,17290,13823
727,1462,17116,13605
728,1461,17148,13636
736,1463,17356,13825
738,1477,17346,13800
734,1487,17245,13732
726,1460,17107,13640
729,1464,17170,13650
728,1468,17182,13667
727,1474,17132,13646
727,1455,17147,13671
734,1463,17274,13763
730,1450,17223,13731
729,1463,17154,13643
721,1466,17081,13646
728,1462,17161,13657
726,1450,17111,13625
735,1458,17354,13834
732,1467,17278,13758
737,1473,17329,13804
733,1461,17235,13719
727,1459,17110,13603
728,1463,17190,13685
728,1466,17187,13676
727,1458,17132,13664
726,1460,17106,13626
725,1463,17073,13591
729,1455,17206,13710
727,1467,17164,13656
727,1474,17133,13657
728,1452,17158,13655
725,1459,17077,13587
741,1449,17513,14006
734,1468,17238,13706
727,1461,17122,13641
737,1458,17381,13857
727,1472,17130,13628
728,1459,17216,13743
726,1458,17098,13626
728,1472,17173,13718
729,1467,17202,13701
726,1449,17114,13614
729,1461,17225,13712
725,1471,17102,13605
728,1468,17175,13687
730,1468,17166,13670
727,1462,17147,13667
728,1471,17195,13692
729,1474,17197,13695
732,1466,17206,13677
741,1452,17504,13972
736,1473,17271,13737
728,1471,17188,13713
726,1472,17096,13613
726,1458,17114,13643
733,1455,17297,13774
739,1478,17402,13873
735,1451,17373,13881
739,1478,17405,13870
730,1470,17205,13718
740,1465,17463,13933
727,1473,17133,13647
731,1457,17302,13809
727,1467,17125,13609
727,1454,17165,13686
727,1471,17151,13669
727,1471,17138,13661
730,1446,17240,13734
736,1471,17254,13698
727,1454,17146,13658
728,1458,17196,13699
727,1456,17126,13644
732,1468,17288,13794
734,1470,17223,13687
728,1455,17173,13670
729,1473,17217,13707
722,1470,17040,13614
728,1459,17171,13675
726,1472,17111,13626
731,1455,17259,13774
741,1467,17469,13935
735,1456,17396,13889
729,1472,17191,13685
726,1462,17113,13599
729,1461,17223,13725
728,1474,17143,13638
731,1464,17203,13719
728,1456,17184,13689
727,1468,17102,13580
727,1455,17200,13736
729,1461,17201,13702
726,1471,17131,13661
727,1462,17130,13629
726,1460,17111,13619
727,1458,17155,13681
728,1473,17154,13656
727,1464,17153,13662
728,1459,17178,13706
727,1474,17123,13629
727,1469,17175,13706
727,1457,17121,13622
728,1461,17207,13716
732,1461,17288,13772
738,1480,17347,13776
728,1452,17173,13691
727,1471,17128,13644
725,1461,17112,13652
729,1466,17193,13692
728,1458,17147,13606
730,1463,17244,13750
726,1467,17102,13610
727,1461,17148,13668
727,1455,17137,13653
729,1471,17136,13619
727,1462,17174,13690
727,1461,17123,13617
726,1452,17119,13636
727,1451,17160,13676
728,1470,17166,13682
729,1455,17208,13719
727,1464,17133,13643
728,1464,17171,13681
729,1465,17209,13695
728,1455,17175,13653
727,1460,17115,13623
726,1459,17091,13611
727,1464,17155,13664
728,1454,17191,13699
726,1473,17095,13585
727,1468,17154,13669
725,1473,17081,13587
730,1461,17226,13728
728,1463,17133,13635
730,1463,17187,13697
727,1463,17154,13680
731,1473,17220,13678
741,1455,17511,13984
732,1470,17272,13779
738,1463,17331,13815
737,1472,17321,13782
729,1474,17140,13587
729,1464,17207,13708
726,1458,17167,13671
728,1468,17172,13657
729,1453,17206,13719
724,1460,17054,13570
728,1461,17195,13731
728,1459,17163,13674
728,1456,17166,13663
727,1472,17160,13683
727,1463,17104,13603
729,1466,17204,13727
725,1460,17083,13590
727,1459,17161,13696
727,1463,17173,13693
727,1480,17158,13659
739,1441,17493,14001
729,1456,17168,13677
732,1469,17207,13681
726,1473,17130,13669
724,1462,17073,13579
729,1469,17208,13723
732,1461,17222,13689
734,1464,17254,13702
728,1466,17178,13702
725,1467,17095,13628
729,1467,17226,13755
727,1474,17120,13606
728,1454,17160,13653
727,1471,17148,13663
725,1473,17087,13612
729,1453,17219,13732
726,1464,17091,13620
726,1466,17135,13660
727,1471,17133,13638
727,1470,17139,13641
729,1460,17233,13755
726,1463,17113,13619
729,1458,17181,13695
725,1470,17100,13638
726,1456,17124,13641
728,1452,17185,13688
727,1470,17128,13634
728,1462,17190,13688
726,1465,17129,13651
726,1468,17110,13637
727,1466,17155,13685
726,1466,17117,13617
732,1471,17240,13699
727,1459,17137,13658
729,1462,17212,13717
728,1456,17158,13693
725,1458,17078,13573
730,1454,17242,13774
726,1472,17125,13647
728,1452,17195,13713
728,1456,17171,13671
727,1467,17112,13619
727,1462,17171,13701
727,1458,17133,13685
726,1454,17141,13657
729,1463,17225,13724
728,1473,17132,13612
728,1466,17192,13685
726,1469,17116,13632
733,1455,17241,13713
724,1462,17084,13616
726,1480,17116,13621
729,1464,17220,13720
726,1459,17130,13652
727,1461,17136,13635
727,1464,17161,13680
727,1466,17119,13619
729,1454,17219,13751
725,1465,17079,13634
730,1453,17233,13717
727,1461,17142,13650
726,1466,17114,13648
734,1459,17307,13816
738,1449,17395,13887
728,1457,17172,13669
730,1455,17231,13733
729,1472,17163,13640
730,1459,17250,13744
727,1466,17154,13670
728,1464,17169,13697
730,1456,17171,13671
727,1464,17159,13663
730,1456,17265,13775
728,1446,17112,13607
728,1457,17175,13672
726,1473,17143,13656
726,1472,17129,13659
729,1457,17230,13755
728,1461,17165,13684
730,1467,17186,13651
728,1472,17176,13681
727,1471,17135,13657
727,1469,17154,13677
728,1459,17136,13644
729,1467,17203,13704
727,1467,17150,13653
727,1472,17131,13621
728,1453,17174,13682
725,1469,17077,13596
727,1464,17171,13693
726,1458,17123,13645
725,1466,17114,13630
729,1459,17224,13721
727,1464,17129,13640
729,1464,17209,13714
726,1456,17119,13647
727,1462,17134,13649
728,1445,17208,13743
725,1472,17077,13604
730,1469,17248,13749
728,1439,17195,13722
725,1471,17092,13624
730,1466,17214,13729
725,1464,17060,13568
730,1462,17253,13763
729,1469,17201,13703
728,1463,17172,13654
731,1463,17215,13688
727,1457,17111,13623
728,1463,17169,13701
726,1464,17122,13638
733,1460,17269,13744
740,1472,17421,13870
739,1480,17391,13856
742,1448,17571,14051
731,1466,17218,13721
737,1476,17326,13792
727,1463,17155,13676
727,1466,17141,13673
729,1465,17202,13676
728,1471,17157,13653
728,1461,17157,13640
727,1469,17164,13672
725,1459,17064,13587
730,1448,17258,13776
732,1464,17241,13722
739,1473,17363,13810
737,1468,17318,13744
725,1484,17095,13622
728,1456,17201,13747
726,1469,17108,13622
728,1465,17149,13635
727,1478,17170,13656
729,1469,17184,13700
729,1443,17224,13731
727,1472,17142,13658
726,1448,17104,13624
728,1461,17181,13687
726,1463,17105,13638
730,1465,17249,13739
726,1460,17097,13601
727,1464,17154,13669
731,1450,17234,13732
729,1463,17126,13616
729,1453,17227,13738
727,1468,17129,13601
730,1485,17206,13693
727,1463,17147,13649
727,1458,17112,13645
726,1456,17136,13660
725,1464,17091,13599
729,1468,17220,13731
728,1471,17169,13669
730,1466,17205,13699
727,1461,17159,13676
727,1458,17120,13631
729,1457,17215,13735
727,1458,17131,13656
729,1462,17158,13676
728,1466,17194,13679
725,1460,17077,13589
729,1462,17193,13706
727,1477,17116,13642
727,1464,17146,13680
728,1469,17174,13670
727,1460,17117,13617
729,1462,17197,13689
729,1459,17206,13703
728,1455,17165,13683
728,1456,17189,13709
726,1462,17084,13595
731,1458,17273,13775
729,1465,17177,13672
726,1466,17127,13653
732,1466,17269,13758
738,1484,17365,13841
738,1466,17420,13907
725,1457,17095,13613
727,1458,17129,13650
729,1477,17206,13696
725,1471,17093,13613
732,1450,17263,13767
728,1468,17107,13580
729,1463,17186,13712
732,1451,17229,13705
727,1447,17163,13656
730,1449,17249,13744
727,1469,17142,13642
726,1465,17105,13616
728,1462,17171,13696
722,1469,17041,13626
729,1467,17224,13721
728,1469,17168,13657
727,1465,17157,13669
728,1469,17184,13700
726,1464,17114,13629
730,1463,17260,13785
729,1457,17124,13603
730,1465,17226,13735
726,1457,17142,13662
727,1459,17132,13640
727,1461,17152,13685
726,1468,17112,13628
729,1463,17193,13706
728,1452,17161,13658
726,1456,17122,13639
729,1469,17208,13709
728,1477,17168,13646
729,1462,17222,13727
728,1458,17150,13660
727,1470,17135,13666
729,1459,17222,13726
727,1478,17119,13595
728,1465,17197,13724
728,1463,17185,13707
729,1461,17190,13703
726,1461,17168,13710
727,1461,17116,13624
729,1458,17213,13737
728,1461,17192,13694
728,1457,17141,13657
727,1460,17160,13684
726,1471,17093,13582
728,1466,17158,13678
729,1469,17203,13713
728,1469,17186,13684
728,1450,17168,13658
731,1470,17236,13712
733,1477,17242,13715
725,1461,17091,13624
728,1448,17165,13677
731,1449,17264,13758
728,1473,17148,13620
728,1452,17161,13673
728,1464,17164,13675
726,1464,17105,13635
729,1460,17219,13735
725,1461,17093,13627
725,1456,17144,13721
727,1465,17153,13645
728,1461,17145,13644
727,1466,17160,13683
726,1425,17125,13639
732,1470,17238,13728
726,1464,17118,13624
728,1465,17159,13659
728,1468,17174,13652
731,1458,17264,13747
730,1457,17213,13720
729,1469,17165,13680
727,1459,17131,13639
729,1470,17230,13730
728,1464,17160,13642
730,1458,17248,13755
726,1467,17111,13608
734,1461,17307,13789
735,1471,17265,13738
727,1471,17126,13647
727,1451,17147,13663
728,1458,17138,13618
728,1464,17184,13687
727,1467,17153,13670
727,1470,17128,13669
726,1448,17129,13667
727,1456,17118,13615
729,1467,17213,13721
730,1460,17244,13728
728,1457,17152,13635
728,1461,17181,13694
726,1477,17094,13600
729,1461,17209,13733
730,1473,17243,13748
728,1463,17174,13680
729,1475,17179,13670
727,1468,17112,13611
730,1464,17195,13690
728,1464,17172,13684
731,1476,17189,13682
727,1457,17140,13680
728,1474,17137,13629
728,1464,17190,13698
728,1473,17141,13657
728,1461,17169,13670
728,1449,17170,13698
729,1465,17192,13676
729,1464,17210,13711
731,1466,17236,13717
729,1458,17186,13686
728,1467,17187,13678
726,1462,17091,13608
731,1461,17260,13787
735,1468,17267,13729
729,1460,17197,13691
727,1456,17141,13651
726,1473,17118,13634
728,1440,17209,13784
727,1453,17132,13666
729,1458,17145,13635
727,1467,17165,13690
727,1474,17144,13638
730,1449,17249,13768
727,1454,17112,13617
728,1459,17164,13681
727,1471,17150,13671
727,1454,17143,13644
737,1440,17467,13970
726,1461,17129,13626
728,1460,17163,13650
726,1470,17133,13651
725,1476,17109,13692
737,1467,17348,13813
726,1449,17113,13619
729,1461,17214,13710
726,1467,17087,13609
727,1463,17150,13646
729,1462,17202,13718
727,1458,17132,13647
732,1470,17226,13714
733,1459,17310,13805
735,1469,17268,13725
729,1447,17223,13748
725,1450,17083,13589
729,1457,17211,13724
726,1459,17098,13629
728,1461,17173,13683
729,1450,17187,13671
727,1458,17118,13598
731,1462,17273,13746
727,1468,17158,13671
726,1473,17087,13616
729,1453,17216,13742
727,1457,17104,13572
730,1458,17235,13728
727,1461,17141,13651
729,1461,17221,13720
732,1467,17221,13699
733,1462,17249,13740
740,1451,17501,14009
730,1471,17236,13764
731,1463,17192,13653
728,1460,17166,13685
725,1462,17078,13575
731,1461,17278,13792
733,1469,17195,13675
729,1460,17173,13674
730,1452,17223,13712
726,1468,17125,13633
730,1469,17240,13726
727,1466,17146,13667
726,1465,17133,13655
728,1464,17176,13685
728,1473,17148,13628
730,1485,17266,13780
726,1457,17099,13617
727,1455,17152,13657
727,1458,17150,13656
726,1470,17111,13639
727,1461,17158,13693
727,1459,17124,13632
728,1460,17174,13676
729,1468,17195,13697
727,1471,17121,13608
731,1468,17287,13794
727,1474,17139,13662
727,1448,17145,13645
727,1476,17153,13677
727,1450,17143,13633
731,1445,17301,13808
725,1459,17091,13606
728,1462,17176,13696
727,1468,17141,13642
726,1469,17122,13631
730,1458,17225,13733
726,1455,17097,13594
729,1457,17197,13695
723,1465,17141,13663
726,1480,17112,13628
728,1459,17179,13697
726,1461,17106,13625
735,1461,17347,13814
740,1457,17472,13954
727,1468,17125,13636
727,1460,17137,13653
730,1461,17190,13685
732,1469,17293,13790
739,1473,17396,13849
740,1479,17454,13906
729,1462,17211,13704
726,1454,17074,13574
730,1464,17252,13761
731,1466,17174,13669
729,1471,17184,13672
727,1461,17154,13651
726,1459,17077,13598
733,1467,17261,13724
727,1462,17140,13665
729,1453,17166,13669
727,1463,17131,13659
729,1473,17155,13663
730,1460,17207,13686
727,1447,17160,13684
726,1471,17128,13649
728,1448,17184,13700
725,1471,17090,13605
738,1476,17350,13802
726,1469,17090,13583
728,1460,17194,13685
729,1464,17237,13728
727,1455,17104,13605
728,1471,17188,13711
725,1456,17074,13598
728,1458,17167,13669
733,1465,17243,13686
727,1467,17139,13633
729,1455,17253,13833
732,1474,17198,13652
726,1459,17127,13657
727,1454,17154,13678
729,1452,17181,13719
741,1484,17433,13867
731,1462,17163,13631
728,1451,17162,13675
726,1464,17126,13653
727,1462,17150,13685
729,1465,17217,13737
727,1457,17126,13624
727,1461,17144,13632
729,1464,17196,13682
728,1469,17125,13645
727,1450,17181,13713
727,1455,17113,13633
728,1462,17168,13673
728,1456,17176,13674
726,1468,17123,13645
727,1465,17157,13670
727,1469,17133,13652
727,1465,17143,13653
725,1460,17132,13653
727,1473,17140,13672
729,1462,17195,13694
727,1469,17113,13610
727,1458,17143,13659
730,1466,17230,13732
726,1462,17121,13653
727,1453,17139,13644
726,1475,17092,13590
730,1463,17246,13732
727,1460,17149,13636
729,1459,17180,13684
727,1468,17151,13684
726,1454,17101,13623
731,1452,17211,13676
728,1462,17168,13665
727,1459,17127,13646
729,1465,17207,13710
725,1463,17067,13578
727,1463,17170,13704
730,1461,17206,13714
727,1471,17129,13634
729,1455,17189,13671
726,1473,17102,13613
728,1459,17204,13727
725,1463,17130,13648
727,1457,17153,13685
727,1463,17163,13678
728,1464,17151,13649
729,1456,17211,13693
726,1464,17110,13624
727,1462,17144,13679
728,1447,17143,13650
727,1456,17141,13660
729,1471,17169,13645
727,1474,17151,13652
727,1465,17124,13641
727,1469,17144,13650
726,1471,17103,13646
728,1466,17185,13718
727,1460,17126,13634
724,1463,17086,13615
729,1474,17217,13695
725,1431,17077,13583
728,1454,17186,13714
725,1474,17065,13596
726,1451,17115,13628
727,1469,17142,13650
727,1461,17136,13640
731,1438,17294,13798
726,1461,17109,13608
728,1464,17171,13676
726,1467,17122,13648
725,1453,17088,13602
729,1459,17230,13747
728,1456,17130,13596
728,1462,17179,13685
733,1478,17245,13750
737,1479,17405,13904
731,1452,17242,13753
735,1471,17246,13709
727,1457,17159,13677
729,1457,17183,13681
729,1447,17199,13678
727,1457,17126,13632
726,1470,17088,13586
726,1459,17163,13704
727,1475,17140,13656
727,1458,17138,13647
728,1448,17176,13672
727,1455,17101,13585
729,1461,17202,13717
728,1474,17148,13644
726,1464,17114,13645
728,1460,17164,13652
726,1465,17096,13584
728,1470,17178,13686
727,1458,17156,13667
727,1461,17122,13638
727,1469,17149,13664
726,1470,17093,13595
728,1458,17183,13689
728,1459,17143,13622
728,1453,17139,13652
727,1466,17146,13654
727,1459,17148,13662
729,1453,17202,13727
727,1473,17099,13602
729,1465,17214,13724
730,1474,17187,13670
728,1471,17158,13646
729,1470,17200,13717
725,1454,17087,13598
726,1455,17115,13627
728,1472,17198,13693
732,1456,17264,13753
741,1443,17547,14038
728,1466,17166,13668
726,1462,17099,13619
726,1467,17130,13638
726,1463,17126,13655
728,1459,17166,13699
726,1449,17105,13599
727,1463,17131,13648
726,1465,17111,13625
725,1467,17107,13657
728,1448,17207,13744
726,1465,17107,13605
729,1465,17183,13673
727,1466,17152,13660
740,1464,17474,13925
726,1461,17117,13644
725,1473,17092,13605
728,1456,17177,13699
727,1464,17131,13627
728,1472,17187,13689
728,1465,17155,13670
725,1448,17075,13588
730,1463,17247,13762
739,1497,17388,13866
733,1463,17211,13676
727,1463,17139,13651
727,1470,17098,13573
729,1457,17235,13740
729,1467,17179,13676
728,1469,17133,13639
727,1462,17152,13666
727,1459,17104,13570
729,1453,17231,13748
728,1469,17168,13653
730,1468,17222,13709
727,1461,17141,13651
725,1466,17074,13577
728,1468,17176,13690
728,1464,17192,13692
726,1457,17131,13622
729,1464,17205,13738
726,1473,17088,13592
733,1465,17299,13807
735,1460,17227,13685
726,1457,17123,13651
727,1455,17134,13661
729,1461,17201,13696
729,1456,17200,13684
726,1477,17119,13629
728,1467,17150,13653
725,1466,17102,13623
727,1465,17150,13663
729,1472,17208,13722
728,1462,17157,13644
735,1459,17339,13805
731,1454,17253,13740
736,1485,17288,13760
728,1471,17216,13754
727,1475,17126,13641
729,1455,17168,13658
727,1449,17143,13666
730,1471,17196,13684
724,1459,17160,13660
727,1457,17117,13630
727,1462,17120,13646
728,1464,17173,13686
725,1470,17129,13613
728,1455,17161,13682
726,1453,17089,13595
727,1457,17159,13673
727,1467,17143,13666
727,1475,17121,13620
731,1458,17256,13750
727,1461,17130,13627
729,1460,17216,13701
727,1462,17144,13665
727,1456,17142,13662
727,1451,17151,13665
727,1460,17125,13623
729,1456,17201,13689
728,1476,17177,13678
726,1456,17110,13639
726,1470,17138,13655
726,1459,17105,13619
728,1462,17182,13714
727,1458,17124,13630
728,1472,17171,13674
727,1446,17150,13686
725,1462,17065,13572
728,1462,17185,13701
727,1461,17145,13677
732,1459,17200,13672
728,1447,17168,13672
726,1472,17112,13608
729,1465,17232,13729
739,1460,17465,13953
733,1462,17205,13675
727,1465,17152,13672
727,1473,17126,13622
730,1470,17231,13725
726,1457,17093,13610
729,1466,17190,13686
728,1451,17204,13730
727,1459,17125,13628
728,1464,17206,13737
727,1473,17136,13651
729,1458,17197,13680
727,1461,17150,13639
737,1463,17345,13820
729,1467,17217,13733
728,1456,17098,13593
729,1461,17190,13691
730,1444,17249,13750
731,1476,17190,13645
730,1464,17220,13710
727,1461,17128,13652
727,1459,17134,13642
728,1472,17163,13669
727,1468,17138,13643
730,1471,17227,13720
727,1465,17124,13640
728,1466,17154,13650
728,1463,17168,13670
728,1465,17171,13688
729,1465,17179,13692
727,1471,17119,13632
729,1461,17194,13673
726,1469,17121,13642
720,1463,17029,13594
728,1455,17175,13700
725,1453,17096,13629
731,1465,17253,13745
727,1463,17149,13661
726,1471,17128,13621
729,1468,17186,13683
730,1468,17215,13719
737,1463,17391,13884
730,1467,17219,13738
733,1471,17231,13694
729,1462,17188,13682
726,1481,17079,13585
730,1460,17245,13749
729,1482,17202,13717
725,1467,17106,13637
729,1459,17198,13710
734,1475,17210,13680
729,1466,17227,13731
728,1461,17143,13654
728,1467,17176,13680
736,1448,17360,13841
728,1452,17150,13628
734,1457,17278,13742
728,1463,17180,13686
729,1462,17160,13646
727,1450,17171,13665
727,1475,17119,13624
728,1458,17179,13705
726,1468,17123,13656
728,1464,17155,13653
731,1461,17260,13745
727,1471,17113,13622
728,1467,17206,13719
726,1454,17090,13611
728,1459,17161,13677
727,1456,17156,13678
726,1462,17116,13638
729,1458,17237,13735
727,1464,17133,13644
726,1464,17124,13632
735,1462,17335,13811
739,1468,17438,13926
732,1475,17240,13710
726,1458,17103,13609
732,1454,17277,13747
738,1480,17346,13791
727,1471,17121,13626
731,1455,17305,13841
728,1466,17134,13649
728,1462,17161,13645
728,1464,17172,13656
727,1464,17135,13649
727,1454,17194,13717
730,1474,17188,13699
730,1460,17170,13642
728,1468,17165,13675
727,1471,17140,13664
730,1452,17242,13739
726,1463,17100,13608
728,1459,17190,13694
734,1461,17319,13818
735,1449,17326,13817
738,1452,17463,13948
729,1471,17136,13603
731,1458,17257,13736
728,1466,17180,13660
728,1460,17179,13695
729,1449,17200,13721
726,1459,17079,13581
729,1462,17205,13714
728,1469,17153,13653
728,1466,17181,13671
727,1473,17178,13688
726,1464,17085,13578
729,1461,17207,13721
727,1459,17168,13689
731,1464,17161,13650
729,1465,17184,13665
726,1459,17087,13577
728,1466,17181,13693
728,1462,17151,13655
727,1465,17140,13671
729,1456,17206,13702
728,1467,17116,13600
729,1465,17220,13712
728,1459,17149,13629
727,1455,17136,13648
731,1461,17268,13786
731,1472,17182,13638
741,1457,17524,14005
729,1469,17205,13698
729,1457,17135,13626
729,1450,17234,13741
725,1460,17092,13599
730,1453,17214,13743
724,1465,17068,13599
726,1465,17123,13646
728,1461,17173,13677
729,1477,17189,13692
735,1472,17291,13774
726,1460,17093,13602
726,1465,17133,13658
740,1466,17491,13952
731,1465,17239,13721
743,1443,17577,14042
730,1458,17167,13627
728,1465,17155,13660
725,1465,17108,13623
728,1451,17161,13670
732,1450,17301,13790
727,1461,17128,13611
727,1463,17137,13644
728,1466,17161,13664
727,1472,17134,13647
726,1457,17138,13672
726,1462,17087,13612
727,1460,17146,13662
727,1461,17161,13659
727,1461,17140,13667
727,1447,17161,13694
726,1465,17119,13627
728,1464,17169,13687
727,1455,17157,13659
735,1470,17334,13796
730,1459,17224,13718
730,1448,17149,13597
729,1466,17203,13713
727,1456,17128,13644
725,1449,17097,13636
728,1460,17185,13691
727,1466,17107,13585
728,1467,17184,13697
728,1409,17144,13612
734,1481,17230,13712
728,1466,17169,13677
726,1464,17088,13600
727,1467,17123,13627
727,1453,17159,13657
726,1460,17120,13629
728,1470,17134,13640
727,1468,17116,13628
728,1469,17157,13674
727,1462,17181,13696
728,1457,17163,13676
730,1462,17233,13716
728,1471,17158,13638
729,1458,17211,13720
725,1462,17077,13602
729,1464,17171,13677
729,1452,17190,13685
727,1475,17125,13622
729,1456,17231,13746
726,1455,17094,13603
727,1458,17117,13640
728,1475,17178,13694
726,1477,17117,13638
728,1464,17183,13712
727,1459,17153,13637
726,1465,17104,13614
726,1471,17135,13642
726,1477,17107,13624
729,1459,17219,13745
729,1464,17188,13673
734,1469,17240,13694
728,1469,17184,13672
740,1470,17461,13923
733,1444,17317,13822
732,1461,17171,13644
727,1469,17134,13637
729,1476,17207,13701
727,1456,17137,13621
729,1465,17206,13733
726,1462,17096,13582
728,1462,17172,13665
728,1472,17147,13660
728,1471,17114,13630
726,1455,17144,13666
727,1458,17114,13618
729,1458,17220,13725
728,1465,17154,13665
728,1460,17174,13692
727,1448,17128,13653
725,1463,17072,13574
729,1462,17189,13674
727,1463,17150,13654
728,1464,17164,13664
728,1469,17154,13661
727,1474,17125,13633
730,1470,17184,13677
733,1471,17242,13711
729,1463,17217,13716
727,1470,17124,13648
726,1465,17077,13585
728,1463,17185,13698
727,1480,17142,13656
728,1461,17159,13669
727,1458,17130,13650
726,1473,17109,13597
727,1467,17155,13668
727,1462,17131,13637
727,1462,17158,13681
730,1460,17173,13670
727,1467,17127,13634
729,1460,17199,13694
727,1466,17129,13627
727,1466,17158,13662
728,1464,17179,13711
726,1472,17078,13592
728,1468,17200,13727
725,1470,17083,13591
728,1455,17178,13669
727,1461,17143,13658
727,1466,17145,13641
728,1467,17199,13721
725,1465,17074,13617
727,1465,17123,13650
727,1457,17144,13666
727,1469,17127,13609
730,1464,17255,13774
731,1471,17168,13652
725,1462,17109,13634
726,1456,17111,13644
726,1457,17123,13611
732,1454,17297,13810
738,1485,17367,13808
741,1472,17473,13919
726,1467,17108,13615
727,1474,17138,13657
730,1459,17248,13775
726,1462,17097,13587
729,1451,17211,13702
727,1471,17142,13666
728,1477,17164,13658
726,1461,17144,13660
728,1473,17145,13653
731,1459,17211,13681
740,1466,17482,13969
732,1506,17220,13688
728,1470,17170,13689
724,1453,17051,13572
728,1464,17171,13681
727,1467,17149,13675
727,1470,17144,13662
728,1458,17185,13682
726,1456,17089,13574
732,1464,17279,13767
727,1460,17121,13617
730,1465,17216,13714
728,1477,17128,13631
726,1460,17115,13614
732,1454,17293,13778
739,1479,17327,13762
727,1456,17146,13651
727,1466,17126,13643
727,1478,17125,13616
731,1461,17264,13787
736,1480,17287,13759
727,1468,17129,13634
729,1451,17198,13718
727,1461,17105,13603
727,1469,17164,13686
728,1473,17134,13659
727,1455,17135,13627
728,1453,17171,13675
728,1470,17152,13645
731,1454,17298,13789
727,1469,17116,13604
728,1457,17166,13684
726,1456,17134,13644
728,1477,17144,13644
732,1449,17309,13792
729,1475,17126,13602
728,1457,17165,13689
729,1454,17158,13654
725,1469,17098,13619
735,1456,17365,13886
739,1457,17413,13896
734,1463,17236,13671
728,1468,17167,13668
727,1466,17128,13648
728,1452,17191,13713
724,1462,17063,13612
732,1468,17245,13712
735,1475,17286,13750
727,1471,17135,13638
731,1444,17289,13804
738,1474,17360,13841
728,1468,17153,13664
728,1465,17157,13676
727,1466,17132,13640
730,1466,17232,13729
727,1465,17096,13601
729,1457,17208,13720
733,1463,17263,13744
740,1478,17410,13890
729,1455,17199,13716
727,1458,17120,13628
728,1451,17190,13686
728,1470,17151,13654
725,1475,17094,13625
727,1463,17137,13646
727,1464,17124,13639
728,1462,17165,13660
731,1464,17221,13713
727,1472,17148,13644
727,1471,17154,13654
728,1458,17131,13640
728,1458,17177,13689
725,1456,17120,13665
729,1455,17151,13623
731,1456,17236,13710
726,1457,17084,13576
729,1468,17214,13721
726,1460,17131,13648
725,1469,17081,13622
728,1456,17152,13649
726,1462,17087,13589
731,1457,17273,13765
727,1465,17131,13639
727,1465,17143,13653
728,1459,17182,13695
732,1470,17222,13747
741,1469,17462,13908
739,1465,17415,13892
729,1453,17166,13639
730,1463,17235,13714
730,1466,17192,13643
729,1458,17231,13775
726,1459,17099,13629
729,1454,17199,13696
730,1469,17186,13663
728,1467,17162,13666
733,1449,17317,13816
733,1476,17207,13676
726,1462,17110,13627
726,1454,17153,13692
726,1464,17114,13636
730,1464,17228,13725
726,1468,17115,13619
727,1456,17141,13638
727,1465,17169,13687
728,1476,17141,13661
732,1450,17299,13796
730,1464,17152,13623
728,1469,17178,13683
730,1449,17231,13712
727,1463,17153,13666
728,1451,17184,13723
725,1476,17081,13586
737,1453,17428,13906
727,1471,17149,13660
727,1461,17107,13618
728,1470,17169,13677
726,1469,17089,13598
728,1461,17171,13678
726,1456,17118,13636
727,1475,17113,13635
729,1461,17224,13726
725,1455,17084,13610
729,1454,17219,13734
727,1461,17181,13718
727,1457,17145,13672
726,1452,17123,13636
726,1457,17104,13604
728,1469,17191,13675
731,1498,17252,13758
726,1454,17106,13619
729,1468,17183,13700
724,1463,17050,13571
730,1453,17231,13736
728,1459,17158,13658
727,1464,17156,13687
736,1472,17294,13748
726,1449,17082,13575
729,1417,17233,13752
725,1463,17089,13614
739,1482,17369,13829
731,1459,17204,13670
726,1461,17113,13626
729,1460,17215,13731
727,1468,17137,13659
731,1463,17244,13773
737,1470,17318,13768
726,1467,17109,13616
729,1468,17218,13719
728,1471,17150,13642
727,1458,17151,13678
727,1464,17128,13635
726,1466,17107,13620
730,1451,17251,13758
726,1459,17107,13619
726,1463,17121,13645
727,1464,17171,13683
726,1480,17116,13632
729,1459,17207,13738
725,1457,17073,13599
729,1461,17201,13719
740,1471,17394,13825
733,1476,17224,13690
728,1452,17192,13709
724,1465,17057,13580
729,1467,17169,13685
729,1470,17184,13674
727,1455,17136,13642
735,1458,17340,13818
740,1460,17456,13899
727,1457,17162,13681
727,1463,17152,13686
725,1466,17087,13618
728,1452,17176,13671
726,1459,17117,13613
727,1466,17159,13676
729,1468,17195,13692
726,1473,17119,13637
726,1470,17131,13655
724,1458,17043,13568
729,1460,17200,13721
729,1469,17197,13687
729,1456,17198,13709
732,1467,17196,13671
726,1456,17079,13581
729,1460,17220,13727
728,1471,17161,13664
726,1464,17105,13636
729,1458,17206,13690
725,1470,17085,13583
729,1462,17218,13740
725,1458,17109,13638
727,1466,17147,13659
729,1458,17167,13647
727,1472,17131,13636
727,1473,17151,13657
727,1460,17135,13640
727,1453,17161,13676
727,1458,17142,13692
726,1467,17112,13629
726,1453,17175,13731
726,1464,17096,13601
728,1465,17166,13692
728,1450,17176,13687
730,1473,17204,13711
730,1458,17189,13699
726,1472,17124,13645
726,1461,17105,13618
729,1459,17204,13701
723,1457,17079,13626
728,1463,17199,13727
726,1462,17112,13648
727,1464,17143,13663
728,1466,17187,13688
728,1472,17157,13622
730,1453,17248,13754
726,1453,17094,13585
726,1454,17115,13640
727,1471,17140,13654
726,1465,17129,13659
729,1453,17229,13759
726,1465,17112,13610
728,1460,17156,13657
726,1472,17116,13626
727,1477,17138,13650
725,1459,17121,13673
727,1476,17119,13619
728,1461,17196,13708
728,1469,17167,13660
728,1461,17147,13625
728,1459,17196,13727
726,1469,17112,13633
728,1464,17163,13685
729,1474,17199,13698
727,1466,17127,13612
728,1464,17177,13702
726,1460,17117,13626
728,1457,17172,13685
727,1463,17119,13635
726,1468,17115,13637
728,1466,17172,13698
726,1458,17102,13600
729,1463,17202,13712
727,1477,17147,13654
732,1462,17258,13769
740,1460,17440,13926
727,1448,17139,13648
729,1469,17212,13719
727,1460,17162,13663
741,1471,17490,13939
726,1461,17123,13638
725,1468,17076,13605
729,1464,17211,13719
727,1465,17133,13629
729,1456,17213,13729
727,1461,17147,13673
725,1474,17097,13595
728,1474,17179,13688
726,1469,17099,13612
728,1454,17187,13722
726,1458,17134,13647
728,1469,17146,13639
728,1463,17185,13677
725,1463,17091,13598
727,1471,17114,13630
733,1455,17272,13777
738,1468,17421,13893
738,1466,17343,13816
727,1462,17101,13584
728,1454,17192,13686
730,1472,17173,13647
726,1460,17143,13675
728,1460,17165,13697
728,1473,17149,13650
727,1453,17123,13625
729,1471,17201,13710
727,1454,17118,13624
728,1475,17174,13698
725,1472,17085,13604
728,1464,17152,13675
726,1463,17106,13629
729,1471,17199,13688
731,1460,17207,13690
725,1448,17062,13578
728,1454,17195,13706
728,1461,17154,13681
728,1468,17135,13607
728,1451,17171,13690
727,1464,17129,13624
731,1456,17247,13724
732,1480,17195,13662
727,1478,17110,13625
728,1449,17183,13706
727,1472,17112,13589
730,1458,17238,13739
726,1459,17125,13645
730,1470,17210,13702
728,1469,17181,13707
725,1465,17070,13595
727,1453,17155,13677
726,1467,17141,13673
731,1458,17186,13648
729,1465,17193,13706
726,1464,17098,13612
730,1457,17224,13740
733,1506,17243,13752
726,1471,17103,13616
728,1463,17174,13687
726,1449,17111,13599
729,1467,17196,13680
726,1460,17107,13632
727,1455,17143,13650
727,1460,17160,13671
727,1478,17142,13652
733,1461,17318,13794
735,1477,17240,13696
728,1460,17160,13667
729,1457,17202,13708
727,1470,17123,13631
729,1498,17222,13752
726,1460,17095,13608
728,1460,17160,13655
729,1456,17195,13690
727,1472,17123,13649
729,1461,17227,13735
726,1468,17083,13595
729,1463,17194,13692
727,1468,17148,13649
726,1460,17178,13668
733,1449,17327,13810
730,1464,17144,13617
726,1463,17103,13619
728,1462,17203,13725
727,1463,17134,13639
731,1460,17260,13749
726,1468,17102,13624
727,1452,17141,13655
724,1466,17093,13653
726,1464,17088,13616
728,1466,17164,13685
726,1454,17109,13626
730,1466,17220,13713
727,1466,17132,13635
727,1467,17131,13649
734,1451,17313,13814
730,1465,17178,13689
739,1476,17395,13855
731,1462,17189,13663
729,1472,17171,13668
728,1458,17173,13664
727,1462,17106,13605
729,1461,17192,13699
727,1471,17142,13652
726,1467,17102,13627
729,1451,17197,13692
726,1452,17094,13598
730,1466,17221,13721
728,1462,17149,13671
730,1466,17213,13709
727,1450,17138,13644
726,1467,17081,13587
730,1469,17241,13723
726,1471,17124,13657
729,1458,17190,13697
731,1476,17177,13670
726,1456,17080,13579
730,1453,17238,13749
728,1465,17145,13648
728,1468,17154,13649
730,1449,17232,13710
727,1473,17113,13615
727,1468,17145,13661
729,1471,17192,13700
736,1469,17304,13747
727,1461,17169,13655
727,1463,17146,13659
728,1463,17201,13729
727,1456,17116,13647
727,1461,17141,13658
728,1472,17142,13638
726,1463,17130,13663
731,1459,17293,13788
725,1469,17081,13589
729,1465,17173,13681
727,1457,17143,13647
727,1461,17129,13645
732,1471,17253,13725
726,1470,17109,13628
728,1468,17188,13690
727,1471,17153,13642
728,1471,17148,13666
728,1454,17195,13722
726,1463,17096,13608
729,1464,17195,13680
727,1472,17144,13631
727,1466,17115,13618
729,1456,17229,13755
728,1460,17133,13630
728,1458,17146,13634
726,1434,17123,13632
725,1460,17068,13600
731,1465,17249,13755
726,1455,17088,13586
730,1458,17254,13768
726,1470,17129,13653
728,1471,17165,13684
730,1445,17246,13762
725,1467,17095,13597
731,1465,17256,13744
729,1469,17174,13649
727,1468,17130,13660
728,1465,17156,13685
728,1474,17141,13645
739,1473,17416,13880
728,1468,17168,13647
729,1460,17195,13697
727,1473,17155,13644
726,1471,17107,13620
733,1465,17283,13788
738,1470,17348,13830
739,1450,17449,13943
736,1450,17359,13815
728,1463,17146,13654
732,1462,17220,13691
727,1472,17152,13685
726,1459,17109,13646
727,1465,17137,13644
727,1471,17104,13597
740,1472,17439,13881
737,1473,17341,13797
727,1462,17139,13652
728,1456,17159,13669
726,1457,17097,13609
730,1461,17241,13734
727,1474,17119,13628
728,1458,17174,13690
728,1458,17157,13653
727,1475,17139,13654
728,1470,17173,13694
725,1461,17083,13600
727,1459,17149,13675
734,1465,17249,13697
726,1471,17099,13594
729,1449,17192,13717
728,1471,17139,13652
725,1463,17080,13603
728,1473,17186,13691
725,1472,17090,13610
732,1441,17335,13845
727,1460,17120,13601
729,1462,17201,13710
731,1464,17195,13691
726,1478,17113,13635
730,1459,17249,13760
730,1476,17213,13692
733,1468,17220,13691
729,1459,17183,13682
727,1470,17110,13615
728,1447,17176,13704
725,1468,17086,13596
727,1468,17133,13649
727,1466,17151,13651
727,1468,17131,13651
728,1453,17154,13653
728,1460,17149,13665
733,1463,17225,13712
727,1458,17143,13668
727,1476,17119,13636
728,1463,17179,13694
728,1478,17141,13631
728,1461,17197,13715
727,1466,17135,13645
725,1458,17097,13615
728,1444,17180,13687
727,1475,17131,13612
728,1464,17198,13723
728,1471,17183,13691
726,1460,17114,13639
727,1462,17151,13674
726,1465,17093,13608
728,1464,17169,13700
730,1472,17218,13725
726,1469,17139,13675
728,1465,17165,13675
726,1476,17098,13598
728,1457,17189,13722
727,1460,17140,13659
729,1465,17206,13705
729,1454,17186,13676
730,1474,17214,13690
730,1463,17188,13676
724,1465,17078,13618
727,1453,17143,13673
729,1469,17217,13712
727,1463,17134,13631
728,1440,17220,13807
727,1456,17144,13650
726,1465,17112,13636
729,1456,17194,13716
731,1472,17173,13654
728,1461,17193,13731
729,1470,17179,13658
727,1454,17136,13635
728,1462,17182,13708
725,1477,17087,13611
728,1452,17188,13725
727,1471,17110,13610
730,1464,17221,13718
728,1469,17172,13658
728,1465,17149,13629
731,1450,17278,13802
727,1460,17123,13650
728,1461,17127,13627
730,1454,17227,13742
729,1467,17179,13677
729,1467,17178,13670
727,1466,17141,13634
727,1465,17151,13666
728,1473,17153,13676
726,1448,17135,13665
729,1457,17195,13717
732,1458,17198,13646
730,1460,17222,13730
727,1463,17138,13663
731,1469,17223,13730
735,1466,17315,13812
738,1462,17412,13890
743,1488,17476,13910
735,1469,17291,13750
729,1458,17199,13691
741,1459,17491,13956
725,1472,17060,13563
729,1467,17203,13720
741,1463,17512,13986
735,1472,17255,13706
727,1459,17164,13702
725,1447,17069,13577
727,1465,17163,13674
734,1461,17299,13789
739,1484,17375,13859
741,1460,17506,13972
728,1477,17155,13634
728,1461,17182,13700
727,1465,17146,13665
728,1458,17150,13659
728,1467,17171,13700
727,1461,17133,13642
729,1466,17234,13757
730,1464,17222,13716
737,1460,17309,13742
728,1460,17177,13697
726,1457,17111,13632
742,1433,17564,14072
741,1463,17441,13883
733,1456,17287,13766
737,1458,17372,13838
730,1476,17211,13719
739,1492,17359,13830
726,1451,17082,13583
728,1463,17165,13686
734,1462,17245,13734
727,1476,17131,13613
732,1443,17294,13803
736,1473,17279,13727
730,1462,17222,13733
727,1457,17139,13653
728,1456,17182,13702
731,1442,17275,13796
728,1460,17135,13634
728,1453,17162,13645
727,1470,17129,13634
727,1477,17132,13650
726,1453,17130,13649
730,1469,17209,13695
732,1462,17231,13688
727,1462,17117,13644
726,1467,17118,13634
727,1464,17153,13698
726,1463,17092,13613
727,1455,17155,13681
726,1476,17111,13629
727,1461,17125,13630
728,1467,17168,13679
725,1462,17075,13585
728,1450,17199,13726
728,1467,17186,13707
726,1473,17123,13639
732,1461,17271,13768
726,1453,17104,13576
738,1466,17425,13883
731,1455,17230,13738
732,1463,17191,13667
727,1471,17140,13663
726,1472,17089,13588
730,1458,17232,13723
728,1466,17142,13664
727,1460,17133,13647
730,1467,17184,13663
725,1454,17079,13604
727,1449,17168,13698
727,1453,17137,13685
728,1470,17188,13694
728,1451,17176,13696
726,1465,17096,13598
729,1458,17213,13724
726,1464,17094,13625
728,1456,17174,13666
727,1460,17157,13671
727,1459,17141,13637
729,1459,17234,13733
726,1469,17115,13644
727,1457,17139,13669
727,1457,17156,13679
726,1454,17120,13615
726,1466,17155,13686
726,1458,17091,13614
727,1463,17141,13634
728,1469,17164,13688
726,1464,17084,13589
729,1459,17238,13772
726,1471,17104,13610
728,1459,17166,13673
727,1461,17148,13660
727,1481,17123,13660
734,1453,17291,13774
725,1455,17071,13581
727,1464,17153,13655
729,1465,17206,13721
727,1463,17148,13646
731,1449,17298,13801
726,1458,17082,13599
727,1457,17140,13648
728,1463,17155,13669
727,1456,17130,13634
728,1456,17187,13673
727,1469,17145,13663
731,1462,17254,13758
724,1459,17097,13630
727,1463,17127,13651
727,1454,17152,13675
725,1463,17077,13611
731,1467,17250,13691
729,1461,17188,13707
728,1464,17151,13674
726,1464,17120,13647
726,1462,17112,13638
731,1455,17241,13727
728,1462,17180,13684
727,1470,17149,13655
729,1464,17213,13682
725,1464,17091,13603
727,1461,17145,13677
728,1449,17184,13714
727,1452,17136,13630
729,1461,17191,13699
726,1470,17078,13567
729,1469,17194,13696
727,1465,17138,13654
727,1458,17154,13696
726,1462,17122,13649
727,1475,17123,13637
729,1467,17212,13701
725,1460,17097,13623
728,1469,17161,13671
730,1452,17228,13735
726,1474,17086,13595
731,1455,17290,13786
726,1455,17102,13616
728,1464,17176,13672
728,1466,17168,13666
728,1478,17155,13655
732,1460,17297,13820
728,1467,17117,13618
727,1467,17157,13656
728,1464,17158,13634
729,1457,17200,13700
737,1468,17346,13820
726,1466,17125,13645
726,1465,17096,13610
727,1462,17160,13685
725,1457,17117,13663
731,1456,17287,13789
725,1465,17091,13612
727,1460,17142,13669
726,1456,17129,13655
729,1472,17145,13674
728,1459,17176,13684
725,1445,17073,13593
730,1464,17235,13708
728,1472,17167,13646
726,1466,17116,13635
728,1462,17137,13664
725,1469,17068,13584
730,1456,17245,13755
730,1466,17260,13764
727,1467,17145,13678
729,1456,17191,13696
726,1461,17085,13604
729,1463,17228,13742
728,1461,17135,13641
727,1470,17137,13663
728,1460,17165,13646
725,1470,17085,13577
727,1468,17143,13651
728,1475,17183,13692
726,1470,17101,13639
729,1459,17217,13715
726,1462,17071,13558
729,1461,17213,13717
729,1481,17169,13661
726,1460,17102,13642
726,1458,17117,13645
725,1470,17035,13545
731,1453,17282,13790
731,1456,17205,13676
728,1456,17172,13686
728,1461,17181,13687
726,1464,17120,13625
729,1465,17211,13734
724,1454,17063,13596
727,1455,17150,13677
730,1451,17231,13738
727,1473,17107,13614
728,1457,17190,13714
738,1475,17371,13859
727,1466,17130,13676
728,1444,17169,13674
727,1475,17130,13650
729,1460,17230,13717
726,1450,17115,13595
727,1456,17136,13649
728,1449,17167,13698
726,1467,17101,13625
728,1458,17195,13707
729,1465,17194,13677
730,1466,17153,13643
728,1470,17178,13670
727,1467,17140,13649
730,1453,17245,13778
726,1453,17102,13620
739,1468,17422,13909
728,1465,17178,13662
725,1461,17098,13619
728,1454,17204,13730
726,1469,17095,13617
726,1457,17111,13635
727,1469,17150,13669
727,1473,17151,13649
728,1454,17187,13693
727,1458,17132,13626
727,1452,17161,13671
726,1469,17108,13640
727,1457,17150,13683
728,1450,17164,13674
727,1463,17142,13622
728,1465,17175,13692
725,1468,17111,13649
725,1470,17102,13640
727,1457,17147,13694
726,1449,17076,13586
728,1465,17237,13737
731,1462,17202,13677
727,1462,17164,13679
728,1471,17150,13651
727,1476,17132,13630
728,1448,17223,13749
731,1467,17201,13672
727,1453,17154,13678
727,1447,17159,13661
725,1474,17083,13579
731,1465,17258,13768
728,1464,17150,13663
727,1457,17125,13661
729,1457,17195,13708
727,1476,17106,13587
728,1461,17201,13713
726,1462,17114,13642
726,1458,17142,13660
726,1456,17127,13656
727,1466,17147,13658
729,1467,17205,13727
726,1461,17118,13635
727,1457,17149,13661
727,1464,17144,13650
734,1471,17287,13765
734,1458,17307,13814
735,1472,17297,13779
731,1457,17255,13751
735,1469,17284,13730
726,1463,17121,13622
729,1454,17231,13753
726,1462,17116,13639
727,1462,17136,13668
728,1456,17189,13691
727,1478,17145,13663
737,1459,17409,13906
728,1459,17173,13664
727,1466,17156,13683
727,1462,17165,13695
727,1473,17108,13615
728,1457,17194,13727
726,1459,17114,13615
727,1454,17138,13647
727,1458,17146,13667
726,1464,17098,13625
731,1461,17256,13786
735,1468,17241,13684
729,1457,17184,13679
731,1463,17247,13732
728,1467,17151,13649
728,1455,17172,13682
724,1455,17061,13582
727,1452,17165,13676
727,1471,17147,13654
728,1473,17181,13674
727,1458,17164,13694
730,1457,17204,13692
733,1467,17244,13719
726,1471,17126,13640
727,1467,17135,13660
727,1458,17136,13660
726,1466,17101,13583
728,1467,17191,13697
727,1468,17136,13654
729,1470,17197,13705
731,1460,17267,13780
735,1489,17241,13681
729,1468,17200,13714
727,1473,17169,13663
735,1455,17334,13800
741,1468,17442,13906
738,1471,17338,13806
736,1459,17359,13863
739,1463,17458,13926
733,1456,17306,13804
732,1460,17269,13766
737,1472,17427,13872
728,1467,17203,13724
727,1464,17119,13619
728,1461,17163,13687
726,1463,17125,13645
728,1451,17156,13655
730,1470,17244,13748
734,1474,17235,13716
727,1464,17145,13662
735,1460,17380,13887
727,1457,17153,13651
730,1461,17234,13741
726,1465,17119,13620
729,1448,17197,13691
731,1457,17245,13751
730,1462,17153,13645
734,1456,17347,13837
738,1476,17334,13768
728,1460,17172,13670
727,1467,17140,13647
727,1470,17119,13608
729,1465,17232,13754
728,1454,17110,13601
727,1461,17143,13673
727,1467,17145,13663
729,1464,17195,13703
728,1458,17194,13713
726,1473,17118,13631
729,1454,17165,13656
728,1471,17167,13679
726,1466,17120,13631
732,1466,17287,13788
734,1468,17217,13672
729,1463,17196,13698
728,1456,17141,13650
726,1471,17113,13632
730,1455,17252,13790
737,1471,17293,13738
731,1460,17229,13712
726,1461,17135,13670
729,1462,17181,13682
729,1473,17210,13728
730,1453,17139,13622
728,1450,17198,13723
726,1466,17123,13637
731,1471,17248,13742
740,1470,17392,13839
725,1466,17057,13569
732,1461,17276,13780
733,1476,17233,13718
727,1472,17148,13654
728,1457,17172,13686
728,1457,17146,13621
729,1460,17220,13700
726,1464,17123,13653
729,1455,17190,13709
731,1473,17192,13677
726,1454,17121,13638
737,1458,17400,13864
739,1477,17420,13887
729,1463,17202,13718
729,1472,17212,13728
726,1450,17110,13605
730,1469,17246,13764
727,1471,17131,13651
726,1462,17130,13641
728,1458,17172,13678
726,1476,17119,13628
728,1459,17199,13721
726,1474,17092,13622
728,1455,17182,13695
728,1461,17198,13690
728,1464,17143,13654
729,1455,17220,13719
727,1471,17135,13649
727,1459,17121,13643
727,1459,17131,13642
729,1456,17208,13699
731,1450,17294,13806
727,1469,17124,13639
727,1456,17138,13658
728,1456,17167,13679
725,1459,17108,13635
726,1457,17150,13690
726,1465,17102,13621
729,1458,17209,13707
727,1467,17148,13668
728,1461,17148,13659
728,1456,17179,13706
725,1460,17060,13577
730,1466,17222,13718
728,1454,17174,13673
727,1471,17137,13641
730,1460,17253,13748
725,1462,17076,13593
729,1460,17199,13720
729,1468,17182,13671
728,1467,17155,13647
727,1448,17154,13673
726,1467,17090,13613
729,1458,17234,13740
728,1465,17154,13662
724,1464,17086,13649
726,1463,17124,13643
725,1471,17075,13591
730,1454,17230,13716
728,1470,17169,13675
727,1477,17128,13654
728,1460,17167,13686
727,1457,17082,13583
729,1458,17219,13725
727,1454,17131,13632
728,1464,17183,13692
732,1464,17290,13772
740,1478,17433,13912
731,1449,17259,13771
732,1470,17181,13653
728,1447,17172,13675
728,1476,17191,13680
726,1470,17117,13642
742,1453,17552,14022
727,1465,17124,13628
727,1464,17125,13668
731,1473,17224,13735
727,1459,17131,13646
729,1455,17223,13729
729,1458,17179,13680
734,1476,17245,13721
727,1473,17131,13656
733,1476,17267,13759
737,1466,17405,13897
727,1458,17134,13647
728,1459,17177,13683
728,1462,17164,13657
726,1466,17112,13634
730,1462,17256,13782
727,1460,17127,13630
727,1465,17148,13637
729,1459,17197,13691
727,1465,17134,13649
729,1463,17181,13678
726,1473,17097,13625
727,1465,17141,13667
729,1452,17201,13721
725,1476,17093,13610
730,1455,17235,13731
725,1460,17088,13612
730,1460,17231,13743
731,1465,17190,13680
726,1465,17096,13622
729,1467,17198,13711
726,1470,17088,13589
729,1464,17219,13704
727,1466,17154,13643
727,1472,17125,13637
733,1466,17271,13752
737,1486,17307,13761
742,1460,17548,14015
728,1472,17164,13656
730,1464,17222,13715
725,1461,17114,13634
727,1467,17118,13637
727,1449,17190,13722
727,1466,17151,13671
728,1469,17138,13656
727,1454,17167,13675
725,1471,17073,13570
728,1470,17181,13674
728,1459,17165,13684
738,1476,17369,13857
740,1458,17486,13953
727,1475,17125,13627
729,1456,17216,13707
739,1483,17386,13833
738,1480,17352,13821
736,1471,17295,13758
728,1467,17170,13686
731,1464,17226,13700
729,1474,17193,13670
727,1465,17127,13637
729,1470,17195,13694
726,1457,17117,13633
731,1463,17284,13801
724,1463,17057,13588
727,1466,17133,13660
728,1448,17175,13677
727,1469,17126,13631
729,1460,17218,13729
726,1460,17090,13599
727,1468,17135,13644
727,1462,17139,13657
728,1461,17154,13659
730,1455,17248,13746
728,1476,17141,13597
726,1467,17104,13612
726,1463,17122,13645
729,1467,17193,13685
729,1468,17211,13706
726,1453,17097,13597
729,1460,17190,13705
727,1465,17146,13644
726,1471,17125,13652
727,1463,17148,13668
728,1459,17140,13652
731,1466,17196,13678
727,1453,17164,13659
726,1458,17122,13635
728,1456,17184,13709
727,1459,17123,13645
727,1453,17145,13655
729,1472,17204,13692
726,1467,17105,13620
729,1458,17214,13718
727,1465,17116,13609
731,1460,17259,13756
726,1464,17149,13641
727,1477,17120,13650
730,1455,17217,13716
728,1472,17140,13619
728,1456,17199,13714
730,1459,17239,13735
734,1474,17249,13713
726,1453,17126,13652
725,1468,17085,13611
744,1454,17556,13990
727,1465,17160,13655
729,1459,17182,13691
727,1458,17114,13642
731,1453,17204,13705
740,1458,17497,13993
728,1468,17175,13679
733,1466,17233,13707
728,1447,17165,13650
727,1458,17168,13676
731,1461,17284,13790
734,1477,17239,13707
726,1462,17116,13646
730,1461,17243,13741
731,1470,17256,13733
727,1471,17117,13679
723,1465,17016,13595
727,1464,17125,13625
725,1458,17113,13650
725,1462,17080,13620
729,1469,17229,13755
725,1466,17081,13602
725,1468,17087,13628
725,1446,17104,13650
725,1464,17089,13624
727,1461,17158,13702
725,1473,17083,13615
728,1463,17160,13687
735,1472,17294,13772
726,1477,17105,13605
727,1447,17207,13760
724,1460,17067,13625
725,1469,17073,13636
725,1463,17097,13625
723,1469,17059,13619
726,1463,17123,13692
725,1473,17069,13604
727,1456,17161,13710
723,1466,17053,13610
726,1469,17107,13655
724,1452,17072,13631
724,1459,17054,13605
725,1457,17122,13682
724,1473,17067,13615
725,1470,17082,13637
723,1466,17050,13615
725,1464,17072,13614
725,1452,17106,13638
726,1474,17126,13641
724,1470,17064,13614
725,1470,17090,13644
722,1468,17007,13561
725,1462,17109,13673
728,1473,17185,13715
734,1481,17245,13733
724,1462,17052,13626
723,1465,17010,13556
727,1458,17146,13723
726,1469,17123,13682
725,1466,17075,13611
725,1461,17090,13650
724,1466,17062,13591
726,1456,17126,13691
725,1466,17095,13659
723,1460,17042,13624
724,1465,17065,13633
724,1459,17033,13571
726,1466,17137,13694
726,1473,17111,13637
724,1465,17075,13622
725,1453,17097,13646
723,1468,17015,13584
728,1457,17184,13758
723,1473,17024,13576
726,1469,17143,13693
724,1480,17040,13605
723,1475,17049,13612
726,1452,17136,13698
736,1476,17337,13894
731,1465,17209,13755
734,1469,17265,13800
726,1465,17119,13646
726,1461,17115,13666
723,1461,17025,13602
726,1458,17130,13698
728,1468,17118,13659
724,1471,17064,13620
728,1471,17190,13746
724,1457,17049,13589
725,1466,17079,13617
725,1462,17110,13670
723,1459,17028,13613
726,1475,17127,13697
723,1459,17034,13584
725,1464,17113,13662
724,1475,17050,13608
722,1474,17020,13588
727,1462,17138,13709
722,1474,17003,13564
723,1452,17060,13636
724,1454,17069,13643
724,1473,17085,13629
724,1470,17088,13652
722,1465,17005,13564
725,1460,17101,13648
724,1471,17065,13635
726,1464,17109,13654
724,1465,17071,13637
724,1450,17031,13575
728,1447,17212,13749
723,1466,17051,13624
722,1463,17008,13595
724,1458,17058,13635
724,1465,17058,13613
729,1451,17199,13746
731,1472,17173,13699
724,1466,17077,13642
723,1462,17048,13611
727,1470,17120,13656
739,1466,17407,13949
727,1468,17099,13634
726,1459,17099,13634
724,1462,17087,13663
721,1451,16984,13574
726,1455,17153,13711
722,1473,17010,13585
726,1468,17100,13658
724,1455,17079,13646
725,1449,17088,13624
727,1465,17163,13706
723,1475,17022,13596
723,1468,17034,13604
723,1472,17035,13614
726,1462,17099,13634
727,1455,17180,13735
722,1468,16984,13558
727,1459,17135,13691
735,1514,17269,13793
725,1469,17050,13595
727,1451,17151,13737
723,1467,17002,13569
725,1464,17073,13626
724,1462,17049,13615
723,1467,17040,13615
728,1460,17182,13758
723,1467,17010,13587
724,1463,17057,13621
724,1466,17072,13638
725,1459,17086,13618
725,1460,17106,13664
721,1467,16988,13565
726,1460,17122,13692
723,1468,17032,13590
725,1470,17101,13649
725,1474,17109,13641
724,1460,17040,13607
727,1462,17146,13699
725,1462,17096,13671
722,1479,17013,13597
724,1461,17042,13630
722,1459,16995,13577
729,1466,17163,13684
725,1459,17076,13620
725,1452,17090,13659
727,1467,17097,13630
722,1477,16978,13572
726,1460,17147,13692
725,1469,17074,13616
725,1477,17098,13673
728,1444,17168,13713
722,1464,16993,13544
724,1457,17101,13695
724,1465,17050,13630
726,1470,17121,13657
723,1458,17060,13618
724,1471,17031,13588
725,1461,17135,13697
724,1475,17063,13645
724,1464,17060,13630
724,1460,17054,13637
723,1467,17020,13592
725,1459,17114,13676
723,1467,17016,13589
724,1468,17076,13653
725,1452,17099,13681
727,1462,17041,13615
727,1454,17171,13729
724,1469,17068,13637
723,1472,17058,13606
728,1462,17166,13702
724,1470,17056,13635
724,1461,17075,13662
723,1470,17039,13608
723,1452,17036,13611
722,1463,17046,13595
724,1456,17046,13609
727,1459,17138,13674
723,1461,17033,13594
723,1461,17040,13614
726,1462,17128,13689
726,1476,17060,13599
726,1465,17150,13695
723,1471,17001,13566
723,1463,17025,13590
725,1467,17089,13660
723,1473,17048,13629
725,1462,17109,13684
729,1464,17166,13703
739,1479,17389,13863
734,1472,17270,13819
726,1453,17072,13668
739,1448,17466,14000
730,1457,17204,13677
734,1467,17325,13699
733,1474,17307,13680
734,1477,17290,13681
730,1446,17249,13689
732,1474,17251,13657
733,1473,17304,13711
733,1464,17291,13697
732,1462,17266,13665
734,1471,17317,13696
730,1472,17215,13649
734,1470,17300,13698
734,1469,17300,13705
732,1464,17254,13686
735,1449,17311,13693
732,1470,17237,13638
734,1470,17334,13715
734,1477,17344,13719
728,1471,17166,13663
730,1468,17226,13706
732,1459,17240,13669
736,1464,17398,13794
733,1474,17312,13695
733,1461,17320,13720
732,1469,17289,13703
731,1473,17240,13657
733,1468,17312,13727
733,1470,17299,13730
735,1444,17378,13818
741,1481,17446,13803
733,1465,17274,13686
735,1455,17395,13812
731,1471,17234,13659
732,1463,17301,13757
733,1459,17313,13718
732,1465,17277,13697
734,1452,17356,13747
733,1462,17315,13699
732,1453,17287,13717
731,1467,17233,13677
731,1455,17245,13668
734,1466,17396,13798
733,1470,17318,13715
734,1459,17277,13677
735,1464,17385,13782
731,1457,17246,13659
733,1455,17307,13747
730,1456,17216,13652
731,1462,17251,13701
732,1454,17305,13719
731,1461,17268,13715
731,1458,17283,13735
731,1479,17230,13682
727,1442,17239,13715
731,1459,17253,13672
737,1469,17393,13792
743,1474,17503,13885
730,1453,17235,13661
732,1452,17286,13748
731,1464,17237,13672
731,1470,17241,13699
731,1459,17296,13738
731,1454,17235,13664
733,1460,17308,13757
738,1460,17442,13853
733,1465,17326,13757
741,1471,17464,13874
739,1449,17442,13889
730,1461,17248,13707
733,1465,17332,13774
739,1463,17454,13822
729,1461,17153,13715
731,1470,17170,13576
736,1462,17378,13796
745,1482,17556,13897
725,1471,17034,13624
738,1463,17435,13817
720,1454,16959,13543
724,1456,17078,13687
732,1468,17283,13697
734,1483,17316,13727
723,1455,17020,13618
743,1463,17552,13928
729,1468,17119,13689
733,1470,17231,13585
738,1461,17414,13780
733,1468,17238,13643
742,1472,17477,13747
735,1463,17372,13795
732,1461,17262,13651
735,1467,17313,13695
745,1463,17542,13756
740,1465,17399,13695
743,1463,17600,14000
734,1463,17321,13699
734,1464,17311,13693
736,1476,17345,13711
734,1474,17338,13714
738,1459,17428,13838
723,1471,17026,13636
732,1464,17285,13703
732,1456,17283,13713
745,1459,17642,14032
732,1462,17314,13787
733,1474,17300,13700
734,1459,17343,13752
732,1449,17290,13730
733,1453,17323,13750
735,1463,17363,13771
735,1472,17348,13742
739,1464,17417,13752
734,1460,17317,13728
735,1466,17369,13776
732,1448,17303,13785
727,1461,17119,13655
724,1458,17063,13668
724,1446,17080,13683
735,1458,17364,13796
733,1458,17316,13747
744,1450,17593,14007
749,1447,17734,14116
729,1460,17141,13691
723,1474,17036,13639
725,1460,17090,13700
734,1465,17318,13743
736,1441,17435,13855
736,1460,17395,13814
726,1462,17122,13713
728,1462,17157,13771
737,1468,17354,13726
729,1451,17205,13788
727,1473,17147,13734
733,1470,17331,13806
732,1462,17303,13805
727,1463,17137,13687
730,1442,17235,13845
731,1460,17256,13835
727,1471,17110,13683
728,1454,17153,13762
739,1463,17425,13813
740,1441,17547,13981
740,1469,17505,13869
728,1463,17175,13750
728,1456,17175,13787
739,1448,17419,13892
752,1450,17753,14107
728,1454,17179,13782
742,1447,17580,13982
729,1464,17197,13809
737,1448,17395,13956
736,1442,17411,13995
734,1453,17298,13897
735,1441,17344,13949
732,1434,17293,13907
731,1464,17246,13830
750,1466,17740,14095
735,1450,17373,13947
739,1442,17465,14024
742,1460,17557,14143
750,1474,17728,14273
744,1436,17533,14100
746,1457,17663,14013
747,1457,17704,14048
756,1487,18001,14404
752,1490,17784,14317
741,1469,17539,14147
749,1436,17760,14131
739,1449,17532,14097
749,1455,17799,14217
749,1454,17811,14213
762,1457,18070,14369
747,1441,17719,14149
751,1440,17831,14192
746,1483,17707,14224
744,1447,17637,14099
766,1490,18207,14483
751,1455,17823,14224
757,1462,17940,14317
753,1437,17857,14202
743,1455,17585,14137
747,1457,17754,14195
742,1440,17602,14074
745,1462,17652,14193
740,1463,17516,14114
743,1470,17589,14162
741,1452,17532,14119
739,1446,17475,14068
741,1447,17520,14111
745,1476,17622,14201
745,1466,17661,14213
742,1448,17569,14144
741,1446,17508,14100
742,1451,17556,14144
742,1462,17541,14133
750,1446,17839,14205
753,1448,17865,14218
740,1448,17478,14056
742,1465,17606,14157
740,1444,17479,14048
748,1445,17762,14149
749,1444,17739,14119
746,1444,17693,14061
748,1452,17794,14194
745,1445,17677,14091
746,1429,17719,14123
748,1458,17718,14091
744,1437,17631,14050
740,1450,17518,14106
748,1465,17735,14109
737,1432,17422,13997
734,1446,17313,13890
743,1458,17586,13969
738,1439,17439,14037
741,1432,17479,14067
748,1446,17625,14171
747,1445,17628,14172
730,1452,17229,13787
732,1448,17324,13908
732,1464,17281,13880
733,1453,17289,13893
732,1432,17288,13899
732,1446,17301,13887
733,1461,17317,13876
728,1458,17156,13764
730,1456,17213,13822
736,1439,17376,13961
744,1465,17480,14031
733,1454,17274,13861
728,1460,17152,13758
729,1457,17198,13793
735,1450,17374,13839
729,1464,17186,13781
731,1447,17256,13865
726,1474,17086,13706
729,1449,17202,13814
728,1457,17176,13774
729,1466,17228,13808
739,1466,17449,13786
732,1481,17293,13676
730,1444,17223,13841
726,1462,17093,13717
737,1465,17426,13855
737,1481,17368,13721
733,1464,17252,13698
736,1472,17370,13730
730,1464,17196,13808
725,1472,17088,13683
724,1452,17064,13685
734,1473,17223,13792
746,1476,17566,13880
727,1447,17144,13746
726,1464,17104,13666
740,1468,17490,13866
740,1482,17395,13793
730,1474,17201,13778
733,1462,17325,13758
735,1467,17359,13740
734,1442,17363,13782
733,1471,17239,13624
753,1459,17833,13905
732,1469,17233,13621
723,1471,17029,13630
736,1470,17360,13736
730,1467,17232,13687
741,1458,17504,13855
746,1464,17601,13973
730,1462,17223,13680
732,1476,17259,13653
736,1465,17338,13746
737,1469,17409,13785
732,1467,17249,13629
732,1460,17245,13651
734,1490,17352,13809
735,1463,17319,13715
738,1465,17427,13813
731,1483,17230,13607
720,1461,16948,13549
734,1474,17328,13696
733,1476,17265,13659
728,1450,17172,13812
722,1453,16970,13584
722,1471,16983,13584
720,1479,16997,13592
733,1467,17273,13656
724,1452,17082,13687
722,1462,17000,13631
726,1447,17170,13769
731,1473,17199,13778
722,1475,16996,13614
741,1482,17445,13791
721,1471,16971,13579
723,1460,17045,13653
723,1461,17015,13636
721,1463,16974,13608
721,1456,16995,13612
719,1464,16908,13521
724,1468,17086,13664
722,1477,17009,13588
722,1472,16999,13619
723,1459,17020,13636
726,1470,17021,13582
722,1450,17015,13619
733,1464,17323,13720
732,1467,17288,13789
741,1476,17423,13832
739,1468,17327,13689
724,1464,17039,13634
722,1467,16998,13625
722,1459,17008,13629
733,1452,17302,13709
723,1470,17006,13605
733,1468,17288,13678
724,1462,17032,13635
732,1471,17278,13709
734,1463,17312,13708
733,1480,17244,13620
735,1478,17312,13678
735,1475,17324,13683
729,1466,17113,13662
721,1446,16995,13619
732,1479,17226,13632
733,1464,17328,13729
728,1458,17176,13658
732,1460,17267,13674
734,1457,17320,13702
732,1474,17232,13648
733,1449,17342,13805
730,1454,17212,13656
725,1462,17097,13621
733,1459,17306,13696
721,1478,16994,13592
726,1447,17143,13752
732,1473,17208,13616
730,1472,17121,13693
721,1465,16962,13542
743,1490,17420,13742
735,1463,17415,13804
721,1467,16985,13573
732,1473,17239,13645
719,1468,16938,13553
720,1468,16934,13562
732,1460,17267,13645
723,1454,17023,13607
728,1460,17098,13674
724,1465,17063,13674
723,1467,16994,13574
722,1465,17003,13635
728,1448,17154,13623
732,1451,17315,13750
729,1461,17215,13677
732,1473,17275,13710
760,1428,18161,14055
755,1428,17955,13912
755,1454,17863,13879
723,1468,17038,13613
746,1479,17596,13945
736,1455,17406,13802
751,1483,17647,13902
733,1465,17279,13705
721,1451,16962,13602
753,1479,17819,13875
733,1459,17330,13716
733,1480,17282,13650
723,1464,17026,13638
722,1472,17008,13615
724,1471,17070,13629
722,1461,16985,13589
729,1458,17142,13546
734,1469,17289,13680
724,1465,17048,13627
734,1471,17269,13654
722,1455,16993,13631
733,1472,17304,13721
723,1456,17023,13659
725,1471,17075,13620
732,1467,17249,13648
735,1470,17333,13714
720,1464,16990,13585
734,1475,17272,13648
733,1468,17251,13657
732,1470,17260,13668
735,1465,17329,13722
731,1467,17249,13660
735,1469,17320,13714
729,1461,17149,13604
721,1466,16977,13596
729,1461,17200,13665
721,1462,16969,13583
735,1472,17354,13769
725,1468,17095,13623
728,1455,17154,13632
736,1467,17354,13725
720,1476,16950,13546
724,1452,17042,13674
730,1459,17197,13639
725,1458,17091,13614
724,1460,17095,13661
725,1462,17091,13611
721,1464,17005,13606
726,1457,17097,13607
731,1454,17221,13665
722,1466,17020,13612
722,1475,17013,13618
721,1463,16996,13593
720,1450,16951,13564
725,1449,17079,13694
731,1481,17168,13723
722,1473,16967,13586
731,1460,17258,13752
732,1471,17248,13629
727,1456,17213,13694
734,1464,17316,13702
734,1473,17335,13746
733,1459,17293,13730
724,1466,17020,13602
723,1465,17048,13652
733,1476,17290,13679
726,1484,17082,13658
735,1466,17367,13762
725,1451,17062,13570
722,1460,17007,13624
