2167,5000
887,1619,22551,18221
884,1632,22308,18019
894,1639,22541,18170
882,1645,22316,18059
881,1637,22261,18016
888,1616,22530,18245
881,1639,22222,17936
885,1635,22410,18094
881,1630,22308,18002
882,1627,22283,18012
886,1633,22490,18213
878,1638,22175,17931
886,1636,22444,18129
881,1632,22282,17997
883,1640,22356,18033
884,1620,22454,18170
883,1625,22307,18018
884,1624,22410,18144
880,1632,22245,18002
884,1632,22377,18058
885,1628,22405,18077
881,1630,22242,17967
888,1609,22549,18257
882,1622,22294,17978
882,1636,22301,18034
877,1618,22230,17991
879,1648,22211,17952
886,1619,22505,18216
883,1628,22332,18051
882,1632,22307,18024
883,1671,22381,18108
879,1624,22180,17946
885,1624,22445,18151
883,1644,22347,18067
890,1631,22527,18100
884,1623,22421,18081
879,1635,22182,17886
886,1613,22477,18220
881,1635,22277,18000
883,1640,22351,18070
884,1627,22415,18109
880,1645,22227,17949
886,1620,22491,18218
876,1626,22219,17933
884,1636,22389,18105
882,1633,22312,18055
881,1625,22243,17962
886,1617,22519,18214
879,1638,22196,17921
889,1622,22458,18180
883,1644,22343,18077
880,1639,22246,17991
887,1606,22548,18253
879,1631,22209,17926
885,1636,22431,18114
885,1638,22451,18116
881,1640,22302,18059
888,1614,22536,18265
879,1640,22182,17909
884,1634,22393,18116
885,1619,22438,18096
882,1635,22311,18026
886,1623,22485,18183
883,1637,22287,17983
883,1631,22355,18098
881,1634,22278,18038
881,1634,22271,18002
888,1617,22573,18259
880,1638,22222,17933
886,1631,22423,18126
882,1620,22284,17981
880,1632,22252,18012
886,1628,22481,18203
875,1641,22144,17919
891,1633,22586,18259
883,1634,22378,18031
882,1631,22319,18050
882,1618,22342,18099
881,1631,22263,18007
886,1618,22487,18170
884,1643,22362,18051
882,1639,22296,18018
882,1623,22363,18077
883,1652,22293,18023
885,1617,22443,18187
880,1634,22252,17997
883,1641,22335,18063
882,1627,22399,18096
880,1638,22234,17929
888,1625,22527,18234
881,1636,22277,17992
890,1622,22550,18274
888,1628,22387,18073
880,1647,22220,17933
885,1620,22485,18183
886,1636,22426,18078
883,1631,22349,18065
885,1629,22394,18121
879,1629,22168,17888
887,1621,22517,18205
883,1626,22332,18006
890,1631,22513,18224
884,1625,22363,18070
882,1638,22282,17981
884,1630,22400,18126
880,1633,22248,17970
882,1634,22329,18079
884,1617,22409,18109
882,1644,22297,18014
884,1626,22424,18164
884,1635,22243,17960
884,1623,22399,18136
883,1631,22364,18078
884,1648,22361,18070
886,1610,22505,18199
880,1631,22262,17918
885,1639,22402,18127
880,1621,22272,18037
881,1631,22302,18043
888,1620,22566,18258
882,1623,22284,17974
883,1641,22357,18082
885,1632,22405,18087
883,1635,22311,18007
889,1615,22582,18299
892,1641,22428,18112
882,1629,22309,18040
886,1641,22429,18090
885,1619,22335,18014
888,1612,22569,18281
879,1641,22198,17919
883,1634,22357,18107
881,1626,22292,18026
882,1640,22342,18062
885,1617,22463,18174
886,1637,22324,17974
886,1622,22487,18225
882,1633,22327,18064
879,1623,22224,17987
885,1630,22415,18118
883,1635,22277,17946
884,1615,22481,18212
881,1634,22285,17992
883,1629,22333,18059
882,1638,22303,18033
878,1628,22159,17903
886,1621,22475,18200
883,1623,22345,18039
882,1638,22341,18060
882,1632,22326,18067
879,1642,22218,17930
883,1624,22399,18150
883,1628,22338,18037
879,1635,22293,18090
885,1628,22395,18074
880,1635,22244,17930
885,1614,22441,18172
881,1647,22278,18005
881,1627,22360,18104
884,1637,22393,18082
883,1629,22287,17964
886,1621,22470,18204
883,1637,22342,18071
883,1626,22382,18103
883,1627,22336,18075
881,1632,22253,17967
885,1622,22432,18169
879,1636,22232,17897
884,1628,22412,18152
883,1623,22359,18100
883,1617,22304,18036
881,1626,22328,18081
881,1633,22259,17978
884,1632,22406,18081
883,1626,22378,18083
886,1643,22446,18126
886,1624,22483,18205
878,1624,22152,17905
886,1634,22439,18168
881,1623,22314,18021
885,1640,22398,18090
885,1620,22449,18164
882,1636,22281,17966
882,1634,22315,18038
883,1633,22331,18062
880,1629,22263,18005
888,1610,22536,18268
885,1629,22312,17960
884,1627,22392,18122
884,1621,22301,18003
882,1642,22309,18037
884,1606,22437,18177
881,1637,22270,17965
885,1637,22379,18068
882,1639,22320,17991
883,1626,22379,18041
883,1625,22379,18114
878,1625,22168,17915
885,1627,22438,18171
894,1642,22655,18330
885,1635,22417,18093
886,1625,22405,18121
881,1651,22264,17955
885,1609,22474,18218
881,1644,22271,18013
882,1638,22273,18021
876,1613,22260,18023
880,1644,22239,17913
886,1633,22498,18215
883,1643,22328,18046
878,1636,22284,17987
883,1640,22348,18084
883,1624,22249,17901
885,1623,22464,18180
883,1628,22364,18039
882,1582,22373,18091
890,1632,22436,18088
878,1632,22175,17908
888,1616,22536,18266
897,1659,22650,18286
885,1640,22403,18084
882,1630,22327,18053
880,1640,22241,17961
887,1623,22503,18219
878,1633,22201,17933
882,1622,22364,18101
883,1631,22335,18072
882,1637,22317,17979
886,1626,22482,18197
880,1638,22241,17962
882,1625,22340,18079
883,1635,22357,18105
884,1635,22351,18034
885,1636,22442,18144
880,1635,22246,17940
885,1623,22461,18118
882,1632,22348,18060
882,1625,22289,18036
885,1617,22484,18225
883,1639,22306,17970
883,1639,22375,18058
882,1638,22325,18046
883,1618,22351,18079
885,1631,22443,18172
883,1631,22303,18024
882,1629,22302,18043
881,1647,22279,18016
884,1633,22373,18050
887,1613,22523,18253
880,1632,22233,17954
882,1617,22336,18058
880,1618,22266,18011
884,1634,22365,18067
885,1610,22447,18153
882,1639,22296,17987
888,1621,22522,18216
883,1642,22315,18014
881,1629,22280,18009
879,1614,22307,18136
881,1636,22268,17935
887,1620,22554,18256
881,1638,22263,17984
882,1619,22320,18027
886,1615,22485,18212
878,1634,22171,17901
885,1617,22460,18190
880,1633,22260,18008
883,1652,22345,18029
884,1621,22388,18099
878,1646,22147,17866
891,1620,22596,18317
886,1640,22330,18037
884,1640,22387,18066
883,1631,22329,18047
881,1639,22265,17928
887,1627,22506,18180
881,1632,22296,18032
883,1618,22330,18067
883,1643,22350,18099
879,1641,22212,17890
888,1621,22546,18224
882,1629,22295,18020
884,1646,22383,18110
884,1619,22399,18108
879,1641,22200,17958
885,1629,22425,18149
878,1631,22169,17914
885,1632,22441,18128
883,1640,22362,18108
882,1634,22273,17963
879,1615,22430,18205
883,1641,22272,17998
884,1624,22377,18081
885,1632,22403,18129
885,1623,22365,18018
888,1617,22527,18206
878,1627,22166,17906
884,1631,22382,18111
881,1617,22310,18062
882,1639,22315,18021
887,1613,22553,18249
879,1624,22186,17912
885,1631,22438,18137
885,1630,22337,18020
881,1630,22290,18037
885,1633,22470,18207
880,1626,22208,17917
883,1633,22370,18058
884,1651,22341,18070
881,1639,22275,17988
886,1604,22520,18269
879,1634,22199,17955
885,1627,22415,18107
882,1625,22311,17996
884,1653,22369,18056
886,1615,22517,18185
880,1634,22230,17928
893,1620,22642,18352
895,1647,22621,18297
882,1627,22280,17983
884,1642,22400,18083
880,1632,22243,17965
885,1620,22454,18169
883,1640,22334,18041
881,1628,22286,18031
884,1628,22374,18101
880,1647,22186,17903
890,1608,22646,18334
881,1628,22282,18001
898,1685,22710,18398
888,1632,22448,18134
878,1644,22141,17885
886,1622,22507,18230
882,1624,22309,17994
888,1642,22462,18138
884,1642,22364,18042
880,1625,22217,17950
884,1627,22407,18144
884,1635,22299,18032
887,1618,22433,18083
885,1641,22419,18094
880,1646,22206,17928
886,1622,22502,18201
881,1640,22245,17979
883,1631,22414,18163
882,1627,22323,18049
880,1642,22232,17994
887,1619,22560,18257
880,1635,22240,17967
884,1632,22402,18137
881,1635,22325,18034
882,1629,22312,18056
885,1635,22446,18168
880,1628,22225,17947
884,1622,22436,18104
886,1637,22456,18146
891,1641,22404,18072
886,1612,22497,18246
880,1652,22216,17944
883,1631,22395,18104
883,1632,22373,18082
882,1646,22304,18035
887,1601,22525,18246
879,1631,22229,17960
886,1630,22433,18161
881,1619,22276,18013
882,1628,22319,18048
888,1615,22578,18272
881,1646,22255,17985
884,1631,22384,18098
882,1628,22250,17994
882,1628,22295,18022
886,1613,22524,18247
881,1644,22254,17966
886,1632,22451,18136
884,1641,22375,18033
881,1639,22299,18013
884,1617,22413,18174
880,1634,22233,17975
886,1625,22497,18203
883,1632,22335,18008
880,1624,22262,18009
884,1616,22449,18185
880,1637,22194,17931
885,1611,22473,18229
881,1637,22281,17999
895,1652,22515,18214
898,1656,22667,18280
879,1627,22195,17902
886,1622,22484,18211
881,1636,22292,18032
884,1628,22396,18093
898,1651,22651,18284
892,1645,22540,18196
886,1629,22502,18199
883,1638,22365,18036
884,1631,22394,18136
883,1647,22292,18017
879,1624,22199,17918
886,1625,22504,18191
885,1617,22404,18024
886,1639,22429,18151
885,1634,22374,18055
882,1633,22269,17990
886,1649,22511,18240
880,1642,22253,18007
883,1627,22360,18082
885,1636,22428,18114
882,1643,22291,18023
883,1624,22399,18120
879,1635,22208,17934
882,1631,22325,18077
886,1632,22414,18122
881,1632,22297,18008
888,1618,22553,18242
881,1633,22265,17910
885,1628,22423,18128
881,1630,22287,18029
881,1638,22297,18022
887,1609,22524,18226
881,1646,22252,17939
883,1628,22357,18084
883,1627,22363,18063
882,1631,22302,18048
886,1628,22493,18236
880,1639,22237,17953
882,1631,22306,18034
883,1634,22325,18014
882,1637,22304,18038
888,1620,22554,18269
881,1638,22261,17970
883,1627,22353,18082
882,1626,22312,18005
883,1640,22320,18032
885,1627,22443,18119
882,1645,22296,17984
886,1626,22438,18148
880,1622,22249,17986
880,1638,22244,17996
886,1619,22484,18167
880,1636,22268,17947
885,1629,22477,18210
882,1628,22314,18019
882,1619,22321,18046
884,1640,22368,18097
879,1626,22191,17922
887,1621,22491,18212
883,1638,22351,18038
881,1626,22285,18015
883,1632,22349,18084
879,1634,22175,17896
884,1615,22425,18168
883,1630,22348,18057
884,1643,22343,18041
884,1643,22397,18078
881,1639,22259,17923
885,1627,22442,18170
881,1612,22327,18086
883,1631,22385,18104
885,1635,22397,18089
879,1626,22221,17906
886,1622,22491,18228
881,1629,22269,17973
886,1618,22446,18172
885,1644,22384,18104
879,1631,22204,17951
885,1626,22402,18137
881,1642,22288,17966
884,1643,22386,18118
884,1633,22414,18115
880,1633,22250,17964
896,1627,22639,18347
879,1630,22211,17929
887,1629,22491,18175
884,1635,22412,18066
885,1644,22435,18092
885,1613,22445,18174
886,1654,22329,18030
893,1635,22528,18201
883,1632,22359,18055
883,1629,22366,18049
888,1604,22562,18281
881,1647,22240,17925
883,1635,22373,18109
882,1632,22325,18047
883,1640,22347,18081
886,1630,22479,18214
885,1628,22387,18055
881,1636,22308,18036
886,1632,22395,18091
887,1626,22357,18027
885,1613,22487,18246
880,1630,22236,17954
885,1632,22404,18089
882,1648,22327,18002
884,1642,22404,18081
885,1628,22434,18149
879,1639,22202,17942
886,1627,22490,18211
882,1633,22318,18016
882,1633,22334,18022
883,1628,22366,18093
880,1624,22248,17959
888,1621,22546,18275
882,1625,22256,17983
886,1637,22368,18081
881,1631,22294,18046
881,1628,22259,17940
885,1620,22468,18172
883,1634,22324,18045
879,1630,22314,18053
882,1638,22308,18055
881,1654,22242,17930
887,1617,22547,18262
886,1619,22377,18033
885,1628,22448,18134
883,1633,22363,18097
878,1642,22163,17885
885,1625,22452,18201
887,1630,22374,18032
891,1636,22555,18209
892,1641,22484,18152
880,1632,22234,17944
885,1616,22449,18188
883,1638,22319,18037
882,1628,22334,18060
883,1640,22364,18110
882,1644,22293,17962
882,1604,22466,18257
881,1638,22247,17957
882,1629,22334,18076
884,1641,22357,18094
882,1629,22344,18045
888,1610,22536,18258
883,1635,22281,17908
887,1635,22489,18169
883,1632,22356,18086
878,1625,22242,17973
885,1625,22471,18220
882,1647,22289,17963
884,1627,22405,18105
882,1635,22305,18023
881,1648,22281,18013
886,1605,22514,18261
880,1628,22216,17937
882,1634,22327,18082
880,1626,22243,17993
883,1631,22380,18074
888,1627,22557,18276
880,1637,22218,17933
887,1637,22459,18150
893,1641,22467,18133
882,1635,22295,17991
885,1619,22472,18199
882,1645,22277,17977
889,1623,22565,18231
881,1627,22265,17974
884,1637,22343,18084
882,1619,22344,18087
880,1631,22239,17939
887,1615,22528,18233
882,1644,22304,18027
882,1637,22291,18010
885,1628,22404,18107
879,1624,22171,17903
887,1618,22528,18273
881,1630,22288,18019
884,1636,22396,18039
882,1636,22316,18031
880,1634,22206,17925
885,1617,22458,18177
881,1640,22268,18014
883,1640,22363,18085
885,1627,22398,18118
879,1623,22198,17912
887,1616,22533,18216
883,1692,22389,18090
886,1632,22413,18135
884,1638,22376,18119
881,1644,22239,17920
885,1628,22484,18193
882,1646,22318,18042
884,1620,22404,18107
883,1633,22340,18079
880,1629,22196,17938
887,1611,22549,18279
879,1641,22201,17939
884,1629,22412,18111
883,1621,22368,18104
882,1631,22293,18002
886,1630,22460,18171
878,1635,22154,17888
885,1636,22430,18142
885,1627,22375,18063
885,1636,22406,18077
890,1627,22540,18172
879,1628,22199,17920
883,1633,22348,18079
881,1634,22276,18022
881,1626,22326,17989
887,1606,22536,18240
881,1629,22204,17929
885,1628,22426,18145
881,1636,22267,17996
881,1644,22287,18023
886,1622,22474,18201
879,1626,22213,17970
884,1633,22405,18099
883,1620,22321,18013
882,1639,22309,18025
887,1606,22537,18287
880,1625,22196,17932
884,1633,22393,18099
881,1635,22293,18023
882,1620,22334,18019
885,1638,22471,18136
881,1631,22218,17918
884,1617,22431,18178
880,1633,22245,17969
885,1640,22372,18074
893,1642,22558,18182
879,1630,22203,17924
887,1615,22533,18259
881,1624,22278,17980
884,1641,22340,18091
883,1633,22353,18074
878,1624,22174,17904
891,1619,22626,18307
888,1642,22379,18042
886,1632,22411,18107
882,1642,22306,18035
878,1639,22146,17901
886,1618,22485,18197
887,1630,22357,18084
885,1627,22430,18113
883,1619,22366,18033
880,1641,22229,17946
885,1623,22446,18172
880,1633,22261,17999
884,1643,22394,18106
884,1631,22394,18084
880,1633,22211,17958
886,1626,22477,18194
880,1638,22239,17980
889,1613,22539,18245
889,1637,22397,18118
880,1624,22244,17966
895,1608,22680,18333
881,1643,22259,17972
884,1629,22408,18127
883,1625,22367,18113
881,1628,22236,17976
888,1619,22551,18270
879,1639,22190,17880
887,1639,22507,18170
884,1624,22413,18085
879,1613,22306,18072
887,1623,22521,18273
879,1629,22170,17907
883,1624,22387,18092
882,1635,22340,18046
885,1631,22388,18092
886,1621,22508,18234
881,1635,22256,17978
882,1625,22341,18087
878,1633,22226,17973
891,1636,22516,18228
895,1616,22741,18416
888,1644,22349,18016
882,1632,22331,18045
886,1635,22404,18084
881,1630,22247,17995
886,1634,22479,18192
880,1646,22233,17945
899,1620,22842,18504
885,1628,22412,18080
881,1640,22285,18013
884,1616,22417,18165
880,1647,22218,17938
893,1608,22656,18325
898,1663,22655,18257
895,1646,22542,18203
883,1631,22368,18048
883,1651,22297,18024
884,1622,22434,18184
882,1637,22292,18015
881,1634,22290,18024
883,1630,22364,18063
879,1636,22206,17950
886,1616,22494,18238
885,1634,22338,18042
886,1630,22421,18169
883,1641,22335,18023
882,1621,22270,17958
886,1619,22511,18210
883,1649,22342,18011
893,1630,22588,18250
897,1633,22726,18417
887,1647,22285,17975
891,1623,22624,18299
882,1629,22331,18023
884,1630,22415,18155
884,1634,22374,18077
879,1627,22198,17935
879,1611,22437,18223
879,1638,22231,17975
884,1640,22381,18113
884,1630,22403,18109
883,1626,22314,18034
886,1622,22506,18218
879,1636,22200,17939
884,1624,22388,18112
884,1636,22375,18060
883,1634,22334,18066
888,1628,22575,18248
880,1627,22241,17913
890,1636,22502,18205
895,1642,22564,18242
886,1632,22302,18021
890,1620,22607,18293
883,1639,22279,17926
884,1627,22387,18119
882,1638,22311,18010
884,1636,22354,18056
886,1617,22497,18236
880,1651,22233,17962
884,1623,22396,18120
888,1640,22357,18025
881,1633,22292,18024
885,1611,22490,18227
881,1648,22270,17974
883,1642,22322,18088
883,1635,22308,18000
882,1632,22314,18019
890,1617,22589,18263
885,1628,22321,17959
888,1630,22506,18215
881,1635,22266,18010
881,1643,22294,18050
884,1625,22420,18136
882,1631,22277,17935
886,1616,22502,18231
882,1638,22311,17995
881,1647,22263,17996
883,1615,22357,18078
878,1641,22189,17926
885,1620,22473,18220
883,1646,22341,17998
884,1624,22376,18097
884,1641,22381,18089
879,1643,22180,17904
885,1620,22449,18186
882,1634,22301,18008
882,1611,22379,18092
885,1650,22425,18100
882,1638,22255,17904
887,1615,22533,18244
881,1649,22274,18009
887,1645,22436,18154
897,1642,22624,18265
894,1640,22480,18124
885,1635,22407,18100
882,1629,22330,18035
885,1630,22415,18112
882,1637,22330,18068
879,1625,22207,17947
886,1630,22451,18181
881,1638,22287,17963
883,1620,22358,18084
884,1630,22373,18088
881,1642,22245,17970
886,1611,22486,18250
879,1623,22193,17900
886,1630,22480,18180
884,1635,22397,18073
880,1632,22316,18034
886,1625,22484,18200
878,1642,22165,17914
882,1634,22345,18096
880,1616,22302,18003
885,1624,22432,18095
885,1635,22461,18202
880,1627,22238,17948
883,1630,22393,18137
882,1640,22340,18105
881,1618,22283,18009
888,1615,22533,18265
885,1644,22327,17978
883,1628,22362,18082
882,1629,22293,18003
881,1630,22277,18003
886,1625,22499,18256
880,1641,22261,17940
885,1632,22417,18106
882,1626,22329,18004
885,1631,22404,18088
883,1618,22378,18097
881,1623,22240,17967
884,1624,22414,18159
885,1645,22387,18062
883,1606,22310,17985
883,1629,22381,18120
881,1630,22241,17942
886,1619,22465,18174
882,1645,22286,17999
881,1637,22278,18033
883,1636,22366,18105
881,1645,22262,17939
886,1621,22474,18195
883,1631,22343,18059
883,1640,22320,18046
883,1642,22328,18069
880,1638,22243,17941
885,1629,22476,18192
883,1646,22340,18043
885,1628,22443,18106
884,1622,22376,18085
879,1649,22169,17903
882,1610,22437,18208
882,1628,22330,18019
884,1623,22404,18103
884,1619,22382,18119
880,1634,22227,17950
886,1614,22516,18256
880,1631,22255,18016
887,1641,22444,18189
882,1621,22322,18048
882,1626,22318,18001
886,1629,22472,18184
880,1640,22215,17949
883,1627,22387,18116
881,1635,22318,18065
879,1626,22280,18021
886,1619,22511,18206
879,1631,22232,17908
886,1628,22492,18156
881,1631,22326,18053
882,1644,22328,18064
884,1610,22446,18205
885,1627,22357,18035
886,1636,22469,18158
882,1630,22302,18030
886,1617,22416,18117
891,1628,22524,18216
881,1633,22247,17981
882,1629,22332,18075
880,1634,22260,17992
889,1642,22493,18128
888,1633,22493,18177
889,1644,22421,18101
887,1633,22352,18037
882,1629,22302,18057
881,1627,22293,18006
884,1635,22476,18202
880,1644,22276,17939
887,1635,22488,18150
881,1640,22268,18011
881,1615,22273,18018
884,1628,22379,18108
882,1627,22279,17964
886,1619,22517,18204
881,1634,22273,17994
882,1634,22318,18010
883,1634,22383,18126
878,1648,22178,17913
891,1610,22624,18332
893,1643,22484,18145
884,1655,22349,18049
884,1621,22379,18099
879,1638,22172,17887
890,1618,22579,18297
893,1649,22485,18168
883,1629,22364,18069
887,1637,22468,18136
882,1619,22256,17895
891,1625,22604,18253
896,1645,22616,18275
897,1629,22709,18390
883,1623,22339,18090
881,1643,22234,17903
890,1626,22572,18257
881,1628,22306,18054
884,1637,22374,18100
881,1613,22303,18044
879,1633,22204,17958
886,1623,22480,18221
878,1632,22197,17936
885,1626,22432,18093
883,1627,22349,18092
881,1628,22264,17974
886,1627,22471,18194
878,1635,22143,17908
889,1619,22543,18235
889,1635,22426,18109
886,1629,22427,18078
886,1612,22496,18159
882,1635,22261,17983
884,1633,22352,18064
879,1623,22274,18015
883,1622,22332,18027
888,1625,22564,18264
881,1634,22211,17911
886,1631,22448,18163
881,1566,22241,17958
882,1620,22317,18059
885,1628,22428,18155
882,1640,22255,17969
884,1630,22384,18051
882,1647,22314,18039
881,1635,22285,18020
886,1609,22498,18245
878,1631,22178,17911
884,1619,22411,18134
882,1646,22311,18006
882,1631,22322,18016
890,1621,22613,18268
879,1637,22187,17898
887,1625,22496,18228
882,1634,22286,18004
883,1634,22340,18068
884,1627,22405,18077
879,1641,22203,17938
887,1617,22528,18245
882,1639,22267,17968
882,1648,22310,18038
882,1622,22298,18037
878,1641,22168,17928
887,1622,22548,18235
882,1651,22309,17998
884,1640,22389,18089
882,1631,22302,18016
880,1643,22216,17945
886,1629,22476,18166
881,1633,22302,18021
884,1625,22412,18118
883,1629,22376,18068
879,1631,22177,17887
890,1622,22588,18313
881,1643,22281,18026
884,1641,22395,18079
885,1645,22435,18103
878,1628,22175,17920
889,1626,22541,18233
881,1632,22281,18020
885,1620,22423,18151
883,1626,22319,18040
881,1635,22267,18007
888,1632,22561,18241
881,1628,22233,17942
884,1629,22396,18142
883,1634,22372,18109
882,1618,22305,18052
885,1624,22479,18199
880,1647,22227,17937
886,1638,22475,18146
886,1626,22446,18101
882,1630,22315,18046
884,1622,22427,18157
880,1646,22229,17951
885,1629,22429,18104
885,1626,22416,18098
884,1631,22306,18027
888,1611,22554,18263
879,1632,22200,17910
883,1627,22362,18121
888,1644,22431,18137
891,1648,22440,18117
886,1616,22499,18201
880,1640,22228,17940
882,1633,22301,18014
882,1634,22287,17990
880,1629,22267,18040
884,1605,22474,18216
881,1630,22264,17971
886,1633,22434,18091
883,1629,22371,18021
882,1634,22293,18032
884,1605,22411,18176
878,1630,22178,17925
888,1629,22536,18228
887,1642,22434,18104
882,1631,22288,18007
883,1619,22361,18076
879,1645,22181,17921
885,1621,22466,18195
881,1634,22278,17996
883,1627,22325,18052
883,1618,22384,18071
879,1635,22214,17924
889,1610,22582,18288
880,1630,22267,17993
882,1628,22295,18060
884,1630,22354,18026
881,1630,22243,17947
886,1629,22486,18158
884,1638,22354,18035
883,1643,22349,18091
882,1626,22291,18032
878,1614,22157,17891
885,1630,22456,18150
884,1628,22355,18070
884,1619,22417,18109
883,1620,22359,18094
881,1651,22236,17943
885,1620,22432,18149
879,1635,22226,17980
883,1635,22329,18075
885,1636,22423,18097
880,1629,22268,17974
886,1626,22467,18199
880,1631,22223,17918
883,1635,22357,18113
884,1622,22390,18106
884,1642,22354,18041
886,1615,22474,18154
887,1650,22409,18034
889,1623,22447,18125
884,1636,22377,18103
881,1626,22276,18010
887,1608,22544,18246
881,1650,22272,17938
882,1632,22335,18073
881,1631,22313,18031
882,1644,22313,18037
885,1623,22465,18220
880,1643,22236,17978
885,1675,22405,18136
883,1638,22357,18038
882,1631,22311,18019
886,1617,22480,18228
880,1640,22226,17938
881,1570,22292,18057
890,1628,22489,18147
897,1646,22629,18268
892,1628,22562,18215
883,1688,22368,18020
885,1633,22432,18156
881,1625,22272,18027
880,1628,22249,17987
885,1615,22455,18181
881,1629,22278,17953
887,1628,22504,18230
882,1633,22306,17989
882,1631,22310,18029
882,1637,22321,18059
879,1640,22210,17963
886,1611,22489,18238
882,1639,22295,17992
882,1637,22332,18067
883,1621,22374,18096
878,1639,22172,17902
885,1622,22461,18203
882,1634,22300,18007
884,1643,22375,18116
884,1626,22408,18079
882,1638,22310,17965
885,1621,22448,18193
882,1619,22302,18057
882,1626,22348,18079
886,1637,22457,18149
881,1617,22288,17956
885,1622,22466,18197
883,1647,22333,18038
882,1620,22369,18119
882,1631,22318,18070
880,1640,22259,17978
885,1623,22433,18156
882,1626,22316,17988
884,1644,22361,18074
889,1620,22507,18208
882,1633,22314,18032
885,1624,22442,18197
881,1636,22273,17953
884,1633,22390,18083
889,1635,22434,18109
885,1630,22409,18078
884,1635,22437,18178
881,1635,22215,17940
882,1627,22342,18092
883,1618,22391,18125
886,1638,22414,18094
886,1630,22467,18156
882,1627,22282,17972
883,1632,22350,18086
882,1642,22295,18040
878,1648,22264,18000
887,1608,22523,18272
882,1629,22300,17950
883,1634,22357,18083
881,1632,22295,18011
882,1630,22311,18021
885,1611,22444,18194
882,1632,22296,18004
883,1628,22359,18081
885,1645,22407,18065
887,1629,22388,18040
884,1605,22443,18186
880,1631,22196,17919
884,1631,22406,18139
882,1642,22312,17992
884,1645,22385,18055
885,1627,22369,18083
881,1645,22278,17968
885,1626,22451,18181
881,1628,22279,18015
880,1625,22256,18011
885,1636,22389,18118
883,1628,22272,17921
888,1612,22566,18275
881,1630,22264,18004
883,1627,22330,18056
882,1641,22323,18063
881,1637,22233,17901
886,1614,22498,18208
883,1633,22337,18022
885,1636,22426,18106
882,1619,22322,18033
880,1628,22218,17950
884,1626,22408,18138
883,1635,22354,18014
886,1619,22490,18141
883,1643,22330,18040
882,1631,22228,17936
886,1616,22492,18223
880,1644,22231,17980
886,1625,22427,18155
889,1632,22420,18112
886,1643,22384,18048
885,1621,22465,18193
880,1637,22224,17959
883,1642,22349,18089
884,1617,22406,18155
882,1632,22310,18033
886,1626,22498,18206
880,1639,22250,17922
885,1636,22458,18107
884,1629,22379,18101
883,1639,22323,18060
885,1619,22461,18189
883,1642,22306,17972
886,1631,22420,18076
882,1643,22318,18070
883,1639,22338,18050
887,1611,22504,18235
880,1652,22225,17965
883,1635,22360,18105
884,1626,22306,18023
883,1634,22371,18069
887,1615,22526,18256
880,1638,22231,17945
884,1630,22392,18127
888,1643,22378,18071
882,1628,22302,18030
887,1603,22538,18270
885,1631,22359,17938
886,1627,22488,18156
881,1620,22262,17989
883,1636,22335,18055
897,1617,22780,18472
880,1630,22235,17937
888,1620,22552,18240
879,1631,22254,17985
883,1647,22356,18058
882,1632,22342,18075
879,1625,22205,17942
885,1624,22462,18209
881,1637,22270,18008
883,1616,22381,18043
882,1626,22338,18069
879,1633,22207,17928
886,1621,22497,18216
882,1645,22303,18054
883,1633,22359,18065
886,1632,22427,18138
887,1645,22314,17966
887,1618,22540,18228
882,1631,22309,18046
883,1647,22346,18094
884,1622,22366,18106
882,1628,22263,17899
887,1626,22533,18215
882,1641,22287,18010
886,1625,22480,18142
883,1642,22318,18053
877,1639,22172,17982
886,1627,22424,18144
881,1647,22278,18011
884,1623,22429,18147
887,1633,22506,18218
883,1641,22320,18040
886,1622,22473,18186
879,1626,22197,17943
885,1641,22413,18112
883,1626,22380,18084
884,1625,22354,18021
888,1616,22525,18214
879,1628,22186,17920
886,1618,22447,18185
888,1619,22400,18081
884,1623,22380,18059
887,1614,22513,18214
883,1635,22295,18015
888,1631,22388,18087
882,1637,22327,18057
882,1628,22301,18039
886,1609,22497,18230
880,1629,22217,17977
884,1629,22400,18114
884,1632,22329,18029
881,1632,22254,17984
888,1618,22572,18291
880,1640,22203,17927
884,1620,22385,18094
881,1633,22275,17977
884,1641,22396,18099
885,1615,22482,18188
880,1634,22236,17946
886,1625,22463,18187
881,1628,22261,18012
883,1637,22351,18057
884,1625,22438,18141
879,1638,22219,17951
885,1618,22489,18197
883,1636,22311,18031
880,1632,22246,18003
886,1627,22414,18134
882,1619,22191,17913
889,1617,22591,18289
882,1628,22296,18021
882,1630,22328,18057
881,1637,22291,18044
886,1631,22336,18038
890,1622,22527,18197
885,1639,22398,18084
886,1618,22474,18161
885,1622,22390,18058
882,1633,22269,17985
884,1622,22398,18122
892,1631,22545,18228
887,1643,22471,18155
883,1629,22371,18048
880,1631,22213,17944
885,1626,22430,18146
882,1627,22321,18050
883,1628,22363,18098
881,1633,22294,18055
882,1625,22269,17981
886,1626,22503,18187
881,1640,22274,17974
882,1616,22361,18098
882,1633,22316,18047
882,1629,22288,18028
886,1615,22483,18192
879,1631,22230,17932
886,1633,22464,18153
888,1634,22423,18053
882,1640,22310,18046
885,1635,22447,18171
878,1620,22166,17905
884,1640,22405,18108
885,1632,22424,18091
881,1625,22264,18007
887,1622,22520,18247
881,1643,22238,17945
878,1627,22317,18057
881,1641,22307,18036
880,1631,22288,18030
889,1619,22586,18279
882,1634,22244,17941
886,1623,22426,18149
882,1633,22272,17994
882,1632,22321,18048
885,1620,22480,18181
876,1637,22263,17992
884,1636,22383,18074
883,1639,22351,18055
881,1640,22270,18007
884,1626,22432,18184
879,1642,22196,17918
888,1625,22554,18252
881,1637,22283,17979
882,1640,22302,18039
878,1621,22361,18103
879,1624,22195,17940
884,1619,22449,18194
881,1634,22284,18033
881,1640,22253,17998
886,1626,22443,18119
879,1635,22189,17931
887,1617,22514,18244
881,1634,22296,18006
883,1641,22312,18050
882,1622,22308,18044
881,1625,22254,17950
886,1620,22511,18201
890,1641,22526,18184
897,1629,22755,18422
883,1646,22368,18109
878,1628,22159,17908
886,1622,22480,18168
886,1640,22414,18091
884,1625,22349,18062
885,1623,22426,18131
880,1636,22209,17936
884,1620,22420,18164
879,1627,22243,17969
882,1639,22321,18082
884,1640,22425,18089
882,1631,22301,18021
885,1623,22435,18164
880,1634,22235,17944
885,1632,22397,18124
883,1628,22348,18033
884,1636,22377,18047
888,1624,22561,18233
881,1633,22272,17912
883,1616,22373,18109
884,1631,22382,18120
881,1636,22274,18010
887,1606,22544,18241
881,1627,22269,17944
887,1633,22423,18153
883,1641,22335,18057
882,1629,22309,18058
887,1611,22531,18275
880,1634,22199,17938
883,1633,22342,18085
882,1645,22337,18003
884,1619,22380,18085
886,1624,22495,18210
881,1633,22282,18021
882,1624,22314,18041
880,1637,22292,17993
883,1651,22347,18059
886,1627,22506,18197
876,1618,22151,17902
886,1638,22442,18170
879,1625,22220,17979
882,1629,22305,18022
881,1630,22367,18073
882,1642,22299,17972
885,1624,22476,18218
885,1635,22375,18065
885,1625,22326,18016
875,1618,22229,18069
880,1630,22208,17954
885,1617,22459,18191
883,1631,22328,18016
882,1621,22336,18048
882,1634,22334,18082
879,1632,22196,17937
885,1625,22452,18199
883,1635,22312,17996
885,1637,22400,18108
884,1628,22350,18029
881,1636,22295,17940
885,1626,22454,18176
882,1642,22303,18057
886,1634,22414,18122
896,1651,22593,18235
880,1648,22246,17912
887,1618,22505,18226
881,1638,22290,18023
884,1622,22420,18146
881,1630,22300,18059
880,1646,22216,17971
885,1632,22428,18156
882,1625,22274,17949
883,1621,22377,18107
883,1638,22352,18079
881,1639,22275,18000
887,1623,22496,18243
881,1633,22253,17918
885,1626,22425,18127
884,1640,22394,18091
883,1634,22353,18030
887,1607,22515,18261
880,1650,22217,17941
882,1627,22316,18054
884,1618,22376,18046
885,1645,22400,18096
887,1625,22474,18188
881,1632,22254,17970
883,1639,22343,18059
880,1623,22255,18003
882,1632,22321,18076
885,1621,22462,18190
883,1629,22349,18039
883,1633,22369,18085
881,1650,22250,17994
882,1628,22328,18046
885,1614,22445,18189
881,1644,22245,17973
885,1635,22432,18117
882,1622,22303,17983
883,1640,22367,18059
884,1609,22408,18152
879,1645,22200,17942
885,1626,22419,18141
882,1632,22338,18026
884,1633,22347,18049
884,1680,22415,18148
881,1637,22257,17953
885,1619,22439,18164
881,1638,22268,17995
881,1620,22283,18028
883,1620,22341,18091
881,1639,22252,17909
888,1617,22524,18229
881,1630,22282,18016
883,1634,22350,18042
882,1637,22314,18064
880,1629,22234,17912
886,1626,22486,18199
883,1636,22355,18009
885,1619,22464,18159
883,1624,22337,18081
878,1628,22173,17924
884,1625,22434,18185
883,1652,22335,18012
886,1629,22442,18126
882,1632,22329,18041
882,1652,22296,17981
884,1618,22437,18179
880,1640,22262,17997
885,1635,22433,18150
881,1621,22311,18064
882,1649,22323,17992
887,1628,22523,18255
880,1628,22233,17961
883,1626,22358,18088
883,1630,22337,18091
882,1637,22317,18034
887,1627,22503,18177
881,1636,22272,17945
883,1598,22351,18050
882,1654,22320,18031
888,1632,22442,18153
901,1624,22892,18565
881,1640,22232,17924
890,1633,22538,18211
884,1637,22326,18041
885,1637,22395,18074
886,1630,22476,18191
879,1626,22220,17961
885,1629,22390,18119
881,1619,22268,17994
885,1622,22426,18111
888,1618,22498,18179
874,1625,22162,17928
884,1624,22393,18128
880,1642,22240,17986
882,1638,22316,18024
887,1620,22549,18266
883,1648,22336,18024
887,1630,22462,18115
881,1628,22284,18033
880,1625,22263,18000
885,1627,22447,18179
880,1642,22235,17934
888,1621,22564,18261
880,1630,22247,17993
883,1620,22340,18040
883,1638,22368,18091
879,1626,22186,17929
888,1616,22536,18281
880,1635,22230,17981
884,1619,22389,18084
882,1621,22338,18073
879,1632,22181,17910
885,1616,22480,18225
881,1627,22270,18036
883,1640,22342,18082
884,1622,22393,18101
880,1627,22249,17928
886,1630,22517,18193
882,1616,22299,18028
883,1625,22339,18059
884,1647,22361,18085
880,1640,22225,17895
894,1619,22680,18332
893,1640,22469,18134
884,1625,22423,18121
883,1640,22354,18077
878,1627,22174,17933
887,1627,22490,18214
878,1633,22192,17947
891,1634,22580,18260
898,1640,22637,18269
880,1639,22246,17962
889,1623,22548,18265
881,1626,22185,17903
885,1635,22423,18130
886,1640,22451,18134
883,1641,22329,18000
887,1619,22541,18234
881,1632,22244,17977
887,1623,22430,18149
882,1635,22348,18088
883,1647,22346,18039
889,1603,22597,18296
879,1647,22214,17939
883,1629,22379,18105
882,1637,22306,18040
881,1631,22275,18022
886,1619,22487,18231
880,1629,22215,17944
883,1631,22380,18088
883,1644,22323,18037
880,1629,22276,18004
887,1611,22552,18282
881,1670,22277,18031
884,1626,22379,18076
882,1644,22320,18050
883,1636,22354,18056
895,1621,22706,18306
891,1642,22407,18077
885,1628,22447,18166
879,1624,22223,17979
883,1650,22352,18049
884,1606,22441,18156
880,1640,22249,17981
888,1619,22542,18265
884,1644,22290,17993
886,1647,22372,18089
883,1627,22308,18055
879,1632,22189,17921
887,1614,22554,18260
884,1633,22348,18062
885,1630,22377,18055
883,1634,22345,18088
878,1628,22152,17902
889,1616,22582,18295
882,1624,22295,18004
885,1633,22425,18113
885,1618,22380,18061
878,1631,22171,17901
886,1625,22477,18222
883,1623,22299,17995
885,1639,22403,18103
884,1631,22387,18067
880,1645,22222,17908
888,1623,22518,18215
882,1631,22280,17990
884,1622,22398,18129
882,1646,22343,18072
881,1624,22237,17981
888,1615,22551,18243
879,1622,22198,17925
884,1625,22410,18129
883,1630,22364,18091
879,1631,22243,18008
887,1624,22504,18217
880,1636,22231,17905
885,1634,22413,18110
885,1638,22425,18081
882,1639,22325,18054
885,1633,22476,18208
879,1642,22182,17927
883,1636,22358,18070
884,1640,22416,18085
882,1626,22294,18018
887,1623,22520,18218
880,1649,22214,17948
883,1630,22352,18083
880,1616,22274,18029
880,1629,22247,17997
889,1619,22594,18280
880,1593,22225,17947
882,1629,22319,18048
881,1649,22277,18013
883,1619,22331,18073
884,1606,22475,18200
881,1634,22234,17930
887,1632,22481,18137
883,1642,22343,18023
882,1631,22319,18033
882,1625,22358,18114
879,1629,22204,17956
887,1623,22526,18233
885,1634,22414,18079
880,1629,22242,17980
884,1640,22396,18113
879,1626,22224,17961
888,1623,22547,18270
880,1648,22225,17970
883,1625,22340,18099
883,1632,22385,18074
879,1639,22189,17905
889,1617,22569,18278
883,1634,22274,17984
885,1649,22400,18143
884,1632,22392,18066
880,1641,22220,17922
887,1622,22551,18235
882,1639,22346,18029
885,1636,22433,18159
882,1629,22306,18044
878,1632,22166,17910
887,1628,22513,18212
885,1631,22399,18053
882,1619,22349,18100
882,1626,22348,18060
880,1628,22225,17935
886,1620,22461,18201
885,1631,22351,18078
896,1647,22611,18316
899,1636,22756,18385
892,1647,22521,18189
890,1613,22608,18325
892,1644,22453,18099
885,1638,22359,18084
885,1629,22430,18128
883,1640,22323,18040
886,1622,22496,18179
882,1630,22310,17960
885,1622,22375,18127
881,1637,22305,18057
881,1635,22292,18040
886,1632,22504,18205
882,1644,22271,17973
882,1621,22344,18092
882,1634,22312,18037
881,1649,22295,18018
889,1613,22577,18292
880,1623,22178,17916
886,1625,22467,18220
883,1630,22352,18038
882,1625,22327,18068
887,1607,22549,18284
880,1632,22257,17966
883,1619,22349,18106
885,1641,22377,18065
883,1648,22349,18046
885,1612,22484,18183
880,1645,22270,17962
888,1619,22526,18245
881,1627,22257,17985
882,1646,22282,18010
883,1570,22389,18096
880,1634,22234,17928
889,1613,22588,18306
881,1629,22289,18018
885,1632,22394,18122
882,1632,22296,18020
884,1644,22312,18026
886,1624,22429,18156
884,1633,22368,18055
882,1624,22308,18005
891,1629,22523,18231
882,1641,22271,17996
884,1612,22416,18181
883,1629,22378,18086
885,1619,22428,18141
884,1625,22377,18034
880,1646,22258,17942
885,1627,22409,18135
883,1645,22332,18064
883,1639,22339,18104
883,1639,22365,18068
882,1631,22292,17971
884,1629,22406,18135
883,1636,22351,18055
890,1629,22531,18224
887,1645,22386,18088
880,1640,22233,17968
885,1623,22460,18198
882,1634,22315,17995
886,1624,22443,18122
883,1632,22377,18122
885,1646,22352,18079
883,1619,22410,18174
882,1625,22295,17993
884,1632,22391,18118
885,1632,22415,18094
883,1623,22378,18060
888,1622,22535,18243
878,1625,22174,17928
885,1629,22426,18167
882,1637,22319,18023
884,1622,22400,18092
885,1614,22464,18190
880,1639,22226,17955
883,1626,22359,18074
881,1627,22301,18017
883,1627,22335,18082
885,1611,22471,18198
879,1634,22288,17953
883,1629,22365,18111
880,1633,22259,18002
882,1624,22309,18040
884,1634,22452,18225
883,1624,22324,18017
885,1632,22384,18064
883,1653,22325,18039
883,1634,22383,18065
889,1621,22568,18278
886,1632,22286,17966
885,1616,22467,18206
883,1639,22353,18033
882,1630,22317,18013
883,1622,22392,18115
880,1631,22240,17957
885,1627,22430,18150
881,1641,22277,18017
889,1654,22453,18169
890,1621,22486,18194
886,1623,22317,17958
888,1616,22545,18281
883,1641,22333,18064
884,1629,22371,18076
883,1636,22354,18110
879,1631,22200,17896
889,1617,22570,18265
881,1629,22266,17950
890,1626,22571,18202
888,1638,22416,18087
881,1638,22230,17965
885,1624,22403,18129
887,1631,22459,18140
885,1638,22383,18073
883,1629,22360,18087
880,1627,22253,17962
884,1630,22442,18189
880,1632,22260,17998
883,1639,22353,18079
884,1628,22384,18117
883,1631,22338,17982
887,1614,22515,18241
881,1641,22239,17950
883,1625,22384,18120
881,1636,22314,18064
884,1645,22363,18067
886,1635,22495,18214
881,1633,22279,17967
885,1627,22430,18124
882,1640,22331,18046
882,1626,22307,18046
886,1636,22478,18224
882,1633,22281,17941
883,1625,22384,18078
882,1648,22329,18065
883,1628,22374,18075
888,1609,22511,18227
872,1638,22112,17914
883,1630,22358,18081
881,1638,22277,18000
886,1630,22421,18093
885,1635,22442,18158
882,1647,22277,18003
884,1640,22329,18043
881,1636,22271,18012
882,1626,22329,18031
885,1631,22431,18135
880,1626,22276,17961
888,1627,22542,18216
882,1651,22292,18018
881,1624,22308,18046
881,1620,22341,18094
882,1633,22274,17973
888,1620,22575,18245
881,1641,22264,17975
892,1626,22485,18125
887,1624,22386,18067
880,1645,22235,17952
884,1622,22437,18180
881,1640,22296,18024
883,1646,22347,18034
883,1632,22357,18066
879,1635,22171,17903
885,1632,22462,18195
886,1635,22377,18113
883,1639,22359,18038
883,1637,22383,18079
881,1632,22275,17955
887,1625,22543,18213
881,1646,22255,17980
885,1621,22429,18147
887,1623,22363,18055
880,1632,22243,17946
886,1620,22488,18173
881,1634,22299,18037
884,1640,22374,18082
884,1631,22366,18086
880,1625,22218,17943
885,1624,22455,18216
878,1634,22186,17924
886,1633,22474,18154
882,1627,22336,18044
882,1639,22288,17993
884,1616,22444,18188
878,1635,22163,17920
886,1621,22457,18141
884,1626,22369,18054
882,1638,22336,18032
892,1630,22651,18291
880,1633,22191,17903
882,1636,22340,18087
881,1631,22276,18022
883,1625,22353,18056
888,1619,22559,18255
881,1644,22265,17995
883,1626,22358,18079
882,1639,22301,18032
882,1635,22331,18067
885,1610,22451,18195
879,1646,22214,17943
884,1626,22398,18061
881,1631,22304,18034
883,1638,22319,18053
883,1615,22426,18154
880,1648,22215,17951
885,1636,22423,18130
881,1629,22280,17986
883,1635,22377,18084
885,1636,22429,18113
879,1641,22191,17933
884,1623,22441,18190
880,1644,22249,17990
886,1641,22395,18100
884,1628,22401,18075
879,1631,22202,17927
886,1618,22507,18224
881,1647,22277,17978
884,1625,22370,18105
884,1621,22377,18114
882,1624,22189,17914
886,1622,22513,18205
884,1622,22357,18064
883,1624,22360,18092
882,1626,22312,18056
879,1627,22188,17930
886,1621,22500,18219
885,1638,22367,18082
891,1638,22519,18184
886,1631,22438,18097
878,1644,22161,17891
891,1606,22634,18356
894,1625,22634,18361
885,1633,22409,18101
883,1636,22377,18066
880,1639,22238,17961
885,1622,22463,18181
880,1631,22226,17948
883,1628,22349,18092
884,1628,22380,18129
882,1638,22282,18008
887,1627,22491,18166
880,1637,22230,17944
884,1627,22394,18116
882,1634,22353,18104
881,1635,22270,18006
886,1616,22494,18198
879,1636,22195,17916
886,1620,22472,18168
883,1626,22405,18076
882,1644,22305,18023
886,1627,22491,18241
880,1638,22195,17926
885,1636,22418,18091
883,1628,22348,18019
881,1619,22291,18026
887,1631,22517,18231
881,1646,22261,17999
882,1632,22321,18065
882,1637,22321,18067
882,1620,22269,17998
881,1601,22511,18251
881,1629,22233,17927
883,1633,22359,18091
881,1631,22280,18003
879,1629,22226,17992
887,1624,22489,18204
883,1638,22263,17936
887,1631,22515,18201
883,1632,22377,18020
880,1646,22215,17966
883,1636,22375,18127
880,1632,22198,17917
886,1611,22523,18240
883,1643,22341,18030
883,1639,22311,18051
883,1623,22395,18120
880,1649,22227,17930
885,1618,22450,18181
881,1626,22286,18031
884,1648,22357,18078
885,1631,22422,18100
879,1634,22191,17908
890,1624,22576,18288
887,1640,22404,18003
887,1617,22457,18186
885,1622,22396,18112
879,1628,22190,17918
886,1625,22477,18161
885,1628,22411,18068
884,1629,22373,18101
881,1613,22295,18054
880,1648,22196,17905
892,1618,22605,18232
883,1629,22356,18056
884,1641,22383,18106
883,1614,22388,18106
882,1648,22286,18026
885,1621,22479,18223
879,1632,22203,17944
883,1632,22365,18106
884,1623,22425,18126
883,1640,22312,18015
885,1621,22465,18199
880,1641,22211,17940
882,1628,22333,18086
884,1641,22371,18112
883,1625,22348,18050
890,1628,22632,18316
883,1626,22279,17937
888,1634,22477,18175
894,1653,22526,18193
881,1643,22277,18005
887,1622,22561,18268
880,1643,22252,17934
886,1630,22429,18142
880,1628,22271,17993
884,1644,22370,18076
887,1643,22448,18111
879,1626,22205,17936
882,1627,22322,18088
881,1629,22294,18005
885,1627,22386,18078
886,1620,22485,18214
880,1645,22228,17963
884,1631,22366,18096
883,1640,22339,18052
883,1623,22341,18055
887,1630,22440,18123
882,1641,22300,17971
886,1629,22473,18179
882,1628,22317,18054
877,1630,22179,17922
884,1644,22391,18117
881,1646,22282,17966
886,1624,22495,18212
881,1631,22297,18013
884,1686,22385,18110
882,1638,22319,18064
878,1644,22179,17914
888,1616,22556,18278
888,1636,22437,18020
886,1643,22433,18146
882,1631,22299,18007
881,1645,22243,17948
884,1621,22391,18130
884,1630,22362,18054
884,1620,22380,18046
885,1631,22427,18125
879,1631,22236,17916
882,1623,22385,18129
881,1635,22272,18030
884,1631,22372,18111
885,1635,22391,18050
882,1627,22286,17971
886,1618,22485,18211
885,1636,22366,18038
883,1643,22355,18079
883,1618,22360,18084
880,1637,22239,17985
884,1617,22431,18180
882,1633,22304,17956
881,1628,22348,18077
884,1631,22387,18134
881,1637,22296,18029
886,1630,22466,18218
881,1626,22231,17887
885,1628,22441,18133
882,1634,22338,18019
883,1631,22356,18048
887,1619,22534,18251
879,1626,22185,17899
882,1627,22343,18099
886,1630,22419,18108
893,1641,22507,18116
886,1609,22484,18223
880,1647,22255,17967
882,1634,22331,18067
880,1623,22259,17979
881,1627,22278,18018
886,1636,22466,18204
881,1638,22273,17926
883,1625,22352,18088
881,1635,22253,17976
882,1634,22314,18045
883,1618,22347,18099
880,1630,22233,17926
886,1630,22500,18196
882,1641,22320,18019
888,1626,22368,18024
884,1626,22392,18117
879,1633,22210,17948
885,1628,22438,18178
881,1636,22310,17991
884,1637,22390,18046
883,1636,22312,18020
880,1638,22235,17943
884,1616,22458,18210
881,1623,22235,17964
881,1629,22282,18028
881,1629,22296,18047
880,1645,22250,17915
885,1611,22489,18221
881,1630,22281,17986
883,1637,22378,18094
882,1629,22316,18062
880,1635,22214,17906
885,1624,22451,18159
882,1633,22341,18028
884,1624,22442,18097
883,1642,22349,18087
880,1650,22205,17921
884,1624,22395,18149
881,1637,22302,17996
883,1623,22395,18087
884,1637,22391,18099
880,1635,22248,17975
888,1619,22551,18261
878,1633,22159,17908
884,1632,22350,18103
884,1619,22404,18123
882,1637,22303,17987
888,1634,22548,18251
880,1635,22207,17912
882,1633,22345,18067
881,1621,22313,18063
885,1628,22389,18074
886,1617,22506,18217
881,1633,22259,17935
883,1626,22391,18073
881,1632,22289,18030
882,1638,22319,18046
884,1608,22468,18223
881,1631,22253,17942
884,1631,22386,18073
881,1626,22273,18019
882,1648,22311,18011
885,1603,22478,18205
880,1641,22242,17970
882,1626,22341,18083
882,1634,22305,18010
882,1633,22325,18025
888,1616,22538,18273
879,1620,22211,17936
883,1619,22405,18153
879,1625,22204,17959
884,1639,22356,18048
894,1651,22585,18227
880,1627,22255,17932
887,1616,22559,18240
881,1647,22268,18006
881,1639,22284,18020
883,1615,22367,18106
880,1633,22216,17915
887,1627,22511,18192
881,1638,22290,18006
882,1616,22329,18015
881,1629,22308,18050
879,1631,22194,17932
884,1619,22438,18181
885,1622,22392,18127
894,1633,22548,18188
883,1633,22349,18082
878,1631,22172,17916
885,1614,22462,18193
877,1637,22239,17996
884,1642,22380,18078
885,1637,22428,18116
879,1636,22222,17921
889,1681,22598,18262
880,1634,22265,18011
883,1619,22373,18095
883,1629,22315,18050
880,1623,22268,17942
884,1573,22426,18135
880,1638,22222,17957
884,1626,22392,18097
883,1638,22358,18106
879,1634,22216,17937
886,1613,22484,18225
878,1641,22156,17895
885,1637,22427,18117
882,1634,22341,18057
885,1630,22367,18087
885,1614,22449,18190
877,1634,22147,17900
886,1629,22431,18124
881,1620,22306,18019
882,1616,22338,18037
889,1631,22598,18291
881,1638,22258,17957
882,1629,22309,18048
880,1625,22236,17984
882,1622,22319,18028
889,1604,22605,18278
880,1643,22201,17916
884,1626,22394,18102
880,1644,22265,17998
883,1648,22319,18038
884,1601,22425,18152
879,1627,22195,17934
887,1627,22499,18159
881,1629,22264,17972
882,1633,22305,18042
884,1617,22420,18165
879,1640,22177,17916
887,1620,22532,18226
880,1645,22249,17966
888,1631,22441,18114
898,1633,22781,18412
880,1646,22190,17906
887,1617,22515,18239
880,1634,22254,17998
884,1643,22375,18063
883,1637,22357,18050
878,1640,22182,17905
888,1625,22561,18254
880,1635,22296,18042
884,1628,22384,18094
880,1627,22267,18022
880,1621,22188,17935
886,1625,22468,18152
882,1652,22273,17977
883,1637,22358,18098
883,1636,22367,18095
879,1628,22128,17856
892,1629,22585,18260
889,1634,22405,18061
887,1636,22477,18148
883,1636,22379,18060
881,1644,22255,17966
884,1627,22400,18156
876,1618,22195,17945
885,1628,22433,18105
886,1644,22439,18123
882,1627,22287,18030
885,1626,22479,18182
875,1637,22135,17872
885,1624,22419,18162
882,1630,22307,18033
883,1630,22294,18025
886,1612,22475,18147
880,1632,22220,17928
883,1621,22364,18079
883,1619,22319,18036
882,1636,22302,18042
885,1611,22475,18179
880,1631,22228,17916
885,1628,22425,18100
882,1632,22345,18016
882,1628,22329,18052
885,1631,22459,18200
882,1626,22269,17981
882,1629,22344,18048
881,1642,22296,18012
884,1624,22360,18080
887,1629,22500,18184
879,1649,22210,17942
889,1628,22487,18191
885,1637,22304,17994
881,1640,22287,18034
885,1623,22481,18183
879,1626,22209,17919
889,1633,22529,18235
882,1621,22283,17975
882,1649,22282,18021
884,1620,22375,18088
880,1638,22278,17959
886,1618,22511,18196
881,1633,22306,17986
881,1630,22403,18133
881,1620,22284,18029
879,1638,22174,17898
886,1628,22525,18221
883,1640,22363,18042
882,1622,22329,18058
883,1634,22378,18062
879,1629,22171,17904
886,1624,22483,18212
880,1627,22240,17962
885,1630,22397,18128
884,1642,22387,18061
881,1631,22247,17959
885,1622,22429,18163
883,1640,22324,18048
884,1631,22399,18143
885,1630,22398,18113
881,1651,22246,17938
885,1614,22457,18113
887,1636,22435,18094
887,1615,22396,18095
883,1624,22336,18075
880,1647,22237,17976
886,1628,22472,18162
882,1631,22297,17962
884,1631,22380,18099
885,1640,22435,18153
888,1634,22388,18071
890,1614,22555,18269
879,1627,22179,17908
884,1626,22394,18128
884,1622,22398,18100
882,1642,22277,17988
889,1622,22588,18300
878,1630,22159,17889
882,1626,22330,18087
881,1628,22299,18035
886,1636,22397,18116
889,1613,22531,18213
882,1631,22312,17994
883,1638,22356,18090
883,1642,22340,18091
881,1646,22298,18034
887,1611,22520,18221
883,1638,22321,17998
883,1617,22347,18072
884,1650,22381,18068
881,1632,22285,18015
885,1612,22475,18231
879,1640,22200,17939
885,1625,22443,18189
883,1635,22345,18006
883,1638,22340,18041
883,1623,22395,18131
879,1626,22220,17937
886,1625,22493,18256
883,1629,22343,18042
880,1638,22333,18053
885,1644,22379,18068
881,1630,22262,17946
887,1623,22516,18244
881,1642,22281,18022
883,1631,22342,18062
886,1628,22427,18100
882,1645,22284,17945
886,1616,22488,18219
882,1634,22341,18039
883,1633,22337,18084
882,1641,22316,18048
878,1624,22133,17871
886,1623,22448,18193
884,1618,22356,18031
884,1639,22384,18102
882,1636,22317,18063
879,1624,22188,17914
889,1624,22468,18240
882,1634,22320,18016
884,1614,22438,18139
885,1650,22399,18060
882,1628,22312,17997
887,1623,22486,18211
880,1642,22218,17950
885,1633,22417,18156
885,1623,22424,18110
891,1650,22481,18147
901,1624,22850,18523
883,1649,22304,17981
887,1638,22387,18098
884,1633,22383,18096
884,1625,22379,18112
885,1614,22448,18186
882,1643,22303,17952
884,1625,22411,18141
881,1631,22290,18016
882,1628,22300,18028
886,1626,22441,18179
882,1649,22265,17958
884,1626,22398,18112
883,1641,22333,18025
883,1640,22363,18034
886,1612,22496,18225
879,1627,22201,17943
883,1635,22352,18086
883,1629,22357,18038
886,1642,22442,18098
884,1619,22443,18185
881,1626,22271,17967
887,1632,22457,18158
881,1626,22248,17979
882,1645,22310,18049
884,1617,22369,18104
882,1640,22281,17964
887,1617,22525,18245
881,1626,22276,18007
882,1646,22303,18025
881,1625,22331,18091
880,1622,22218,17932
887,1623,22518,18235
883,1631,22377,18075
884,1629,22382,18031
883,1645,22354,18061
878,1628,22185,17929
887,1616,22509,18250
883,1625,22311,17991
883,1633,22375,18072
882,1642,22311,18043
878,1626,22186,17917
889,1616,22557,18265
881,1631,22268,18031
885,1643,22393,18135
882,1628,22290,18034
881,1635,22269,17935
884,1629,22394,18125
886,1636,22417,18148
886,1620,22470,18175
882,1640,22299,18056
879,1645,22208,17924
885,1628,22450,18164
882,1632,22315,18018
885,1620,22461,18120
883,1645,22338,18075
887,1642,22399,18110
892,1627,22531,18203
880,1633,22245,17965
886,1636,22447,18123
885,1628,22437,18144
886,1636,22326,18026
893,1626,22649,18351
893,1644,22481,18141
889,1628,22403,18110
883,1630,22357,18079
884,1638,22384,18045
886,1630,22506,18233
882,1642,22249,17971
885,1626,22417,18131
884,1631,22309,18061
882,1621,22321,18044
886,1612,22515,18249
881,1633,22280,17967
885,1628,22431,18108
881,1646,22283,18025
884,1626,22364,18096
886,1624,22490,18210
880,1638,22255,17950
885,1632,22421,18105
882,1640,22327,18037
881,1623,22282,18013
883,1624,22395,18146
880,1643,22218,17956
885,1623,22447,18185
880,1645,22259,17997
886,1634,22414,18087
885,1624,22383,18073
879,1637,22188,17943
887,1618,22513,18232
880,1643,22230,17976
883,1646,22339,18057
884,1633,22408,18103
879,1631,22244,17935
887,1623,22530,18224
886,1643,22424,18069
882,1621,22321,18046
882,1624,22291,18035
879,1630,22218,17908
886,1622,22492,18184
881,1631,22273,18002
883,1627,22357,18069
884,1627,22362,18098
878,1628,22159,17892
886,1617,22482,18226
881,1640,22266,17992
887,1637,22462,18137
881,1618,22302,18034
880,1648,22227,17967
888,1624,22512,18261
879,1626,22228,17960
887,1622,22500,18181
884,1640,22366,18074
884,1625,22364,18029
886,1625,22492,18185
879,1631,22210,17938
882,1618,22342,18097
879,1642,22236,18003
884,1628,22387,18050
887,1610,22551,18224
882,1634,22278,18001
883,1634,22384,18103
882,1618,22340,18076
880,1649,22230,17982
886,1623,22481,18228
879,1644,22181,17906
883,1629,22364,18058
879,1616,22318,18058
885,1619,22398,18131
886,1626,22497,18226
879,1639,22200,17944
884,1628,22391,18102
880,1626,22259,18033
883,1621,22358,18050
890,1625,22644,18318
883,1624,22236,17948
883,1633,22362,18093
881,1643,22270,18025
884,1631,22378,18062
888,1606,22551,18265
880,1639,22233,17950
891,1628,22593,18291
885,1632,22323,18024
881,1637,22293,18046
898,1636,22775,18463
880,1630,22227,17943
893,1615,22696,18354
889,1631,22407,18078
885,1636,22375,18092
883,1628,22380,18112
879,1626,22192,17938
889,1611,22598,18307
885,1630,22334,18005
885,1642,22431,18106
884,1619,22414,18080
880,1631,22234,17948
886,1618,22518,18273
882,1636,22300,18030
886,1620,22511,18176
885,1624,22418,18097
880,1622,22183,17911
886,1614,22523,18241
884,1642,22324,18042
883,1626,22365,18105
883,1628,22353,18087
880,1631,22209,17943
885,1608,22558,18246
882,1651,22300,18009
884,1643,22361,18079
881,1618,22305,18041
879,1632,22183,17944
886,1621,22486,18200
880,1636,22253,17952
883,1631,22391,18085
885,1631,22471,18158
882,1647,22270,17996
883,1629,22384,18129
880,1636,22197,17916
884,1625,22390,18078
882,1636,22337,18021
882,1626,22281,18013
885,1618,22454,18174
879,1641,22187,17926
882,1631,22324,18062
885,1627,22320,18066
880,1644,22270,18016
886,1628,22458,18151
880,1631,22235,17960
884,1638,22345,18061
880,1625,22247,17982
879,1632,22239,17989
883,1620,22390,18090
878,1631,22205,17921
887,1631,22462,18167
881,1638,22295,17961
882,1628,22310,18038
883,1620,22397,18146
877,1626,22141,17891
888,1627,22498,18182
880,1632,22274,17976
880,1637,22241,17976
887,1629,22484,18175
879,1625,22189,17893
888,1623,22550,18276
881,1621,22241,17950
881,1616,22280,18026
890,1631,22459,18111
880,1631,22245,17947
885,1621,22460,18201
882,1642,22300,18016
879,1641,22222,17976
883,1628,22330,18036
879,1647,22192,17894
886,1613,22507,18194
882,1647,22329,17989
883,1641,22338,18069
881,1634,22301,18043
878,1631,22171,17922
885,1622,22479,18182
880,1635,22326,18013
883,1625,22362,18067
882,1637,22316,18038
880,1634,22226,17925
887,1632,22437,18156
885,1627,22372,18103
895,1633,22570,18258
896,1643,22618,18238
891,1634,22422,18062
883,1617,22375,18105
878,1640,22185,17918
882,1633,22337,18090
882,1630,22339,18062
882,1627,22303,18023
886,1624,22455,18148
880,1623,22250,17903
885,1642,22404,18109
882,1614,22315,18029
886,1630,22404,18082
885,1629,22450,18143
885,1642,22345,18000
887,1635,22384,18062
880,1622,22270,18010
881,1623,22284,18004
885,1615,22449,18190
880,1625,22176,17902
881,1630,22312,18048
881,1645,22303,18015
881,1633,22281,17997
886,1624,22501,18217
879,1630,22187,17912
881,1631,22289,18019
880,1631,22267,17971
881,1645,22298,18004
883,1606,22451,18172
879,1637,22245,17904
882,1627,22386,18099
885,1624,22305,18001
882,1633,22294,18028
882,1631,22321,18026
880,1635,22229,17923
885,1616,22458,18196
883,1637,22330,18030
881,1633,22278,17970
882,1619,22341,18079
876,1647,22127,17861
884,1612,22430,18183
881,1640,22287,17967
885,1630,22379,18069
887,1640,22382,18066
878,1640,22162,17867
885,1621,22444,18199
882,1638,22299,17980
883,1624,22361,18076
882,1634,22332,18011
880,1634,22241,17916
884,1622,22427,18184
880,1623,22220,17964
887,1635,22420,18122
892,1659,22489,18133
880,1622,22217,17881
883,1626,22362,18092
881,1631,22284,17996
883,1626,22368,18077
881,1622,22283,18031
879,1642,22182,17922
885,1632,22378,18109
881,1628,22325,18036
883,1630,22363,18102
883,1631,22346,18069
881,1627,22270,17988
883,1628,22386,18140
878,1631,22155,17866
883,1630,22369,18080
882,1632,22361,18062
884,1590,22355,18009
885,1618,22405,18107
878,1637,22155,17882
882,1626,22322,18057
881,1615,22320,18024
883,1636,22356,18048
884,1626,22424,18168
879,1640,22192,17907
883,1627,22362,18117
879,1637,22241,17998
880,1643,22272,18014
893,1600,22614,18317
885,1641,22355,18018
887,1632,22369,18041
882,1658,22294,18014
881,1647,22281,18014
889,1616,22553,18292
890,1653,22399,18069
883,1632,22342,18031
883,1618,22352,18026
883,1637,22344,18033
883,1634,22380,18113
878,1631,22158,17901
884,1634,22368,18100
882,1627,22277,17972
882,1626,22322,18007
883,1643,22359,18109
879,1637,22211,17914
888,1621,22537,18254
883,1637,22260,17964
881,1631,22283,18026
881,1623,22279,18030
880,1631,22237,17930
885,1613,22476,18212
880,1622,22252,17982
884,1625,22354,18104
883,1637,22295,18008
878,1638,22182,17893
885,1627,22417,18121
882,1645,22337,18013
887,1639,22471,18158
882,1632,22305,18050
878,1637,22148,17886
885,1621,22437,18174
887,1635,22449,18122
894,1627,22576,18182
883,1639,22339,18065
881,1637,22262,17972
886,1621,22480,18206
884,1625,22282,17997
885,1629,22398,18134
881,1625,22293,18031
881,1649,22300,17995
881,1607,22411,18225
879,1635,22186,17919
885,1632,22409,18154
881,1622,22311,18041
884,1637,22384,18087
884,1638,22444,18167
880,1642,22230,17920
884,1624,22424,18078
882,1621,22347,18076
880,1643,22253,17991
888,1612,22556,18291
881,1646,22244,17944
884,1632,22413,18115
880,1627,22272,18015
882,1639,22334,18039
884,1612,22426,18169
878,1629,22199,17941
881,1634,22306,18064
885,1642,22391,18132
882,1640,22336,18030
887,1622,22511,18224
881,1629,22257,17973
883,1625,22373,18081
880,1626,22254,18005
883,1636,22342,18055
883,1617,22409,18131
881,1634,22281,17955
882,1622,22499,18186
881,1628,22295,18017
880,1629,22262,18016
883,1633,22383,18130
882,1643,22304,17968
885,1626,22471,18188
885,1639,22369,18060
882,1631,22298,17994
883,1627,22350,18086
881,1641,22244,17975
884,1614,22449,18205
882,1645,22284,18019
883,1632,22368,18051
882,1621,22312,18023
878,1643,22170,17910
891,1615,22593,18299
882,1642,22265,17993
883,1647,22354,18085
884,1624,22386,18082
882,1630,22272,17921
887,1626,22528,18215
883,1621,22341,18073
883,1621,22368,18099
885,1641,22403,18113
881,1626,22251,17929
885,1627,22486,18180
880,1631,22254,17990
886,1627,22470,18196
882,1633,22330,18061
882,1645,22269,18002
884,1622,22389,18124
880,1641,22227,17972
885,1635,22428,18140
883,1624,22386,18102
882,1652,22279,17999
885,1613,22457,18201
878,1632,22165,17923
883,1622,22389,18114
883,1627,22388,18121
887,1624,22497,18188
886,1612,22523,18209
884,1638,22315,18034
882,1629,22316,18041
891,1653,22508,18229
895,1658,22567,18201
887,1614,22529,18187
881,1636,22240,17958
883,1637,22351,18046
878,1621,22245,17991
881,1636,22289,18042
886,1616,22485,18230
880,1642,22243,17963
883,1641,22354,18060
884,1638,22358,18071
882,1625,22292,18013
884,1619,22422,18170
880,1648,22213,17946
885,1629,22437,18148
885,1645,22382,18070
883,1632,22340,18003
884,1613,22438,18151
880,1626,22208,17913
886,1618,22474,18219
880,1631,22231,17968
888,1641,22470,18129
894,1645,22558,18201
879,1623,22191,17912
887,1620,22525,18235
881,1645,22287,18011
883,1628,22317,18060
883,1646,22349,18089
880,1626,22212,17954
886,1617,22503,18178
884,1636,22372,18066
884,1640,22372,18083
883,1625,22337,18046
878,1631,22146,17888
886,1617,22476,18196
882,1639,22315,18024
883,1629,22394,18080
887,1633,22473,18134
882,1644,22214,17888
885,1631,22450,18188
880,1633,22258,18000
894,1640,22623,18285
885,1620,22444,18131
879,1633,22205,17955
888,1621,22533,18229
879,1638,22204,17924
883,1629,22356,18097
881,1622,22295,18041
880,1636,22255,18005
885,1620,22468,18144
878,1630,22168,17912
884,1627,22411,18153
882,1640,22337,18069
883,1627,22292,18042
886,1631,22496,18210
880,1630,22214,17926
885,1635,22433,18140
883,1631,22359,18053
882,1621,22310,18041
884,1614,22436,18192
881,1639,22243,17969
884,1631,22393,18071
881,1625,22319,17974
883,1626,22336,18067
885,1628,22506,18201
879,1631,22207,17955
888,1637,22438,18171
893,1604,22521,18230
883,1628,22321,18056
884,1624,22450,18134
879,1636,22221,17941
887,1629,22476,18196
881,1629,22248,17974
880,1623,22253,17999
884,1621,22428,18163
879,1629,22217,17945
884,1599,22529,18250
882,1631,22316,18011
881,1628,22270,18000
